<?xml version="1.0" encoding="utf-8"?>
<COLLADA xmlns="http://www.collada.org/2005/11/COLLADASchema" version="1.4.1">
  <asset>
    <contributor>
      <author>Mixamo</author>
      <authoring_tool>COLLADA Mixamo exporter</authoring_tool>
      <comments/>
    </contributor>
    <created>2024-07-03T22:08:45Z</created>
    <modified>2024-07-03T22:08:45Z</modified>
    <revision/>
    <title/>
    <unit meter="0.010000"/>
    <up_axis>Y_UP</up_axis>
  </asset>
  <library_animations>
    <animation>
      <source id="mixamorig_Hips-Matrix-animation-input">
        <float_array id="mixamorig_Hips-Matrix-animation-input-array" count="210">

0.000000 0.033333 0.066667 0.100000 0.133333 0.166667 0.200000 0.233333 0.266667 0.300000 0.333333 0.366667 0.400000 0.433333 0.466667 0.500000
0.533333 0.566667 0.600000 0.633333 0.666667 0.700000 0.733333 0.766667 0.800000 0.833333 0.866667 0.900000 0.933333 0.966667 1.000000 1.033333
1.066667 1.100000 1.133333 1.166667 1.200000 1.233333 1.266667 1.300000 1.333333 1.366667 1.400000 1.433333 1.466667 1.500000 1.533333 1.566667
1.600000 1.633333 1.666667 1.700000 1.733333 1.766667 1.800000 1.833333 1.866667 1.900000 1.933333 1.966667 2.000000 2.033333 2.066667 2.100000
2.133333 2.166667 2.200000 2.233333 2.266667 2.300000 2.333333 2.366667 2.400000 2.433333 2.466667 2.500000 2.533333 2.566667 2.600000 2.633333
2.666667 2.700000 2.733333 2.766667 2.800000 2.833333 2.866667 2.900000 2.933333 2.966667 3.000000 3.033333 3.066667 3.100000 3.133333 3.166667
3.200000 3.233333 3.266667 3.300000 3.333333 3.366667 3.400000 3.433333 3.466667 3.500000 3.533333 3.566667 3.600000 3.633333 3.666667 3.700000
3.733333 3.766667 3.800000 3.833333 3.866667 3.900000 3.933333 3.966667 4.000000 4.033333 4.066667 4.100000 4.133333 4.166667 4.200000 4.233333
4.266667 4.300000 4.333333 4.366667 4.400000 4.433333 4.466667 4.500000 4.533333 4.566667 4.600000 4.633333 4.666667 4.700000 4.733333 4.766667
4.800000 4.833333 4.866667 4.900000 4.933333 4.966667 5.000000 5.033333 5.066667 5.100000 5.133333 5.166667 5.200000 5.233333 5.266667 5.300000
5.333333 5.366667 5.400000 5.433333 5.466667 5.500000 5.533333 5.566667 5.600000 5.633333 5.666667 5.700000 5.733333 5.766667 5.800000 5.833333
5.866667 5.900000 5.933333 5.966667 6.000000 6.033333 6.066667 6.100000 6.133333 6.166667 6.200000 6.233333 6.266667 6.300000 6.333333 6.366667
6.400000 6.433333 6.466667 6.500000 6.533333 6.566667 6.600000 6.633333 6.666667 6.700000 6.733333 6.766667 6.800000 6.833333 6.866667 6.900000
6.933333 6.966667</float_array>
        <technique_common>
          <accessor source="#mixamorig_Hips-Matrix-animation-input-array" count="210">
            <param name="TIME" type="float"/>
          </accessor>
        </technique_common>
      </source>
      <source id="mixamorig_Hips-Matrix-animation-output-transform">
        <float_array id="mixamorig_Hips-Matrix-animation-output-transform-array" count="3360">

0.978738 -0.020509 0.204088 0.134180 0.052979 0.986503 -0.154937 94.561310 -0.198156 0.162455 0.966614 -2.150795 0.000000 0.000000 0.000000 1.000000
0.979134 -0.018660 0.202356 0.143534 0.051343 0.986185 -0.157491 94.612488 -0.196621 0.164594 0.966565 -2.119964 0.000000 0.000000 0.000000 1.000000
0.979509 -0.017045 0.200680 0.152839 0.049948 0.985842 -0.160064 94.661087 -0.195110 0.166808 0.966492 -2.091243 0.000000 0.000000 0.000000 1.000000
0.979808 -0.015742 0.199319 0.158437 0.048904 0.985485 -0.162567 94.704880 -0.193866 0.169032 0.966356 -2.064672 0.000000 0.000000 0.000000 1.000000
0.979953 -0.014753 0.198683 0.151852 0.048253 0.985138 -0.164846 94.742020 -0.193298 0.171128 0.966101 -2.038213 0.000000 0.000000 0.000000 1.000000
0.979854 -0.013968 0.199226 0.121608 0.047932 0.984843 -0.166694 94.771637 -0.193877 0.172885 0.965672 -2.007653 0.000000 0.000000 0.000000 1.000000
0.979450 -0.013190 0.201257 0.057731 0.047764 0.984642 -0.167922 94.793961 -0.195951 0.174084 0.965038 -1.968135 0.000000 0.000000 0.000000 1.000000
0.978730 -0.012211 0.204787 -0.043641 0.047519 0.984573 -0.168400 94.809761 -0.199571 0.174550 0.964212 -1.916001 0.000000 0.000000 0.000000 1.000000
0.977779 -0.010913 0.209354 -0.178808 0.046991 0.984641 -0.168146 94.820221 -0.204303 0.174247 0.963275 -1.850351 0.000000 0.000000 0.000000 1.000000
0.976775 -0.009397 0.214060 -0.337215 0.046161 0.984807 -0.167402 94.826241 -0.209235 0.173396 0.962369 -1.774357 0.000000 0.000000 0.000000 1.000000
0.975896 -0.007862 0.218095 -0.505611 0.045121 0.985027 -0.166393 94.827591 -0.213521 0.172223 0.961638 -1.692129 0.000000 0.000000 0.000000 1.000000
0.975292 -0.006549 0.220824 -0.670555 0.044045 0.985258 -0.165308 94.823524 -0.216486 0.170950 0.961202 -1.608104 0.000000 0.000000 0.000000 1.000000
0.975048 -0.005669 0.221920 -0.820028 0.043116 0.985473 -0.164266 94.812744 -0.217765 0.169736 0.961129 -1.526072 0.000000 0.000000 0.000000 1.000000
0.975165 -0.005342 0.221417 -0.944665 0.042481 0.985659 -0.163314 94.794861 -0.217370 0.168664 0.961407 -1.448573 0.000000 0.000000 0.000000 1.000000
0.975571 -0.005600 0.219611 -1.039025 0.042228 0.985813 -0.162450 94.769867 -0.215586 0.167756 0.961967 -1.376410 0.000000 0.000000 0.000000 1.000000
0.976122 -0.006310 0.217133 -1.104220 0.042331 0.985940 -0.161650 94.738770 -0.213060 0.166981 0.962664 -1.308230 0.000000 0.000000 0.000000 1.000000
0.976667 -0.007249 0.214639 -1.147742 0.042680 0.986047 -0.160904 94.703651 -0.210478 0.166310 0.963348 -1.241007 0.000000 0.000000 0.000000 1.000000
0.977102 -0.008208 0.212614 -1.181187 0.043148 0.986137 -0.160225 94.667023 -0.208352 0.165730 0.963910 -1.171106 0.000000 0.000000 0.000000 1.000000
0.977373 -0.009009 0.211332 -1.216415 0.043608 0.986212 -0.159638 94.631630 -0.206980 0.165241 0.964290 -1.095581 0.000000 0.000000 0.000000 1.000000
0.977470 -0.009540 0.210861 -1.261788 0.043962 0.986272 -0.159169 94.599808 -0.206448 0.164853 0.964470 -1.013480 0.000000 0.000000 0.000000 1.000000
0.977417 -0.009759 0.211093 -1.320258 0.044150 0.986319 -0.158827 94.573151 -0.206655 0.164560 0.964476 -0.926074 0.000000 0.000000 0.000000 1.000000
0.977262 -0.009692 0.211813 -1.389420 0.044161 0.986353 -0.158613 94.552147 -0.207385 0.164361 0.964353 -0.836532 0.000000 0.000000 0.000000 1.000000
0.977082 -0.009495 0.212653 -1.462736 0.044082 0.986375 -0.158499 94.536461 -0.208250 0.164240 0.964187 -0.748704 0.000000 0.000000 0.000000 1.000000
0.976947 -0.009357 0.213276 -1.532216 0.044039 0.986384 -0.158454 94.525131 -0.208889 0.164194 0.964057 -0.666385 0.000000 0.000000 0.000000 1.000000
0.976925 -0.009461 0.213374 -1.590566 0.044167 0.986374 -0.158479 94.516869 -0.208967 0.164246 0.964031 -0.592562 0.000000 0.000000 0.000000 1.000000
0.977066 -0.009951 0.212702 -1.632267 0.044571 0.986337 -0.158596 94.510300 -0.208218 0.164439 0.964160 -0.529001 0.000000 0.000000 0.000000 1.000000
0.977398 -0.010896 0.211126 -1.654623 0.045306 0.986264 -0.158840 94.504547 -0.206495 0.164816 0.964467 -0.476183 0.000000 0.000000 0.000000 1.000000
0.977911 -0.012274 0.208661 -1.657780 0.046357 0.986150 -0.159245 94.499199 -0.203816 0.165400 0.964936 -0.433723 0.000000 0.000000 0.000000 1.000000
0.978561 -0.013967 0.205482 -1.644716 0.047635 0.985994 -0.159831 94.493713 -0.200372 0.166193 0.965521 -0.400967 0.000000 0.000000 0.000000 1.000000
0.979238 -0.015707 0.202106 -1.621333 0.048947 0.985815 -0.160541 94.487564 -0.196718 0.167101 0.966116 -0.376435 0.000000 0.000000 0.000000 1.000000
0.979837 -0.017243 0.199055 -1.593998 0.050112 0.985633 -0.161293 94.480072 -0.193414 0.168016 0.966624 -0.359186 0.000000 0.000000 0.000000 1.000000
0.980261 -0.018354 0.196856 -1.568771 0.050979 0.985478 -0.161970 94.470291 -0.191024 0.168809 0.966961 -0.348494 0.000000 0.000000 0.000000 1.000000
0.980436 -0.018884 0.195928 -1.549733 0.051443 0.985375 -0.162452 94.457336 -0.189995 0.169353 0.967068 -0.344038 0.000000 0.000000 0.000000 1.000000
0.980341 -0.018815 0.196412 -1.537847 0.051500 0.985337 -0.162659 94.441376 -0.190472 0.169577 0.966935 -0.346022 0.000000 0.000000 0.000000 1.000000
0.979993 -0.018225 0.198194 -1.530695 0.051200 0.985371 -0.162553 94.423309 -0.192332 0.169448 0.966590 -0.354958 0.000000 0.000000 0.000000 1.000000
0.979470 -0.017284 0.200850 -1.522652 0.050645 0.985462 -0.162174 94.405479 -0.195127 0.169017 0.966105 -0.372070 0.000000 0.000000 0.000000 1.000000
0.978898 -0.016229 0.203703 -1.505771 0.049985 0.985576 -0.161681 94.391151 -0.198141 0.168451 0.965590 -0.399467 0.000000 0.000000 0.000000 1.000000
0.978399 -0.015239 0.206162 -1.472347 0.049327 0.985682 -0.161239 94.383713 -0.200753 0.167925 0.965142 -0.438983 0.000000 0.000000 0.000000 1.000000
0.978079 -0.014434 0.207735 -1.415916 0.048748 0.985745 -0.161028 94.385666 -0.202450 0.167624 0.964840 -0.492086 0.000000 0.000000 0.000000 1.000000
0.978004 -0.013867 0.208126 -1.332552 0.048281 0.985740 -0.161199 94.398010 -0.202923 0.167702 0.964727 -0.559374 0.000000 0.000000 0.000000 1.000000
0.978189 -0.013525 0.207274 -1.221314 0.047922 0.985652 -0.161844 94.419968 -0.202111 0.168247 0.964802 -0.640165 0.000000 0.000000 0.000000 1.000000
0.978607 -0.013356 0.205304 -1.083922 0.047644 0.985477 -0.162991 94.448792 -0.200145 0.169285 0.965031 -0.732449 0.000000 0.000000 0.000000 1.000000
0.979164 -0.013274 0.202637 -0.923991 0.047401 0.985236 -0.164507 94.480698 -0.197462 0.170685 0.965337 -0.831966 0.000000 0.000000 0.000000 1.000000
0.979756 -0.013210 0.199757 -0.745828 0.047158 0.984970 -0.166163 94.511490 -0.194560 0.172219 0.965654 -0.933017 0.000000 0.000000 0.000000 1.000000
0.980307 -0.013121 0.197042 -0.553349 0.046888 0.984722 -0.167704 94.537621 -0.191831 0.173640 0.965945 -1.029631 0.000000 0.000000 0.000000 1.000000
0.980767 -0.012985 0.194749 -0.349865 0.046565 0.984539 -0.168861 94.556587 -0.189545 0.174682 0.966208 -1.116163 0.000000 0.000000 0.000000 1.000000
0.981123 -0.012797 0.192963 -0.137942 0.046165 0.984459 -0.169439 94.567780 -0.187795 0.175148 0.966466 -1.188916 0.000000 0.000000 0.000000 1.000000
0.981391 -0.012567 0.191609 0.080378 0.045670 0.984498 -0.169346 94.571945 -0.186510 0.174945 0.966751 -1.246831 0.000000 0.000000 0.000000 1.000000
0.981615 -0.012307 0.190475 0.302857 0.045059 0.984656 -0.168592 94.571083 -0.185477 0.174075 0.967107 -1.291298 0.000000 0.000000 0.000000 1.000000
0.981847 -0.012029 0.189293 0.527024 0.044340 0.984891 -0.167400 94.567505 -0.184419 0.172754 0.967546 -1.327341 0.000000 0.000000 0.000000 1.000000
0.982119 -0.011738 0.187895 0.749765 0.043527 0.985169 -0.165973 94.563164 -0.183160 0.171183 0.968064 -1.360194 0.000000 0.000000 0.000000 1.000000
0.982444 -0.011433 0.186208 0.967858 0.042644 0.985457 -0.164485 94.559097 -0.181619 0.169538 0.968644 -1.394391 0.000000 0.000000 0.000000 1.000000
0.982818 -0.011124 0.184240 1.178435 0.041724 0.985734 -0.163060 94.555161 -0.179797 0.167945 0.969261 -1.432754 0.000000 0.000000 0.000000 1.000000
0.983230 -0.010828 0.182051 1.379428 0.040809 0.985986 -0.161759 94.550560 -0.177748 0.166475 0.969893 -1.475962 0.000000 0.000000 0.000000 1.000000
0.983662 -0.010591 0.179715 1.569512 0.039960 0.986211 -0.160598 94.544167 -0.175535 0.165156 0.970521 -1.522867 0.000000 0.000000 0.000000 1.000000
0.984104 -0.010504 0.177284 1.748361 0.039281 0.986399 -0.159605 94.535049 -0.173197 0.164032 0.971132 -1.571681 0.000000 0.000000 0.000000 1.000000
0.984538 -0.010600 0.174853 1.914993 0.038823 0.986548 -0.158793 94.522888 -0.170817 0.163126 0.971705 -1.620390 0.000000 0.000000 0.000000 1.000000
0.984942 -0.010881 0.172541 2.067308 0.038612 0.986653 -0.158193 94.508408 -0.168517 0.162473 0.972216 -1.667606 0.000000 0.000000 0.000000 1.000000
0.985283 -0.011281 0.170560 2.201333 0.038619 0.986711 -0.157830 94.492065 -0.166513 0.162094 0.972625 -1.712763 0.000000 0.000000 0.000000 1.000000
0.985508 -0.011657 0.169228 2.311426 0.038754 0.986724 -0.157714 94.475044 -0.165143 0.161987 0.972876 -1.755652 0.000000 0.000000 0.000000 1.000000
0.985553 -0.011805 0.168958 2.391380 0.038876 0.986701 -0.157827 94.457993 -0.164848 0.162115 0.972905 -1.795758 0.000000 0.000000 0.000000 1.000000
0.985333 -0.011481 0.170255 2.435248 0.038819 0.986655 -0.158128 94.441498 -0.166167 0.162418 0.972630 -1.831693 0.000000 0.000000 0.000000 1.000000
0.984764 -0.010466 0.173579 2.439183 0.038433 0.986602 -0.158557 94.426048 -0.169594 0.162813 0.971972 -1.861048 0.000000 0.000000 0.000000 1.000000
0.983827 -0.008757 0.178908 2.403703 0.037703 0.986552 -0.159041 94.412109 -0.175109 0.163214 0.970926 -1.880707 0.000000 0.000000 0.000000 1.000000
0.982532 -0.006466 0.185983 2.332983 0.036686 0.986514 -0.159513 94.399246 -0.182444 0.163550 0.969518 -1.887112 0.000000 0.000000 0.000000 1.000000
0.980970 -0.003882 0.194122 2.233058 0.035557 0.986484 -0.159954 94.388451 -0.190877 0.163812 0.967849 -1.877344 0.000000 0.000000 0.000000 1.000000
0.979349 -0.001430 0.202171 2.112591 0.034554 0.986446 -0.160404 94.381958 -0.199201 0.164078 0.966125 -1.852264 0.000000 0.000000 0.000000 1.000000
0.977910 0.000514 0.209025 1.981026 0.033871 0.986391 -0.160889 94.380150 -0.206263 0.164415 0.964584 -1.814680 0.000000 0.000000 0.000000 1.000000
0.976936 0.001599 0.213527 1.846810 0.033674 0.986305 -0.161456 94.382935 -0.210861 0.164923 0.963503 -1.768748 0.000000 0.000000 0.000000 1.000000
0.976603 0.001689 0.215042 1.714726 0.034000 0.986179 -0.162158 94.390450 -0.212343 0.165676 0.963048 -1.718338 0.000000 0.000000 0.000000 1.000000
0.976919 0.000865 0.213607 1.585788 0.034770 0.986012 -0.163009 94.402733 -0.210760 0.166674 0.963224 -1.665904 0.000000 0.000000 0.000000 1.000000
0.977776 -0.000680 0.209651 1.458482 0.035850 0.985809 -0.163998 94.420372 -0.206564 0.167870 0.963925 -1.612125 0.000000 0.000000 0.000000 1.000000
0.978958 -0.002617 0.204045 1.328323 0.037050 0.985578 -0.165114 94.444008 -0.200670 0.169200 0.964937 -1.556420 0.000000 0.000000 0.000000 1.000000
0.980206 -0.004607 0.197928 1.189956 0.038208 0.985337 -0.166287 94.473778 -0.194260 0.170558 0.966009 -1.496766 0.000000 0.000000 0.000000 1.000000
0.981306 -0.006391 0.192347 1.038568 0.039231 0.985105 -0.167417 94.509087 -0.188412 0.171834 0.966941 -1.430815 0.000000 0.000000 0.000000 1.000000
0.982089 -0.007780 0.188258 0.870669 0.040082 0.984904 -0.168396 94.548271 -0.184106 0.172926 0.967575 -1.356470 0.000000 0.000000 0.000000 1.000000
0.982511 -0.008771 0.186000 0.686004 0.040817 0.984742 -0.169168 94.589371 -0.181678 0.173801 0.967877 -1.272871 0.000000 0.000000 0.000000 1.000000
0.982593 -0.009449 0.185531 0.486882 0.041516 0.984616 -0.169726 94.629982 -0.181073 0.174475 0.967869 -1.180201 0.000000 0.000000 0.000000 1.000000
0.982406 -0.009994 0.186489 0.278179 0.042301 0.984522 -0.170079 94.668442 -0.181903 0.174976 0.967623 -1.079354 0.000000 0.000000 0.000000 1.000000
0.982042 -0.010581 0.188367 0.065590 0.043262 0.984451 -0.170246 94.703804 -0.183637 0.175338 0.967230 -0.971481 0.000000 0.000000 0.000000 1.000000
0.981600 -0.011363 0.190611 -0.145392 0.044456 0.984397 -0.170256 94.735764 -0.185702 0.175597 0.966789 -0.857859 0.000000 0.000000 0.000000 1.000000
0.981183 -0.012450 0.192676 -0.350397 0.045907 0.984345 -0.170169 94.764442 -0.187541 0.175812 0.966394 -0.740003 0.000000 0.000000 0.000000 1.000000
0.980892 -0.013924 0.194054 -0.546308 0.047623 0.984276 -0.170099 94.790176 -0.188634 0.176090 0.966131 -0.620005 0.000000 0.000000 0.000000 1.000000
0.980762 -0.015742 0.194573 -0.732553 0.049555 0.984170 -0.170161 94.812859 -0.188814 0.176529 0.966016 -0.499839 0.000000 0.000000 0.000000 1.000000
0.980763 -0.017732 0.194395 -0.910829 0.051573 0.984019 -0.170434 94.831924 -0.188266 0.177181 0.966004 -0.381072 0.000000 0.000000 0.000000 1.000000
0.980855 -0.019745 0.193734 -1.082917 0.053577 0.983816 -0.170985 94.846741 -0.187223 0.178092 0.966039 -0.265642 0.000000 0.000000 0.000000 1.000000
0.980981 -0.021628 0.192893 -1.250512 0.055474 0.983562 -0.171838 94.856445 -0.186005 0.179270 0.966056 -0.155277 0.000000 0.000000 0.000000 1.000000
0.981080 -0.023254 0.192201 -1.414891 0.057189 0.983268 -0.172954 94.860840 -0.184963 0.180674 0.965995 -0.051509 0.000000 0.000000 0.000000 1.000000
0.981086 -0.024513 0.192012 -1.576612 0.058661 0.982954 -0.174241 94.859543 -0.184468 0.182209 0.965801 0.044379 0.000000 0.000000 0.000000 1.000000
0.980939 -0.025349 0.192657 -1.735763 0.059865 0.982655 -0.175517 94.852951 -0.184866 0.183704 0.965441 0.131938 0.000000 0.000000 0.000000 1.000000
0.980660 -0.025910 0.193996 -1.889764 0.060893 0.982395 -0.176611 94.842178 -0.186005 0.185008 0.964974 0.210670 0.000000 0.000000 0.000000 1.000000
0.980273 -0.026300 0.195892 -2.036163 0.061805 0.982194 -0.177414 94.829193 -0.187738 0.186021 0.964443 0.279762 0.000000 0.000000 0.000000 1.000000
0.979814 -0.026621 0.198132 -2.171992 0.062651 0.982056 -0.177878 94.816704 -0.189841 0.186700 0.963900 0.338539 0.000000 0.000000 0.000000 1.000000
0.979331 -0.026945 0.200459 -2.293941 0.063457 0.981979 -0.178018 94.807816 -0.192050 0.187059 0.963393 0.386441 0.000000 0.000000 0.000000 1.000000
0.978876 -0.027322 0.202623 -2.398508 0.064232 0.981950 -0.177901 94.805237 -0.194106 0.187158 0.962962 0.423415 0.000000 0.000000 0.000000 1.000000
0.978503 -0.027745 0.204358 -2.482222 0.064948 0.981945 -0.177667 94.811485 -0.195739 0.187120 0.962638 0.449227 0.000000 0.000000 0.000000 1.000000
0.978233 -0.028161 0.205588 -2.542398 0.065577 0.981929 -0.177527 94.827881 -0.196873 0.187145 0.962402 0.463066 0.000000 0.000000 0.000000 1.000000
0.978065 -0.028522 0.206340 -2.576752 0.066096 0.981885 -0.177578 94.854248 -0.197538 0.187321 0.962232 0.465080 0.000000 0.000000 0.000000 1.000000
0.977985 -0.028789 0.206681 -2.584049 0.066486 0.981810 -0.177845 94.889229 -0.197802 0.187671 0.962109 0.455590 0.000000 0.000000 0.000000 1.000000
0.977974 -0.028937 0.206712 -2.564193 0.066733 0.981712 -0.178294 94.930748 -0.197772 0.188161 0.962019 0.435012 0.000000 0.000000 0.000000 1.000000
0.978014 -0.028946 0.206522 -2.518408 0.066823 0.981601 -0.178869 94.976357 -0.197544 0.188736 0.961954 0.403512 0.000000 0.000000 0.000000 1.000000
0.978083 -0.028812 0.206211 -2.449097 0.066755 0.981493 -0.179488 95.023407 -0.197223 0.189320 0.961905 0.361580 0.000000 0.000000 0.000000 1.000000
0.978164 -0.028525 0.205868 -2.359449 0.066516 0.981404 -0.180063 95.069618 -0.196904 0.189824 0.961871 0.310207 0.000000 0.000000 0.000000 1.000000
0.978243 -0.028094 0.205552 -2.252832 0.066128 0.981334 -0.180585 95.112793 -0.196642 0.190249 0.961840 0.250058 0.000000 0.000000 0.000000 1.000000
0.978312 -0.027525 0.205299 -2.132594 0.065610 0.981276 -0.181089 95.151192 -0.196471 0.190631 0.961800 0.181922 0.000000 0.000000 0.000000 1.000000
0.978364 -0.026838 0.205145 -2.001531 0.064997 0.981219 -0.181615 95.183151 -0.196418 0.191019 0.961734 0.106864 0.000000 0.000000 0.000000 1.000000
0.978388 -0.026053 0.205131 -1.861747 0.064325 0.981157 -0.182188 95.207382 -0.196519 0.191445 0.961628 0.026033 0.000000 0.000000 0.000000 1.000000
0.978380 -0.025200 0.205277 -1.714735 0.063620 0.981093 -0.182780 95.222763 -0.196789 0.191888 0.961485 -0.058978 0.000000 0.000000 0.000000 1.000000
0.978341 -0.024305 0.205568 -1.561792 0.062887 0.981043 -0.183305 95.228958 -0.197215 0.192262 0.961323 -0.146257 0.000000 0.000000 0.000000 1.000000
0.978277 -0.023373 0.205978 -1.404338 0.062097 0.981037 -0.183605 95.225403 -0.197781 0.192408 0.961177 -0.233481 0.000000 0.000000 0.000000 1.000000
0.978202 -0.022408 0.206443 -1.244152 0.061211 0.981103 -0.183550 95.212402 -0.198429 0.192185 0.961088 -0.318804 0.000000 0.000000 0.000000 1.000000
0.978126 -0.021404 0.206908 -1.083425 0.060189 0.981264 -0.183025 95.190445 -0.199114 0.191475 0.961088 -0.400902 0.000000 0.000000 0.000000 1.000000
0.978061 -0.020372 0.207319 -0.924434 0.059016 0.981532 -0.181967 95.159996 -0.199783 0.190210 0.961201 -0.479061 0.000000 0.000000 0.000000 1.000000
0.978015 -0.019323 0.207636 -0.769185 0.057697 0.981902 -0.180387 95.122116 -0.200392 0.188401 0.961430 -0.553630 0.000000 0.000000 0.000000 1.000000
0.977991 -0.018265 0.207845 -0.619334 0.056255 0.982354 -0.178371 95.078262 -0.200920 0.186137 0.961761 -0.625835 0.000000 0.000000 0.000000 1.000000
0.977983 -0.017223 0.207971 -0.475853 0.054744 0.982860 -0.176038 95.030525 -0.201374 0.183547 0.962164 -0.697151 0.000000 0.000000 0.000000 1.000000
0.977980 -0.016217 0.208067 -0.338870 0.053237 0.983379 -0.173584 94.981773 -0.201794 0.180838 0.962589 -0.769737 0.000000 0.000000 0.000000 1.000000
0.977967 -0.015241 0.208204 -0.208463 0.051776 0.983879 -0.171177 94.935028 -0.202238 0.178186 0.962990 -0.844794 0.000000 0.000000 0.000000 1.000000
0.977930 -0.014267 0.208444 -0.084680 0.050374 0.984335 -0.168961 94.893051 -0.202768 0.175732 0.963329 -0.922404 0.000000 0.000000 0.000000 1.000000
0.977856 -0.013269 0.208860 0.032147 0.049043 0.984728 -0.167049 94.857735 -0.203454 0.173593 0.963573 -1.001412 0.000000 0.000000 0.000000 1.000000
0.977721 -0.012250 0.209550 0.141389 0.047813 0.985050 -0.165499 94.830338 -0.204390 0.171831 0.963690 -1.079794 0.000000 0.000000 0.000000 1.000000
0.977512 -0.011229 0.210581 0.241989 0.046724 0.985294 -0.164353 94.810509 -0.205639 0.170496 0.963661 -1.155711 0.000000 0.000000 0.000000 1.000000
0.977213 -0.010267 0.212011 0.333157 0.045858 0.985452 -0.163650 94.798119 -0.207247 0.169643 0.963468 -1.228383 0.000000 0.000000 0.000000 1.000000
0.976836 -0.009478 0.213777 0.414633 0.045309 0.985529 -0.163342 94.792946 -0.209136 0.169244 0.963130 -1.297609 0.000000 0.000000 0.000000 1.000000
0.976414 -0.009003 0.215719 0.486858 0.045171 0.985538 -0.163325 94.795509 -0.211129 0.169217 0.962700 -1.363748 0.000000 0.000000 0.000000 1.000000
0.975989 -0.008977 0.217635 0.550514 0.045520 0.985495 -0.163486 94.806519 -0.213010 0.169467 0.962241 -1.427398 0.000000 0.000000 0.000000 1.000000
0.975613 -0.009489 0.219293 0.605612 0.046396 0.985407 -0.163772 94.826675 -0.214538 0.169952 0.961816 -1.488993 0.000000 0.000000 0.000000 1.000000
0.975330 -0.010564 0.220501 0.650520 0.047793 0.985269 -0.164197 94.855896 -0.215518 0.170684 0.961467 -1.547708 0.000000 0.000000 0.000000 1.000000
0.975158 -0.012131 0.221177 0.681264 0.049641 0.985071 -0.164835 94.892242 -0.215875 0.171719 0.961203 -1.601197 0.000000 0.000000 0.000000 1.000000
0.975090 -0.014017 0.221366 0.690924 0.051808 0.984790 -0.165847 94.933060 -0.215674 0.173184 0.960985 -1.646505 0.000000 0.000000 0.000000 1.000000
0.975058 -0.015894 0.221379 0.669844 0.054034 0.984422 -0.167313 94.973648 -0.215272 0.175102 0.960728 -1.679252 0.000000 0.000000 0.000000 1.000000
0.974991 -0.017428 0.221562 0.607714 0.056044 0.983983 -0.169225 95.009201 -0.215064 0.177410 0.960351 -1.695110 0.000000 0.000000 0.000000 1.000000
0.974811 -0.018340 0.222278 0.496102 0.057588 0.983517 -0.171402 95.035629 -0.215470 0.179885 0.959799 -1.690056 0.000000 0.000000 0.000000 1.000000
0.974474 -0.018538 0.223733 0.331118 0.058542 0.983088 -0.173527 95.050026 -0.216732 0.182195 0.959079 -1.660986 0.000000 0.000000 0.000000 1.000000
0.973979 -0.018086 0.225916 0.114395 0.058896 0.982762 -0.175241 95.051140 -0.218852 0.183987 0.958255 -1.606598 0.000000 0.000000 0.000000 1.000000
0.973360 -0.017168 0.228640 -0.146851 0.058726 0.982597 -0.176225 95.038361 -0.221635 0.184957 0.957428 -1.527323 0.000000 0.000000 0.000000 1.000000
0.972686 -0.016037 0.231572 -0.440955 0.058151 0.982634 -0.176207 95.012344 -0.224725 0.184860 0.956727 -1.424545 0.000000 0.000000 0.000000 1.000000
0.972044 -0.015025 0.234319 -0.752704 0.057453 0.982834 -0.175317 94.974091 -0.227662 0.183878 0.956221 -1.304150 0.000000 0.000000 0.000000 1.000000
0.971496 -0.014357 0.236619 -1.067242 0.056859 0.983139 -0.173793 94.924805 -0.230134 0.182293 0.955933 -1.172594 0.000000 0.000000 0.000000 1.000000
0.971079 -0.014127 0.238341 -1.372327 0.056511 0.983483 -0.171952 94.865639 -0.231975 0.180447 0.955838 -1.036335 0.000000 0.000000 0.000000 1.000000
0.970798 -0.014337 0.239470 -1.659427 0.056494 0.983802 -0.170125 94.798317 -0.233152 0.178686 0.955883 -0.901191 0.000000 0.000000 0.000000 1.000000
0.970644 -0.014920 0.240058 -1.924150 0.056815 0.984052 -0.168563 94.725418 -0.233715 0.177254 0.956012 -0.771512 0.000000 0.000000 0.000000 1.000000
0.970622 -0.015858 0.240088 -2.164754 0.057491 0.984209 -0.167415 94.650131 -0.233642 0.176299 0.956206 -0.650299 0.000000 0.000000 0.000000 1.000000
0.970710 -0.017054 0.239650 -2.384377 0.058443 0.984277 -0.166683 94.575500 -0.233039 0.175806 0.956444 -0.538052 0.000000 0.000000 0.000000 1.000000
0.970917 -0.018397 0.238706 -2.573635 0.059520 0.984289 -0.166231 94.505859 -0.231898 0.175605 0.956758 -0.438873 0.000000 0.000000 0.000000 1.000000
0.971321 -0.019791 0.236946 -2.666477 0.060539 0.984272 -0.165960 94.450600 -0.229935 0.175545 0.957243 -0.380031 0.000000 0.000000 0.000000 1.000000
0.971772 -0.021105 0.234976 -2.716147 0.061471 0.984239 -0.165815 94.405594 -0.227773 0.175579 0.957753 -0.344342 0.000000 0.000000 0.000000 1.000000
0.972107 -0.022159 0.233487 -2.760967 0.062224 0.984218 -0.165658 94.367073 -0.226132 0.175566 0.958145 -0.316880 0.000000 0.000000 0.000000 1.000000
0.972280 -0.022883 0.232698 -2.798535 0.062747 0.984230 -0.165390 94.334785 -0.225243 0.175406 0.958383 -0.296299 0.000000 0.000000 0.000000 1.000000
0.972277 -0.023291 0.232669 -2.830303 0.063061 0.984277 -0.164990 94.306259 -0.225167 0.175088 0.958459 -0.279357 0.000000 0.000000 0.000000 1.000000
0.972148 -0.023481 0.233187 -2.855322 0.063228 0.984352 -0.164478 94.279205 -0.225676 0.174641 0.958421 -0.264236 0.000000 0.000000 0.000000 1.000000
0.971995 -0.023590 0.233815 -2.872227 0.063309 0.984450 -0.163860 94.252167 -0.226314 0.174074 0.958374 -0.250883 0.000000 0.000000 0.000000 1.000000
0.971905 -0.023739 0.234173 -2.880676 0.063347 0.984573 -0.163105 94.224640 -0.226689 0.173357 0.958415 -0.240617 0.000000 0.000000 0.000000 1.000000
0.971958 -0.024099 0.233915 -2.881165 0.063442 0.984722 -0.162164 94.197464 -0.226434 0.172457 0.958638 -0.234753 0.000000 0.000000 0.000000 1.000000
0.972188 -0.024817 0.232883 -2.875487 0.063713 0.984892 -0.161022 94.172050 -0.225369 0.171382 0.959081 -0.233162 0.000000 0.000000 0.000000 1.000000
0.972603 -0.025976 0.231015 -2.866632 0.064240 0.985074 -0.159697 94.149887 -0.223418 0.170162 0.959755 -0.233411 0.000000 0.000000 0.000000 1.000000
0.973228 -0.027619 0.228178 -2.857793 0.065052 0.985261 -0.158203 94.132622 -0.220446 0.168810 0.960680 -0.231464 0.000000 0.000000 0.000000 1.000000
0.974032 -0.029524 0.224476 -2.854201 0.065974 0.985447 -0.156660 94.122162 -0.216584 0.167402 0.961805 -0.224788 0.000000 0.000000 0.000000 1.000000
0.974935 -0.031363 0.220266 -2.861021 0.066775 0.985621 -0.155218 94.120483 -0.212231 0.166036 0.963011 -0.213399 0.000000 0.000000 0.000000 1.000000
0.975841 -0.032838 0.215999 -2.881053 0.067265 0.985774 -0.154026 94.128647 -0.207869 0.164835 0.964168 -0.200126 0.000000 0.000000 0.000000 1.000000
0.976651 -0.033763 0.212164 -2.914767 0.067377 0.985885 -0.153265 94.145233 -0.203995 0.163982 0.965141 -0.189144 0.000000 0.000000 0.000000 1.000000
0.977294 -0.034179 0.209112 -2.959928 0.067221 0.985935 -0.153014 94.165993 -0.200941 0.163596 0.965846 -0.182533 0.000000 0.000000 0.000000 1.000000
0.977712 -0.034199 0.207147 -3.015237 0.066950 0.985920 -0.153229 94.185158 -0.198990 0.163682 0.966236 -0.178871 0.000000 0.000000 0.000000 1.000000
0.977910 -0.034089 0.206228 -3.079140 0.066789 0.985851 -0.153746 94.198128 -0.198069 0.164124 0.966350 -0.174426 0.000000 0.000000 0.000000 1.000000
0.977954 -0.034020 0.206033 -3.152262 0.066799 0.985764 -0.154298 94.202728 -0.197850 0.164659 0.966304 -0.164711 0.000000 0.000000 0.000000 1.000000
0.977865 -0.033967 0.206461 -3.236860 0.066907 0.985689 -0.154727 94.200089 -0.198251 0.165116 0.966144 -0.148026 0.000000 0.000000 0.000000 1.000000
0.977638 -0.033817 0.207556 -3.334019 0.066997 0.985643 -0.154981 94.192902 -0.199335 0.165421 0.965868 -0.125110 0.000000 0.000000 0.000000 1.000000
0.977277 -0.033449 0.209309 -3.441765 0.066963 0.985619 -0.155148 94.184280 -0.201109 0.165639 0.965463 -0.097891 0.000000 0.000000 0.000000 1.000000
0.976821 -0.032842 0.211523 -3.554456 0.066787 0.985592 -0.155397 94.177368 -0.203372 0.165922 0.964940 -0.068427 0.000000 0.000000 0.000000 1.000000
0.976329 -0.032062 0.213901 -3.664319 0.066509 0.985539 -0.155849 94.174576 -0.205811 0.166386 0.964343 -0.038542 0.000000 0.000000 0.000000 1.000000
0.975903 -0.031321 0.215945 -3.763118 0.066248 0.985460 -0.156457 94.177597 -0.207904 0.166993 0.963789 -0.010170 0.000000 0.000000 0.000000 1.000000
0.975635 -0.030863 0.217217 -3.844048 0.066115 0.985391 -0.156948 94.186264 -0.209200 0.167485 0.963423 0.014620 0.000000 0.000000 0.000000 1.000000
0.975576 -0.030801 0.217493 -3.903777 0.066142 0.985360 -0.157136 94.199455 -0.209469 0.167683 0.963330 0.031902 0.000000 0.000000 0.000000 1.000000
0.975709 -0.031113 0.216848 -3.941903 0.066306 0.985376 -0.156964 94.215340 -0.208793 0.167530 0.963504 0.038667 0.000000 0.000000 0.000000 1.000000
0.975975 -0.031660 0.215570 -3.959138 0.066554 0.985418 -0.156595 94.232559 -0.207468 0.167180 0.963851 0.033822 0.000000 0.000000 0.000000 1.000000
0.976295 -0.032278 0.214025 -3.955748 0.066841 0.985448 -0.156285 94.250877 -0.205866 0.166885 0.964245 0.018446 0.000000 0.000000 0.000000 1.000000
0.976600 -0.032850 0.212540 -3.931442 0.067155 0.985429 -0.156267 94.271194 -0.204310 0.166884 0.964576 -0.006076 0.000000 0.000000 0.000000 1.000000
0.976845 -0.033342 0.211335 -3.886513 0.067501 0.985361 -0.156549 94.293465 -0.203021 0.167189 0.964795 -0.038262 0.000000 0.000000 0.000000 1.000000
0.977038 -0.033771 0.210374 -3.822079 0.067852 0.985271 -0.156962 94.316162 -0.201974 0.167632 0.964938 -0.077736 0.000000 0.000000 0.000000 1.000000
0.977193 -0.034113 0.209596 -3.740928 0.068149 0.985183 -0.157383 94.336311 -0.201122 0.168077 0.965039 -0.126326 0.000000 0.000000 0.000000 1.000000
0.977320 -0.034305 0.208969 -3.646122 0.068315 0.985108 -0.157781 94.350601 -0.200445 0.168479 0.965110 -0.186087 0.000000 0.000000 0.000000 1.000000
0.977403 -0.034290 0.208583 -3.539637 0.068323 0.985037 -0.158220 94.357033 -0.200036 0.168896 0.965122 -0.258416 0.000000 0.000000 0.000000 1.000000
0.977437 -0.034080 0.208461 -3.421804 0.068198 0.984962 -0.158739 94.355431 -0.199917 0.169374 0.965063 -0.342681 0.000000 0.000000 0.000000 1.000000
0.977415 -0.033710 0.208624 -3.292017 0.067977 0.984881 -0.159337 94.347664 -0.200099 0.169920 0.964929 -0.437050 0.000000 0.000000 0.000000 1.000000
0.977351 -0.033278 0.208992 -3.148888 0.067727 0.984805 -0.159911 94.336517 -0.200495 0.170443 0.964754 -0.538788 0.000000 0.000000 0.000000 1.000000
0.977261 -0.032829 0.209483 -2.991335 0.067450 0.984755 -0.160337 94.324692 -0.201026 0.170821 0.964577 -0.646071 0.000000 0.000000 0.000000 1.000000
0.977173 -0.032346 0.209966 -2.818839 0.067088 0.984750 -0.160520 94.315735 -0.201572 0.170942 0.964442 -0.758206 0.000000 0.000000 0.000000 1.000000
0.977124 -0.031785 0.210283 -2.631843 0.066562 0.984799 -0.160437 94.311943 -0.201987 0.170763 0.964386 -0.875310 0.000000 0.000000 0.000000 1.000000
0.977121 -0.031133 0.210395 -2.432543 0.065853 0.984903 -0.160094 94.314117 -0.202235 0.170286 0.964419 -0.996363 0.000000 0.000000 0.000000 1.000000
0.977157 -0.030421 0.210332 -2.224336 0.064994 0.985061 -0.159473 94.319809 -0.202339 0.169500 0.964536 -1.117717 0.000000 0.000000 0.000000 1.000000
0.977211 -0.029734 0.210178 -2.010021 0.064077 0.985272 -0.158535 94.325233 -0.202369 0.168389 0.964724 -1.233859 0.000000 0.000000 0.000000 1.000000
0.977270 -0.029117 0.209990 -1.791317 0.063190 0.985506 -0.157431 94.327209 -0.202363 0.167122 0.964945 -1.341532 0.000000 0.000000 0.000000 1.000000
0.977341 -0.028591 0.209730 -1.568004 0.062379 0.985736 -0.156309 94.325653 -0.202269 0.165850 0.965184 -1.440175 0.000000 0.000000 0.000000 1.000000
0.977450 -0.028134 0.209284 -1.340053 0.061636 0.985938 -0.155331 94.323921 -0.201970 0.164728 0.965439 -1.533141 0.000000 0.000000 0.000000 1.000000
0.977617 -0.027740 0.208557 -1.109503 0.060961 0.986095 -0.154598 94.325996 -0.201369 0.163852 0.965714 -1.625559 0.000000 0.000000 0.000000 1.000000
0.977832 -0.027496 0.207578 -0.880682 0.060437 0.986211 -0.154064 94.332771 -0.200480 0.163194 0.966010 -1.721549 0.000000 0.000000 0.000000 1.000000
0.978048 -0.027557 0.206550 -0.659376 0.060205 0.986314 -0.153490 94.340378 -0.199493 0.162556 0.966322 -1.821520 0.000000 0.000000 0.000000 1.000000
0.978192 -0.027961 0.205811 -0.450960 0.060284 0.986462 -0.152505 94.343338 -0.198761 0.161586 0.966635 -1.921544 0.000000 0.000000 0.000000 1.000000
0.978219 -0.028598 0.205594 -0.260792 0.060585 0.986673 -0.151017 94.338043 -0.198535 0.160184 0.966915 -2.016823 0.000000 0.000000 0.000000 1.000000
0.978113 -0.029297 0.206002 -0.096336 0.060977 0.986931 -0.149162 94.326256 -0.198940 0.158458 0.967116 -2.100246 0.000000 0.000000 0.000000 1.000000
0.977903 -0.029824 0.206922 0.032308 0.061289 0.987182 -0.147361 94.314041 -0.199875 0.156787 0.967196 -2.165077 0.000000 0.000000 0.000000 1.000000
0.977671 -0.030016 0.207986 0.118337 0.061389 0.987367 -0.146074 94.308647 -0.200974 0.155580 0.967163 -2.207518 0.000000 0.000000 0.000000 1.000000
0.977492 -0.029833 0.208854 0.164615 0.061229 0.987459 -0.145517 94.313995 -0.201894 0.155030 0.967060 -2.228926 0.000000 0.000000 0.000000 1.000000
0.977419 -0.029256 0.209276 0.182814 0.060764 0.987453 -0.145757 94.330635 -0.202386 0.155182 0.966932 -2.235729 0.000000 0.000000 0.000000 1.000000
0.977462 -0.028330 0.209204 0.186543 0.059984 0.987382 -0.146554 94.356606 -0.202413 0.155800 0.966828 -2.232547 0.000000 0.000000 0.000000 1.000000
0.977611 -0.027076 0.208669 0.184186 0.058882 0.987269 -0.147757 94.389641 -0.202012 0.156736 0.966760 -2.223279 0.000000 0.000000 0.000000 1.000000
0.977835 -0.025589 0.207806 0.178119 0.057551 0.987122 -0.149255 94.428055 -0.201311 0.157906 0.966716 -2.209643 0.000000 0.000000 0.000000 1.000000
0.978107 -0.023954 0.206721 0.167680 0.056080 0.986944 -0.150983 94.470512 -0.200405 0.159270 0.966680 -2.192356 0.000000 0.000000 0.000000 1.000000
0.978411 -0.022240 0.205468 0.152605 0.054537 0.986737 -0.152892 94.515373 -0.199342 0.160797 0.966647 -2.172317 0.000000 0.000000 0.000000 1.000000
0.978738 -0.020509 0.204088 0.134180 0.052979 0.986503 -0.154937 94.561310 -0.198156 0.162455 0.966614 -2.150795 0.000000 0.000000 0.000000 1.000000</float_array>
        <technique_common>
          <accessor source="#mixamorig_Hips-Matrix-animation-output-transform-array" count="210" stride="16">
            <param type="float4x4"/>
          </accessor>
        </technique_common>
      </source>
      <source id="mixamorig_Hips-Interpolations">
        <Name_array id="mixamorig_Hips-Interpolations-array" count="210">
 LINEAR LINEAR LINEAR LINEAR LINEAR LINEAR LINEAR LINEAR LINEAR LINEAR LINEAR
LINEAR LINEAR LINEAR LINEAR LINEAR LINEAR LINEAR LINEAR LINEAR LINEAR LINEAR LINEAR
LINEAR LINEAR LINEAR LINEAR LINEAR LINEAR LINEAR LINEAR LINEAR LINEAR LINEAR LINEAR
LINEAR LINEAR LINEAR LINEAR LINEAR LINEAR LINEAR LINEAR LINEAR LINEAR LINEAR LINEAR
LINEAR LINEAR LINEAR LINEAR LINEAR LINEAR LINEAR LINEAR LINEAR LINEAR LINEAR LINEAR
LINEAR LINEAR LINEAR LINEAR LINEAR LINEAR LINEAR LINEAR LINEAR LINEAR LINEAR LINEAR
LINEAR LINEAR LINEAR LINEAR LINEAR LINEAR LINEAR LINEAR LINEAR LINEAR LINEAR LINEAR
LINEAR LINEAR LINEAR LINEAR LINEAR LINEAR LINEAR LINEAR LINEAR LINEAR LINEAR LINEAR
LINEAR LINEAR LINEAR LINEAR LINEAR LINEAR LINEAR LINEAR LINEAR LINEAR LINEAR LINEAR
LINEAR LINEAR LINEAR LINEAR LINEAR LINEAR LINEAR LINEAR LINEAR LINEAR LINEAR LINEAR
LINEAR LINEAR LINEAR LINEAR LINEAR LINEAR LINEAR LINEAR LINEAR LINEAR LINEAR LINEAR
LINEAR LINEAR LINEAR LINEAR LINEAR LINEAR LINEAR LINEAR LINEAR LINEAR LINEAR LINEAR
LINEAR LINEAR LINEAR LINEAR LINEAR LINEAR LINEAR LINEAR LINEAR LINEAR LINEAR LINEAR
LINEAR LINEAR LINEAR LINEAR LINEAR LINEAR LINEAR LINEAR LINEAR LINEAR LINEAR LINEAR
LINEAR LINEAR LINEAR LINEAR LINEAR LINEAR LINEAR LINEAR LINEAR LINEAR LINEAR LINEAR
LINEAR LINEAR LINEAR LINEAR LINEAR LINEAR LINEAR LINEAR LINEAR LINEAR LINEAR LINEAR
LINEAR LINEAR LINEAR LINEAR LINEAR LINEAR LINEAR LINEAR LINEAR LINEAR LINEAR LINEAR
LINEAR LINEAR LINEAR LINEAR LINEAR LINEAR LINEAR</Name_array>
        <technique_common>
          <accessor source="#mixamorig_Hips-Interpolations-array" count="210">
            <param type="name"/>
          </accessor>
        </technique_common>
      </source>
      <sampler id="mixamorig_Hips-Matrix-animation-transform">
        <input semantic="INPUT" source="#mixamorig_Hips-Matrix-animation-input"/>
        <input semantic="OUTPUT" source="#mixamorig_Hips-Matrix-animation-output-transform"/>
        <input semantic="INTERPOLATION" source="#mixamorig_Hips-Interpolations"/>
      </sampler>
      <channel source="#mixamorig_Hips-Matrix-animation-transform" target="mixamorig_Hips/matrix"/>
      <source id="mixamorig_Spine-Matrix-animation-input">
        <float_array id="mixamorig_Spine-Matrix-animation-input-array" count="210">

0.000000 0.033333 0.066667 0.100000 0.133333 0.166667 0.200000 0.233333 0.266667 0.300000 0.333333 0.366667 0.400000 0.433333 0.466667 0.500000
0.533333 0.566667 0.600000 0.633333 0.666667 0.700000 0.733333 0.766667 0.800000 0.833333 0.866667 0.900000 0.933333 0.966667 1.000000 1.033333
1.066667 1.100000 1.133333 1.166667 1.200000 1.233333 1.266667 1.300000 1.333333 1.366667 1.400000 1.433333 1.466667 1.500000 1.533333 1.566667
1.600000 1.633333 1.666667 1.700000 1.733333 1.766667 1.800000 1.833333 1.866667 1.900000 1.933333 1.966667 2.000000 2.033333 2.066667 2.100000
2.133333 2.166667 2.200000 2.233333 2.266667 2.300000 2.333333 2.366667 2.400000 2.433333 2.466667 2.500000 2.533333 2.566667 2.600000 2.633333
2.666667 2.700000 2.733333 2.766667 2.800000 2.833333 2.866667 2.900000 2.933333 2.966667 3.000000 3.033333 3.066667 3.100000 3.133333 3.166667
3.200000 3.233333 3.266667 3.300000 3.333333 3.366667 3.400000 3.433333 3.466667 3.500000 3.533333 3.566667 3.600000 3.633333 3.666667 3.700000
3.733333 3.766667 3.800000 3.833333 3.866667 3.900000 3.933333 3.966667 4.000000 4.033333 4.066667 4.100000 4.133333 4.166667 4.200000 4.233333
4.266667 4.300000 4.333333 4.366667 4.400000 4.433333 4.466667 4.500000 4.533333 4.566667 4.600000 4.633333 4.666667 4.700000 4.733333 4.766667
4.800000 4.833333 4.866667 4.900000 4.933333 4.966667 5.000000 5.033333 5.066667 5.100000 5.133333 5.166667 5.200000 5.233333 5.266667 5.300000
5.333333 5.366667 5.400000 5.433333 5.466667 5.500000 5.533333 5.566667 5.600000 5.633333 5.666667 5.700000 5.733333 5.766667 5.800000 5.833333
5.866667 5.900000 5.933333 5.966667 6.000000 6.033333 6.066667 6.100000 6.133333 6.166667 6.200000 6.233333 6.266667 6.300000 6.333333 6.366667
6.400000 6.433333 6.466667 6.500000 6.533333 6.566667 6.600000 6.633333 6.666667 6.700000 6.733333 6.766667 6.800000 6.833333 6.866667 6.900000
6.933333 6.966667</float_array>
        <technique_common>
          <accessor source="#mixamorig_Spine-Matrix-animation-input-array" count="210">
            <param name="TIME" type="float"/>
          </accessor>
        </technique_common>
      </source>
      <source id="mixamorig_Spine-Matrix-animation-output-transform">
        <float_array id="mixamorig_Spine-Matrix-animation-output-transform-array" count="3360">

0.999707 0.013750 0.019927 0.000000 -0.010725 0.989423 -0.144664 7.526100 -0.021706 0.144408 0.989280 0.589700 0.000000 0.000000 0.000000 1.000000
0.999690 0.013733 0.020767 0.000000 -0.010597 0.989487 -0.144235 7.526100 -0.022530 0.143971 0.989325 0.589700 0.000000 0.000000 0.000000 1.000000
0.999673 0.013706 0.021607 0.000000 -0.010459 0.989551 -0.143800 7.526100 -0.023352 0.143527 0.989371 0.589700 0.000000 0.000000 0.000000 1.000000
0.999655 0.013671 0.022434 0.000000 -0.010316 0.989616 -0.143369 7.526100 -0.024161 0.143088 0.989415 0.589700 0.000000 0.000000 0.000000 1.000000
