<?xml version="1.0" encoding="utf-8"?>
<COLLADA xmlns="http://www.collada.org/2005/11/COLLADASchema" version="1.4.1">
  <asset>
    <contributor>
      <author>Mixamo</author>
      <authoring_tool>COLLADA Mixamo exporter</authoring_tool>
      <comments/>
    </contributor>
    <created>2024-06-27T09:56:36Z</created>
    <modified>2024-06-27T09:56:36Z</modified>
    <revision/>
    <title/>
    <unit meter="0.010000"/>
    <up_axis>Y_UP</up_axis>
  </asset>
  <library_animations>
    <animation>
      <source id="mixamorig_Hips-Matrix-animation-input">
        <float_array id="mixamorig_Hips-Matrix-animation-input-array" count="121">

0.000000 0.033333 0.066667 0.100000 0.133333 0.166667 0.200000 0.233333 0.266667 0.300000 0.333333 0.366667 0.400000 0.433333 0.466667 0.500000
0.533333 0.566667 0.600000 0.633333 0.666667 0.700000 0.733333 0.766667 0.800000 0.833333 0.866667 0.900000 0.933333 0.966667 1.000000 1.033333
1.066667 1.100000 1.133333 1.166667 1.200000 1.233333 1.266667 1.300000 1.333333 1.366667 1.400000 1.433333 1.466667 1.500000 1.533333 1.566667
1.600000 1.633333 1.666667 1.700000 1.733333 1.766667 1.800000 1.833333 1.866667 1.900000 1.933333 1.966667 2.000000 2.033333 2.066667 2.100000
2.133333 2.166667 2.200000 2.233333 2.266667 2.300000 2.333333 2.366667 2.400000 2.433333 2.466667 2.500000 2.533333 2.566667 2.600000 2.633333
2.666667 2.700000 2.733333 2.766667 2.800000 2.833333 2.866667 2.900000 2.933333 2.966667 3.000000 3.033333 3.066667 3.100000 3.133333 3.166667
3.200000 3.233333 3.266667 3.300000 3.333333 3.366667 3.400000 3.433333 3.466667 3.500000 3.533333 3.566667 3.600000 3.633333 3.666667 3.700000
3.733333 3.766667 3.800000 3.833333 3.866667 3.900000 3.933333 3.966667 4.000000</float_array>
        <technique_common>
          <accessor source="#mixamorig_Hips-Matrix-animation-input-array" count="121">
            <param name="TIME" type="float"/>
          </accessor>
        </technique_common>
      </source>
      <source id="mixamorig_Hips-Matrix-animation-output-transform">
        <float_array id="mixamorig_Hips-Matrix-animation-output-transform-array" count="1936">

0.978051 0.012148 -0.208011 -0.076109 -0.046232 0.986067 -0.159794 93.535545 0.203172 0.165903 0.964986 -2.203009 0.000000 0.000000 0.000000 1.000000
0.978986 0.008090 -0.203768 -0.225423 -0.042725 0.985174 -0.166156 93.649033 0.199403 0.171370 0.964816 -2.105500 0.000000 0.000000 0.000000 1.000000
0.979662 0.005323 -0.200584 -0.357890 -0.040634 0.984199 -0.172341 93.744614 0.196498 0.176987 0.964398 -2.017706 0.000000 0.000000 0.000000 1.000000
0.979459 0.003855 -0.201605 -0.403399 -0.040354 0.983338 -0.177250 93.809837 0.197562 0.181744 0.963295 -1.921154 0.000000 0.000000 0.000000 1.000000
0.977742 0.002327 -0.209796 -0.275226 -0.040826 0.982935 -0.179364 93.842949 0.205798 0.183937 0.961153 -1.778182 0.000000 0.000000 0.000000 1.000000
0.974628 -0.000560 -0.223829 0.043896 -0.040376 0.983153 -0.178271 93.852356 0.220158 0.182786 0.958186 -1.568259 0.000000 0.000000 0.000000 1.000000
0.971273 -0.004339 -0.237929 0.484224 -0.038535 0.983770 -0.175248 93.843483 0.234828 0.179382 0.955342 -1.306863 0.000000 0.000000 0.000000 1.000000
0.969134 -0.007218 -0.246431 0.956462 -0.036416 0.984416 -0.172044 93.813194 0.243832 0.175707 0.953768 -1.024186 0.000000 0.000000 0.000000 1.000000
0.968788 -0.007860 -0.247768 1.411089 -0.035402 0.984865 -0.169667 93.758301 0.245352 0.173143 0.953847 -0.738694 0.000000 0.000000 0.000000 1.000000
0.969602 -0.006436 -0.244602 1.844333 -0.035912 0.985086 -0.168275 93.685066 0.242037 0.171944 0.954910 -0.451072 0.000000 0.000000 0.000000 1.000000
0.970483 -0.004204 -0.241132 2.275802 -0.037368 0.985152 -0.167567 93.608498 0.238256 0.171632 0.955917 -0.153483 0.000000 0.000000 0.000000 1.000000
0.970693 -0.002453 -0.240309 2.725641 -0.038886 0.985167 -0.167132 93.544113 0.237154 0.171579 0.956200 0.159382 0.000000 0.000000 0.000000 1.000000
0.970108 -0.001786 -0.242668 3.197878 -0.039876 0.985207 -0.166665 93.499321 0.239376 0.171359 0.955686 0.483202 0.000000 0.000000 0.000000 1.000000
0.969072 -0.001979 -0.246769 3.672248 -0.040281 0.985288 -0.166087 93.472633 0.243468 0.170890 0.954736 0.803123 0.000000 0.000000 0.000000 1.000000
0.968188 -0.002174 -0.250213 4.106492 -0.040585 0.985357 -0.165601 93.457916 0.246909 0.170488 0.953923 1.098595 0.000000 0.000000 0.000000 1.000000
0.968087 -0.001219 -0.250611 4.450568 -0.041634 0.985310 -0.165623 93.449654 0.247132 0.170772 0.953815 1.350772 0.000000 0.000000 0.000000 1.000000
0.969126 0.001737 -0.246562 4.669000 -0.044142 0.985042 -0.166564 93.445175 0.242584 0.172305 0.954706 1.548536 0.000000 0.000000 0.000000 1.000000
0.971086 0.006569 -0.238639 4.760415 -0.048062 0.984533 -0.168476 93.442780 0.233842 0.175074 0.956382 1.689831 0.000000 0.000000 0.000000 1.000000
0.973183 0.011915 -0.229721 4.760184 -0.052366 0.983912 -0.170809 93.437691 0.223990 0.178258 0.958150 1.779150 0.000000 0.000000 0.000000 1.000000
0.974497 0.015790 -0.223845 4.720055 -0.055568 0.983434 -0.172541 93.423599 0.217412 0.180579 0.959230 1.822002 0.000000 0.000000 0.000000 1.000000
0.974477 0.016781 -0.223858 4.674083 -0.056635 0.983322 -0.172827 93.397789 0.217225 0.181095 0.959176 1.819839 0.000000 0.000000 0.000000 1.000000
0.973210 0.014927 -0.229433 4.613584 -0.055576 0.983572 -0.171750 93.370262 0.223100 0.179900 0.958051 1.766363 0.000000 0.000000 0.000000 1.000000
0.971433 0.011584 -0.237033 4.490608 -0.053315 0.983929 -0.170416 93.361870 0.231249 0.178185 0.956438 1.648126 0.000000 0.000000 0.000000 1.000000
0.970241 0.008422 -0.241995 4.247224 -0.051008 0.984078 -0.170262 93.392921 0.236708 0.177538 0.955222 1.450954 0.000000 0.000000 0.000000 1.000000
0.970434 0.006380 -0.241282 3.848546 -0.049262 0.983844 -0.172117 93.469666 0.236285 0.178914 0.955070 1.169745 0.000000 0.000000 0.000000 1.000000
0.971964 0.005357 -0.235068 3.296382 -0.047897 0.983289 -0.175639 93.578651 0.230199 0.181974 0.955978 0.817127 0.000000 0.000000 0.000000 1.000000
0.974068 0.004703 -0.226207 2.619736 -0.046410 0.982678 -0.179414 93.692337 0.221445 0.185260 0.957414 0.425666 0.000000 0.000000 0.000000 1.000000
0.975931 0.003901 -0.218047 1.854237 -0.044522 0.982346 -0.181698 93.783279 0.213489 0.187033 0.958875 0.038562 0.000000 0.000000 0.000000 1.000000
0.977216 0.002857 -0.212227 1.028829 -0.042262 0.982507 -0.181369 93.836815 0.207996 0.186206 0.960242 -0.309493 0.000000 0.000000 0.000000 1.000000
0.978116 0.001738 -0.208055 0.165846 -0.039716 0.983138 -0.178501 93.855156 0.204236 0.182857 0.961692 -0.610442 0.000000 0.000000 0.000000 1.000000
0.979039 0.000688 -0.203672 -0.711624 -0.036937 0.984012 -0.174230 93.851334 0.200295 0.178101 0.963411 -0.884306 0.000000 0.000000 0.000000 1.000000
0.980254 -0.000310 -0.197744 -1.575848 -0.033994 0.984847 -0.170061 93.839188 0.194801 0.173425 0.965389 -1.160033 0.000000 0.000000 0.000000 1.000000
0.981735 -0.001356 -0.190250 -2.396256 -0.031009 0.985463 -0.167035 93.826576 0.187711 0.169884 0.967421 -1.450716 0.000000 0.000000 0.000000 1.000000
0.983275 -0.002492 -0.182108 -3.144764 -0.028120 0.985839 -0.165322 93.815529 0.179941 0.167678 0.969281 -1.745093 0.000000 0.000000 0.000000 1.000000
0.984649 -0.003668 -0.174507 -3.796933 -0.025471 0.986057 -0.164447 93.801918 0.172677 0.166368 0.970827 -2.020208 0.000000 0.000000 0.000000 1.000000
0.985643 -0.004918 -0.168769 -4.328645 -0.023142 0.986206 -0.163895 93.778877 0.167247 0.165448 0.971934 -2.258547 0.000000 0.000000 0.000000 1.000000
0.985992 -0.006612 -0.166659 -4.714476 -0.021013 0.986327 -0.163452 93.738937 0.165461 0.164665 0.972373 -2.452004 0.000000 0.000000 0.000000 1.000000
0.985339 -0.009399 -0.170347 -4.932752 -0.018784 0.986434 -0.163081 93.678780 0.169569 0.163890 0.971796 -2.591814 0.000000 0.000000 0.000000 1.000000
0.983326 -0.013713 -0.181335 -4.978166 -0.016233 0.986553 -0.162631 93.604866 0.181127 0.162863 0.969881 -2.662050 0.000000 0.000000 0.000000 1.000000
0.979871 -0.019142 -0.198713 -4.870941 -0.013545 0.986723 -0.161847 93.531906 0.199173 0.161281 0.966602 -2.647229 0.000000 0.000000 0.000000 1.000000
0.975599 -0.024262 -0.218215 -4.653588 -0.011388 0.986946 -0.160650 93.473343 0.219264 0.159215 0.962587 -2.547759 0.000000 0.000000 0.000000 1.000000
0.971995 -0.027264 -0.233414 -4.374722 -0.010577 0.987165 -0.159352 93.432922 0.234763 0.157358 0.959231 -2.385631 0.000000 0.000000 0.000000 1.000000
0.970688 -0.027010 -0.238820 -4.069064 -0.011550 0.987275 -0.158603 93.407043 0.240065 0.156712 0.958024 -2.192352 0.000000 0.000000 0.000000 1.000000
0.972209 -0.023728 -0.232911 -3.745182 -0.014016 0.987167 -0.159073 93.394363 0.233696 0.157917 0.959400 -1.989240 0.000000 0.000000 0.000000 1.000000
0.975545 -0.018799 -0.218994 -3.387062 -0.017126 0.986806 -0.161001 93.401009 0.219131 0.160814 0.962352 -1.777485 0.000000 0.000000 0.000000 1.000000
0.979018 -0.013813 -0.203303 -2.968215 -0.020131 0.986263 -0.163949 93.434059 0.202775 0.164602 0.965292 -1.543955 0.000000 0.000000 0.000000 1.000000
0.981419 -0.009660 -0.191632 -2.469238 -0.022917 0.985681 -0.167055 93.491173 0.190502 0.168343 0.967145 -1.273726 0.000000 0.000000 0.000000 1.000000
0.982380 -0.006306 -0.186788 -1.889348 -0.025901 0.985193 -0.169479 93.558342 0.185091 0.171330 0.967671 -0.958056 0.000000 0.000000 0.000000 1.000000
0.982121 -0.003226 -0.188222 -1.246200 -0.029476 0.984885 -0.170680 93.618881 0.185928 0.173177 0.967182 -0.595285 0.000000 0.000000 0.000000 1.000000
0.981115 0.000021 -0.193427 -0.564470 -0.033644 0.984775 -0.170544 93.662628 0.190478 0.173831 0.966178 -0.189606 0.000000 0.000000 0.000000 1.000000
0.979858 0.003530 -0.199666 0.136724 -0.038075 0.984804 -0.169444 93.687843 0.196034 0.173633 0.965102 0.248737 0.000000 0.000000 0.000000 1.000000
0.978727 0.007121 -0.205045 0.848879 -0.042395 0.984849 -0.168155 93.696655 0.200740 0.173270 0.964200 0.703497 0.000000 0.000000 0.000000 1.000000
0.977898 0.010532 -0.208818 1.569597 -0.046368 0.984786 -0.167472 93.691772 0.203877 0.173453 0.963508 1.155878 0.000000 0.000000 0.000000 1.000000
0.977344 0.013537 -0.211225 2.294249 -0.049894 0.984564 -0.167763 93.676399 0.205694 0.174501 0.962933 1.589686 0.000000 0.000000 0.000000 1.000000
0.976911 0.016010 -0.213047 3.010102 -0.052946 0.984225 -0.168815 93.655327 0.206984 0.176197 0.962347 1.993290 0.000000 0.000000 0.000000 1.000000
0.976446 0.017974 -0.215014 3.696982 -0.055569 0.983857 -0.170109 93.634903 0.208486 0.178050 0.961682 2.357613 0.000000 0.000000 0.000000 1.000000
0.975899 0.019601 -0.217339 4.331439 -0.057899 0.983519 -0.171284 93.623680 0.210399 0.179739 0.960950 2.673481 0.000000 0.000000 0.000000 1.000000
0.975350 0.021099 -0.219651 4.890255 -0.060092 0.983194 -0.172393 93.632469 0.212322 0.181343 0.960226 2.931690 0.000000 0.000000 0.000000 1.000000
0.974931 0.022576 -0.221361 5.351968 -0.062223 0.982812 -0.173810 93.670647 0.213632 0.183226 0.959578 3.125100 0.000000 0.000000 0.000000 1.000000
0.974722 0.024011 -0.222129 5.697837 -0.064274 0.982315 -0.175856 93.740883 0.213978 0.185688 0.959027 3.250815 0.000000 0.000000 0.000000 1.000000
0.974702 0.025329 -0.222069 5.914123 -0.066173 0.981717 -0.178472 93.836159 0.213489 0.188652 0.958558 3.310318 0.000000 0.000000 0.000000 1.000000
0.974785 0.026452 -0.221575 5.995875 -0.067806 0.981111 -0.181175 93.941856 0.212597 0.191630 0.958165 3.307842 0.000000 0.000000 0.000000 1.000000
0.974896 0.027255 -0.220988 5.949901 -0.068987 0.980615 -0.183397 94.043480 0.211705 0.194038 0.957878 3.249128 0.000000 0.000000 0.000000 1.000000
0.975015 0.027529 -0.220426 5.792267 -0.069483 0.980294 -0.184919 94.130302 0.210991 0.195614 0.957715 3.140124 0.000000 0.000000 0.000000 1.000000
0.975156 0.027106 -0.219854 5.542886 -0.069181 0.980109 -0.186011 94.195999 0.210439 0.196599 0.957635 2.986506 0.000000 0.000000 0.000000 1.000000
0.975322 0.026020 -0.219248 5.218298 -0.068213 0.979961 -0.187148 94.237366 0.209985 0.197485 0.957552 2.793918 0.000000 0.000000 0.000000 1.000000
0.975501 0.024484 -0.218626 4.828728 -0.066840 0.979794 -0.188512 94.253296 0.209593 0.198506 0.957427 2.569030 0.000000 0.000000 0.000000 1.000000
0.975694 0.022675 -0.217962 4.381304 -0.065145 0.979678 -0.189702 94.244766 0.209232 0.199290 0.957343 2.321350 0.000000 0.000000 0.000000 1.000000
0.975930 0.020558 -0.217112 3.886022 -0.062884 0.979789 -0.189891 94.214317 0.208820 0.198973 0.957499 2.062581 0.000000 0.000000 0.000000 1.000000
0.976254 0.017970 -0.215882 3.358557 -0.059686 0.980294 -0.188313 94.163612 0.208244 0.196726 0.958088 1.802708 0.000000 0.000000 0.000000 1.000000
0.976674 0.014883 -0.214212 2.817104 -0.055470 0.981221 -0.184738 94.094841 0.207440 0.192311 0.959158 1.545143 0.000000 0.000000 0.000000 1.000000
0.977136 0.011533 -0.212302 2.276737 -0.050615 0.982439 -0.179590 94.012383 0.206503 0.186229 0.960560 1.284883 0.000000 0.000000 0.000000 1.000000
0.977540 0.008255 -0.210587 1.745691 -0.045717 0.983745 -0.173655 93.925629 0.205730 0.179382 0.962028 1.013265 0.000000 0.000000 0.000000 1.000000
0.977756 0.005257 -0.209678 1.228383 -0.041257 0.984976 -0.167693 93.845230 0.205646 0.172614 0.963283 0.727364 0.000000 0.000000 0.000000 1.000000
0.977638 0.002554 -0.210278 0.731091 -0.037480 0.986033 -0.162279 93.776970 0.206926 0.166532 0.964079 0.435583 0.000000 0.000000 0.000000 1.000000
0.977063 0.000133 -0.212952 0.264635 -0.034539 0.986858 -0.157855 93.720390 0.210133 0.161589 0.964227 0.152815 0.000000 0.000000 0.000000 1.000000
0.976021 -0.001792 -0.217670 -0.157609 -0.032690 0.987419 -0.154710 93.672981 0.215209 0.158116 0.963683 -0.109748 0.000000 0.000000 0.000000 1.000000
0.974733 -0.002697 -0.223356 -0.525684 -0.032294 0.987720 -0.152859 93.637863 0.221026 0.156210 0.962677 -0.351061 0.000000 0.000000 0.000000 1.000000
0.973649 -0.001955 -0.228045 -0.834083 -0.033640 0.987793 -0.152096 93.624466 0.225558 0.155760 0.961698 -0.575272 0.000000 0.000000 0.000000 1.000000
0.973202 0.000642 -0.229950 -1.071855 -0.036664 0.987637 -0.152410 93.640648 0.227009 0.156757 0.961194 -0.780596 0.000000 0.000000 0.000000 1.000000
0.973442 0.004338 -0.228893 -1.207852 -0.040667 0.987196 -0.154239 93.683701 0.225293 0.159451 0.961155 -0.952199 0.000000 0.000000 0.000000 1.000000
0.973909 0.007476 -0.226814 -1.188470 -0.044358 0.986450 -0.157955 93.739227 0.222559 0.163895 0.961044 -1.064265 0.000000 0.000000 0.000000 1.000000
0.973961 0.008473 -0.226555 -0.957871 -0.046468 0.985547 -0.162906 93.787636 0.221900 0.169192 0.960278 -1.087857 0.000000 0.000000 0.000000 1.000000
0.973244 0.007100 -0.229666 -0.491943 -0.046644 0.984817 -0.167214 93.812187 0.224992 0.173452 0.958798 -1.001267 0.000000 0.000000 0.000000 1.000000
0.971930 0.004792 -0.235220 0.179886 -0.045730 0.984572 -0.168898 93.801842 0.230782 0.174914 0.957155 -0.800888 0.000000 0.000000 0.000000 1.000000
0.970554 0.003551 -0.240857 0.983247 -0.045138 0.984861 -0.167367 93.750069 0.236616 0.173311 0.956021 -0.507573 0.000000 0.000000 0.000000 1.000000
0.969534 0.004412 -0.244917 1.833368 -0.045874 0.985419 -0.163845 93.654175 0.240623 0.170089 0.955599 -0.160779 0.000000 0.000000 0.000000 1.000000
0.968871 0.006934 -0.247468 2.668898 -0.048010 0.985894 -0.160339 93.517876 0.242865 0.167229 0.955537 0.198801 0.000000 0.000000 0.000000 1.000000
0.968332 0.010010 -0.249467 3.463577 -0.050933 0.986103 -0.158135 93.354431 0.244417 0.165833 0.955385 0.545983 0.000000 0.000000 0.000000 1.000000
0.967783 0.012935 -0.251455 4.213834 -0.054031 0.986083 -0.157227 93.184830 0.245921 0.165748 0.955013 0.873968 0.000000 0.000000 0.000000 1.000000
0.967259 0.015663 -0.253308 4.918682 -0.057043 0.985973 -0.156854 93.029350 0.247298 0.166167 0.954585 1.183268 0.000000 0.000000 0.000000 1.000000
0.966795 0.018304 -0.254895 5.567145 -0.059874 0.985893 -0.156300 92.899963 0.248438 0.166372 0.954253 1.468588 0.000000 0.000000 0.000000 1.000000
0.966373 0.020740 -0.256306 6.138501 -0.062334 0.985908 -0.155244 92.799232 0.249474 0.166000 0.954048 1.715275 0.000000 0.000000 0.000000 1.000000
0.966107 0.022846 -0.257131 6.610372 -0.064232 0.986024 -0.153726 92.727020 0.250025 0.165032 0.954071 1.906118 0.000000 0.000000 0.000000 1.000000
0.966398 0.024887 -0.255843 6.963717 -0.065663 0.986182 -0.152098 92.686325 0.248523 0.163787 0.954678 2.028394 0.000000 0.000000 0.000000 1.000000
0.967714 0.027430 -0.250555 7.188083 -0.067047 0.986260 -0.150984 92.682831 0.242971 0.162908 0.956256 2.077237 0.000000 0.000000 0.000000 1.000000
0.970069 0.030692 -0.240880 7.287778 -0.068708 0.986135 -0.151050 92.719551 0.232904 0.163079 0.958729 2.055082 0.000000 0.000000 0.000000 1.000000
0.972819 0.034018 -0.229054 7.285094 -0.070387 0.985788 -0.152537 92.789200 0.220610 0.164513 0.961388 1.970499 0.000000 0.000000 0.000000 1.000000
0.975074 0.036182 -0.218909 7.212658 -0.071342 0.985348 -0.154916 92.873032 0.210097 0.166672 0.963369 1.835523 0.000000 0.000000 0.000000 1.000000
0.976311 0.036370 -0.213295 7.095584 -0.071020 0.985023 -0.157120 92.948700 0.204386 0.168546 0.964271 1.661890 0.000000 0.000000 0.000000 1.000000
0.976611 0.034895 -0.212163 6.934957 -0.069570 0.984946 -0.158244 93.002342 0.203448 0.169303 0.964337 1.456504 0.000000 0.000000 0.000000 1.000000
0.976515 0.032926 -0.212917 6.707549 -0.067672 0.985113 -0.158028 93.034904 0.204544 0.168726 0.964206 1.219834 0.000000 0.000000 0.000000 1.000000
0.976656 0.031543 -0.212481 6.384034 -0.065935 0.985430 -0.156780 93.058655 0.204440 0.167130 0.964506 0.948504 0.000000 0.000000 0.000000 1.000000
0.977372 0.031025 -0.209240 5.951622 -0.064487 0.985799 -0.155053 93.086548 0.201458 0.165037 0.965493 0.640205 0.000000 0.000000 0.000000 1.000000
0.978579 0.030904 -0.203540 5.423776 -0.063056 0.986145 -0.153433 93.124306 0.195979 0.162980 0.966969 0.297565 0.000000 0.000000 0.000000 1.000000
0.979944 0.030518 -0.196924 4.832709 -0.061354 0.986406 -0.152445 93.169136 0.189594 0.161470 0.968494 -0.071132 0.000000 0.000000 0.000000 1.000000
0.981129 0.029513 -0.191090 4.214572 -0.059355 0.986537 -0.152386 93.213036 0.184020 0.160853 0.969672 -0.454036 0.000000 0.000000 0.000000 1.000000
0.981908 0.027979 -0.187278 3.599781 -0.057303 0.986554 -0.153057 93.246788 0.180478 0.161020 0.970309 -0.838282 0.000000 0.000000 0.000000 1.000000
0.982182 0.026277 -0.186087 3.011313 -0.055514 0.986557 -0.153698 93.264137 0.179546 0.161290 0.970437 -1.210444 0.000000 0.000000 0.000000 1.000000
0.981963 0.024701 -0.187453 2.466393 -0.054102 0.986683 -0.153394 93.265526 0.181168 0.160769 0.970222 -1.554544 0.000000 0.000000 0.000000 1.000000
0.981375 0.023190 -0.190696 1.975389 -0.052809 0.987008 -0.151743 93.259644 0.184699 0.158988 0.969850 -1.852649 0.000000 0.000000 0.000000 1.000000
0.980629 0.021427 -0.194700 1.539115 -0.051197 0.987483 -0.149185 93.259033 0.189067 0.156263 0.969451 -2.090569 0.000000 0.000000 0.000000 1.000000
0.979940 0.019340 -0.198353 1.151250 -0.049188 0.987961 -0.146676 93.269913 0.193128 0.153491 0.969093 -2.266792 0.000000 0.000000 0.000000 1.000000
0.979394 0.017601 -0.201189 0.812057 -0.047530 0.988302 -0.144915 93.283966 0.196285 0.151492 0.968774 -2.393809 0.000000 0.000000 0.000000 1.000000
0.978846 0.017371 -0.203860 0.542974 -0.047499 0.988460 -0.143840 93.282806 0.199009 0.150481 0.968375 -2.485372 0.000000 0.000000 0.000000 1.000000
0.978048 0.019102 -0.207504 0.374987 -0.049655 0.988469 -0.143047 93.258713 0.202378 0.150211 0.967719 -2.540216 0.000000 0.000000 0.000000 1.000000
0.977047 0.021499 -0.211934 0.303017 -0.052727 0.988343 -0.142818 93.233589 0.206393 0.150715 0.966792 -2.544430 0.000000 0.000000 0.000000 1.000000
0.976364 0.022300 -0.214978 0.262941 -0.054340 0.988041 -0.144301 93.246140 0.209189 0.152572 0.965899 -2.494462 0.000000 0.000000 0.000000 1.000000
0.976439 0.020429 -0.214823 0.187569 -0.053252 0.987533 -0.148133 93.313065 0.209118 0.156083 0.965354 -2.408016 0.000000 0.000000 0.000000 1.000000
0.977129 0.016619 -0.211999 0.066511 -0.050116 0.986857 -0.153630 93.417587 0.206659 0.160741 0.965119 -2.306803 0.000000 0.000000 0.000000 1.000000
0.978051 0.012148 -0.208011 -0.076109 -0.046232 0.986067 -0.159794 93.535545 0.203172 0.165903 0.964986 -2.203009 0.000000 0.000000 0.000000 1.000000</float_array>
        <technique_common>
          <accessor source="#mixamorig_Hips-Matrix-animation-output-transform-array" count="121" stride="16">
            <param type="float4x4"/>
          </accessor>
        </technique_common>
      </source>
      <source id="mixamorig_Hips-Interpolations">
        <Name_array id="mixamorig_Hips-Interpolations-array" count="121">
 LINEAR LINEAR LINEAR LINEAR LINEAR LINEAR LINEAR LINEAR LINEAR LINEAR LINEAR
LINEAR LINEAR LINEAR LINEAR LINEAR LINEAR LINEAR LINEAR LINEAR LINEAR LINEAR LINEAR
LINEAR LINEAR LINEAR LINEAR LINEAR LINEAR LINEAR LINEAR LINEAR LINEAR LINEAR LINEAR
LINEAR LINEAR LINEAR LINEAR LINEAR LINEAR LINEAR LINEAR LINEAR LINEAR LINEAR LINEAR
LINEAR LINEAR LINEAR LINEAR LINEAR LINEAR LINEAR LINEAR LINEAR LINEAR LINEAR LINEAR
LINEAR LINEAR LINEAR LINEAR LINEAR LINEAR LINEAR LINEAR LINEAR LINEAR LINEAR LINEAR
LINEAR LINEAR LINEAR LINEAR LINEAR LINEAR LINEAR LINEAR LINEAR LINEAR LINEAR LINEAR
LINEAR LINEAR LINEAR LINEAR LINEAR LINEAR LINEAR LINEAR LINEAR LINEAR LINEAR LINEAR
LINEAR LINEAR LINEAR LINEAR LINEAR LINEAR LINEAR LINEAR LINEAR LINEAR LINEAR LINEAR
LINEAR LINEAR LINEAR LINEAR LINEAR LINEAR LINEAR LINEAR LINEAR LINEAR LINEAR LINEAR
LINEAR LINEAR</Name_array>
        <technique_common>
          <accessor source="#mixamorig_Hips-Interpolations-array" count="121">
            <param type="name"/>
          </accessor>
        </technique_common>
      </source>
      <sampler id="mixamorig_Hips-Matrix-animation-transform">
        <input semantic="INPUT" source="#mixamorig_Hips-Matrix-animation-input"/>
        <input semantic="OUTPUT" source="#mixamorig_Hips-Matrix-animation-output-transform"/>
        <input semantic="INTERPOLATION" source="#mixamorig_Hips-Interpolations"/>
      </sampler>
      <channel source="#mixamorig_Hips-Matrix-animation-transform" target="mixamorig_Hips/matrix"/>
      <source id="mixamorig_Spine-Matrix-animation-input">
        <float_array id="mixamorig_Spine-Matrix-animation-input-array" count="121">

0.000000 0.033333 0.066667 0.100000 0.133333 0.166667 0.200000 0.233333 0.266667 0.300000 0.333333 0.366667 0.400000 0.433333 0.466667 0.500000
0.533333 0.566667 0.600000 0.633333 0.666667 0.700000 0.733333 0.766667 0.800000 0.833333 0.866667 0.900000 0.933333 0.966667 1.000000 1.033333
1.066667 1.100000 1.133333 1.166667 1.200000 1.233333 1.266667 1.300000 1.333333 1.366667 1.400000 1.433333 1.466667 1.500000 1.533333 1.566667
1.600000 1.633333 1.666667 1.700000 1.733333 1.766667 1.800000 1.833333 1.866667 1.900000 1.933333 1.966667 2.000000 2.033333 2.066667 2.100000
2.133333 2.166667 2.200000 2.233333 2.266667 2.300000 2.333333 2.366667 2.400000 2.433333 2.466667 2.500000 2.533333 2.566667 2.600000 2.633333
2.666667 2.700000 2.733333 2.766667 2.800000 2.833333 2.866667 2.900000 2.933333 2.966667 3.000000 3.033333 3.066667 3.100000 3.133333 3.166667
3.200000 3.233333 3.266667 3.300000 3.333333 3.366667 3.400000 3.433333 3.466667 3.500000 3.533333 3.566667 3.600000 3.633333 3.666667 3.700000
3.733333 3.766667 3.800000 3.833333 3.866667 3.900000 3.933333 3.966667 4.000000</float_array>
        <technique_common>
          <accessor source="#mixamorig_Spine-Matrix-animation-input-array" count="121">
            <param name="TIME" type="float"/>
          </accessor>
        </technique_common>
      </source>
      <source id="mixamorig_Spine-Matrix-animation-output-transform">
        <float_array id="mixamorig_Spine-Matrix-animation-output-transform-array" count="1936">

0.999458 -0.021327 -0.025062 0.000000 0.017685 0.990345 -0.137492 7.526100 0.027753 0.136974 0.990186 0.589700 0.000000 0.000000 0.000000 1.000000
0.999411 -0.021770 -0.026520 -0.000000 0.017963 0.990522 -0.136173 7.526100 0.029233 0.135616 0.990330 0.589700 0.000000 0.000000 0.000000 1.000000
0.999364 -0.022166 -0.027942 0.000000 0.018203 0.990698 -0.134856 7.526100 0.030672 0.134262 0.990471 0.589700 0.000000 0.000000 0.000000 1.000000
0.999318 -0.022547 -0.029241 0.000000 0.018447 0.990865 -0.133590 7.526100 0.031986 0.132959 0.990605 0.589700 0.000000 0.000000 0.000000 1.000000
0.999276 -0.022931 -0.030354 0.000000 0.018720 0.991022 -0.132383 7.526100 0.033118 0.131719 0.990734 0.589700 0.000000 0.000000 0.000000 1.000000
0.999244 -0.023252 -0.031165 0.000000 0.018971 0.991169 -0.131242 7.526100 0.033941 0.130551 0.990860 0.589700 0.000000 0.000000 0.000000 1.000000
0.999230 -0.023366 -0.031505 -0.000000 0.019073 0.991295 -0.130273 7.526100 0.034274 0.129572 0.990977 0.589700 0.000000 0.000000 0.000000 1.000000
0.999237 -0.023177 -0.031421 0.000000 0.018915 0.991371 -0.129716 7.526100 0.034156 0.129023 0.991053 0.589700 0.000000 0.000000 0.000000 1.000000
0.999251 -0.022792 -0.031288 0.000000 0.018549 0.991371 -0.129769 7.526100 0.033976 0.129091 0.991050 0.589700 0.000000 0.000000 0.000000 1.000000
0.999255 -0.022412 -0.031407 0.000000 0.018134 0.991294 -0.130411 7.526100 0.034056 0.129744 0.990962 0.589700 0.000000 0.000000 0.000000 1.000000
0.999253 -0.022142 -0.031686 0.000000 0.017795 0.991165 -0.131435 7.526100 0.034316 0.130773 0.990818 0.589700 0.000000 0.000000 0.000000 1.000000
0.999251 -0.021986 -0.031855 -0.000000 0.017578 0.991016 -0.132583 7.526100 0.034484 0.131924 0.990660 0.589700 0.000000 0.000000 0.000000 1.000000
0.999254 -0.021940 -0.031786 -0.000000 0.017506 0.990879 -0.133614 7.526100 0.034428 0.132957 0.990524 0.589700 0.000000 0.000000 0.000000 1.000000
0.999259 -0.022026 -0.031571 -0.000000 0.017596 0.990781 -0.134325 7.526100 0.034239 0.133670 0.990434 0.589700 0.000000 0.000000 0.000000 1.000000
0.999258 -0.022263 -0.031429 -0.000000 0.017840 0.990742 -0.134584 7.526100 0.034134 0.133923 0.990404 0.589700 0.000000 0.000000 0.000000 1.000000
0.999245 -0.022637 -0.031579 0.000000 0.018199 0.990765 -0.134361 7.526100 0.034329 0.133685 0.990429 0.589700 0.000000 0.000000 0.000000 1.000000
0.999216 -0.023097 -0.032146 -0.000000 0.018601 0.990841 -0.133745 7.526100 0.034941 0.133042 0.990494 0.589700 0.000000 0.000000 0.000000 1.000000
0.999174 -0.023569 -0.033097 -0.000000 0.018972 0.990945 -0.132918 7.526100 0.035930 0.132180 0.990574 0.589700 0.000000 0.000000 0.000000 1.000000
0.999125 -0.023988 -0.034247 0.000000 0.019266 0.991048 -0.132105 7.526100 0.037109 0.131330 0.990644 0.589700 0.000000 0.000000 0.000000 1.000000
0.999079 -0.024339 -0.035328 0.000000 0.019494 0.991123 -0.131510 7.526100 0.038215 0.130700 0.990685 0.589700 0.000000 0.000000 0.000000 1.000000
0.999044 -0.024657 -0.036099 0.000000 0.019719 0.991153 -0.131253 7.526100 0.039016 0.130416 0.990691 0.589700 0.000000 0.000000 0.000000 1.000000
0.999023 -0.025012 -0.036439 -0.000000 0.020024 0.991134 -0.131351 7.526100 0.039401 0.130493 0.990666 0.589700 0.000000 0.000000 0.000000 1.000000
0.999014 -0.025467 -0.036376 -0.000000 0.020469 0.991075 -0.131722 7.526100 0.039406 0.130848 0.990619 0.589700 0.000000 0.000000 0.000000 1.000000
0.999010 -0.026046 -0.036060 -0.000000 0.021064 0.990994 -0.132238 7.526100 0.039179 0.131348 0.990562 0.589700 0.000000 0.000000 0.000000 1.000000
0.999006 -0.026720 -0.035679 0.000000 0.021762 0.990908 -0.132770 7.526100 0.038902 0.131862 0.990504 0.589700 0.000000 0.000000 0.000000 1.000000
0.998998 -0.027413 -0.035382 -0.000000 0.022471 0.990831 -0.133229 7.526100 0.038709 0.132300 0.990454 0.589700 0.000000 0.000000 0.000000 1.000000
0.998986 -0.028038 -0.035224 0.000000 0.023097 0.990768 -0.133584 7.526100 0.038645 0.132635 0.990411 0.589700 0.000000 0.000000 0.000000 1.000000
0.998974 -0.028532 -0.035168 -0.000000 0.023584 0.990719 -0.133861 7.526100 0.038660 0.132895 0.990376 0.589700 0.000000 0.000000 0.000000 1.000000
0.998965 -0.028871 -0.035139 0.000000 0.023913 0.990676 -0.134127 7.526100 0.038684 0.133148 0.990341 0.589700 0.000000 0.000000 0.000000 1.000000
0.998961 -0.029068 -0.035098 0.000000 0.024101 0.990625 -0.134469 7.526100 0.038678 0.133484 0.990296 0.589700 0.000000 0.000000 0.000000 1.000000
0.998959 -0.029173 -0.035073 0.000000 0.024188 0.990554 -0.134971 7.526100 0.038679 0.133982 0.990229 0.589700 0.000000 0.000000 0.000000 1.000000
0.998954 -0.029250 -0.035147 0.000000 0.024227 0.990455 -0.135690 7.526100 0.038780 0.134696 0.990128 0.589700 0.000000 0.000000 0.000000 1.000000
0.998942 -0.029353 -0.035402 0.000000 0.024258 0.990326 -0.136624 7.526100 0.039070 0.135621 0.989990 0.589700 0.000000 0.000000 0.000000 1.000000
0.998922 -0.029479 -0.035850 0.000000 0.024279 0.990178 -0.137688 7.526100 0.039557 0.136669 0.989827 0.589700 0.000000 0.000000 0.000000 1.000000
0.998901 -0.029544 -0.036375 -0.000000 0.024231 0.990036 -0.138711 7.526100 0.040111 0.137678 0.989665 0.589700 0.000000 0.000000 0.000000 1.000000
0.998893 -0.029399 -0.036720 0.000000 0.024008 0.989934 -0.139481 7.526100 0.040451 0.138445 0.989544 0.589700 0.000000 0.000000 0.000000 1.000000
0.998915 -0.028861 -0.036560 0.000000 0.023484 0.989900 -0.139806 7.526100 0.040226 0.138796 0.989504 0.589700 0.000000 0.000000 0.000000 1.000000
0.998979 -0.027792 -0.035614 -0.000000 0.022564 0.989951 -0.139600 7.526100 0.039135 0.138654 0.989567 0.589700 0.000000 0.000000 0.000000 1.000000
0.999087 -0.026158 -0.033763 0.000000 0.021228 0.990075 -0.138925 7.526100 0.037062 0.138081 0.989727 0.589700 0.000000 0.000000 0.000000 1.000000
0.999225 -0.024073 -0.031141 -0.000000 0.019557 0.990242 -0.137979 7.526100 0.034158 0.137263 0.989945 0.589700 0.000000 0.000000 0.000000 1.000000
0.999367 -0.021788 -0.028123 0.000000 0.017737 0.990407 -0.137036 7.526100 0.030839 0.136451 0.990167 0.589700 0.000000 0.000000 0.000000 1.000000
0.999489 -0.019621 -0.025228 0.000000 0.016005 0.990535 -0.136326 7.526100 0.027664 0.135853 0.990343 0.589700 0.000000 0.000000 0.000000 1.000000
0.999577 -0.017864 -0.022947 -0.000000 0.014582 0.990608 -0.135949 7.526100 0.025160 0.135557 0.990450 0.589700 0.000000 0.000000 0.000000 1.000000
0.999628 -0.016694 -0.021565 0.000000 0.013614 0.990639 -0.135829 7.526100 0.023630 0.135485 0.990498 0.589700 0.000000 0.000000 0.000000 1.000000
0.999648 -0.016140 -0.021062 0.000000 0.013135 0.990657 -0.135743 7.526100 0.023056 0.135419 0.990520 0.589700 0.000000 0.000000 0.000000 1.000000
0.999647 -0.016084 -0.021135 0.000000 0.013077 0.990701 -0.135427 7.526100 0.023116 0.135103 0.990562 0.589700 0.000000 0.000000 0.000000 1.000000
0.999639 -0.016327 -0.021316 0.000000 0.013310 0.990798 -0.134691 7.526100 0.023319 0.134359 0.990658 0.589700 0.000000 0.000000 0.000000 1.000000
0.999637 -0.016661 -0.021157 -0.000000 0.013691 0.990953 -0.133509 7.526100 0.023190 0.133171 0.990822 0.589700 0.000000 0.000000 0.000000 1.000000
0.999649 -0.016921 -0.020387 0.000000 0.014085 0.991146 -0.132028 7.526100 0.022441 0.131694 0.991036 0.589700 0.000000 0.000000 0.000000 1.000000
0.999675 -0.017011 -0.018993 0.000000 0.014389 0.991342 -0.130512 7.526100 0.021049 0.130196 0.991265 0.589700 0.000000 0.000000 0.000000 1.000000
0.999710 -0.016891 -0.017188 0.000000 0.014530 0.991508 -0.129235 7.526100 0.019225 0.128947 0.991465 0.589700 0.000000 0.000000 0.000000 1.000000
0.999746 -0.016566 -0.015307 0.000000 0.014466 0.991619 -0.128386 7.526100 0.017306 0.128132 0.991606 0.589700 0.000000 0.000000 0.000000 1.000000
0.999777 -0.016069 -0.013665 -0.000000 0.014189 0.991671 -0.128010 7.526100 0.015609 0.127787 0.991679 0.589700 0.000000 0.000000 0.000000 1.000000
0.999803 -0.015456 -0.012456 0.000000 0.013736 0.991677 -0.128013 7.526100 0.014331 0.127817 0.991694 0.589700 0.000000 0.000000 0.000000 1.000000
0.999822 -0.014780 -0.011720 0.000000 0.013156 0.991658 -0.128225 7.526100 0.013518 0.128048 0.991676 0.589700 0.000000 0.000000 0.000000 1.000000
0.999836 -0.014079 -0.011377 0.000000 0.012502 0.991635 -0.128470 7.526100 0.013091 0.128307 0.991648 0.589700 0.000000 0.000000 0.000000 1.000000
0.999847 -0.013393 -0.011292 0.000000 0.011830 0.991622 -0.128634 7.526100 0.012920 0.128481 0.991628 0.589700 0.000000 0.000000 0.000000 1.000000
0.999854 -0.012768 -0.011338 0.000000 0.011204 0.991622 -0.128689 7.526100 0.012886 0.128543 0.991620 0.589700 0.000000 0.000000 0.000000 1.000000
0.999860 -0.012243 -0.011440 0.000000 0.010670 0.991631 -0.128666 7.526100 0.012920 0.128526 0.991622 0.589700 0.000000 0.000000 0.000000 1.000000
0.999863 -0.011805 -0.011574 0.000000 0.010220 0.991642 -0.128613 7.526100 0.012996 0.128477 0.991627 0.589700 0.000000 0.000000 0.000000 1.000000
0.999866 -0.011387 -0.011739 0.000000 0.009784 0.991654 -0.128553 7.526100 0.013105 0.128421 0.991633 0.589700 0.000000 0.000000 0.000000 1.000000
0.999870 -0.010902 -0.011919 -0.000000 0.009281 0.991669 -0.128475 7.526100 0.013221 0.128347 0.991641 0.589700 0.000000 0.000000 0.000000 1.000000
0.999874 -0.010299 -0.012061 0.000000 0.008667 0.991692 -0.128343 7.526100 0.013282 0.128223 0.991656 0.589700 0.000000 0.000000 0.000000 1.000000
0.999881 -0.009566 -0.012081 -0.000000 0.007940 0.991726 -0.128127 7.526100 0.013207 0.128016 0.991684 0.589700 0.000000 0.000000 0.000000 1.000000
0.999891 -0.008724 -0.011900 0.000000 0.007132 0.991771 -0.127823 7.526100 0.012917 0.127725 0.991726 0.589700 0.000000 0.000000 0.000000 1.000000
0.999904 -0.007804 -0.011476 0.000000 0.006278 0.991822 -0.127474 7.526100 0.012377 0.127390 0.991776 0.589700 0.000000 0.000000 0.000000 1.000000
0.999918 -0.006837 -0.010834 0.000000 0.005405 0.991868 -0.127159 7.526100 0.011615 0.127090 0.991823 0.589700 0.000000 0.000000 0.000000 1.000000
0.999932 -0.005848 -0.010066 -0.000000 0.004523 0.991895 -0.126983 7.526100 0.010727 0.126928 0.991854 0.589700 0.000000 0.000000 0.000000 1.000000
0.999945 -0.004865 -0.009307 0.000000 0.003644 0.991890 -0.127046 7.526100 0.009850 0.127005 0.991853 0.589700 0.000000 0.000000 0.000000 1.000000
0.999955 -0.003933 -0.008678 -0.000000 0.002795 0.991845 -0.127419 7.526100 0.009108 0.127389 0.991811 0.589700 0.000000 0.000000 0.000000 1.000000
0.999961 -0.003126 -0.008241 -0.000000 0.002045 0.991756 -0.128127 7.526100 0.008574 0.128105 0.991724 0.589700 0.000000 0.000000 0.000000 1.000000
0.999965 -0.002544 -0.007976 0.000000 0.001493 0.991626 -0.129135 7.526100 0.008237 0.129119 0.991595 0.589700 0.000000 0.000000 0.000000 1.000000
0.999967 -0.002265 -0.007795 0.000000 0.001230 0.991466 -0.130362 7.526100 0.008024 0.130348 0.991436 0.589700 0.000000 0.000000 0.000000 1.000000
0.999969 -0.002339 -0.007575 0.000000 0.001321 0.991291 -0.131682 7.526100 0.007817 0.131668 0.991263 0.589700 0.000000 0.000000 0.000000 1.000000
0.999970 -0.002763 -0.007211 -0.000000 0.001780 0.991121 -0.132949 7.526100 0.007514 0.132932 0.991097 0.589700 0.000000 0.000000 0.000000 1.000000
0.999972 -0.003478 -0.006677 0.000000 0.002552 0.990976 -0.134012 7.526100 0.007083 0.133991 0.990957 0.589700 0.000000 0.000000 0.000000 1.000000
0.999972 -0.004401 -0.006059 -0.000000 0.003545 0.990875 -0.134737 7.526100 0.006597 0.134712 0.990863 0.589700 0.000000 0.000000 0.000000 1.000000
0.999970 -0.005458 -0.005551 -0.000000 0.004658 0.990831 -0.135027 7.526100 0.006237 0.134998 0.990826 0.589700 0.000000 0.000000 0.000000 1.000000
0.999964 -0.006613 -0.005409 -0.000000 0.005823 0.990849 -0.134853 7.526100 0.006252 0.134816 0.990851 0.589700 0.000000 0.000000 0.000000 1.000000
0.999952 -0.007883 -0.005869 0.000000 0.007024 0.990920 -0.134271 7.526100 0.006874 0.134223 0.990927 0.589700 0.000000 0.000000 0.000000 1.000000
0.999932 -0.009306 -0.007059 -0.000000 0.008282 0.991023 -0.133432 7.526100 0.008237 0.133365 0.991033 0.589700 0.000000 0.000000 0.000000 1.000000
0.999900 -0.010909 -0.008946 0.000000 0.009627 0.991128 -0.132561 7.526100 0.010313 0.132461 0.991135 0.589700 0.000000 0.000000 0.000000 1.000000
0.999856 -0.012667 -0.011331 0.000000 0.011063 0.991203 -0.131889 7.526100 0.012902 0.131745 0.991200 0.589700 0.000000 0.000000 0.000000 1.000000
0.999798 -0.014501 -0.013902 -0.000000 0.012547 0.991224 -0.131595 7.526100 0.015688 0.131394 0.991206 0.589700 0.000000 0.000000 0.000000 1.000000
0.999734 -0.016264 -0.016333 -0.000000 0.013973 0.991187 -0.131731 7.526100 0.018332 0.131468 0.991151 0.589700 0.000000 0.000000 0.000000 1.000000
0.999673 -0.017770 -0.018379 0.000000 0.015187 0.991106 -0.132206 7.526100 0.020565 0.131884 0.991052 0.589700 0.000000 0.000000 0.000000 1.000000
0.999624 -0.018828 -0.019920 0.000000 0.016020 0.991013 -0.132805 7.526100 0.022242 0.132436 0.990942 0.589700 0.000000 0.000000 0.000000 1.000000
0.999594 -0.019298 -0.020957 -0.000000 0.016337 0.990946 -0.133265 7.526100 0.023339 0.132868 0.990859 0.589700 0.000000 0.000000 0.000000 1.000000
0.999585 -0.019106 -0.021573 -0.000000 0.016062 0.990937 -0.133365 7.526100 0.023925 0.132963 0.990832 0.589700 0.000000 0.000000 0.000000 1.000000
0.999594 -0.018277 -0.021877 0.000000 0.015208 0.990997 -0.133021 7.526100 0.024111 0.132634 0.990872 0.589700 0.000000 0.000000 0.000000 1.000000
0.999615 -0.016928 -0.021967 0.000000 0.013877 0.991110 -0.132316 7.526100 0.024011 0.131960 0.990964 0.589700 0.000000 0.000000 0.000000 1.000000
0.999643 -0.015247 -0.021925 -0.000000 0.012236 0.991244 -0.131473 7.526100 0.023737 0.131158 0.991077 0.589700 0.000000 0.000000 0.000000 1.000000
0.999671 -0.013457 -0.021838 -0.000000 0.010489 0.991359 -0.130759 7.526100 0.023409 0.130487 0.991174 0.589700 0.000000 0.000000 0.000000 1.000000
0.999693 -0.011808 -0.021796 -0.000000 0.008867 0.991424 -0.130385 7.526100 0.023148 0.130152 0.991224 0.589700 0.000000 0.000000 0.000000 1.000000
0.999705 -0.010540 -0.021872 0.000000 0.007599 0.991428 -0.130433 7.526100 0.023060 0.130229 0.991216 0.589700 0.000000 0.000000 0.000000 1.000000
0.999708 -0.009833 -0.022092 0.000000 0.006860 0.991379 -0.130844 7.526100 0.023189 0.130655 0.991157 0.589700 0.000000 0.000000 0.000000 1.000000
0.999701 -0.009758 -0.022408 -0.000000 0.006729 0.991297 -0.131472 7.526100 0.023496 0.131282 0.991067 0.589700 0.000000 0.000000 0.000000 1.000000
0.999690 -0.010250 -0.022702 0.000000 0.007162 0.991204 -0.132150 7.526100 0.023857 0.131947 0.990970 0.589700 0.000000 0.000000 0.000000 1.000000
0.999677 -0.011142 -0.022839 0.000000 0.008013 0.991115 -0.132767 7.526100 0.024115 0.132541 0.990884 0.589700 0.000000 0.000000 0.000000 1.000000
0.999667 -0.012247 -0.022725 -0.000000 0.009112 0.991037 -0.133275 7.526100 0.024154 0.133024 0.990818 0.589700 0.000000 0.000000 0.000000 1.000000
0.999660 -0.013426 -0.022365 -0.000000 0.010318 0.990969 -0.133695 7.526100 0.023958 0.133418 0.990770 0.589700 0.000000 0.000000 0.000000 1.000000
0.999654 -0.014615 -0.021874 -0.000000 0.011553 0.990905 -0.134067 7.526100 0.023635 0.133768 0.990731 0.589700 0.000000 0.000000 0.000000 1.000000
0.999645 -0.015807 -0.021442 -0.000000 0.012785 0.990841 -0.134425 7.526100 0.023370 0.134103 0.990692 0.589700 0.000000 0.000000 0.000000 1.000000
0.999629 -0.017015 -0.021249 0.000000 0.014000 0.990776 -0.134784 7.526100 0.023346 0.134436 0.990647 0.589700 0.000000 0.000000 0.000000 1.000000
0.999605 -0.018214 -0.021391 -0.000000 0.015160 0.990709 -0.135149 7.526100 0.023654 0.134772 0.990594 0.589700 0.000000 0.000000 0.000000 1.000000
0.999575 -0.019312 -0.021835 -0.000000 0.016178 0.990640 -0.135541 7.526100 0.024248 0.135130 0.990531 0.589700 0.000000 0.000000 0.000000 1.000000
0.999545 -0.020157 -0.022433 -0.000000 0.016924 0.990565 -0.135997 7.526100 0.024962 0.135556 0.990455 0.589700 0.000000 0.000000 0.000000 1.000000
0.999524 -0.020590 -0.022981 -0.000000 0.017264 0.990480 -0.136572 7.526100 0.025574 0.136110 0.990364 0.589700 0.000000 0.000000 0.000000 1.000000
0.999518 -0.020523 -0.023297 -0.000000 0.017135 0.990380 -0.137309 7.526100 0.025891 0.136843 0.990254 0.589700 0.000000 0.000000 0.000000 1.000000
0.999529 -0.019998 -0.023290 -0.000000 0.016592 0.990262 -0.138221 7.526100 0.025827 0.137769 0.990128 0.589700 0.000000 0.000000 0.000000 1.000000
