<?xml version="1.0" encoding="utf-8"?>
<COLLADA xmlns="http://www.collada.org/2005/11/COLLADASchema" version="1.4.1">
  <asset>
    <contributor>
      <author>Mixamo</author>
      <authoring_tool>COLLADA Mixamo exporter</authoring_tool>
      <comments/>
    </contributor>
    <created>2024-07-03T22:08:27Z</created>
    <modified>2024-07-03T22:08:27Z</modified>
    <revision/>
    <title/>
    <unit meter="0.010000"/>
    <up_axis>Y_UP</up_axis>
  </asset>
  <library_animations>
    <animation>
      <source id="mixamorig_Hips-Matrix-animation-input">
        <float_array id="mixamorig_Hips-Matrix-animation-input-array" count="210">

0.000000 0.033333 0.066667 0.100000 0.133333 0.166667 0.200000 0.233333 0.266667 0.300000 0.333333 0.366667 0.400000 0.433333 0.466667 0.500000
0.533333 0.566667 0.600000 0.633333 0.666667 0.700000 0.733333 0.766667 0.800000 0.833333 0.866667 0.900000 0.933333 0.966667 1.000000 1.033333
1.066667 1.100000 1.133333 1.166667 1.200000 1.233333 1.266667 1.300000 1.333333 1.366667 1.400000 1.433333 1.466667 1.500000 1.533333 1.566667
1.600000 1.633333 1.666667 1.700000 1.733333 1.766667 1.800000 1.833333 1.866667 1.900000 1.933333 1.966667 2.000000 2.033333 2.066667 2.100000
2.133333 2.166667 2.200000 2.233333 2.266667 2.300000 2.333333 2.366667 2.400000 2.433333 2.466667 2.500000 2.533333 2.566667 2.600000 2.633333
2.666667 2.700000 2.733333 2.766667 2.800000 2.833333 2.866667 2.900000 2.933333 2.966667 3.000000 3.033333 3.066667 3.100000 3.133333 3.166667
3.200000 3.233333 3.266667 3.300000 3.333333 3.366667 3.400000 3.433333 3.466667 3.500000 3.533333 3.566667 3.600000 3.633333 3.666667 3.700000
3.733333 3.766667 3.800000 3.833333 3.866667 3.900000 3.933333 3.966667 4.000000 4.033333 4.066667 4.100000 4.133333 4.166667 4.200000 4.233333
4.266667 4.300000 4.333333 4.366667 4.400000 4.433333 4.466667 4.500000 4.533333 4.566667 4.600000 4.633333 4.666667 4.700000 4.733333 4.766667
4.800000 4.833333 4.866667 4.900000 4.933333 4.966667 5.000000 5.033333 5.066667 5.100000 5.133333 5.166667 5.200000 5.233333 5.266667 5.300000
5.333333 5.366667 5.400000 5.433333 5.466667 5.500000 5.533333 5.566667 5.600000 5.633333 5.666667 5.700000 5.733333 5.766667 5.800000 5.833333
5.866667 5.900000 5.933333 5.966667 6.000000 6.033333 6.066667 6.100000 6.133333 6.166667 6.200000 6.233333 6.266667 6.300000 6.333333 6.366667
6.400000 6.433333 6.466667 6.500000 6.533333 6.566667 6.600000 6.633333 6.666667 6.700000 6.733333 6.766667 6.800000 6.833333 6.866667 6.900000
6.933333 6.966667</float_array>
        <technique_common>
          <accessor source="#mixamorig_Hips-Matrix-animation-input-array" count="210">
            <param name="TIME" type="float"/>
          </accessor>
        </technique_common>
      </source>
      <source id="mixamorig_Hips-Matrix-animation-output-transform">
        <float_array id="mixamorig_Hips-Matrix-animation-output-transform-array" count="3360">

0.978738 0.020504 -0.204087 -0.134027 -0.052974 0.986503 -0.154937 94.561913 0.198156 0.162454 0.966614 -2.150833 0.000000 0.000000 0.000000 1.000000
0.979134 0.018656 -0.202355 -0.143375 -0.051338 0.986185 -0.157491 94.613098 0.196622 0.164593 0.966566 -2.120007 0.000000 0.000000 0.000000 1.000000
0.979509 0.017040 -0.200679 -0.152689 -0.049944 0.985842 -0.160064 94.661697 0.195110 0.166807 0.966492 -2.091285 0.000000 0.000000 0.000000 1.000000
0.979808 0.015739 -0.199319 -0.158269 -0.048900 0.985485 -0.162567 94.705505 0.193867 0.169032 0.966356 -2.064709 0.000000 0.000000 0.000000 1.000000
0.979953 0.014749 -0.198683 -0.151693 -0.048249 0.985138 -0.164846 94.742676 0.193299 0.171128 0.966101 -2.038254 0.000000 0.000000 0.000000 1.000000
0.979854 0.013964 -0.199225 -0.121446 -0.047928 0.984843 -0.166694 94.772293 0.193878 0.172885 0.965672 -2.007686 0.000000 0.000000 0.000000 1.000000
0.979450 0.013186 -0.201256 -0.057588 -0.047760 0.984643 -0.167922 94.794548 0.195952 0.174083 0.965038 -1.968168 0.000000 0.000000 0.000000 1.000000
0.978731 0.012206 -0.204786 0.043785 -0.047515 0.984573 -0.168400 94.810356 0.199571 0.174549 0.964212 -1.916033 0.000000 0.000000 0.000000 1.000000
0.977779 0.010909 -0.209353 0.178968 -0.046987 0.984642 -0.168146 94.820808 0.204304 0.174246 0.963275 -1.850383 0.000000 0.000000 0.000000 1.000000
0.976775 0.009393 -0.214060 0.337343 -0.046156 0.984808 -0.167402 94.826813 0.209235 0.173395 0.962369 -1.774384 0.000000 0.000000 0.000000 1.000000
0.975896 0.007857 -0.218095 0.505754 -0.045117 0.985027 -0.166393 94.828217 0.213522 0.172222 0.961638 -1.692155 0.000000 0.000000 0.000000 1.000000
0.975292 0.006544 -0.220823 0.670705 -0.044040 0.985258 -0.165308 94.824051 0.216486 0.170949 0.961203 -1.608134 0.000000 0.000000 0.000000 1.000000
0.975048 0.005664 -0.221920 0.820172 -0.043111 0.985473 -0.164266 94.813339 0.217766 0.169735 0.961129 -1.526103 0.000000 0.000000 0.000000 1.000000
0.975165 0.005337 -0.221417 0.944794 -0.042476 0.985659 -0.163314 94.795410 0.217370 0.168663 0.961407 -1.448614 0.000000 0.000000 0.000000 1.000000
0.975571 0.005595 -0.219611 1.039157 -0.042223 0.985813 -0.162450 94.770401 0.215586 0.167754 0.961967 -1.376446 0.000000 0.000000 0.000000 1.000000
0.976122 0.006305 -0.217133 1.104352 -0.042326 0.985940 -0.161650 94.739365 0.213061 0.166980 0.962664 -1.308262 0.000000 0.000000 0.000000 1.000000
0.976667 0.007244 -0.214638 1.147890 -0.042675 0.986047 -0.160904 94.704193 0.210478 0.166310 0.963348 -1.241048 0.000000 0.000000 0.000000 1.000000
0.977102 0.008203 -0.212614 1.181342 -0.043143 0.986137 -0.160225 94.667572 0.208352 0.165729 0.963910 -1.171135 0.000000 0.000000 0.000000 1.000000
0.977373 0.009005 -0.211332 1.216565 -0.043604 0.986212 -0.159638 94.632210 0.206980 0.165240 0.964290 -1.095612 0.000000 0.000000 0.000000 1.000000
0.977470 0.009535 -0.210860 1.261955 -0.043957 0.986272 -0.159169 94.600426 0.206448 0.164851 0.964470 -1.013511 0.000000 0.000000 0.000000 1.000000
0.977417 0.009754 -0.211093 1.320409 -0.044145 0.986319 -0.158827 94.573738 0.206656 0.164559 0.964476 -0.926098 0.000000 0.000000 0.000000 1.000000
0.977262 0.009687 -0.211812 1.389566 -0.044155 0.986353 -0.158613 94.552734 0.207385 0.164360 0.964353 -0.836557 0.000000 0.000000 0.000000 1.000000
0.977082 0.009490 -0.212652 1.462861 -0.044076 0.986375 -0.158499 94.537025 0.208250 0.164239 0.964187 -0.748729 0.000000 0.000000 0.000000 1.000000
0.976947 0.009352 -0.213276 1.532391 -0.044034 0.986384 -0.158455 94.525787 0.208890 0.164193 0.964057 -0.666408 0.000000 0.000000 0.000000 1.000000
0.976925 0.009456 -0.213373 1.590711 -0.044161 0.986374 -0.158479 94.517441 0.208967 0.164245 0.964031 -0.592592 0.000000 0.000000 0.000000 1.000000
0.977067 0.009946 -0.212702 1.632412 -0.044565 0.986337 -0.158596 94.510849 0.208218 0.164438 0.964160 -0.529028 0.000000 0.000000 0.000000 1.000000
0.977398 0.010892 -0.211125 1.654768 -0.045301 0.986264 -0.158841 94.505127 0.206495 0.164815 0.964467 -0.476208 0.000000 0.000000 0.000000 1.000000
0.977911 0.012269 -0.208660 1.657925 -0.046351 0.986150 -0.159245 94.499725 0.203817 0.165399 0.964936 -0.433762 0.000000 0.000000 0.000000 1.000000
0.978561 0.013962 -0.205481 1.644871 -0.047630 0.985995 -0.159831 94.494247 0.200372 0.166192 0.965521 -0.400989 0.000000 0.000000 0.000000 1.000000
0.979238 0.015702 -0.202106 1.621486 -0.048941 0.985815 -0.160542 94.488121 0.196718 0.167100 0.966116 -0.376463 0.000000 0.000000 0.000000 1.000000
0.979837 0.017239 -0.199054 1.594170 -0.050108 0.985634 -0.161293 94.480690 0.193414 0.168015 0.966624 -0.359205 0.000000 0.000000 0.000000 1.000000
0.980261 0.018350 -0.196856 1.568934 -0.050974 0.985478 -0.161970 94.470886 0.191025 0.168808 0.966961 -0.348516 0.000000 0.000000 0.000000 1.000000
0.980437 0.018878 -0.195928 1.549881 -0.051437 0.985375 -0.162452 94.457977 0.189995 0.169352 0.967069 -0.344061 0.000000 0.000000 0.000000 1.000000
0.980341 0.018810 -0.196412 1.538019 -0.051495 0.985338 -0.162659 94.441956 0.190473 0.169576 0.966935 -0.346044 0.000000 0.000000 0.000000 1.000000
0.979994 0.018221 -0.198193 1.530877 -0.051195 0.985371 -0.162553 94.423904 0.192332 0.169447 0.966590 -0.354983 0.000000 0.000000 0.000000 1.000000
0.979470 0.017280 -0.200850 1.522810 -0.050641 0.985462 -0.162175 94.406067 0.195127 0.169016 0.966105 -0.372092 0.000000 0.000000 0.000000 1.000000
0.978898 0.016225 -0.203703 1.505953 -0.049981 0.985577 -0.161681 94.391762 0.198142 0.168450 0.965590 -0.399491 0.000000 0.000000 0.000000 1.000000
0.978399 0.015234 -0.206161 1.472495 -0.049322 0.985682 -0.161239 94.384293 0.200753 0.167924 0.965142 -0.439007 0.000000 0.000000 0.000000 1.000000
0.978079 0.014429 -0.207735 1.416077 -0.048742 0.985746 -0.161027 94.386192 0.202450 0.167623 0.964840 -0.492117 0.000000 0.000000 0.000000 1.000000
0.978004 0.013861 -0.208126 1.332683 -0.048275 0.985741 -0.161199 94.398605 0.202923 0.167700 0.964727 -0.559410 0.000000 0.000000 0.000000 1.000000
0.978190 0.013519 -0.207274 1.221462 -0.047917 0.985652 -0.161845 94.420532 0.202112 0.168246 0.964803 -0.640199 0.000000 0.000000 0.000000 1.000000
0.978607 0.013351 -0.205303 1.084076 -0.047639 0.985477 -0.162991 94.449394 0.200146 0.169284 0.965031 -0.732478 0.000000 0.000000 0.000000 1.000000
0.979164 0.013270 -0.202637 0.924134 -0.047397 0.985237 -0.164507 94.481285 0.197463 0.170684 0.965337 -0.831987 0.000000 0.000000 0.000000 1.000000
0.979757 0.013205 -0.199757 0.745987 -0.047154 0.984970 -0.166163 94.512100 0.194560 0.172218 0.965654 -0.933044 0.000000 0.000000 0.000000 1.000000
0.980307 0.013116 -0.197042 0.553493 -0.046883 0.984722 -0.167704 94.538200 0.191832 0.173639 0.965945 -1.029651 0.000000 0.000000 0.000000 1.000000
0.980767 0.012980 -0.194748 0.350026 -0.046560 0.984540 -0.168861 94.557175 0.189546 0.174681 0.966209 -1.116191 0.000000 0.000000 0.000000 1.000000
0.981123 0.012793 -0.192962 0.138098 -0.046161 0.984459 -0.169439 94.568398 0.187796 0.175148 0.966466 -1.188955 0.000000 0.000000 0.000000 1.000000
0.981391 0.012563 -0.191609 -0.080193 -0.045667 0.984498 -0.169346 94.572670 0.186511 0.174945 0.966751 -1.246846 0.000000 0.000000 0.000000 1.000000
0.981615 0.012303 -0.190475 -0.302673 -0.045055 0.984656 -0.168592 94.571777 0.185478 0.174074 0.967107 -1.291333 0.000000 0.000000 0.000000 1.000000
0.981847 0.012025 -0.189293 -0.526860 -0.044335 0.984892 -0.167400 94.568199 0.184420 0.172754 0.967546 -1.327377 0.000000 0.000000 0.000000 1.000000
0.982119 0.011733 -0.187894 -0.749614 -0.043523 0.985169 -0.165972 94.563896 0.183161 0.171182 0.968064 -1.360231 0.000000 0.000000 0.000000 1.000000
0.982444 0.011429 -0.186208 -0.967702 -0.042639 0.985458 -0.164485 94.559822 0.181620 0.169537 0.968644 -1.394430 0.000000 0.000000 0.000000 1.000000
0.982819 0.011119 -0.184239 -1.178281 -0.041719 0.985734 -0.163060 94.555901 0.179798 0.167945 0.969261 -1.432802 0.000000 0.000000 0.000000 1.000000
0.983230 0.010823 -0.182050 -1.379277 -0.040804 0.985986 -0.161759 94.551346 0.177748 0.166474 0.969893 -1.476014 0.000000 0.000000 0.000000 1.000000
0.983662 0.010587 -0.179714 -1.569365 -0.039955 0.986211 -0.160598 94.544937 0.175536 0.165155 0.970521 -1.522921 0.000000 0.000000 0.000000 1.000000
0.984104 0.010499 -0.177284 -1.748227 -0.039276 0.986399 -0.159605 94.535858 0.173197 0.164031 0.971132 -1.571746 0.000000 0.000000 0.000000 1.000000
0.984538 0.010595 -0.174852 -1.914848 -0.038818 0.986548 -0.158793 94.523621 0.170818 0.163125 0.971705 -1.620448 0.000000 0.000000 0.000000 1.000000
0.984942 0.010876 -0.172540 -2.067163 -0.038607 0.986653 -0.158193 94.509239 0.168517 0.162472 0.972216 -1.667668 0.000000 0.000000 0.000000 1.000000
0.985283 0.011277 -0.170559 -2.201159 -0.038615 0.986711 -0.157830 94.492920 0.166513 0.162093 0.972625 -1.712822 0.000000 0.000000 0.000000 1.000000
0.985508 0.011653 -0.169228 -2.311276 -0.038749 0.986724 -0.157714 94.475922 0.165143 0.161986 0.972876 -1.755716 0.000000 0.000000 0.000000 1.000000
0.985553 0.011802 -0.168957 -2.391218 -0.038872 0.986701 -0.157826 94.458862 0.164848 0.162114 0.972905 -1.795807 0.000000 0.000000 0.000000 1.000000
0.985333 0.011477 -0.170254 -2.435097 -0.038815 0.986655 -0.158128 94.442368 0.166168 0.162417 0.972630 -1.831747 0.000000 0.000000 0.000000 1.000000
0.984764 0.010462 -0.173579 -2.439025 -0.038429 0.986602 -0.158557 94.426872 0.169594 0.162812 0.971972 -1.861101 0.000000 0.000000 0.000000 1.000000
0.983827 0.008753 -0.178907 -2.403565 -0.037698 0.986552 -0.159041 94.412895 0.175109 0.163213 0.970926 -1.880766 0.000000 0.000000 0.000000 1.000000
0.982532 0.006462 -0.185983 -2.332825 -0.036683 0.986514 -0.159513 94.400070 0.182444 0.163549 0.969518 -1.887160 0.000000 0.000000 0.000000 1.000000
0.980970 0.003878 -0.194121 -2.232924 -0.035552 0.986484 -0.159954 94.389214 0.190877 0.163811 0.967849 -1.877400 0.000000 0.000000 0.000000 1.000000
0.979349 0.001426 -0.202170 -2.112454 -0.034549 0.986447 -0.160404 94.382690 0.199201 0.164076 0.966125 -1.852314 0.000000 0.000000 0.000000 1.000000
0.977910 -0.000519 -0.209025 -1.980886 -0.033866 0.986391 -0.160889 94.380852 0.206264 0.164414 0.964585 -1.814725 0.000000 0.000000 0.000000 1.000000
0.976936 -0.001604 -0.213527 -1.846684 -0.033669 0.986305 -0.161456 94.383667 0.210861 0.164922 0.963503 -1.768808 0.000000 0.000000 0.000000 1.000000
0.976604 -0.001694 -0.215041 -1.714603 -0.033995 0.986179 -0.162158 94.391121 0.212343 0.165674 0.963048 -1.718397 0.000000 0.000000 0.000000 1.000000
0.976919 -0.000870 -0.213607 -1.585667 -0.034765 0.986012 -0.163009 94.403442 0.210761 0.166673 0.963224 -1.665958 0.000000 0.000000 0.000000 1.000000
0.977776 0.000675 -0.209650 -1.458361 -0.035844 0.985809 -0.163998 94.421089 0.206564 0.167868 0.963925 -1.612186 0.000000 0.000000 0.000000 1.000000
0.978958 0.002612 -0.204044 -1.328201 -0.037044 0.985578 -0.165114 94.444695 0.200671 0.169199 0.964937 -1.556481 0.000000 0.000000 0.000000 1.000000
0.980206 0.004602 -0.197928 -1.189827 -0.038203 0.985337 -0.166287 94.474464 0.194261 0.170557 0.966009 -1.496827 0.000000 0.000000 0.000000 1.000000
0.981306 0.006385 -0.192347 -1.038456 -0.039226 0.985105 -0.167417 94.509781 0.188413 0.171833 0.966941 -1.430867 0.000000 0.000000 0.000000 1.000000
0.982089 0.007775 -0.188258 -0.870558 -0.040077 0.984904 -0.168396 94.549011 0.184107 0.172925 0.967575 -1.356528 0.000000 0.000000 0.000000 1.000000
0.982511 0.008767 -0.185999 -0.685862 -0.040812 0.984742 -0.169168 94.590065 0.181678 0.173800 0.967877 -1.272926 0.000000 0.000000 0.000000 1.000000
0.982593 0.009444 -0.185531 -0.486757 -0.041511 0.984617 -0.169726 94.630684 0.181074 0.174474 0.967869 -1.180257 0.000000 0.000000 0.000000 1.000000
0.982406 0.009989 -0.186489 -0.278034 -0.042296 0.984522 -0.170079 94.669159 0.181903 0.174975 0.967623 -1.079402 0.000000 0.000000 0.000000 1.000000
0.982042 0.010576 -0.188367 -0.065447 -0.043257 0.984452 -0.170246 94.704506 0.183637 0.175337 0.967230 -0.971527 0.000000 0.000000 0.000000 1.000000
0.981600 0.011358 -0.190611 0.145520 -0.044451 0.984397 -0.170256 94.736427 0.185703 0.175596 0.966789 -0.857903 0.000000 0.000000 0.000000 1.000000
0.981184 0.012445 -0.192675 0.350526 -0.045901 0.984345 -0.170169 94.765121 0.187541 0.175811 0.966395 -0.740056 0.000000 0.000000 0.000000 1.000000
0.980892 0.013919 -0.194053 0.546446 -0.047618 0.984276 -0.170099 94.790825 0.188634 0.176089 0.966131 -0.620047 0.000000 0.000000 0.000000 1.000000
0.980762 0.015736 -0.194572 0.732690 -0.049549 0.984170 -0.170161 94.813507 0.188815 0.176528 0.966016 -0.499880 0.000000 0.000000 0.000000 1.000000
0.980763 0.017727 -0.194394 0.910983 -0.051567 0.984019 -0.170434 94.832588 0.188266 0.177179 0.966004 -0.381120 0.000000 0.000000 0.000000 1.000000
0.980855 0.019740 -0.193734 1.083057 -0.053572 0.983816 -0.170985 94.847359 0.187223 0.178091 0.966039 -0.265677 0.000000 0.000000 0.000000 1.000000
0.980982 0.021623 -0.192892 1.250673 -0.055469 0.983562 -0.171838 94.857147 0.186006 0.179269 0.966056 -0.155302 0.000000 0.000000 0.000000 1.000000
0.981080 0.023249 -0.192200 1.415041 -0.057184 0.983268 -0.172954 94.861473 0.184963 0.180673 0.965995 -0.051544 0.000000 0.000000 0.000000 1.000000
0.981087 0.024507 -0.192012 1.576760 -0.058655 0.982955 -0.174240 94.860191 0.184468 0.182207 0.965801 0.044328 0.000000 0.000000 0.000000 1.000000
0.980939 0.025343 -0.192657 1.735908 -0.059859 0.982655 -0.175517 94.853607 0.184867 0.183703 0.965442 0.131908 0.000000 0.000000 0.000000 1.000000
0.980660 0.025905 -0.193996 1.889921 -0.060888 0.982396 -0.176611 94.842827 0.186005 0.185007 0.964974 0.210642 0.000000 0.000000 0.000000 1.000000
0.980273 0.026296 -0.195892 2.036323 -0.061801 0.982194 -0.177414 94.829826 0.187739 0.186020 0.964443 0.279729 0.000000 0.000000 0.000000 1.000000
0.979814 0.026615 -0.198131 2.172157 -0.062646 0.982056 -0.177878 94.817383 0.189842 0.186699 0.963900 0.338503 0.000000 0.000000 0.000000 1.000000
0.979332 0.026941 -0.200459 2.294106 -0.063452 0.981979 -0.178018 94.808388 0.192051 0.187058 0.963393 0.386413 0.000000 0.000000 0.000000 1.000000
0.978876 0.027317 -0.202623 2.398642 -0.064227 0.981950 -0.177901 94.805862 0.194106 0.187157 0.962962 0.423378 0.000000 0.000000 0.000000 1.000000
0.978503 0.027741 -0.204358 2.482383 -0.064943 0.981945 -0.177667 94.812080 0.195739 0.187119 0.962638 0.449194 0.000000 0.000000 0.000000 1.000000
0.978234 0.028156 -0.205587 2.542547 -0.065572 0.981929 -0.177527 94.828499 0.196873 0.187143 0.962402 0.463033 0.000000 0.000000 0.000000 1.000000
0.978065 0.028517 -0.206340 2.576900 -0.066091 0.981885 -0.177578 94.854851 0.197538 0.187320 0.962232 0.465051 0.000000 0.000000 0.000000 1.000000
0.977985 0.028784 -0.206681 2.584182 -0.066481 0.981810 -0.177845 94.889847 0.197802 0.187670 0.962109 0.455570 0.000000 0.000000 0.000000 1.000000
0.977974 0.028932 -0.206711 2.564336 -0.066727 0.981712 -0.178293 94.931335 0.197773 0.188160 0.962020 0.434979 0.000000 0.000000 0.000000 1.000000
0.978014 0.028941 -0.206521 2.518555 -0.066818 0.981601 -0.178868 94.976921 0.197545 0.188735 0.961954 0.403486 0.000000 0.000000 0.000000 1.000000
0.978084 0.028807 -0.206210 2.449242 -0.066749 0.981493 -0.179488 95.024010 0.197223 0.189319 0.961905 0.361547 0.000000 0.000000 0.000000 1.000000
0.978164 0.028520 -0.205868 2.359593 -0.066511 0.981404 -0.180063 95.070206 0.196904 0.189823 0.961871 0.310176 0.000000 0.000000 0.000000 1.000000
0.978243 0.028089 -0.205552 2.252982 -0.066123 0.981334 -0.180586 95.113380 0.196642 0.190248 0.961841 0.250022 0.000000 0.000000 0.000000 1.000000
0.978312 0.027521 -0.205299 2.132750 -0.065606 0.981276 -0.181089 95.151794 0.196471 0.190630 0.961800 0.181898 0.000000 0.000000 0.000000 1.000000
0.978364 0.026834 -0.205145 2.001684 -0.064993 0.981220 -0.181615 95.183762 0.196419 0.191018 0.961734 0.106841 0.000000 0.000000 0.000000 1.000000
0.978388 0.026048 -0.205130 1.861903 -0.064320 0.981158 -0.182188 95.207993 0.196519 0.191444 0.961628 0.026001 0.000000 0.000000 0.000000 1.000000
0.978380 0.025196 -0.205276 1.714900 -0.063616 0.981094 -0.182780 95.223450 0.196790 0.191887 0.961485 -0.059006 0.000000 0.000000 0.000000 1.000000
0.978341 0.024301 -0.205567 1.561966 -0.062883 0.981043 -0.183304 95.229546 0.197216 0.192261 0.961323 -0.146285 0.000000 0.000000 0.000000 1.000000
0.978278 0.023369 -0.205978 1.404505 -0.062093 0.981037 -0.183605 95.226051 0.197781 0.192407 0.961178 -0.233502 0.000000 0.000000 0.000000 1.000000
0.978202 0.022403 -0.206443 1.244313 -0.061207 0.981103 -0.183549 95.213081 0.198430 0.192184 0.961088 -0.318832 0.000000 0.000000 0.000000 1.000000
0.978126 0.021401 -0.206908 1.083612 -0.060186 0.981264 -0.183025 95.191078 0.199114 0.191475 0.961088 -0.400920 0.000000 0.000000 0.000000 1.000000
0.978061 0.020369 -0.207319 0.924610 -0.059012 0.981532 -0.181967 95.160629 0.199784 0.190209 0.961201 -0.479077 0.000000 0.000000 0.000000 1.000000
0.978015 0.019319 -0.207636 0.769361 -0.057693 0.981902 -0.180387 95.122742 0.200393 0.188400 0.961430 -0.553655 0.000000 0.000000 0.000000 1.000000
0.977991 0.018261 -0.207845 0.619513 -0.056251 0.982354 -0.178371 95.078896 0.200921 0.186136 0.961761 -0.625849 0.000000 0.000000 0.000000 1.000000
0.977984 0.017219 -0.207970 0.476019 -0.054740 0.982860 -0.176038 95.031197 0.201374 0.183546 0.962164 -0.697171 0.000000 0.000000 0.000000 1.000000
0.977980 0.016214 -0.208067 0.339060 -0.053233 0.983379 -0.173584 94.982407 0.201794 0.180838 0.962589 -0.769754 0.000000 0.000000 0.000000 1.000000
0.977967 0.015237 -0.208203 0.208640 -0.051772 0.983879 -0.171177 94.935669 0.202239 0.178184 0.962990 -0.844815 0.000000 0.000000 0.000000 1.000000
0.977930 0.014263 -0.208443 0.084863 -0.050370 0.984335 -0.168961 94.893700 0.202768 0.175732 0.963329 -0.922419 0.000000 0.000000 0.000000 1.000000
0.977856 0.013265 -0.208860 -0.031979 -0.049038 0.984728 -0.167049 94.858414 0.203454 0.173592 0.963573 -1.001428 0.000000 0.000000 0.000000 1.000000
0.977721 0.012246 -0.209549 -0.141200 -0.047808 0.985051 -0.165499 94.831024 0.204390 0.171830 0.963690 -1.079822 0.000000 0.000000 0.000000 1.000000
0.977512 0.011224 -0.210581 -0.241825 -0.046719 0.985295 -0.164353 94.811211 0.205640 0.170495 0.963662 -1.155738 0.000000 0.000000 0.000000 1.000000
0.977214 0.010262 -0.212010 -0.332985 -0.045853 0.985452 -0.163649 94.798759 0.207247 0.169642 0.963468 -1.228419 0.000000 0.000000 0.000000 1.000000
0.976837 0.009473 -0.213777 -0.414462 -0.045304 0.985529 -0.163342 94.793648 0.209136 0.169243 0.963130 -1.297633 0.000000 0.000000 0.000000 1.000000
0.976414 0.008999 -0.215719 -0.486686 -0.045167 0.985538 -0.163325 94.796227 0.211129 0.169216 0.962700 -1.363770 0.000000 0.000000 0.000000 1.000000
0.975989 0.008972 -0.217634 -0.550338 -0.045515 0.985495 -0.163486 94.807198 0.213011 0.169466 0.962241 -1.427425 0.000000 0.000000 0.000000 1.000000
0.975613 0.009485 -0.219292 -0.605450 -0.046391 0.985407 -0.163772 94.827377 0.214539 0.169951 0.961816 -1.489022 0.000000 0.000000 0.000000 1.000000
0.975330 0.010560 -0.220501 -0.650359 -0.047789 0.985269 -0.164197 94.856560 0.215519 0.170683 0.961467 -1.547742 0.000000 0.000000 0.000000 1.000000
0.975158 0.012127 -0.221176 -0.681091 -0.049637 0.985071 -0.164835 94.893036 0.215876 0.171719 0.961203 -1.601224 0.000000 0.000000 0.000000 1.000000
0.975090 0.014013 -0.221365 -0.690757 -0.051803 0.984790 -0.165847 94.933754 0.215674 0.173183 0.960985 -1.646534 0.000000 0.000000 0.000000 1.000000
0.975058 0.015889 -0.221379 -0.669678 -0.054029 0.984422 -0.167313 94.974350 0.215272 0.175101 0.960728 -1.679289 0.000000 0.000000 0.000000 1.000000
0.974991 0.017424 -0.221561 -0.607541 -0.056039 0.983983 -0.169224 95.009941 0.215064 0.177408 0.960351 -1.695138 0.000000 0.000000 0.000000 1.000000
0.974811 0.018337 -0.222277 -0.495919 -0.057584 0.983517 -0.171402 95.036362 0.215470 0.179884 0.959799 -1.690080 0.000000 0.000000 0.000000 1.000000
0.974474 0.018534 -0.223732 -0.330939 -0.058538 0.983088 -0.173526 95.050766 0.216732 0.182194 0.959079 -1.661004 0.000000 0.000000 0.000000 1.000000
0.973979 0.018081 -0.225915 -0.114237 -0.058892 0.982763 -0.175241 95.051834 0.218853 0.183986 0.958255 -1.606629 0.000000 0.000000 0.000000 1.000000
0.973360 0.017164 -0.228640 0.147016 -0.058722 0.982597 -0.176224 95.038986 0.221636 0.184956 0.957428 -1.527362 0.000000 0.000000 0.000000 1.000000
0.972686 0.016032 -0.231572 0.441123 -0.058147 0.982634 -0.176207 95.012978 0.224725 0.184859 0.956727 -1.424575 0.000000 0.000000 0.000000 1.000000
0.972044 0.015020 -0.234318 0.752846 -0.057448 0.982835 -0.175317 94.974724 0.227663 0.183877 0.956221 -1.304183 0.000000 0.000000 0.000000 1.000000
0.971497 0.014353 -0.236618 1.067390 -0.056854 0.983140 -0.173793 94.925385 0.230135 0.182292 0.955933 -1.172634 0.000000 0.000000 0.000000 1.000000
0.971079 0.014122 -0.238341 1.372463 -0.056506 0.983483 -0.171952 94.866173 0.231976 0.180446 0.955838 -1.036376 0.000000 0.000000 0.000000 1.000000
0.970798 0.014332 -0.239469 1.659564 -0.056489 0.983802 -0.170125 94.798889 0.233152 0.178685 0.955883 -0.901229 0.000000 0.000000 0.000000 1.000000
0.970644 0.014915 -0.240057 1.924268 -0.056810 0.984052 -0.168563 94.725967 0.233715 0.177252 0.956012 -0.771558 0.000000 0.000000 0.000000 1.000000
0.970622 0.015853 -0.240087 2.164881 -0.057485 0.984209 -0.167415 94.650681 0.233642 0.176298 0.956206 -0.650332 0.000000 0.000000 0.000000 1.000000
0.970710 0.017049 -0.239649 2.384496 -0.058438 0.984277 -0.166683 94.575996 0.233039 0.175805 0.956444 -0.538090 0.000000 0.000000 0.000000 1.000000
0.970918 0.018392 -0.238706 2.573755 -0.059514 0.984289 -0.166231 94.506363 0.231898 0.175603 0.956759 -0.438916 0.000000 0.000000 0.000000 1.000000
0.971321 0.019786 -0.236946 2.666609 -0.060534 0.984273 -0.165960 94.451134 0.229936 0.175544 0.957243 -0.380063 0.000000 0.000000 0.000000 1.000000
0.971772 0.021100 -0.234975 2.716286 -0.061465 0.984240 -0.165815 94.406166 0.227773 0.175577 0.957754 -0.344369 0.000000 0.000000 0.000000 1.000000
0.972108 0.022153 -0.233486 2.761096 -0.062218 0.984219 -0.165658 94.367584 0.226132 0.175565 0.958145 -0.316919 0.000000 0.000000 0.000000 1.000000
0.972280 0.022877 -0.232697 2.798680 -0.062741 0.984231 -0.165390 94.335342 0.225244 0.175405 0.958383 -0.296336 0.000000 0.000000 0.000000 1.000000
0.972277 0.023286 -0.232668 2.830439 -0.063056 0.984278 -0.164989 94.306709 0.225168 0.175087 0.958459 -0.279394 0.000000 0.000000 0.000000 1.000000
0.972149 0.023475 -0.233186 2.855445 -0.063222 0.984353 -0.164478 94.279686 0.225676 0.174639 0.958421 -0.264271 0.000000 0.000000 0.000000 1.000000
0.971995 0.023584 -0.233815 2.872336 -0.063303 0.984450 -0.163860 94.252625 0.226314 0.174072 0.958374 -0.250919 0.000000 0.000000 0.000000 1.000000
0.971905 0.023733 -0.234172 2.880795 -0.063341 0.984573 -0.163105 94.225143 0.226689 0.173355 0.958415 -0.240645 0.000000 0.000000 0.000000 1.000000
0.971959 0.024093 -0.233915 2.881291 -0.063436 0.984723 -0.162164 94.197968 0.226434 0.172455 0.958638 -0.234786 0.000000 0.000000 0.000000 1.000000
0.972188 0.024812 -0.232883 2.875619 -0.063708 0.984892 -0.161022 94.172531 0.225369 0.171381 0.959081 -0.233189 0.000000 0.000000 0.000000 1.000000
0.972604 0.025970 -0.231014 2.866775 -0.064234 0.985074 -0.159696 94.150429 0.223419 0.170160 0.959755 -0.233442 0.000000 0.000000 0.000000 1.000000
0.973228 0.027613 -0.228177 2.857920 -0.065046 0.985262 -0.158202 94.133163 0.220446 0.168809 0.960681 -0.231490 0.000000 0.000000 0.000000 1.000000
0.974033 0.029518 -0.224475 2.854348 -0.065968 0.985447 -0.156660 94.122688 0.216584 0.167400 0.961805 -0.224812 0.000000 0.000000 0.000000 1.000000
0.974936 0.031357 -0.220266 2.861161 -0.066769 0.985621 -0.155218 94.121063 0.212231 0.166035 0.963011 -0.213428 0.000000 0.000000 0.000000 1.000000
0.975841 0.032832 -0.215999 2.881204 -0.067260 0.985775 -0.154027 94.129234 0.207869 0.164834 0.964168 -0.200154 0.000000 0.000000 0.000000 1.000000
0.976651 0.033758 -0.212163 2.914929 -0.067371 0.985886 -0.153265 94.145844 0.203995 0.163980 0.965141 -0.189176 0.000000 0.000000 0.000000 1.000000
0.977294 0.034175 -0.209112 2.960103 -0.067217 0.985935 -0.153014 94.166611 0.200942 0.163595 0.965846 -0.182559 0.000000 0.000000 0.000000 1.000000
0.977712 0.034194 -0.207146 3.015378 -0.066945 0.985921 -0.153228 94.185768 0.198990 0.163681 0.966236 -0.178894 0.000000 0.000000 0.000000 1.000000
0.977910 0.034085 -0.206227 3.079311 -0.066784 0.985851 -0.153746 94.198685 0.198069 0.164122 0.966350 -0.174446 0.000000 0.000000 0.000000 1.000000
0.977954 0.034015 -0.206032 3.152438 -0.066794 0.985764 -0.154298 94.203377 0.197851 0.164658 0.966304 -0.164724 0.000000 0.000000 0.000000 1.000000
0.977865 0.033962 -0.206461 3.237041 -0.066902 0.985689 -0.154727 94.200661 0.198251 0.165115 0.966144 -0.148039 0.000000 0.000000 0.000000 1.000000
0.977639 0.033811 -0.207555 3.334183 -0.066991 0.985644 -0.154981 94.193443 0.199335 0.165420 0.965868 -0.125134 0.000000 0.000000 0.000000 1.000000
0.977278 0.033444 -0.209308 3.441941 -0.066958 0.985619 -0.155148 94.184814 0.201109 0.165638 0.965463 -0.097914 0.000000 0.000000 0.000000 1.000000
0.976821 0.032836 -0.211522 3.554605 -0.066781 0.985592 -0.155397 94.177895 0.203372 0.165921 0.964940 -0.068444 0.000000 0.000000 0.000000 1.000000
0.976329 0.032056 -0.213900 3.664469 -0.066503 0.985540 -0.155849 94.175179 0.205811 0.166385 0.964343 -0.038561 0.000000 0.000000 0.000000 1.000000
0.975903 0.031316 -0.215944 3.763276 -0.066243 0.985461 -0.156458 94.178123 0.207905 0.166992 0.963789 -0.010188 0.000000 0.000000 0.000000 1.000000
0.975636 0.030857 -0.217217 3.844192 -0.066109 0.985392 -0.156948 94.186745 0.209201 0.167484 0.963423 0.014593 0.000000 0.000000 0.000000 1.000000
0.975576 0.030796 -0.217493 3.903928 -0.066136 0.985360 -0.157136 94.199997 0.209469 0.167682 0.963330 0.031882 0.000000 0.000000 0.000000 1.000000
0.975710 0.031109 -0.216848 3.942071 -0.066302 0.985376 -0.156964 94.215851 0.208794 0.167529 0.963504 0.038652 0.000000 0.000000 0.000000 1.000000
0.975975 0.031655 -0.215569 3.959297 -0.066549 0.985418 -0.156595 94.233086 0.207469 0.167178 0.963851 0.033802 0.000000 0.000000 0.000000 1.000000
0.976295 0.032273 -0.214024 3.955903 -0.066836 0.985448 -0.156285 94.251419 0.205866 0.166885 0.964245 0.018425 0.000000 0.000000 0.000000 1.000000
0.976600 0.032845 -0.212540 3.931610 -0.067150 0.985430 -0.156267 94.271698 0.204310 0.166883 0.964576 -0.006090 0.000000 0.000000 0.000000 1.000000
0.976845 0.033337 -0.211334 3.886675 -0.067496 0.985361 -0.156549 94.293953 0.203021 0.167189 0.964795 -0.038278 0.000000 0.000000 0.000000 1.000000
0.977038 0.033766 -0.210373 3.822252 -0.067847 0.985271 -0.156962 94.316643 0.201975 0.167631 0.964938 -0.077755 0.000000 0.000000 0.000000 1.000000
0.977193 0.034108 -0.209596 3.741100 -0.068144 0.985184 -0.157383 94.336815 0.201122 0.168076 0.965039 -0.126339 0.000000 0.000000 0.000000 1.000000
0.977320 0.034300 -0.208969 3.646288 -0.068310 0.985109 -0.157781 94.351128 0.200445 0.168478 0.965110 -0.186099 0.000000 0.000000 0.000000 1.000000
0.977404 0.034286 -0.208582 3.539828 -0.068319 0.985038 -0.158220 94.357521 0.200037 0.168895 0.965122 -0.258427 0.000000 0.000000 0.000000 1.000000
0.977437 0.034076 -0.208461 3.421973 -0.068193 0.984963 -0.158738 94.355965 0.199917 0.169372 0.965063 -0.342697 0.000000 0.000000 0.000000 1.000000
0.977415 0.033705 -0.208624 3.292171 -0.067972 0.984881 -0.159337 94.348251 0.200099 0.169919 0.964929 -0.437060 0.000000 0.000000 0.000000 1.000000
0.977351 0.033273 -0.208992 3.149042 -0.067722 0.984806 -0.159911 94.337059 0.200495 0.170442 0.964754 -0.538813 0.000000 0.000000 0.000000 1.000000
0.977261 0.032825 -0.209482 2.991505 -0.067446 0.984755 -0.160337 94.325233 0.201026 0.170820 0.964577 -0.646087 0.000000 0.000000 0.000000 1.000000
0.977174 0.032341 -0.209965 2.819003 -0.067083 0.984750 -0.160519 94.316261 0.201572 0.170940 0.964442 -0.758241 0.000000 0.000000 0.000000 1.000000
0.977124 0.031781 -0.210283 2.632010 -0.066557 0.984800 -0.160437 94.312531 0.201988 0.170762 0.964386 -0.875334 0.000000 0.000000 0.000000 1.000000
0.977121 0.031129 -0.210395 2.432705 -0.065848 0.984903 -0.160094 94.314659 0.202235 0.170285 0.964419 -0.996395 0.000000 0.000000 0.000000 1.000000
0.977157 0.030417 -0.210332 2.224497 -0.064989 0.985061 -0.159472 94.320374 0.202339 0.169499 0.964536 -1.117747 0.000000 0.000000 0.000000 1.000000
0.977211 0.029730 -0.210178 2.010185 -0.064073 0.985272 -0.158534 94.325790 0.202369 0.168388 0.964724 -1.233882 0.000000 0.000000 0.000000 1.000000
0.977270 0.029112 -0.209990 1.791466 -0.063186 0.985506 -0.157431 94.327820 0.202363 0.167121 0.964945 -1.341561 0.000000 0.000000 0.000000 1.000000
0.977341 0.028586 -0.209729 1.568147 -0.062374 0.985737 -0.156309 94.326241 0.202270 0.165849 0.965185 -1.440210 0.000000 0.000000 0.000000 1.000000
0.977450 0.028129 -0.209283 1.340191 -0.061631 0.985938 -0.155331 94.324509 0.201971 0.164727 0.965439 -1.533178 0.000000 0.000000 0.000000 1.000000
0.977617 0.027734 -0.208557 1.109632 -0.060956 0.986095 -0.154598 94.326591 0.201369 0.163850 0.965714 -1.625609 0.000000 0.000000 0.000000 1.000000
0.977832 0.027492 -0.207578 0.880824 -0.060432 0.986211 -0.154064 94.333412 0.200480 0.163193 0.966010 -1.721596 0.000000 0.000000 0.000000 1.000000
0.978048 0.027552 -0.206549 0.659518 -0.060200 0.986315 -0.153490 94.341057 0.199493 0.162554 0.966322 -1.821579 0.000000 0.000000 0.000000 1.000000
0.978193 0.027955 -0.205810 0.451089 -0.060278 0.986463 -0.152505 94.343979 0.198761 0.161585 0.966636 -1.921604 0.000000 0.000000 0.000000 1.000000
0.978220 0.028593 -0.205593 0.260917 -0.060579 0.986673 -0.151017 94.338684 0.198535 0.160183 0.966915 -2.016882 0.000000 0.000000 0.000000 1.000000
0.978113 0.029292 -0.206001 0.096485 -0.060971 0.986931 -0.149162 94.326897 0.198940 0.158457 0.967116 -2.100296 0.000000 0.000000 0.000000 1.000000
0.977903 0.029819 -0.206921 -0.032151 -0.061283 0.987182 -0.147361 94.314743 0.199875 0.156785 0.967196 -2.165121 0.000000 0.000000 0.000000 1.000000
0.977671 0.030011 -0.207985 -0.118200 -0.061383 0.987367 -0.146074 94.309311 0.200974 0.155579 0.967163 -2.207572 0.000000 0.000000 0.000000 1.000000
0.977492 0.029827 -0.208853 -0.164483 -0.061223 0.987460 -0.145517 94.314613 0.201894 0.155028 0.967060 -2.228982 0.000000 0.000000 0.000000 1.000000
0.977419 0.029251 -0.209275 -0.182678 -0.060759 0.987453 -0.145757 94.331253 0.202386 0.155181 0.966933 -2.235782 0.000000 0.000000 0.000000 1.000000
0.977462 0.028325 -0.209204 -0.186410 -0.059979 0.987383 -0.146554 94.357277 0.202413 0.155799 0.966828 -2.232601 0.000000 0.000000 0.000000 1.000000
0.977612 0.027071 -0.208669 -0.184026 -0.058877 0.987270 -0.147757 94.390289 0.202012 0.156735 0.966760 -2.223330 0.000000 0.000000 0.000000 1.000000
0.977836 0.025584 -0.207805 -0.177972 -0.057546 0.987123 -0.149255 94.428719 0.201311 0.157905 0.966716 -2.209692 0.000000 0.000000 0.000000 1.000000
0.978107 0.023949 -0.206720 -0.167523 -0.056075 0.986945 -0.150983 94.471153 0.200406 0.159269 0.966680 -2.192396 0.000000 0.000000 0.000000 1.000000
0.978411 0.022234 -0.205467 -0.152474 -0.054531 0.986737 -0.152892 94.515968 0.199343 0.160796 0.966647 -2.172356 0.000000 0.000000 0.000000 1.000000
0.978738 0.020504 -0.204087 -0.134027 -0.052974 0.986503 -0.154937 94.561913 0.198156 0.162454 0.966614 -2.150833 0.000000 0.000000 0.000000 1.000000</float_array>
        <technique_common>
          <accessor source="#mixamorig_Hips-Matrix-animation-output-transform-array" count="210" stride="16">
            <param type="float4x4"/>
          </accessor>
        </technique_common>
      </source>
      <source id="mixamorig_Hips-Interpolations">
        <Name_array id="mixamorig_Hips-Interpolations-array" count="210">
 LINEAR LINEAR LINEAR LINEAR LINEAR LINEAR LINEAR LINEAR LINEAR LINEAR LINEAR
LINEAR LINEAR LINEAR LINEAR LINEAR LINEAR LINEAR LINEAR LINEAR LINEAR LINEAR LINEAR
LINEAR LINEAR LINEAR LINEAR LINEAR LINEAR LINEAR LINEAR LINEAR LINEAR LINEAR LINEAR
LINEAR LINEAR LINEAR LINEAR LINEAR LINEAR LINEAR LINEAR LINEAR LINEAR LINEAR LINEAR
LINEAR LINEAR LINEAR LINEAR LINEAR LINEAR LINEAR LINEAR LINEAR LINEAR LINEAR LINEAR
LINEAR LINEAR LINEAR LINEAR LINEAR LINEAR LINEAR LINEAR LINEAR LINEAR LINEAR LINEAR
LINEAR LINEAR LINEAR LINEAR LINEAR LINEAR LINEAR LINEAR LINEAR LINEAR LINEAR LINEAR
LINEAR LINEAR LINEAR LINEAR LINEAR LINEAR LINEAR LINEAR LINEAR LINEAR LINEAR LINEAR
LINEAR LINEAR LINEAR LINEAR LINEAR LINEAR LINEAR LINEAR LINEAR LINEAR LINEAR LINEAR
LINEAR LINEAR LINEAR LINEAR LINEAR LINEAR LINEAR LINEAR LINEAR LINEAR LINEAR LINEAR
LINEAR LINEAR LINEAR LINEAR LINEAR LINEAR LINEAR LINEAR LINEAR LINEAR LINEAR LINEAR
LINEAR LINEAR LINEAR LINEAR LINEAR LINEAR LINEAR LINEAR LINEAR LINEAR LINEAR LINEAR
LINEAR LINEAR LINEAR LINEAR LINEAR LINEAR LINEAR LINEAR LINEAR LINEAR LINEAR LINEAR
LINEAR LINEAR LINEAR LINEAR LINEAR LINEAR LINEAR LINEAR LINEAR LINEAR LINEAR LINEAR
LINEAR LINEAR LINEAR LINEAR LINEAR LINEAR LINEAR LINEAR LINEAR LINEAR LINEAR LINEAR
LINEAR LINEAR LINEAR LINEAR LINEAR LINEAR LINEAR LINEAR LINEAR LINEAR LINEAR LINEAR
LINEAR LINEAR LINEAR LINEAR LINEAR LINEAR LINEAR LINEAR LINEAR LINEAR LINEAR LINEAR
LINEAR LINEAR LINEAR LINEAR LINEAR LINEAR LINEAR</Name_array>
        <technique_common>
          <accessor source="#mixamorig_Hips-Interpolations-array" count="210">
            <param type="name"/>
          </accessor>
        </technique_common>
      </source>
      <sampler id="mixamorig_Hips-Matrix-animation-transform">
        <input semantic="INPUT" source="#mixamorig_Hips-Matrix-animation-input"/>
        <input semantic="OUTPUT" source="#mixamorig_Hips-Matrix-animation-output-transform"/>
        <input semantic="INTERPOLATION" source="#mixamorig_Hips-Interpolations"/>
      </sampler>
      <channel source="#mixamorig_Hips-Matrix-animation-transform" target="mixamorig_Hips/matrix"/>
      <source id="mixamorig_Spine-Matrix-animation-input">
        <float_array id="mixamorig_Spine-Matrix-animation-input-array" count="210">

0.000000 0.033333 0.066667 0.100000 0.133333 0.166667 0.200000 0.233333 0.266667 0.300000 0.333333 0.366667 0.400000 0.433333 0.466667 0.500000
0.533333 0.566667 0.600000 0.633333 0.666667 0.700000 0.733333 0.766667 0.800000 0.833333 0.866667 0.900000 0.933333 0.966667 1.000000 1.033333
1.066667 1.100000 1.133333 1.166667 1.200000 1.233333 1.266667 1.300000 1.333333 1.366667 1.400000 1.433333 1.466667 1.500000 1.533333 1.566667
1.600000 1.633333 1.666667 1.700000 1.733333 1.766667 1.800000 1.833333 1.866667 1.900000 1.933333 1.966667 2.000000 2.033333 2.066667 2.100000
2.133333 2.166667 2.200000 2.233333 2.266667 2.300000 2.333333 2.366667 2.400000 2.433333 2.466667 2.500000 2.533333 2.566667 2.600000 2.633333
2.666667 2.700000 2.733333 2.766667 2.800000 2.833333 2.866667 2.900000 2.933333 2.966667 3.000000 3.033333 3.066667 3.100000 3.133333 3.166667
3.200000 3.233333 3.266667 3.300000 3.333333 3.366667 3.400000 3.433333 3.466667 3.500000 3.533333 3.566667 3.600000 3.633333 3.666667 3.700000
3.733333 3.766667 3.800000 3.833333 3.866667 3.900000 3.933333 3.966667 4.000000 4.033333 4.066667 4.100000 4.133333 4.166667 4.200000 4.233333
4.266667 4.300000 4.333333 4.366667 4.400000 4.433333 4.466667 4.500000 4.533333 4.566667 4.600000 4.633333 4.666667 4.700000 4.733333 4.766667
4.800000 4.833333 4.866667 4.900000 4.933333 4.966667 5.000000 5.033333 5.066667 5.100000 5.133333 5.166667 5.200000 5.233333 5.266667 5.300000
5.333333 5.366667 5.400000 5.433333 5.466667 5.500000 5.533333 5.566667 5.600000 5.633333 5.666667 5.700000 5.733333 5.766667 5.800000 5.833333
5.866667 5.900000 5.933333 5.966667 6.000000 6.033333 6.066667 6.100000 6.133333 6.166667 6.200000 6.233333 6.266667 6.300000 6.333333 6.366667
6.400000 6.433333 6.466667 6.500000 6.533333 6.566667 6.600000 6.633333 6.666667 6.700000 6.733333 6.766667 6.800000 6.833333 6.866667 6.900000
6.933333 6.966667</float_array>
        <technique_common>
          <accessor source="#mixamorig_Spine-Matrix-animation-input-array" count="210">
            <param name="TIME" type="float"/>
          </accessor>
        </technique_common>
      </source>
      <source id="mixamorig_Spine-Matrix-animation-output-transform">
        <float_array id="mixamorig_Spine-Matrix-animation-output-transform-array" count="3360">

0.999707 -0.013746 -0.019929 -0.000000 0.010720 0.989423 -0.144665 7.526100 0.021707 0.144409 0.989280 0.589700 0.000000 0.000000 0.000000 1.000000
0.999690 -0.013729 -0.020769 -0.000000 0.010592 0.989487 -0.144235 7.526100 0.022531 0.143970 0.989326 0.589700 0.000000 0.000000 0.000000 1.000000
0.999673 -0.013701 -0.021608 0.000000 0.010454 0.989552 -0.143800 7.526100 0.023353 0.143527 0.989371 0.589700 0.000000 0.000000 0.000000 1.000000
0.999655 -0.013667 -0.022435 0.000000 0.010312 0.989616 -0.143369 7.526100 0.024161 0.143088 0.989415 0.589700 0.000000 0.000000 0.000000 1.000000
0.999637 -0.013630 -0.023237 0.000000 0.010171 0.989678 -0.142947 7.526100 0.024946 0.142659 0.989458 0.589700 0.000000 0.000000 0.000000 1.000000
