<?xml version="1.0" encoding="utf-8"?>
<COLLADA xmlns="http://www.collada.org/2005/11/COLLADASchema" version="1.4.1">
  <asset>
    <contributor>
      <author>Mixamo</author>
      <authoring_tool>COLLADA Mixamo exporter</authoring_tool>
      <comments/>
    </contributor>
    <created>2024-07-03T22:09:31Z</created>
    <modified>2024-07-03T22:09:31Z</modified>
    <revision/>
    <title/>
    <unit meter="0.010000"/>
    <up_axis>Y_UP</up_axis>
  </asset>
  <library_animations>
    <animation>
      <source id="mixamorig_Hips-Matrix-animation-input">
        <float_array id="mixamorig_Hips-Matrix-animation-input-array" count="131">

0.000000 0.033333 0.066667 0.100000 0.133333 0.166667 0.200000 0.233333 0.266667 0.300000 0.333333 0.366667 0.400000 0.433333 0.466667 0.500000
0.533333 0.566667 0.600000 0.633333 0.666667 0.700000 0.733333 0.766667 0.800000 0.833333 0.866667 0.900000 0.933333 0.966667 1.000000 1.033333
1.066667 1.100000 1.133333 1.166667 1.200000 1.233333 1.266667 1.300000 1.333333 1.366667 1.400000 1.433333 1.466667 1.500000 1.533333 1.566667
1.600000 1.633333 1.666667 1.700000 1.733333 1.766667 1.800000 1.833333 1.866667 1.900000 1.933333 1.966667 2.000000 2.033333 2.066667 2.100000
2.133333 2.166667 2.200000 2.233333 2.266667 2.300000 2.333333 2.366667 2.400000 2.433333 2.466667 2.500000 2.533333 2.566667 2.600000 2.633333
2.666667 2.700000 2.733333 2.766667 2.800000 2.833333 2.866667 2.900000 2.933333 2.966667 3.000000 3.033333 3.066667 3.100000 3.133333 3.166667
3.200000 3.233333 3.266667 3.300000 3.333333 3.366667 3.400000 3.433333 3.466667 3.500000 3.533333 3.566667 3.600000 3.633333 3.666667 3.700000
3.733333 3.766667 3.800000 3.833333 3.866667 3.900000 3.933333 3.966667 4.000000 4.033333 4.066667 4.100000 4.133333 4.166667 4.200000 4.233333
4.266667 4.300000 4.333333</float_array>
        <technique_common>
          <accessor source="#mixamorig_Hips-Matrix-animation-input-array" count="131">
            <param name="TIME" type="float"/>
          </accessor>
        </technique_common>
      </source>
      <source id="mixamorig_Hips-Matrix-animation-output-transform">
        <float_array id="mixamorig_Hips-Matrix-animation-output-transform-array" count="2096">

0.945729 -0.004738 -0.324923 0.767577 -0.061243 0.979377 -0.192538 97.815315 0.319134 0.201988 0.925934 -2.739129 0.000000 0.000000 0.000000 1.000000
0.945297 -0.004822 -0.326176 0.839466 -0.061374 0.979406 -0.192347 97.774254 0.320386 0.201843 0.925533 -2.643161 0.000000 0.000000 0.000000 1.000000
0.944650 -0.004891 -0.328042 0.946252 -0.061717 0.979388 -0.192327 97.725288 0.322221 0.201928 0.924878 -2.527973 0.000000 0.000000 0.000000 1.000000
0.943797 -0.004820 -0.330489 1.079955 -0.062408 0.979310 -0.192502 97.680679 0.324579 0.202308 0.923970 -2.404984 0.000000 0.000000 0.000000 1.000000
0.942892 -0.004521 -0.333069 1.238936 -0.063329 0.979238 -0.192570 97.646484 0.327024 0.202666 0.923029 -2.278401 0.000000 0.000000 0.000000 1.000000
0.942054 -0.004058 -0.335437 1.423401 -0.064267 0.979222 -0.192336 97.625473 0.329248 0.202749 0.922219 -2.146624 0.000000 0.000000 0.000000 1.000000
0.941253 -0.003705 -0.337683 1.626459 -0.065014 0.979246 -0.191965 97.612068 0.331386 0.202642 0.921477 -2.006143 0.000000 0.000000 0.000000 1.000000
0.940410 -0.003735 -0.340021 1.837438 -0.065468 0.979243 -0.191824 97.589760 0.333680 0.202654 0.920646 -1.853961 0.000000 0.000000 0.000000 1.000000
0.939512 -0.004080 -0.342493 2.053466 -0.065772 0.979171 -0.192088 97.558990 0.336143 0.202995 0.919674 -1.693314 0.000000 0.000000 0.000000 1.000000
0.938630 -0.004392 -0.344898 2.279248 -0.066169 0.979055 -0.192544 97.542282 0.338520 0.203549 0.918680 -1.532659 0.000000 0.000000 0.000000 1.000000
0.937863 -0.004473 -0.346978 2.513538 -0.066688 0.978955 -0.192874 97.551880 0.340538 0.204028 0.917827 -1.378703 0.000000 0.000000 0.000000 1.000000
0.937212 -0.004489 -0.348731 2.744490 -0.067131 0.978896 -0.193016 97.577011 0.342238 0.204307 0.917132 -1.235000 0.000000 0.000000 0.000000 1.000000
0.936572 -0.004622 -0.350445 2.960270 -0.067399 0.978874 -0.193035 97.602219 0.343934 0.204411 0.916475 -1.104017 0.000000 0.000000 0.000000 1.000000
0.935862 -0.004731 -0.352336 3.157198 -0.067654 0.978895 -0.192843 97.618355 0.345812 0.204311 0.915790 -0.985283 0.000000 0.000000 0.000000 1.000000
0.935126 -0.004461 -0.354287 3.335011 -0.068222 0.978943 -0.192394 97.614624 0.347685 0.204083 0.915131 -0.875259 0.000000 0.000000 0.000000 1.000000
0.934514 -0.003839 -0.355907 3.486370 -0.069076 0.978974 -0.191935 97.586006 0.349160 0.203951 0.914599 -0.773552 0.000000 0.000000 0.000000 1.000000
0.934168 -0.003184 -0.356820 3.597551 -0.069872 0.978970 -0.191664 97.540855 0.349926 0.203978 0.914300 -0.685721 0.000000 0.000000 0.000000 1.000000
0.934152 -0.002721 -0.356866 3.660343 -0.070321 0.978963 -0.191539 97.495293 0.349880 0.204022 0.914308 -0.620433 0.000000 0.000000 0.000000 1.000000
0.934427 -0.002484 -0.356145 3.679665 -0.070356 0.978983 -0.191421 97.460251 0.349135 0.203926 0.914614 -0.582736 0.000000 0.000000 0.000000 1.000000
0.934927 -0.002463 -0.354832 3.668628 -0.070006 0.979041 -0.191251 97.437706 0.347866 0.203646 0.915160 -0.572490 0.000000 0.000000 0.000000 1.000000
0.935616 -0.002529 -0.353012 3.640122 -0.069451 0.979113 -0.191088 97.423340 0.346121 0.203302 0.915898 -0.588453 0.000000 0.000000 0.000000 1.000000
0.936473 -0.002347 -0.350731 3.599914 -0.069043 0.979178 -0.190903 97.409950 0.343876 0.202991 0.916812 -0.630681 0.000000 0.000000 0.000000 1.000000
0.937440 -0.001656 -0.348143 3.543413 -0.069052 0.979238 -0.190593 97.392410 0.341230 0.202709 0.917862 -0.698022 0.000000 0.000000 0.000000 1.000000
0.938410 -0.000581 -0.345524 3.463422 -0.069427 0.979287 -0.190202 97.372696 0.338477 0.202476 0.918932 -0.785255 0.000000 0.000000 0.000000 1.000000
0.939276 0.000486 -0.343162 3.362677 -0.069901 0.979304 -0.189942 97.357735 0.335967 0.202395 0.919871 -0.885890 0.000000 0.000000 0.000000 1.000000
0.939983 0.001253 -0.341220 3.252658 -0.070289 0.979258 -0.190035 97.351929 0.333904 0.202613 0.920574 -0.997021 0.000000 0.000000 0.000000 1.000000
0.940578 0.001682 -0.339574 3.138637 -0.070499 0.979168 -0.190422 97.354607 0.332180 0.203047 0.921102 -1.117573 0.000000 0.000000 0.000000 1.000000
0.941165 0.001953 -0.337942 3.013586 -0.070515 0.979107 -0.190726 97.365685 0.330509 0.203334 0.921639 -1.244884 0.000000 0.000000 0.000000 1.000000
0.941782 0.002324 -0.336215 2.870393 -0.070480 0.979123 -0.190656 97.392006 0.328753 0.203253 0.922285 -1.377536 0.000000 0.000000 0.000000 1.000000
0.942347 0.002866 -0.334626 2.713747 -0.070479 0.979233 -0.190093 97.442024 0.327132 0.202718 0.922979 -1.514069 0.000000 0.000000 0.000000 1.000000
0.942677 0.003365 -0.333689 2.555582 -0.070356 0.979477 -0.188880 97.516121 0.326205 0.201530 0.923567 -1.646928 0.000000 0.000000 0.000000 1.000000
0.942650 0.003586 -0.333764 2.401686 -0.069981 0.979841 -0.187120 97.598732 0.326365 0.199746 0.923898 -1.766272 0.000000 0.000000 0.000000 1.000000
0.942440 0.003521 -0.334357 2.246435 -0.069425 0.980215 -0.185362 97.663277 0.327089 0.197905 0.924038 -1.872261 0.000000 0.000000 0.000000 1.000000
0.942440 0.003309 -0.334360 2.082141 -0.068736 0.980513 -0.184039 97.699486 0.327235 0.196429 0.924301 -1.977335 0.000000 0.000000 0.000000 1.000000
0.942830 0.003011 -0.333260 1.908895 -0.067896 0.980724 -0.183223 97.721893 0.326284 0.195375 0.924861 -2.092054 0.000000 0.000000 0.000000 1.000000
0.943413 0.002640 -0.331609 1.731837 -0.067077 0.980818 -0.183022 97.747620 0.324765 0.194909 0.925493 -2.216178 0.000000 0.000000 0.000000 1.000000
0.943956 0.002288 -0.330064 1.556243 -0.066567 0.980749 -0.183578 97.779968 0.323289 0.195261 0.925936 -2.346607 0.000000 0.000000 0.000000 1.000000
0.944488 0.002042 -0.328540 1.387867 -0.066349 0.980563 -0.184644 97.803032 0.321777 0.196192 0.926266 -2.479564 0.000000 0.000000 0.000000 1.000000
0.945108 0.001821 -0.326752 1.231146 -0.066080 0.980388 -0.185667 97.795738 0.320006 0.197067 0.926693 -2.604699 0.000000 0.000000 0.000000 1.000000
0.945707 0.001480 -0.325018 1.087186 -0.065568 0.980299 -0.186318 97.756859 0.318339 0.197513 0.927172 -2.710977 0.000000 0.000000 0.000000 1.000000
0.946069 0.000993 -0.323965 0.955797 -0.064981 0.980255 -0.186758 97.704292 0.317382 0.197737 0.927453 -2.796382 0.000000 0.000000 0.000000 1.000000
0.946150 0.000493 -0.323727 0.841130 -0.064564 0.980197 -0.187206 97.655685 0.317224 0.198026 0.927445 -2.863278 0.000000 0.000000 0.000000 1.000000
0.946095 0.000117 -0.323891 0.752492 -0.064281 0.980176 -0.187413 97.617973 0.317448 0.198130 0.927346 -2.908954 0.000000 0.000000 0.000000 1.000000
0.946029 -0.000095 -0.324083 0.695765 -0.063969 0.980271 -0.187018 97.594177 0.317707 0.197656 0.927359 -2.929893 0.000000 0.000000 0.000000 1.000000
0.945971 -0.000090 -0.324251 0.667195 -0.063722 0.980448 -0.186174 97.588623 0.317928 0.196777 0.927470 -2.930204 0.000000 0.000000 0.000000 1.000000
0.945918 0.000217 -0.324407 0.657387 -0.063812 0.980588 -0.185408 97.597931 0.318069 0.196082 0.927569 -2.916879 0.000000 0.000000 0.000000 1.000000
0.945893 0.000792 -0.324478 0.661456 -0.064307 0.980619 -0.185069 97.611404 0.318043 0.195921 0.927612 -2.891725 0.000000 0.000000 0.000000 1.000000
0.945877 0.001418 -0.324523 0.684558 -0.064984 0.980565 -0.185122 97.622726 0.317953 0.196192 0.927585 -2.851896 0.000000 0.000000 0.000000 1.000000
0.945759 0.001868 -0.324865 0.735442 -0.065594 0.980486 -0.185321 97.632751 0.318180 0.196578 0.927426 -2.794909 0.000000 0.000000 0.000000 1.000000
0.945451 0.002080 -0.325758 0.815357 -0.066036 0.980442 -0.185399 97.640602 0.319002 0.196798 0.927097 -2.720522 0.000000 0.000000 0.000000 1.000000
0.944990 0.002120 -0.327094 0.917827 -0.066364 0.980425 -0.185373 97.641548 0.320298 0.196882 0.926632 -2.629289 0.000000 0.000000 0.000000 1.000000
0.944473 0.002109 -0.328583 1.038013 -0.066744 0.980365 -0.185555 97.635170 0.321740 0.197182 0.926068 -2.522581 0.000000 0.000000 0.000000 1.000000
0.943956 0.002172 -0.330064 1.175141 -0.067304 0.980236 -0.186033 97.628822 0.323136 0.197821 0.925446 -2.402925 0.000000 0.000000 0.000000 1.000000
0.943440 0.002432 -0.331535 1.325781 -0.068039 0.980110 -0.186428 97.626633 0.324487 0.198441 0.924840 -2.271852 0.000000 0.000000 0.000000 1.000000
0.942920 0.003020 -0.333005 1.482451 -0.069019 0.980019 -0.186545 97.617538 0.325788 0.198881 0.924288 -2.128625 0.000000 0.000000 0.000000 1.000000
0.942408 0.003839 -0.334445 1.639346 -0.070274 0.979887 -0.186773 97.584091 0.327001 0.199519 0.923722 -1.971505 0.000000 0.000000 0.000000 1.000000
0.941926 0.004476 -0.335790 1.796074 -0.071455 0.979685 -0.187378 97.526680 0.328130 0.200491 0.923111 -1.802759 0.000000 0.000000 0.000000 1.000000
0.941512 0.004657 -0.336948 1.952403 -0.072124 0.979519 -0.187993 97.467537 0.329172 0.201300 0.922564 -1.633084 0.000000 0.000000 0.000000 1.000000
0.941194 0.004534 -0.337835 2.104039 -0.072277 0.979465 -0.188215 97.427124 0.330044 0.201565 0.922194 -1.474851 0.000000 0.000000 0.000000 1.000000
0.940994 0.004383 -0.338394 2.246809 -0.072225 0.979480 -0.188153 97.407082 0.330625 0.201491 0.922002 -1.331567 0.000000 0.000000 0.000000 1.000000
0.940906 0.004214 -0.338641 2.377551 -0.072121 0.979479 -0.188198 97.393883 0.330899 0.201500 0.921902 -1.199345 0.000000 0.000000 0.000000 1.000000
0.940877 0.003867 -0.338727 2.492016 -0.071947 0.979403 -0.188663 97.376648 0.331020 0.201879 0.921776 -1.076824 0.000000 0.000000 0.000000 1.000000
0.940817 0.003323 -0.338900 2.587747 -0.071777 0.979224 -0.189655 97.360191 0.331228 0.202756 0.921508 -0.968304 0.000000 0.000000 0.000000 1.000000
0.940680 0.002711 -0.339284 2.666099 -0.071703 0.978972 -0.190979 97.350357 0.331632 0.203978 0.921094 -0.876923 0.000000 0.000000 0.000000 1.000000
0.940510 0.002180 -0.339758 2.728210 -0.071708 0.978728 -0.192222 97.336143 0.332112 0.205150 0.920660 -0.801780 0.000000 0.000000 0.000000 1.000000
0.940372 0.001930 -0.340142 2.773178 -0.071843 0.978552 -0.193069 97.304619 0.332474 0.205993 0.920341 -0.742649 0.000000 0.000000 0.000000 1.000000
0.940295 0.002131 -0.340355 2.800781 -0.072233 0.978451 -0.193430 97.260452 0.332608 0.206466 0.920187 -0.700926 0.000000 0.000000 0.000000 1.000000
0.940282 0.002805 -0.340386 2.811419 -0.072908 0.978419 -0.193339 97.220879 0.332498 0.206610 0.920194 -0.678391 0.000000 0.000000 0.000000 1.000000
0.940330 0.003806 -0.340243 2.799827 -0.073765 0.978438 -0.192918 97.197548 0.332173 0.206505 0.920335 -0.676549 0.000000 0.000000 0.000000 1.000000
0.940467 0.004876 -0.339851 2.755500 -0.074602 0.978476 -0.192406 97.188118 0.331597 0.206305 0.920588 -0.693122 0.000000 0.000000 0.000000 1.000000
0.940751 0.005759 -0.339050 2.674250 -0.075194 0.978506 -0.192019 97.188393 0.330657 0.206137 0.920964 -0.722534 0.000000 0.000000 0.000000 1.000000
0.941180 0.006363 -0.337844 2.564167 -0.075466 0.978527 -0.191807 97.202660 0.329369 0.206021 0.921451 -0.762332 0.000000 0.000000 0.000000 1.000000
0.941654 0.006741 -0.336514 2.435809 -0.075543 0.978525 -0.191788 97.235092 0.327994 0.206020 0.921941 -0.815045 0.000000 0.000000 0.000000 1.000000
0.942052 0.006975 -0.335394 2.291936 -0.075607 0.978475 -0.192016 97.278511 0.326836 0.206247 0.922302 -0.884366 0.000000 0.000000 0.000000 1.000000
0.942401 0.007176 -0.334409 2.132751 -0.075703 0.978403 -0.192346 97.317688 0.325806 0.206583 0.922591 -0.973072 0.000000 0.000000 0.000000 1.000000
0.942836 0.007319 -0.333176 1.962597 -0.075620 0.978379 -0.192502 97.344086 0.324563 0.206692 0.923004 -1.081246 0.000000 0.000000 0.000000 1.000000
0.943347 0.007248 -0.331729 1.785707 -0.075234 0.978395 -0.192568 97.363953 0.323166 0.206616 0.923511 -1.203751 0.000000 0.000000 0.000000 1.000000
0.943801 0.006994 -0.330440 1.601894 -0.074731 0.978401 -0.192736 97.388779 0.321955 0.206598 0.923938 -1.331404 0.000000 0.000000 0.000000 1.000000
0.944006 0.006584 -0.329862 1.476087 -0.074096 0.978492 -0.192519 97.407936 0.321499 0.206181 0.924190 -1.433975 0.000000 0.000000 0.000000 1.000000
0.943966 0.006014 -0.329987 1.413943 -0.073308 0.978679 -0.191870 97.418724 0.321798 0.205310 0.924280 -1.511338 0.000000 0.000000 0.000000 1.000000
0.943764 0.005327 -0.330576 1.395472 -0.072397 0.978934 -0.190910 97.422821 0.322595 0.204107 0.924269 -1.573258 0.000000 0.000000 0.000000 1.000000
0.943484 0.004581 -0.331388 1.398783 -0.071417 0.979223 -0.189793 97.423279 0.323633 0.202733 0.924208 -1.628163 0.000000 0.000000 0.000000 1.000000
0.943147 0.003804 -0.332353 1.417749 -0.070408 0.979529 -0.188590 97.421379 0.324832 0.201268 0.924108 -1.676704 0.000000 0.000000 0.000000 1.000000
0.942755 0.003015 -0.333471 1.453941 -0.069397 0.979842 -0.187333 97.417397 0.326185 0.199751 0.923961 -1.716120 0.000000 0.000000 0.000000 1.000000
0.942317 0.002236 -0.334715 1.506767 -0.068418 0.980151 -0.186070 97.411682 0.327655 0.198238 0.923766 -1.744900 0.000000 0.000000 0.000000 1.000000
0.941852 0.001487 -0.336025 1.571649 -0.067497 0.980446 -0.184849 97.404999 0.329180 0.196781 0.923536 -1.764054 0.000000 0.000000 0.000000 1.000000
0.941382 0.000783 -0.337342 1.642420 -0.066645 0.980720 -0.183704 97.398163 0.330695 0.195418 0.923284 -1.775945 0.000000 0.000000 0.000000 1.000000
0.940924 0.000153 -0.338619 1.716467 -0.065911 0.980956 -0.182703 97.391846 0.332142 0.194228 0.923015 -1.779191 0.000000 0.000000 0.000000 1.000000
0.940485 -0.000326 -0.339834 1.800258 -0.065416 0.981124 -0.181979 97.386581 0.333478 0.193380 0.922712 -1.763681 0.000000 0.000000 0.000000 1.000000
0.940064 -0.000588 -0.340998 1.904368 -0.065276 0.981195 -0.181644 97.382988 0.334692 0.193016 0.922348 -1.718352 0.000000 0.000000 0.000000 1.000000
0.939657 -0.000624 -0.342117 2.033353 -0.065504 0.981169 -0.181705 97.382278 0.335788 0.193151 0.921922 -1.641276 0.000000 0.000000 0.000000 1.000000
0.939345 -0.000378 -0.342974 2.197572 -0.066209 0.980990 -0.182416 97.396439 0.336523 0.194059 0.921463 -1.525626 0.000000 0.000000 0.000000 1.000000
0.939056 -0.000350 -0.343765 2.364710 -0.066758 0.980776 -0.183361 97.414543 0.337221 0.195136 0.920980 -1.409518 0.000000 0.000000 0.000000 1.000000
0.938699 -0.000451 -0.344736 2.520307 -0.067346 0.980492 -0.184661 97.435226 0.338094 0.196557 0.920357 -1.296694 0.000000 0.000000 0.000000 1.000000
0.938311 -0.000484 -0.345792 2.658068 -0.068075 0.980171 -0.186094 97.459793 0.339025 0.198154 0.919672 -1.189790 0.000000 0.000000 0.000000 1.000000
0.937972 -0.000373 -0.346710 2.778157 -0.068758 0.979937 -0.187069 97.479218 0.339824 0.199305 0.919129 -1.090459 0.000000 0.000000 0.000000 1.000000
0.937689 -0.000328 -0.347476 2.880652 -0.069066 0.979871 -0.187302 97.488167 0.340543 0.199630 0.918792 -1.000207 0.000000 0.000000 0.000000 1.000000
0.937428 -0.000543 -0.348180 2.963620 -0.068950 0.979906 -0.187165 97.488968 0.341285 0.199461 0.918553 -0.921690 0.000000 0.000000 0.000000 1.000000
0.937205 -0.000802 -0.348777 3.028422 -0.068850 0.979895 -0.187260 97.484344 0.341915 0.199515 0.918307 -0.857935 0.000000 0.000000 0.000000 1.000000
0.937097 -0.000690 -0.349069 3.079885 -0.069259 0.979750 -0.187867 97.474548 0.342129 0.200226 0.918072 -0.813460 0.000000 0.000000 0.000000 1.000000
0.937141 -0.000059 -0.348950 3.121753 -0.070264 0.979485 -0.188868 97.460327 0.341802 0.201515 0.917912 -0.792059 0.000000 0.000000 0.000000 1.000000
0.937265 0.000836 -0.348618 3.152065 -0.071546 0.979173 -0.190003 97.446289 0.341198 0.203025 0.917804 -0.791120 0.000000 0.000000 0.000000 1.000000
0.937323 0.001573 -0.348458 3.164654 -0.072656 0.978894 -0.191019 97.439384 0.340803 0.204364 0.917654 -0.801367 0.000000 0.000000 0.000000 1.000000
0.937264 0.001973 -0.348616 3.156633 -0.073347 0.978717 -0.191657 97.441513 0.340818 0.205203 0.917461 -0.814173 0.000000 0.000000 0.000000 1.000000
0.937301 0.002067 -0.348514 3.131720 -0.073450 0.978695 -0.191732 97.450287 0.340693 0.205309 0.917484 -0.827507 0.000000 0.000000 0.000000 1.000000
0.937849 0.001974 -0.347038 3.097828 -0.072851 0.978823 -0.191307 97.460892 0.339312 0.204699 0.918132 -0.845462 0.000000 0.000000 0.000000 1.000000
0.939143 0.001851 -0.343522 3.060562 -0.071671 0.979035 -0.190664 97.466904 0.335967 0.203682 0.919587 -0.874691 0.000000 0.000000 0.000000 1.000000
0.940943 0.001740 -0.338560 3.015776 -0.070235 0.979236 -0.190168 97.464943 0.331199 0.202717 0.921528 -0.921229 0.000000 0.000000 0.000000 1.000000
0.942679 0.001428 -0.333698 2.949455 -0.068774 0.979355 -0.190091 97.459602 0.326537 0.202144 0.923315 -0.988297 0.000000 0.000000 0.000000 1.000000
0.943834 0.000831 -0.330420 2.851286 -0.067481 0.979405 -0.190294 97.459686 0.323457 0.201903 0.924452 -1.073820 0.000000 0.000000 0.000000 1.000000
0.944220 0.000367 -0.329316 2.726695 -0.066693 0.979490 -0.190133 97.469566 0.322492 0.201490 0.924879 -1.170835 0.000000 0.000000 0.000000 1.000000
0.944070 0.000370 -0.329745 2.592578 -0.066467 0.979687 -0.189197 97.486420 0.322977 0.200532 0.924918 -1.273341 0.000000 0.000000 0.000000 1.000000
0.943819 0.000516 -0.330462 2.461159 -0.066307 0.979958 -0.187845 97.505943 0.323742 0.199203 0.924937 -1.379608 0.000000 0.000000 0.000000 1.000000
0.943728 0.000303 -0.330723 2.331877 -0.065716 0.980231 -0.186624 97.525757 0.324128 0.197856 0.925091 -1.489239 0.000000 0.000000 0.000000 1.000000
0.943794 -0.000284 -0.330533 2.199978 -0.064726 0.980480 -0.185660 97.545708 0.324134 0.196619 0.925353 -1.601385 0.000000 0.000000 0.000000 1.000000
0.943923 -0.000877 -0.330165 2.065474 -0.063777 0.980678 -0.184940 97.568520 0.323948 0.195626 0.925629 -1.716038 0.000000 0.000000 0.000000 1.000000
0.944045 -0.001239 -0.329814 1.930080 -0.063204 0.980780 -0.184598 97.598442 0.323704 0.195115 0.925822 -1.833652 0.000000 0.000000 0.000000 1.000000
0.944168 -0.001434 -0.329460 1.791291 -0.062921 0.980799 -0.184590 97.637535 0.323399 0.195014 0.925950 -1.954391 0.000000 0.000000 0.000000 1.000000
0.944365 -0.001651 -0.328894 1.643471 -0.062587 0.980813 -0.184633 97.679482 0.322888 0.194946 0.926142 -2.075889 0.000000 0.000000 0.000000 1.000000
0.944646 -0.002037 -0.328085 1.485159 -0.062058 0.980820 -0.184771 97.712845 0.322169 0.194904 0.926401 -2.193851 0.000000 0.000000 0.000000 1.000000
0.944921 -0.002545 -0.327288 1.325667 -0.061529 0.980760 -0.185268 97.735107 0.321462 0.195202 0.926584 -2.306430 0.000000 0.000000 0.000000 1.000000
0.945151 -0.003024 -0.326621 1.181818 -0.061093 0.980674 -0.185865 97.751717 0.320871 0.195624 0.926700 -2.413606 0.000000 0.000000 0.000000 1.000000
0.945390 -0.003403 -0.325924 1.064748 -0.060612 0.980668 -0.186055 97.764854 0.320257 0.195649 0.926907 -2.513700 0.000000 0.000000 0.000000 1.000000
0.945671 -0.003720 -0.325102 0.971917 -0.060122 0.980688 -0.186107 97.772881 0.319516 0.195542 0.927185 -2.604764 0.000000 0.000000 0.000000 1.000000
0.945969 -0.004025 -0.324231 0.895734 -0.059889 0.980551 -0.186904 97.778923 0.318678 0.196224 0.927330 -2.687554 0.000000 0.000000 0.000000 1.000000
0.946225 -0.004311 -0.323479 0.833411 -0.060015 0.980215 -0.188617 97.790741 0.317892 0.197888 0.927246 -2.760688 0.000000 0.000000 0.000000 1.000000
0.946373 -0.004539 -0.323045 0.785943 -0.060307 0.979845 -0.190440 97.811073 0.317398 0.199710 0.927024 -2.815677 0.000000 0.000000 0.000000 1.000000
0.946377 -0.004679 -0.323030 0.753335 -0.060588 0.979583 -0.191695 97.832680 0.317332 0.200987 0.926771 -2.843471 0.000000 0.000000 0.000000 1.000000
0.946252 -0.004722 -0.323396 0.734797 -0.060851 0.979438 -0.192352 97.844337 0.317654 0.201692 0.926507 -2.840441 0.000000 0.000000 0.000000 1.000000
0.946032 -0.004715 -0.324040 0.735319 -0.061090 0.979374 -0.192600 97.839355 0.318264 0.202001 0.926231 -2.805874 0.000000 0.000000 0.000000 1.000000
0.945729 -0.004738 -0.324923 0.767577 -0.061243 0.979377 -0.192538 97.815315 0.319134 0.201988 0.925934 -2.739129 0.000000 0.000000 0.000000 1.000000</float_array>
        <technique_common>
          <accessor source="#mixamorig_Hips-Matrix-animation-output-transform-array" count="131" stride="16">
            <param type="float4x4"/>
          </accessor>
        </technique_common>
      </source>
      <source id="mixamorig_Hips-Interpolations">
        <Name_array id="mixamorig_Hips-Interpolations-array" count="131">
 LINEAR LINEAR LINEAR LINEAR LINEAR LINEAR LINEAR LINEAR LINEAR LINEAR LINEAR
LINEAR LINEAR LINEAR LINEAR LINEAR LINEAR LINEAR LINEAR LINEAR LINEAR LINEAR LINEAR
LINEAR LINEAR LINEAR LINEAR LINEAR LINEAR LINEAR LINEAR LINEAR LINEAR LINEAR LINEAR
LINEAR LINEAR LINEAR LINEAR LINEAR LINEAR LINEAR LINEAR LINEAR LINEAR LINEAR LINEAR
LINEAR LINEAR LINEAR LINEAR LINEAR LINEAR LINEAR LINEAR LINEAR LINEAR LINEAR LINEAR
LINEAR LINEAR LINEAR LINEAR LINEAR LINEAR LINEAR LINEAR LINEAR LINEAR LINEAR LINEAR
LINEAR LINEAR LINEAR LINEAR LINEAR LINEAR LINEAR LINEAR LINEAR LINEAR LINEAR LINEAR
LINEAR LINEAR LINEAR LINEAR LINEAR LINEAR LINEAR LINEAR LINEAR LINEAR LINEAR LINEAR
LINEAR LINEAR LINEAR LINEAR LINEAR LINEAR LINEAR LINEAR LINEAR LINEAR LINEAR LINEAR
LINEAR LINEAR LINEAR LINEAR LINEAR LINEAR LINEAR LINEAR LINEAR LINEAR LINEAR LINEAR
LINEAR LINEAR LINEAR LINEAR LINEAR LINEAR LINEAR LINEAR LINEAR LINEAR LINEAR LINEAR</Name_array>
        <technique_common>
          <accessor source="#mixamorig_Hips-Interpolations-array" count="131">
            <param type="name"/>
          </accessor>
        </technique_common>
      </source>
      <sampler id="mixamorig_Hips-Matrix-animation-transform">
        <input semantic="INPUT" source="#mixamorig_Hips-Matrix-animation-input"/>
        <input semantic="OUTPUT" source="#mixamorig_Hips-Matrix-animation-output-transform"/>
        <input semantic="INTERPOLATION" source="#mixamorig_Hips-Interpolations"/>
      </sampler>
      <channel source="#mixamorig_Hips-Matrix-animation-transform" target="mixamorig_Hips/matrix"/>
      <source id="mixamorig_Spine-Matrix-animation-input">
        <float_array id="mixamorig_Spine-Matrix-animation-input-array" count="131">

0.000000 0.033333 0.066667 0.100000 0.133333 0.166667 0.200000 0.233333 0.266667 0.300000 0.333333 0.366667 0.400000 0.433333 0.466667 0.500000
0.533333 0.566667 0.600000 0.633333 0.666667 0.700000 0.733333 0.766667 0.800000 0.833333 0.866667 0.900000 0.933333 0.966667 1.000000 1.033333
1.066667 1.100000 1.133333 1.166667 1.200000 1.233333 1.266667 1.300000 1.333333 1.366667 1.400000 1.433333 1.466667 1.500000 1.533333 1.566667
1.600000 1.633333 1.666667 1.700000 1.733333 1.766667 1.800000 1.833333 1.866667 1.900000 1.933333 1.966667 2.000000 2.033333 2.066667 2.100000
2.133333 2.166667 2.200000 2.233333 2.266667 2.300000 2.333333 2.366667 2.400000 2.433333 2.466667 2.500000 2.533333 2.566667 2.600000 2.633333
2.666667 2.700000 2.733333 2.766667 2.800000 2.833333 2.866667 2.900000 2.933333 2.966667 3.000000 3.033333 3.066667 3.100000 3.133333 3.166667
3.200000 3.233333 3.266667 3.300000 3.333333 3.366667 3.400000 3.433333 3.466667 3.500000 3.533333 3.566667 3.600000 3.633333 3.666667 3.700000
3.733333 3.766667 3.800000 3.833333 3.866667 3.900000 3.933333 3.966667 4.000000 4.033333 4.066667 4.100000 4.133333 4.166667 4.200000 4.233333
4.266667 4.300000 4.333333</float_array>
        <technique_common>
          <accessor source="#mixamorig_Spine-Matrix-animation-input-array" count="131">
            <param name="TIME" type="float"/>
          </accessor>
        </technique_common>
      </source>
      <source id="mixamorig_Spine-Matrix-animation-output-transform">
        <float_array id="mixamorig_Spine-Matrix-animation-output-transform-array" count="2096">

0.999404 -0.032932 -0.010322 0.000000 0.032752 0.999317 -0.017137 7.526100 0.010879 0.016789 0.999800 0.589700 0.000000 0.000000 0.000000 1.000000
0.999393 -0.033280 -0.010249 0.000000 0.033102 0.999306 -0.017092 7.526100 0.010811 0.016743 0.999801 0.589700 0.000000 0.000000 0.000000 1.000000
0.999380 -0.033693 -0.010185 0.000000 0.033517 0.999294 -0.016983 7.526100 0.010750 0.016631 0.999804 0.589700 0.000000 0.000000 0.000000 1.000000
0.999367 -0.034090 -0.010182 0.000000 0.033917 0.999284 -0.016775 7.526100 0.010747 0.016419 0.999807 0.589700 0.000000 0.000000 0.000000 1.000000
0.999355 -0.034400 -0.010285 0.000000 0.034228 0.999279 -0.016450 7.526100 0.010843 0.016087 0.999812 0.589700 0.000000 0.000000 0.000000 1.000000
0.999346 -0.034596 -0.010498 0.000000 0.034425 0.999279 -0.016043 7.526100 0.011046 0.015671 0.999816 0.589700 0.000000 0.000000 0.000000 1.000000
0.999340 -0.034699 -0.010767 -0.000000 0.034529 0.999281 -0.015634 7.526100 0.011302 0.015252 0.999820 0.589700 0.000000 0.000000 0.000000 1.000000
0.999336 -0.034730 -0.010995 0.000000 0.034559 0.999285 -0.015305 7.526100 0.011518 0.014915 0.999822 0.589700 0.000000 0.000000 0.000000 1.000000
0.999339 -0.034629 -0.011085 -0.000000 0.034461 0.999292 -0.015084 7.526100 0.011600 0.014692 0.999825 0.589700 0.000000 0.000000 0.000000 1.000000
0.999352 -0.034257 -0.011003 0.000000 0.034091 0.999307 -0.014920 7.526100 0.011507 0.014535 0.999828 0.589700 0.000000 0.000000 0.000000 1.000000
0.999381 -0.033482 -0.010798 0.000000 0.033321 0.999337 -0.014702 7.526100 0.011284 0.014334 0.999834 0.589700 0.000000 0.000000 0.000000 1.000000
0.999421 -0.032341 -0.010580 0.000000 0.032188 0.999379 -0.014323 7.526100 0.011037 0.013975 0.999841 0.589700 0.000000 0.000000 0.000000 1.000000
0.999461 -0.031114 -0.010451 -0.000000 0.030969 0.999426 -0.013741 7.526100 0.010873 0.013410 0.999851 0.589700 0.000000 0.000000 0.000000 1.000000
0.999489 -0.030215 -0.010432 0.000000 0.030078 0.999463 -0.013018 7.526100 0.010819 0.012697 0.999861 0.589700 0.000000 0.000000 0.000000 1.000000
0.999496 -0.029958 -0.010454 0.000000 0.029829 0.999479 -0.012303 7.526100 0.010817 0.011985 0.999870 0.589700 0.000000 0.000000 0.000000 1.000000
0.999486 -0.030336 -0.010409 0.000000 0.030213 0.999474 -0.011778 7.526100 0.010761 0.011457 0.999876 0.589700 0.000000 0.000000 0.000000 1.000000
0.999467 -0.031019 -0.010221 0.000000 0.030900 0.999455 -0.011582 7.526100 0.010574 0.011260 0.999881 0.589700 0.000000 0.000000 0.000000 1.000000
0.999453 -0.031555 -0.009890 -0.000000 0.031438 0.999436 -0.011765 7.526100 0.010255 0.011448 0.999882 0.589700 0.000000 0.000000 0.000000 1.000000
0.999454 -0.031655 -0.009485 -0.000000 0.031538 0.999427 -0.012282 7.526100 0.009868 0.011976 0.999880 0.589700 0.000000 0.000000 0.000000 1.000000
0.999468 -0.031331 -0.009091 -0.000000 0.031211 0.999428 -0.013023 7.526100 0.009494 0.012733 0.999874 0.589700 0.000000 0.000000 0.000000 1.000000
0.999486 -0.030845 -0.008765 0.000000 0.030722 0.999432 -0.013859 7.526100 0.009187 0.013582 0.999866 0.589700 0.000000 0.000000 0.000000 1.000000
0.999498 -0.030514 -0.008515 0.000000 0.030386 0.999430 -0.014676 7.526100 0.008958 0.014410 0.999856 0.589700 0.000000 0.000000 0.000000 1.000000
0.999500 -0.030515 -0.008314 -0.000000 0.030384 0.999419 -0.015412 7.526100 0.008779 0.015151 0.999847 0.589700 0.000000 0.000000 0.000000 1.000000
0.999492 -0.030832 -0.008119 0.000000 0.030699 0.999400 -0.016051 7.526100 0.008609 0.015794 0.999838 0.589700 0.000000 0.000000 0.000000 1.000000
0.999478 -0.031332 -0.007911 -0.000000 0.031197 0.999375 -0.016614 7.526100 0.008427 0.016358 0.999831 0.589700 0.000000 0.000000 0.000000 1.000000
0.999462 -0.031885 -0.007709 -0.000000 0.031749 0.999350 -0.017103 7.526100 0.008249 0.016849 0.999824 0.589700 0.000000 0.000000 0.000000 1.000000
0.999446 -0.032413 -0.007573 -0.000000 0.032277 0.999326 -0.017473 7.526100 0.008134 0.017219 0.999819 0.589700 0.000000 0.000000 0.000000 1.000000
0.999431 -0.032867 -0.007575 0.000000 0.032729 0.999309 -0.017631 7.526100 0.008149 0.017373 0.999816 0.589700 0.000000 0.000000 0.000000 1.000000
0.999420 -0.033169 -0.007746 0.000000 0.033029 0.999301 -0.017495 7.526100 0.008321 0.017229 0.999817 0.589700 0.000000 0.000000 0.000000 1.000000
0.999416 -0.033209 -0.008054 0.000000 0.033067 0.999307 -0.017086 7.526100 0.008616 0.016810 0.999822 0.589700 0.000000 0.000000 0.000000 1.000000
0.999423 -0.032909 -0.008402 -0.000000 0.032766 0.999326 -0.016549 7.526100 0.008941 0.016264 0.999828 0.589700 0.000000 0.000000 0.000000 1.000000
0.999441 -0.032291 -0.008687 0.000000 0.032148 0.999353 -0.016102 7.526100 0.009201 0.015814 0.999833 0.589700 0.000000 0.000000 0.000000 1.000000
0.999465 -0.031490 -0.008851 0.000000 0.031346 0.999382 -0.015918 7.526100 0.009346 0.015632 0.999834 0.589700 0.000000 0.000000 0.000000 1.000000
0.999489 -0.030701 -0.008908 0.000000 0.030556 0.999404 -0.016032 7.526100 0.009394 0.015751 0.999832 0.589700 0.000000 0.000000 0.000000 1.000000
0.999507 -0.030104 -0.008918 0.000000 0.029955 0.999418 -0.016345 7.526100 0.009405 0.016070 0.999827 0.589700 0.000000 0.000000 0.000000 1.000000
0.999516 -0.029806 -0.008938 0.000000 0.029654 0.999421 -0.016712 7.526100 0.009431 0.016439 0.999820 0.589700 0.000000 0.000000 0.000000 1.000000
0.999515 -0.029824 -0.008981 -0.000000 0.029668 0.999415 -0.017027 7.526100 0.009483 0.016752 0.999815 0.589700 0.000000 0.000000 0.000000 1.000000
0.999506 -0.030089 -0.009026 0.000000 0.029930 0.999403 -0.017260 7.526100 0.009540 0.016981 0.999810 0.589700 0.000000 0.000000 0.000000 1.000000
0.999495 -0.030475 -0.009046 0.000000 0.030314 0.999389 -0.017417 7.526100 0.009571 0.017134 0.999807 0.589700 0.000000 0.000000 0.000000 1.000000
0.999483 -0.030843 -0.009043 -0.000000 0.030681 0.999376 -0.017505 7.526100 0.009578 0.017218 0.999806 0.589700 0.000000 0.000000 0.000000 1.000000
0.999476 -0.031082 -0.009061 0.000000 0.030920 0.999368 -0.017517 7.526100 0.009599 0.017227 0.999806 0.589700 0.000000 0.000000 0.000000 1.000000
0.999473 -0.031138 -0.009165 0.000000 0.030974 0.999368 -0.017458 7.526100 0.009703 0.017165 0.999806 0.589700 0.000000 0.000000 0.000000 1.000000
0.999473 -0.031056 -0.009406 -0.000000 0.030889 0.999372 -0.017351 7.526100 0.009939 0.017051 0.999805 0.589700 0.000000 0.000000 0.000000 1.000000
0.999473 -0.030944 -0.009799 0.000000 0.030773 0.999378 -0.017209 7.526100 0.010326 0.016898 0.999804 0.589700 0.000000 0.000000 0.000000 1.000000
0.999469 -0.030917 -0.010312 -0.000000 0.030739 0.999383 -0.017021 7.526100 0.010832 0.016695 0.999802 0.589700 0.000000 0.000000 0.000000 1.000000
0.999458 -0.031058 -0.010871 0.000000 0.030874 0.999383 -0.016758 7.526100 0.011385 0.016413 0.999800 0.589700 0.000000 0.000000 0.000000 1.000000
0.999442 -0.031397 -0.011381 -0.000000 0.031208 0.999378 -0.016418 7.526100 0.011890 0.016053 0.999800 0.589700 0.000000 0.000000 0.000000 1.000000
0.999422 -0.031897 -0.011763 0.000000 0.031706 0.999368 -0.016046 7.526100 0.012267 0.015664 0.999802 0.589700 0.000000 0.000000 0.000000 1.000000
0.999401 -0.032470 -0.011994 0.000000 0.032280 0.999355 -0.015712 7.526100 0.012496 0.015316 0.999805 0.589700 0.000000 0.000000 0.000000 1.000000
0.999382 -0.032993 -0.012128 0.000000 0.032805 0.999342 -0.015442 7.526100 0.012629 0.015034 0.999807 0.589700 0.000000 0.000000 0.000000 1.000000
0.999368 -0.033375 -0.012274 -0.000000 0.033187 0.999334 -0.015185 7.526100 0.012773 0.014768 0.999809 0.589700 0.000000 0.000000 0.000000 1.000000
0.999356 -0.033615 -0.012528 -0.000000 0.033429 0.999331 -0.014846 7.526100 0.013019 0.014418 0.999811 0.589700 0.000000 0.000000 0.000000 1.000000
0.999344 -0.033837 -0.012896 0.000000 0.033651 0.999330 -0.014378 7.526100 0.013374 0.013935 0.999813 0.589700 0.000000 0.000000 0.000000 1.000000
0.999327 -0.034199 -0.013266 0.000000 0.034015 0.999325 -0.013849 7.526100 0.013730 0.013388 0.999816 0.589700 0.000000 0.000000 0.000000 1.000000
0.999305 -0.034769 -0.013456 -0.000000 0.034588 0.999311 -0.013433 7.526100 0.013913 0.012958 0.999819 0.589700 0.000000 0.000000 0.000000 1.000000
0.999283 -0.035440 -0.013323 -0.000000 0.035263 0.999289 -0.013306 7.526100 0.013785 0.012827 0.999823 0.589700 0.000000 0.000000 0.000000 1.000000
0.999270 -0.035977 -0.012863 0.000000 0.035803 0.999267 -0.013533 7.526100 0.013341 0.013062 0.999826 0.589700 0.000000 0.000000 0.000000 1.000000
0.999271 -0.036161 -0.012245 0.000000 0.035989 0.999254 -0.014022 7.526100 0.012742 0.013571 0.999827 0.589700 0.000000 0.000000 0.000000 1.000000
0.999286 -0.035926 -0.011716 0.000000 0.035754 0.999254 -0.014577 7.526100 0.012231 0.014148 0.999825 0.589700 0.000000 0.000000 0.000000 1.000000
0.999309 -0.035368 -0.011458 0.000000 0.035195 0.999268 -0.015010 7.526100 0.011980 0.014596 0.999822 0.589700 0.000000 0.000000 0.000000 1.000000
0.999335 -0.034626 -0.011468 -0.000000 0.034449 0.999290 -0.015224 7.526100 0.011987 0.014819 0.999818 0.589700 0.000000 0.000000 0.000000 1.000000
0.999362 -0.033778 -0.011569 0.000000 0.033600 0.999319 -0.015252 7.526100 0.012076 0.014854 0.999817 0.589700 0.000000 0.000000 0.000000 1.000000
0.999394 -0.032854 -0.011518 0.000000 0.032677 0.999350 -0.015216 7.526100 0.012011 0.014831 0.999818 0.589700 0.000000 0.000000 0.000000 1.000000
0.999428 -0.031916 -0.011168 0.000000 0.031744 0.999380 -0.015255 7.526100 0.011648 0.014892 0.999821 0.589700 0.000000 0.000000 0.000000 1.000000
0.999461 -0.031096 -0.010543 0.000000 0.030931 0.999402 -0.015450 7.526100 0.011018 0.015115 0.999825 0.589700 0.000000 0.000000 0.000000 1.000000
0.999485 -0.030563 -0.009814 -0.000000 0.030406 0.999413 -0.015781 7.526100 0.010291 0.015475 0.999827 0.589700 0.000000 0.000000 0.000000 1.000000
0.999495 -0.030429 -0.009183 0.000000 0.030278 0.999411 -0.016152 7.526100 0.009669 0.015866 0.999827 0.589700 0.000000 0.000000 0.000000 1.000000
0.999490 -0.030706 -0.008766 0.000000 0.030559 0.999398 -0.016453 7.526100 0.009266 0.016177 0.999826 0.589700 0.000000 0.000000 0.000000 1.000000
0.999473 -0.031312 -0.008559 0.000000 0.031166 0.999376 -0.016642 7.526100 0.009075 0.016366 0.999825 0.589700 0.000000 0.000000 0.000000 1.000000
0.999448 -0.032135 -0.008463 0.000000 0.031990 0.999347 -0.016771 7.526100 0.008997 0.016491 0.999824 0.589700 0.000000 0.000000 0.000000 1.000000
0.999418 -0.033079 -0.008373 -0.000000 0.032933 0.999314 -0.016942 7.526100 0.008927 0.016656 0.999821 0.589700 0.000000 0.000000 0.000000 1.000000
0.999386 -0.034058 -0.008231 0.000000 0.033912 0.999276 -0.017223 7.526100 0.008811 0.016933 0.999818 0.589700 0.000000 0.000000 0.000000 1.000000
0.999356 -0.034959 -0.008054 0.000000 0.034813 0.999239 -0.017592 7.526100 0.008663 0.017301 0.999813 0.589700 0.000000 0.000000 0.000000 1.000000
0.999334 -0.035635 -0.007902 0.000000 0.035489 0.999209 -0.017950 7.526100 0.008536 0.017658 0.999808 0.589700 0.000000 0.000000 0.000000 1.000000
0.999322 -0.035964 -0.007833 0.000000 0.035816 0.999193 -0.018190 7.526100 0.008481 0.017897 0.999804 0.589700 0.000000 0.000000 0.000000 1.000000
0.999324 -0.035914 -0.007864 0.000000 0.035766 0.999193 -0.018257 7.526100 0.008513 0.017963 0.999802 0.589700 0.000000 0.000000 0.000000 1.000000
0.999335 -0.035571 -0.007981 0.000000 0.035421 0.999207 -0.018172 7.526100 0.008621 0.017877 0.999803 0.589700 0.000000 0.000000 0.000000 1.000000
0.999351 -0.035084 -0.008158 0.000000 0.034933 0.999227 -0.018005 7.526100 0.008783 0.017708 0.999805 0.589700 0.000000 0.000000 0.000000 1.000000
0.999365 -0.034628 -0.008369 -0.000000 0.034475 0.999247 -0.017825 7.526100 0.008980 0.017525 0.999806 0.589700 0.000000 0.000000 0.000000 1.000000
0.999376 -0.034253 -0.008614 0.000000 0.034096 0.999262 -0.017673 7.526100 0.009213 0.017368 0.999807 0.589700 0.000000 0.000000 0.000000 1.000000
0.999384 -0.033934 -0.008900 0.000000 0.033774 0.999275 -0.017554 7.526100 0.009490 0.017243 0.999806 0.589700 0.000000 0.000000 0.000000 1.000000
0.999391 -0.033640 -0.009221 0.000000 0.033476 0.999287 -0.017460 7.526100 0.009802 0.017141 0.999805 0.589700 0.000000 0.000000 0.000000 1.000000
0.999398 -0.033360 -0.009551 0.000000 0.033190 0.999298 -0.017382 7.526100 0.010124 0.017054 0.999803 0.589700 0.000000 0.000000 0.000000 1.000000
0.999404 -0.033093 -0.009855 0.000000 0.032919 0.999308 -0.017321 7.526100 0.010422 0.016986 0.999801 0.589700 0.000000 0.000000 0.000000 1.000000
0.999410 -0.032838 -0.010103 0.000000 0.032660 0.999317 -0.017281 7.526100 0.010663 0.016941 0.999800 0.589700 0.000000 0.000000 0.000000 1.000000
0.999416 -0.032600 -0.010272 0.000000 0.032419 0.999325 -0.017265 7.526100 0.010828 0.016922 0.999798 0.589700 0.000000 0.000000 0.000000 1.000000
0.999421 -0.032424 -0.010351 -0.000000 0.032242 0.999331 -0.017282 7.526100 0.010904 0.016938 0.999797 0.589700 0.000000 0.000000 0.000000 1.000000
0.999422 -0.032391 -0.010329 0.000000 0.032209 0.999331 -0.017347 7.526100 0.010884 0.017004 0.999796 0.589700 0.000000 0.000000 0.000000 1.000000
0.999418 -0.032568 -0.010191 -0.000000 0.032386 0.999323 -0.017483 7.526100 0.010754 0.017143 0.999795 0.589700 0.000000 0.000000 0.000000 1.000000
0.999409 -0.032910 -0.009927 0.000000 0.032731 0.999308 -0.017694 7.526100 0.010503 0.017359 0.999794 0.589700 0.000000 0.000000 0.000000 1.000000
0.999401 -0.033247 -0.009556 0.000000 0.033072 0.999292 -0.017942 7.526100 0.010146 0.017616 0.999793 0.589700 0.000000 0.000000 0.000000 1.000000
0.999400 -0.033405 -0.009133 -0.000000 0.033235 0.999283 -0.018145 7.526100 0.009733 0.017831 0.999794 0.589700 0.000000 0.000000 0.000000 1.000000
0.999407 -0.033302 -0.008749 0.000000 0.033138 0.999285 -0.018226 7.526100 0.009350 0.017925 0.999796 0.589700 0.000000 0.000000 0.000000 1.000000
0.999418 -0.033047 -0.008461 0.000000 0.032890 0.999294 -0.018173 7.526100 0.009056 0.017884 0.999799 0.589700 0.000000 0.000000 0.000000 1.000000
0.999428 -0.032794 -0.008277 -0.000000 0.032640 0.999304 -0.018059 7.526100 0.008863 0.017778 0.999803 0.589700 0.000000 0.000000 0.000000 1.000000
0.999435 -0.032601 -0.008167 0.000000 0.032450 0.999311 -0.018000 7.526100 0.008749 0.017724 0.999805 0.589700 0.000000 0.000000 0.000000 1.000000
0.999441 -0.032430 -0.008110 0.000000 0.032279 0.999315 -0.018075 7.526100 0.008691 0.017803 0.999804 0.589700 0.000000 0.000000 0.000000 1.000000
0.999447 -0.032238 -0.008097 0.000000 0.032086 0.999318 -0.018277 7.526100 0.008681 0.018007 0.999800 0.589700 0.000000 0.000000 0.000000 1.000000
