<?xml version="1.0" encoding="utf-8"?>
<COLLADA xmlns="http://www.collada.org/2005/11/COLLADASchema" version="1.4.1">
  <asset>
    <contributor>
      <author>Mixamo</author>
      <authoring_tool>COLLADA Mixamo exporter</authoring_tool>
      <comments/>
    </contributor>
    <created>2024-05-10T12:22:55Z</created>
    <modified>2024-05-10T12:22:55Z</modified>
    <revision/>
    <title/>
    <unit meter="0.010000"/>
    <up_axis>Y_UP</up_axis>
  </asset>
  <library_animations>
    <animation>
      <source id="Armature.001-Matrix-animation-input">
        <float_array id="Armature.001-Matrix-animation-input-array" count="51">

0.000000 0.033333 0.066667 0.100000 0.133333 0.166667 0.200000 0.233333 0.266667 0.300000 0.333333 0.366667 0.400000 0.433333 0.466667 0.500000
0.533333 0.566667 0.600000 0.633333 0.666667 0.700000 0.733333 0.766667 0.800000 0.833333 0.866667 0.900000 0.933333 0.966667 1.000000 1.033333
1.066667 1.100000 1.133333 1.166667 1.200000 1.233333 1.266667 1.300000 1.333333 1.366667 1.400000 1.433333 1.466667 1.500000 1.533333 1.566667
1.600000 1.633333 1.666667</float_array>
        <technique_common>
          <accessor source="#Armature.001-Matrix-animation-input-array" count="51">
            <param name="TIME" type="float"/>
          </accessor>
        </technique_common>
      </source>
      <source id="Armature.001-Matrix-animation-output-transform">
        <float_array id="Armature.001-Matrix-animation-output-transform-array" count="816">

100.000000 0.000000 0.000000 0.000000 0.000000 0.000000 100.000000 0.000000 0.000000 -100.000000 0.000000 0.000000 0.000000 0.000000 0.000000 1.000000
100.000000 0.000000 0.000000 0.000000 0.000000 0.000000 100.000000 0.000000 0.000000 -100.000000 0.000000 0.000000 0.000000 0.000000 0.000000 1.000000
100.000000 0.000000 0.000000 0.000000 0.000000 0.000000 100.000000 0.000000 0.000000 -100.000000 0.000000 0.000000 0.000000 0.000000 0.000000 1.000000
100.000000 0.000000 0.000000 0.000000 0.000000 0.000000 100.000000 0.000000 0.000000 -100.000000 0.000000 0.000000 0.000000 0.000000 0.000000 1.000000
100.000000 0.000000 0.000000 0.000000 0.000000 0.000000 100.000000 0.000000 0.000000 -100.000000 0.000000 0.000000 0.000000 0.000000 0.000000 1.000000
100.000000 0.000000 0.000000 0.000000 0.000000 0.000000 100.000000 0.000000 0.000000 -100.000000 0.000000 0.000000 0.000000 0.000000 0.000000 1.000000
100.000000 0.000000 0.000000 0.000000 0.000000 0.000000 100.000000 0.000000 0.000000 -100.000000 0.000000 0.000000 0.000000 0.000000 0.000000 1.000000
100.000000 0.000000 0.000000 0.000000 0.000000 0.000000 100.000000 0.000000 0.000000 -100.000000 0.000000 0.000000 0.000000 0.000000 0.000000 1.000000
100.000000 0.000000 0.000000 0.000000 0.000000 0.000000 100.000000 0.000000 0.000000 -100.000000 0.000000 0.000000 0.000000 0.000000 0.000000 1.000000
100.000000 0.000000 0.000000 0.000000 0.000000 0.000000 100.000000 0.000000 0.000000 -100.000000 0.000000 0.000000 0.000000 0.000000 0.000000 1.000000
100.000000 0.000000 0.000000 0.000000 0.000000 0.000000 100.000000 0.000000 0.000000 -100.000000 0.000000 0.000000 0.000000 0.000000 0.000000 1.000000
100.000000 0.000000 0.000000 0.000000 0.000000 0.000000 100.000000 0.000000 0.000000 -100.000000 0.000000 0.000000 0.000000 0.000000 0.000000 1.000000
100.000000 0.000000 0.000000 0.000000 0.000000 0.000000 100.000000 0.000000 0.000000 -100.000000 0.000000 0.000000 0.000000 0.000000 0.000000 1.000000
100.000000 0.000000 0.000000 0.000000 0.000000 0.000000 100.000000 0.000000 0.000000 -100.000000 0.000000 0.000000 0.000000 0.000000 0.000000 1.000000
100.000000 0.000000 0.000000 0.000000 0.000000 0.000000 100.000000 0.000000 0.000000 -100.000000 0.000000 0.000000 0.000000 0.000000 0.000000 1.000000
100.000000 0.000000 0.000000 0.000000 0.000000 0.000000 100.000000 0.000000 0.000000 -100.000000 0.000000 0.000000 0.000000 0.000000 0.000000 1.000000
100.000000 0.000000 0.000000 0.000000 0.000000 0.000000 100.000000 0.000000 0.000000 -100.000000 0.000000 0.000000 0.000000 0.000000 0.000000 1.000000
100.000000 0.000000 0.000000 0.000000 0.000000 0.000000 100.000000 0.000000 0.000000 -100.000000 0.000000 0.000000 0.000000 0.000000 0.000000 1.000000
100.000000 0.000000 0.000000 0.000000 0.000000 0.000000 100.000000 0.000000 0.000000 -100.000000 0.000000 0.000000 0.000000 0.000000 0.000000 1.000000
100.000000 0.000000 0.000000 0.000000 0.000000 0.000000 100.000000 0.000000 0.000000 -100.000000 0.000000 0.000000 0.000000 0.000000 0.000000 1.000000
100.000000 0.000000 0.000000 0.000000 0.000000 0.000000 100.000000 0.000000 0.000000 -100.000000 0.000000 0.000000 0.000000 0.000000 0.000000 1.000000
100.000000 0.000000 0.000000 0.000000 0.000000 0.000000 100.000000 0.000000 0.000000 -100.000000 0.000000 0.000000 0.000000 0.000000 0.000000 1.000000
100.000000 0.000000 0.000000 0.000000 0.000000 0.000000 100.000000 0.000000 0.000000 -100.000000 0.000000 0.000000 0.000000 0.000000 0.000000 1.000000
100.000000 0.000000 0.000000 0.000000 0.000000 0.000000 100.000000 0.000000 0.000000 -100.000000 0.000000 0.000000 0.000000 0.000000 0.000000 1.000000
100.000000 0.000000 0.000000 0.000000 0.000000 0.000000 100.000000 0.000000 0.000000 -100.000000 0.000000 0.000000 0.000000 0.000000 0.000000 1.000000
100.000000 0.000000 0.000000 0.000000 0.000000 0.000000 100.000000 0.000000 0.000000 -100.000000 0.000000 0.000000 0.000000 0.000000 0.000000 1.000000
100.000000 0.000000 0.000000 0.000000 0.000000 0.000000 100.000000 0.000000 0.000000 -100.000000 0.000000 0.000000 0.000000 0.000000 0.000000 1.000000
100.000000 0.000000 0.000000 0.000000 0.000000 0.000000 100.000000 0.000000 0.000000 -100.000000 0.000000 0.000000 0.000000 0.000000 0.000000 1.000000
100.000000 0.000000 0.000000 0.000000 0.000000 0.000000 100.000000 0.000000 0.000000 -100.000000 0.000000 0.000000 0.000000 0.000000 0.000000 1.000000
100.000000 0.000000 0.000000 0.000000 0.000000 0.000000 100.000000 0.000000 0.000000 -100.000000 0.000000 0.000000 0.000000 0.000000 0.000000 1.000000
100.000000 0.000000 0.000000 0.000000 0.000000 0.000000 100.000000 0.000000 0.000000 -100.000000 0.000000 0.000000 0.000000 0.000000 0.000000 1.000000
100.000000 0.000000 0.000000 0.000000 0.000000 0.000000 100.000000 0.000000 0.000000 -100.000000 0.000000 0.000000 0.000000 0.000000 0.000000 1.000000
100.000000 0.000000 0.000000 0.000000 0.000000 0.000000 100.000000 0.000000 0.000000 -100.000000 0.000000 0.000000 0.000000 0.000000 0.000000 1.000000
100.000000 0.000000 0.000000 0.000000 0.000000 0.000000 100.000000 0.000000 0.000000 -100.000000 0.000000 0.000000 0.000000 0.000000 0.000000 1.000000
100.000000 0.000000 0.000000 0.000000 0.000000 0.000000 100.000000 0.000000 0.000000 -100.000000 0.000000 0.000000 0.000000 0.000000 0.000000 1.000000
100.000000 0.000000 0.000000 0.000000 0.000000 0.000000 100.000000 0.000000 0.000000 -100.000000 0.000000 0.000000 0.000000 0.000000 0.000000 1.000000
100.000000 0.000000 0.000000 0.000000 0.000000 0.000000 100.000000 0.000000 0.000000 -100.000000 0.000000 0.000000 0.000000 0.000000 0.000000 1.000000
100.000000 0.000000 0.000000 0.000000 0.000000 0.000000 100.000000 0.000000 0.000000 -100.000000 0.000000 0.000000 0.000000 0.000000 0.000000 1.000000
100.000000 0.000000 0.000000 0.000000 0.000000 0.000000 100.000000 0.000000 0.000000 -100.000000 0.000000 0.000000 0.000000 0.000000 0.000000 1.000000
100.000000 0.000000 0.000000 0.000000 0.000000 0.000000 100.000000 0.000000 0.000000 -100.000000 0.000000 0.000000 0.000000 0.000000 0.000000 1.000000
100.000000 0.000000 0.000000 0.000000 0.000000 0.000000 100.000000 0.000000 0.000000 -100.000000 0.000000 0.000000 0.000000 0.000000 0.000000 1.000000
100.000000 0.000000 0.000000 0.000000 0.000000 0.000000 100.000000 0.000000 0.000000 -100.000000 0.000000 0.000000 0.000000 0.000000 0.000000 1.000000
100.000000 0.000000 0.000000 0.000000 0.000000 0.000000 100.000000 0.000000 0.000000 -100.000000 0.000000 0.000000 0.000000 0.000000 0.000000 1.000000
100.000000 0.000000 0.000000 0.000000 0.000000 0.000000 100.000000 0.000000 0.000000 -100.000000 0.000000 0.000000 0.000000 0.000000 0.000000 1.000000
100.000000 0.000000 0.000000 0.000000 0.000000 0.000000 100.000000 0.000000 0.000000 -100.000000 0.000000 0.000000 0.000000 0.000000 0.000000 1.000000
100.000000 0.000000 0.000000 0.000000 0.000000 0.000000 100.000000 0.000000 0.000000 -100.000000 0.000000 0.000000 0.000000 0.000000 0.000000 1.000000
100.000000 0.000000 0.000000 0.000000 0.000000 0.000000 100.000000 0.000000 0.000000 -100.000000 0.000000 0.000000 0.000000 0.000000 0.000000 1.000000
100.000000 0.000000 0.000000 0.000000 0.000000 0.000000 100.000000 0.000000 0.000000 -100.000000 0.000000 0.000000 0.000000 0.000000 0.000000 1.000000
100.000000 0.000000 0.000000 0.000000 0.000000 0.000000 100.000000 0.000000 0.000000 -100.000000 0.000000 0.000000 0.000000 0.000000 0.000000 1.000000
100.000000 0.000000 0.000000 0.000000 0.000000 0.000000 100.000000 0.000000 0.000000 -100.000000 0.000000 0.000000 0.000000 0.000000 0.000000 1.000000
100.000000 0.000000 0.000000 0.000000 0.000000 0.000000 100.000000 0.000000 0.000000 -100.000000 0.000000 0.000000 0.000000 0.000000 0.000000 1.000000</float_array>
        <technique_common>
          <accessor source="#Armature.001-Matrix-animation-output-transform-array" count="51" stride="16">
            <param type="float4x4"/>
          </accessor>
        </technique_common>
      </source>
      <source id="Armature.001-Interpolations">
        <Name_array id="Armature.001-Interpolations-array" count="51">
 LINEAR LINEAR LINEAR LINEAR LINEAR LINEAR LINEAR LINEAR LINEAR LINEAR LINEAR
LINEAR LINEAR LINEAR LINEAR LINEAR LINEAR LINEAR LINEAR LINEAR LINEAR LINEAR LINEAR
LINEAR LINEAR LINEAR LINEAR LINEAR LINEAR LINEAR LINEAR LINEAR LINEAR LINEAR LINEAR
LINEAR LINEAR LINEAR LINEAR LINEAR LINEAR LINEAR LINEAR LINEAR LINEAR LINEAR LINEAR
LINEAR LINEAR LINEAR LINEAR</Name_array>
        <technique_common>
          <accessor source="#Armature.001-Interpolations-array" count="51">
            <param type="name"/>
          </accessor>
        </technique_common>
      </source>
      <sampler id="Armature.001-Matrix-animation-transform">
        <input semantic="INPUT" source="#Armature.001-Matrix-animation-input"/>
        <input semantic="OUTPUT" source="#Armature.001-Matrix-animation-output-transform"/>
        <input semantic="INTERPOLATION" source="#Armature.001-Interpolations"/>
      </sampler>
      <channel source="#Armature.001-Matrix-animation-transform" target="Armature.001/matrix"/>
      <source id="mixamorig_Hips-Matrix-animation-input">
        <float_array id="mixamorig_Hips-Matrix-animation-input-array" count="51">

0.000000 0.033333 0.066667 0.100000 0.133333 0.166667 0.200000 0.233333 0.266667 0.300000 0.333333 0.366667 0.400000 0.433333 0.466667 0.500000
0.533333 0.566667 0.600000 0.633333 0.666667 0.700000 0.733333 0.766667 0.800000 0.833333 0.866667 0.900000 0.933333 0.966667 1.000000 1.033333
1.066667 1.100000 1.133333 1.166667 1.200000 1.233333 1.266667 1.300000 1.333333 1.366667 1.400000 1.433333 1.466667 1.500000 1.533333 1.566667
1.600000 1.633333 1.666667</float_array>
        <technique_common>
          <accessor source="#mixamorig_Hips-Matrix-animation-input-array" count="51">
            <param name="TIME" type="float"/>
          </accessor>
        </technique_common>
      </source>
      <source id="mixamorig_Hips-Matrix-animation-output-transform">
        <float_array id="mixamorig_Hips-Matrix-animation-output-transform-array" count="816">

0.690782 0.000453 0.723063 -0.006236 0.719792 0.094587 -0.687716 0.007261 -0.068704 0.995517 0.065012 0.794512 0.000000 0.000000 0.000000 1.000000
0.700724 -0.005598 0.713410 -0.002116 0.709424 0.111320 -0.695935 0.007790 -0.075521 0.993769 0.081976 0.797502 0.000000 0.000000 0.000000 1.000000
0.748452 -0.020646 0.662868 0.008520 0.658212 0.145348 -0.738668 0.004724 -0.081096 0.989165 0.122376 0.800290 0.000000 0.000000 0.000000 1.000000
0.813112 -0.038274 0.580847 0.025808 0.575414 0.203729 -0.792082 -0.004191 -0.088020 0.978279 0.187678 0.803874 0.000000 0.000000 0.000000 1.000000
0.864856 -0.044295 0.500063 0.046094 0.491756 0.275149 -0.826117 -0.019027 -0.100999 0.960381 0.259746 0.809098 0.000000 0.000000 0.000000 1.000000
0.925463 -0.018594 0.378382 0.072073 0.362152 0.336591 -0.869225 -0.038283 -0.111198 0.941467 0.318236 0.811612 0.000000 0.000000 0.000000 1.000000
0.984164 0.046007 0.171189 0.104782 0.143153 0.363275 -0.920618 -0.056355 -0.104543 0.930545 0.350936 0.806775 0.000000 0.000000 0.000000 1.000000
0.994209 0.102541 -0.032154 0.131654 -0.066195 0.348645 -0.934914 -0.063730 -0.084657 0.931629 0.353414 0.796242 0.000000 0.000000 0.000000 1.000000
0.980382 0.119981 -0.156383 0.145277 -0.187182 0.318137 -0.929382 -0.058407 -0.061757 0.940422 0.334354 0.783414 0.000000 0.000000 0.000000 1.000000
0.963991 0.124132 -0.235185 0.153358 -0.261881 0.289310 -0.920716 -0.047013 -0.046249 0.949153 0.311400 0.770118 0.000000 0.000000 0.000000 1.000000
0.945315 0.130660 -0.298845 0.161138 -0.323688 0.263226 -0.908811 -0.033252 -0.040081 0.955845 0.291125 0.756510 0.000000 0.000000 0.000000 1.000000
0.931743 0.134694 -0.337212 0.167447 -0.360879 0.240520 -0.901064 -0.016991 -0.040262 0.961253 0.272711 0.743725 0.000000 0.000000 0.000000 1.000000
0.926783 0.134197 -0.350805 0.172109 -0.373126 0.222007 -0.900827 0.001105 -0.043007 0.965766 0.255824 0.732638 0.000000 0.000000 0.000000 1.000000
0.927602 0.129719 -0.350324 0.175919 -0.370696 0.203551 -0.906174 0.019701 -0.046239 0.970433 0.236901 0.723698 0.000000 0.000000 0.000000 1.000000
0.931485 0.120532 -0.343231 0.179399 -0.360603 0.181531 -0.914883 0.037629 -0.047965 0.975971 0.212558 0.716955 0.000000 0.000000 0.000000 1.000000
0.936725 0.106170 -0.333577 0.183372 -0.347119 0.158332 -0.924359 0.054105 -0.045323 0.981661 0.185167 0.712480 0.000000 0.000000 0.000000 1.000000
0.942593 0.087174 -0.322365 0.188044 -0.331853 0.136662 -0.933379 0.069031 -0.037311 0.986775 0.157746 0.710660 0.000000 0.000000 0.000000 1.000000
0.949797 0.063760 -0.306301 0.192349 -0.311880 0.115257 -0.943105 0.082470 -0.024829 0.991287 0.129356 0.711419 0.000000 0.000000 0.000000 1.000000
0.960715 0.035441 -0.275266 0.195006 -0.277407 0.092069 -0.956331 0.094703 -0.008550 0.995122 0.098284 0.713984 0.000000 0.000000 0.000000 1.000000
0.975475 0.003232 -0.220085 0.195229 -0.219821 0.065396 -0.973346 0.106432 0.011247 0.997854 0.064503 0.717749 0.000000 0.000000 0.000000 1.000000
0.988937 -0.028369 -0.145601 0.192443 -0.144679 0.032224 -0.988954 0.118080 0.032747 0.999078 0.027763 0.722443 0.000000 0.000000 0.000000 1.000000
0.996437 -0.053127 -0.065504 0.185979 -0.066102 -0.009571 -0.997767 0.129410 0.052382 0.998542 -0.013049 0.727365 0.000000 0.000000 0.000000 1.000000
0.997738 -0.066048 0.012517 0.175055 0.008628 -0.058828 -0.998231 0.139910 0.066668 0.996081 -0.058125 0.731253 0.000000 0.000000 0.000000 1.000000
0.994143 -0.064233 0.086908 0.159394 0.079405 -0.111346 -0.990604 0.149222 0.073306 0.991704 -0.105593 0.733363 0.000000 0.000000 0.000000 1.000000
0.986366 -0.048666 0.157206 0.139723 0.147617 -0.160596 -0.975919 0.156950 0.072741 0.985820 -0.151223 0.733908 0.000000 0.000000 0.000000 1.000000
0.973906 -0.023844 0.225697 0.117145 0.216522 -0.200409 -0.955487 0.162378 0.068014 0.979422 -0.190016 0.733272 0.000000 0.000000 0.000000 1.000000
0.955727 0.007673 0.294155 0.092905 0.288092 -0.227918 -0.930084 0.165358 0.059907 0.973650 -0.220038 0.732288 0.000000 0.000000 0.000000 1.000000
0.920710 0.059359 0.385707 0.057657 0.387826 -0.249107 -0.887433 0.165692 0.043405 0.966655 -0.252376 0.730956 0.000000 0.000000 0.000000 1.000000
0.878917 0.103671 0.465573 0.025425 0.475899 -0.256156 -0.841371 0.162255 0.032033 0.961060 -0.274476 0.730130 0.000000 0.000000 0.000000 1.000000
0.830383 0.131312 0.541499 -0.001564 0.556323 -0.249682 -0.792568 0.156217 0.031129 0.959383 -0.280384 0.730800 0.000000 0.000000 0.000000 1.000000
0.779470 0.146729 0.609013 -0.022088 0.625694 -0.229776 -0.745460 0.149038 0.030556 0.962119 -0.270911 0.733649 0.000000 0.000000 0.000000 1.000000
0.731117 0.150484 0.665449 -0.035896 0.681705 -0.200184 -0.703708 0.141393 0.027315 0.968133 -0.248944 0.738683 0.000000 0.000000 0.000000 1.000000
0.682764 0.143519 0.716405 -0.043785 0.730292 -0.164271 -0.663090 0.133849 0.022518 0.975919 -0.216969 0.745476 0.000000 0.000000 0.000000 1.000000
0.634229 0.129720 0.762185 -0.047021 0.772968 -0.127482 -0.621505 0.126457 0.016543 0.983321 -0.181122 0.753665 0.000000 0.000000 0.000000 1.000000
0.593364 0.108273 0.797619 -0.046826 0.804911 -0.087222 -0.586950 0.118661 0.006019 0.990288 -0.138904 0.762469 0.000000 0.000000 0.000000 1.000000
0.564376 0.080371 0.821596 -0.043877 0.825469 -0.044110 -0.562721 0.110116 -0.008986 0.995788 -0.091239 0.770416 0.000000 0.000000 0.000000 1.000000
0.543510 0.053727 0.837682 -0.039394 0.839090 -0.007513 -0.543941 0.099479 -0.022931 0.998527 -0.049165 0.777198 0.000000 0.000000 0.000000 1.000000
0.532470 0.030945 0.845883 -0.034529 0.845572 0.026036 -0.533226 0.086632 -0.038524 0.999182 -0.012302 0.783491 0.000000 0.000000 0.000000 1.000000
0.531302 0.013174 0.847080 -0.030043 0.845496 0.054808 -0.531161 0.072586 -0.053424 0.998410 0.017980 0.789472 0.000000 0.000000 0.000000 1.000000
0.533981 0.002088 0.845494 -0.026420 0.843086 0.074145 -0.532643 0.058138 -0.063801 0.997245 0.037832 0.794764 0.000000 0.000000 0.000000 1.000000
0.535953 -0.004331 0.844237 -0.023459 0.841280 0.086515 -0.533632 0.044318 -0.070728 0.996241 0.050012 0.798950 0.000000 0.000000 0.000000 1.000000
0.541574 -0.007289 0.840622 -0.020742 0.837207 0.095128 -0.538549 0.032413 -0.076041 0.995438 0.057621 0.801930 0.000000 0.000000 0.000000 1.000000
0.555828 -0.008188 0.831257 -0.018062 0.827482 0.101141 -0.552307 0.023108 -0.079552 0.994838 0.062992 0.804196 0.000000 0.000000 0.000000 1.000000
0.575596 -0.008585 0.817689 -0.015254 0.813626 0.106129 -0.571621 0.016140 -0.081873 0.994315 0.068072 0.806481 0.000000 0.000000 0.000000 1.000000
0.595255 -0.008316 0.803494 -0.012794 0.799320 0.108436 -0.591040 0.012091 -0.082213 0.994069 0.071194 0.807202 0.000000 0.000000 0.000000 1.000000
0.614007 -0.007344 0.789266 -0.010943 0.785188 0.107632 -0.609832 0.010242 -0.080472 0.994164 0.071853 0.805905 0.000000 0.000000 0.000000 1.000000
0.632398 -0.006005 0.774620 -0.009399 0.770692 0.105755 -0.628371 0.009120 -0.078146 0.994374 0.071507 0.803914 0.000000 0.000000 0.000000 1.000000
0.649685 -0.004379 0.760191 -0.008182 0.756428 0.103261 -0.645874 0.008425 -0.075670 0.994645 0.070399 0.801580 0.000000 0.000000 0.000000 1.000000
0.665408 -0.002724 0.746475 -0.007258 0.742879 0.100524 -0.661835 0.007909 -0.073236 0.994931 0.068913 0.799207 0.000000 0.000000 0.000000 1.000000
0.679475 -0.001172 0.733698 -0.006569 0.730257 0.097821 -0.676133 0.007466 -0.070979 0.995203 0.067323 0.796997 0.000000 0.000000 0.000000 1.000000
0.690782 0.000454 0.723063 -0.006236 0.719792 0.094587 -0.687716 0.007261 -0.068704 0.995517 0.065012 0.794512 0.000000 0.000000 0.000000 1.000000</float_array>
        <technique_common>
          <accessor source="#mixamorig_Hips-Matrix-animation-output-transform-array" count="51" stride="16">
            <param type="float4x4"/>
          </accessor>
        </technique_common>
      </source>
      <source id="mixamorig_Hips-Interpolations">
        <Name_array id="mixamorig_Hips-Interpolations-array" count="51">
 LINEAR LINEAR LINEAR LINEAR LINEAR LINEAR LINEAR LINEAR LINEAR LINEAR LINEAR
LINEAR LINEAR LINEAR LINEAR LINEAR LINEAR LINEAR LINEAR LINEAR LINEAR LINEAR LINEAR
LINEAR LINEAR LINEAR LINEAR LINEAR LINEAR LINEAR LINEAR LINEAR LINEAR LINEAR LINEAR
LINEAR LINEAR LINEAR LINEAR LINEAR LINEAR LINEAR LINEAR LINEAR LINEAR LINEAR LINEAR
LINEAR LINEAR LINEAR LINEAR</Name_array>
        <technique_common>
          <accessor source="#mixamorig_Hips-Interpolations-array" count="51">
            <param type="name"/>
          </accessor>
        </technique_common>
      </source>
      <sampler id="mixamorig_Hips-Matrix-animation-transform">
        <input semantic="INPUT" source="#mixamorig_Hips-Matrix-animation-input"/>
        <input semantic="OUTPUT" source="#mixamorig_Hips-Matrix-animation-output-transform"/>
        <input semantic="INTERPOLATION" source="#mixamorig_Hips-Interpolations"/>
      </sampler>
      <channel source="#mixamorig_Hips-Matrix-animation-transform" target="mixamorig_Hips/matrix"/>
      <source id="mixamorig_Spine-Matrix-animation-input">
        <float_array id="mixamorig_Spine-Matrix-animation-input-array" count="51">

0.000000 0.033333 0.066667 0.100000 0.133333 0.166667 0.200000 0.233333 0.266667 0.300000 0.333333 0.366667 0.400000 0.433333 0.466667 0.500000
0.533333 0.566667 0.600000 0.633333 0.666667 0.700000 0.733333 0.766667 0.800000 0.833333 0.866667 0.900000 0.933333 0.966667 1.000000 1.033333
1.066667 1.100000 1.133333 1.166667 1.200000 1.233333 1.266667 1.300000 1.333333 1.366667 1.400000 1.433333 1.466667 1.500000 1.533333 1.566667
1.600000 1.633333 1.666667</float_array>
        <technique_common>
          <accessor source="#mixamorig_Spine-Matrix-animation-input-array" count="51">
            <param name="TIME" type="float"/>
          </accessor>
        </technique_common>
      </source>
      <source id="mixamorig_Spine-Matrix-animation-output-transform">
        <float_array id="mixamorig_Spine-Matrix-animation-output-transform-array" count="816">

0.991520 -0.018277 -0.128659 0.000000 0.012119 0.998751 -0.048482 0.069300 0.129385 0.046512 0.990503 -0.008100 0.000000 0.000000 0.000000 1.000000
0.995719 -0.017942 -0.090675 0.000000 0.015115 0.999381 -0.031762 0.069300 0.091188 0.030256 0.995374 -0.008100 0.000000 0.000000 0.000000 1.000000
0.998686 -0.012044 -0.049809 0.000000 0.011758 0.999913 -0.006038 0.069300 0.049878 0.005444 0.998740 -0.008100 0.000000 0.000000 0.000000 1.000000
0.999732 0.000520 -0.023144 0.000000 0.000211 0.999502 0.031570 0.069300 0.023149 -0.031567 0.999234 -0.008100 0.000000 0.000000 0.000000 1.000000
0.999376 0.012973 -0.032863 0.000000 -0.010259 0.996623 0.081467 0.069300 0.033809 -0.081079 0.996134 -0.008100 0.000000 0.000000 0.000000 1.000000
0.994506 0.005757 -0.104520 0.000000 0.009579 0.989291 0.145640 0.069300 0.104240 -0.145841 0.983801 -0.008100 0.000000 0.000000 0.000000 1.000000
0.975873 -0.029689 -0.216309 -0.000000 0.076134 0.974801 0.209682 0.069300 0.204633 -0.221092 0.953543 -0.008100 0.000000 0.000000 0.000000 1.000000
0.955044 -0.071441 -0.287728 -0.000000 0.144434 0.959684 0.241132 0.069300 0.258901 -0.271850 0.926859 -0.008100 0.000000 0.000000 0.000000 1.000000
0.950617 -0.101091 -0.293443 0.000000 0.174144 0.956346 0.234683 0.069300 0.256909 -0.274195 0.926723 -0.008100 0.000000 0.000000 0.000000 1.000000
0.950973 -0.119767 -0.285142 0.000000 0.184702 0.959433 0.213011 0.069300 0.248063 -0.255234 0.934516 -0.008100 0.000000 0.000000 0.000000 1.000000
0.946521 -0.130972 -0.294863 0.000000 0.191698 0.963388 0.187443 0.069300 0.259518 -0.233943 0.936974 -0.008100 0.000000 0.000000 0.000000 1.000000
0.940527 -0.135691 -0.311445 0.000000 0.191247 0.969180 0.155287 0.069300 0.280775 -0.205614 0.937490 -0.008100 0.000000 0.000000 0.000000 1.000000
0.935112 -0.135749 -0.327320 -0.000000 0.183209 0.975884 0.118676 0.069300 0.303316 -0.170944 0.937431 -0.008100 0.000000 0.000000 0.000000 1.000000
0.930356 -0.133518 -0.341483 0.000000 0.172461 0.981237 0.086206 0.069300 0.323565 -0.139095 0.935926 -0.008100 0.000000 0.000000 0.000000 1.000000
0.927247 -0.130311 -0.351045 -0.000000 0.161912 0.984850 0.062087 0.069300 0.337636 -0.114409 0.934298 -0.008100 0.000000 0.000000 0.000000 1.000000
0.926652 -0.126212 -0.354100 -0.000000 0.150823 0.987640 0.042666 0.069300 0.344339 -0.092943 0.934234 -0.008100 0.000000 0.000000 0.000000 1.000000
0.929456 -0.121713 -0.348278 0.000000 0.138592 0.990062 0.023865 0.069300 0.341912 -0.070450 0.937088 -0.008100 0.000000 0.000000 0.000000 1.000000
0.935552 -0.117320 -0.333135 -0.000000 0.126882 0.991893 0.007011 0.069300 0.329612 -0.048828 0.942853 -0.008100 0.000000 0.000000 0.000000 1.000000
0.941834 -0.114080 -0.316123 0.000000 0.118034 0.992987 -0.006681 0.069300 0.314668 -0.031021 0.948695 -0.008100 0.000000 0.000000 0.000000 1.000000
0.945778 -0.114483 -0.303968 0.000000 0.113586 0.993313 -0.020696 0.069300 0.304305 -0.014953 0.952457 -0.008100 0.000000 0.000000 0.000000 1.000000
0.948796 -0.120085 -0.292174 -0.000000 0.114209 0.992762 -0.037153 0.069300 0.294521 0.001882 0.955643 -0.008100 0.000000 0.000000 0.000000 1.000000
0.952992 -0.129377 -0.273986 0.000000 0.119267 0.991430 -0.053315 0.069300 0.278536 0.018131 0.960255 -0.008100 0.000000 0.000000 0.000000 1.000000
0.958062 -0.139346 -0.250401 0.000000 0.126444 0.989710 -0.066975 0.069300 0.257157 0.032504 0.965823 -0.008100 0.000000 0.000000 0.000000 1.000000
0.963185 -0.148012 -0.224425 0.000000 0.133330 0.987894 -0.079306 0.069300 0.233446 0.046463 0.971259 -0.008100 0.000000 0.000000 0.000000 1.000000
0.968111 -0.154506 -0.197205 0.000000 0.138613 0.986057 -0.092080 0.069300 0.208682 0.061809 0.976028 -0.008100 0.000000 0.000000 0.000000 1.000000
0.972156 -0.158811 -0.172314 0.000000 0.141954 0.984163 -0.106169 0.069300 0.186446 0.078752 0.979304 -0.008100 0.000000 0.000000 0.000000 1.000000
0.974818 -0.162734 -0.152474 0.000000 0.144858 0.981919 -0.121870 0.069300 0.169549 0.096714 0.980765 -0.008100 0.000000 0.000000 0.000000 1.000000
0.977757 -0.166644 -0.127365 0.000000 0.148017 0.978457 -0.143917 0.069300 0.148604 0.121863 0.981359 -0.008100 0.000000 0.000000 0.000000 1.000000
0.981215 -0.162854 -0.103418 -0.000000 0.145260 0.976461 -0.159449 0.069300 0.126951 0.141432 0.981774 -0.008100 0.000000 0.000000 0.000000 1.000000
0.984315 -0.154416 -0.085325 0.000000 0.138414 0.975812 -0.169211 0.069300 0.109390 0.154747 0.981879 -0.008100 0.000000 0.000000 0.000000 1.000000
0.987052 -0.146026 -0.066362 0.000000 0.132612 0.975685 -0.174505 0.069300 0.090230 0.163446 0.982417 -0.008100 0.000000 0.000000 0.000000 1.000000
0.989599 -0.136693 -0.044827 -0.000000 0.126969 0.976434 -0.174517 0.069300 0.067626 0.167010 0.983633 -0.008100 0.000000 0.000000 0.000000 1.000000
0.991065 -0.130216 -0.028864 -0.000000 0.123584 0.977933 -0.168443 0.069300 0.050161 0.163371 0.985289 -0.008100 0.000000 0.000000 0.000000 1.000000
0.991898 -0.124776 -0.023861 0.000000 0.119573 0.980437 -0.156350 0.069300 0.042903 0.152230 0.987414 -0.008100 0.000000 0.000000 0.000000 1.000000
0.992848 -0.117656 -0.020237 0.000000 0.113515 0.982875 -0.145160 0.069300 0.036969 0.141825 0.989201 -0.008100 0.000000 0.000000 0.000000 1.000000
0.993746 -0.110870 -0.013264 0.000000 0.108056 0.984797 -0.136012 0.069300 0.028142 0.133728 0.990618 -0.008100 0.000000 0.000000 0.000000 1.000000
0.994911 -0.099981 -0.012444 -0.000000 0.097700 0.987553 -0.123266 0.069300 0.024613 0.121423 0.992296 -0.008100 0.000000 0.000000 0.000000 1.000000
0.996127 -0.086729 -0.014482 0.000000 0.084607 0.990245 -0.110709 0.069300 0.023942 0.109055 0.993747 -0.008100 0.000000 0.000000 0.000000 1.000000
0.997153 -0.073433 -0.017148 0.000000 0.071390 0.992523 -0.099006 0.069300 0.024290 0.097500 0.994939 -0.008100 0.000000 0.000000 0.000000 1.000000
0.997851 -0.060902 -0.024160 0.000000 0.058619 0.994569 -0.086004 0.069300 0.029267 0.084403 0.996002 -0.008100 0.000000 0.000000 0.000000 1.000000
0.997980 -0.052110 -0.036341 0.000000 0.049347 0.996096 -0.073195 0.069300 0.040014 0.071254 0.996655 -0.008100 0.000000 0.000000 0.000000 1.000000
0.997632 -0.046731 -0.050468 0.000000 0.043588 0.997145 -0.061667 0.069300 0.053206 0.059321 0.996820 -0.008100 0.000000 0.000000 0.000000 1.000000
0.997161 -0.041768 -0.062653 0.000000 0.038495 0.997875 -0.052569 0.069300 0.064715 0.050008 0.996650 -0.008100 0.000000 0.000000 0.000000 1.000000
0.996643 -0.037127 -0.072971 -0.000000 0.033784 0.998346 -0.046525 0.069300 0.074577 0.043904 0.996248 -0.008100 0.000000 0.000000 0.000000 1.000000
0.996055 -0.033528 -0.082159 0.000000 0.030015 0.998597 -0.043630 0.069300 0.083507 0.040992 0.995664 -0.008100 0.000000 0.000000 0.000000 1.000000
0.995428 -0.030316 -0.090579 0.000000 0.026495 0.998719 -0.043101 0.069300 0.091770 0.040504 0.994956 -0.008100 0.000000 0.000000 0.000000 1.000000
0.994748 -0.027336 -0.098637 0.000000 0.023145 0.998790 -0.043388 0.069300 0.099703 0.040877 0.994177 -0.008100 0.000000 0.000000 0.000000 1.000000
0.993995 -0.024778 -0.106581 0.000000 0.020153 0.998817 -0.044252 0.069300 0.107551 0.041839 0.993319 -0.008100 0.000000 0.000000 0.000000 1.000000
0.993193 -0.022455 -0.114291 0.000000 0.017358 0.998818 -0.045394 0.069300 0.115176 0.043101 0.992410 -0.008100 0.000000 0.000000 0.000000 1.000000
0.992363 -0.020269 -0.121671 -0.000000 0.014691 0.998807 -0.046573 0.069300 0.122470 0.044430 0.991477 -0.008100 0.000000 0.000000 0.000000 1.000000
0.991520 -0.018277 -0.128659 0.000000 0.012120 0.998751 -0.048482 0.069300 0.129384 0.046512 0.990503 -0.008100 0.000000 0.000000 0.000000 1.000000</float_array>
        <technique_common>
          <accessor source="#mixamorig_Spine-Matrix-animation-output-transform-array" count="51" stride="16">
            <param type="float4x4"/>
          </accessor>
        </technique_common>
      </source>
      <source id="mixamorig_Spine-Interpolations">
        <Name_array id="mixamorig_Spine-Interpolations-array" count="51">
 LINEAR LINEAR LINEAR LINEAR LINEAR LINEAR LINEAR LINEAR LINEAR LINEAR LINEAR
LINEAR LINEAR LINEAR LINEAR LINEAR LINEAR LINEAR LINEAR LINEAR LINEAR LINEAR LINEAR
LINEAR LINEAR LINEAR LINEAR LINEAR LINEAR LINEAR LINEAR LINEAR LINEAR LINEAR LINEAR
LINEAR LINEAR LINEAR LINEAR LINEAR LINEAR LINEAR LINEAR LINEAR LINEAR LINEAR LINEAR
LINEAR LINEAR LINEAR LINEAR</Name_array>
        <technique_common>
          <accessor source="#mixamorig_Spine-Interpolations-array" count="51">
            <param type="name"/>
          </accessor>
        </technique_common>
      </source>
      <sampler id="mixamorig_Spine-Matrix-animation-transform">
        <input semantic="INPUT" source="#mixamorig_Spine-Matrix-animation-input"/>
        <input semantic="OUTPUT" source="#mixamorig_Spine-Matrix-animation-output-transform"/>
        <input semantic="INTERPOLATION" source="#mixamorig_Spine-Interpolations"/>
      </sampler>
      <channel source="#mixamorig_Spine-Matrix-animation-transform" target="mixamorig_Spine/matrix"/>
      <source id="mixamorig_Spine1-Matrix-animation-input">
        <float_array id="mixamorig_Spine1-Matrix-animation-input-array" count="51">

0.000000 0.033333 0.066667 0.100000 0.133333 0.166667 0.200000 0.233333 0.266667 0.300000 0.333333 0.366667 0.400000 0.433333 0.466667 0.500000
0.533333 0.566667 0.600000 0.633333 0.666667 0.700000 0.733333 0.766667 0.800000 0.833333 0.866667 0.900000 0.933333 0.966667 1.000000 1.033333
1.066667 1.100000 1.133333 1.166667 1.200000 1.233333 1.266667 1.300000 1.333333 1.366667 1.400000 1.433333 1.466667 1.500000 1.533333 1.566667
1.600000 1.633333 1.666667</float_array>
        <technique_common>
          <accessor source="#mixamorig_Spine1-Matrix-animation-input-array" count="51">
            <param name="TIME" type="float"/>
          </accessor>
        </technique_common>
      </source>
      <source id="mixamorig_Spine1-Matrix-animation-output-transform">
        <float_array id="mixamorig_Spine1-Matrix-animation-output-transform-array" count="816">

0.999723 -0.013875 -0.019007 0.000000 0.013141 0.999185 -0.038166 0.081400 0.019521 0.037905 0.999091 0.000000 0.000000 0.000000 0.000000 1.000000
0.999716 -0.023009 -0.006244 -0.000000 0.022579 0.997828 -0.061885 0.081400 0.007655 0.061726 0.998064 0.000000 0.000000 0.000000 0.000000 1.000000
0.999515 -0.030490 0.006366 -0.000000 0.030922 0.995872 -0.085338 0.081400 -0.003738 0.085494 0.996332 0.000000 0.000000 0.000000 0.000000 1.000000
0.999386 -0.034239 0.007498 0.000000 0.034835 0.993946 -0.104205 0.081400 -0.003884 0.104402 0.994528 -0.000000 0.000000 0.000000 0.000000 1.000000
0.999108 -0.038660 -0.016960 0.000000 0.036465 0.992720 -0.114789 0.081400 0.021274 0.114068 0.993245 0.000000 0.000000 0.000000 0.000000 1.000000
0.994872 -0.061805 -0.080057 0.000000 0.052834 0.992559 -0.109708 0.081400 0.086242 0.104916 0.990735 -0.000000 0.000000 0.000000 0.000000 1.000000
0.980555 -0.109849 -0.162622 0.000000 0.095779 0.991143 -0.091992 0.081400 0.171287 0.074628 0.982391 -0.000000 0.000000 0.000000 0.000000 1.000000
0.965358 -0.154497 -0.210272 0.000000 0.140093 0.986750 -0.081842 0.081400 0.220130 0.049549 0.974211 0.000000 0.000000 0.000000 0.000000 1.000000
0.961829 -0.175709 -0.209789 0.000000 0.160896 0.983231 -0.085841 0.081400 0.221354 0.048810 0.973971 -0.000000 0.000000 0.000000 0.000000 1.000000
0.961790 -0.186419 -0.200518 -0.000000 0.169633 0.980620 -0.098024 0.081400 0.214906 0.060264 0.974774 0.000000 0.000000 0.000000 0.000000 1.000000
0.959188 -0.195483 -0.204315 0.000000 0.175373 0.978057 -0.112465 0.081400 0.221816 0.072044 0.972423 -0.000000 0.000000 0.000000 0.000000 1.000000
0.955991 -0.200956 -0.213772 0.000000 0.175044 0.975384 -0.134109 0.081400 0.235460 0.090787 0.967634 0.000000 0.000000 0.000000 0.000000 1.000000
0.953633 -0.201182 -0.223850 0.000000 0.166899 0.972418 -0.162934 0.081400 0.250456 0.118019 0.960908 0.000000 0.000000 0.000000 0.000000 1.000000
0.951981 -0.197934 -0.233571 0.000000 0.154753 0.969368 -0.190728 0.081400 0.264167 0.145424 0.953450 0.000000 0.000000 0.000000 0.000000 1.000000
0.951153 -0.193656 -0.240426 0.000000 0.143176 0.966679 -0.212208 0.081400 0.273510 0.167419 0.947187 -0.000000 0.000000 0.000000 0.000000 1.000000
0.951354 -0.189589 -0.242862 0.000000 0.133210 0.963880 -0.230630 0.081400 0.277815 0.187059 0.942246 0.000000 0.000000 0.000000 0.000000 1.000000
0.953048 -0.185844 -0.239086 0.000000 0.124272 0.960015 -0.250855 0.081400 0.276146 0.209366 0.938035 0.000000 0.000000 0.000000 0.000000 1.000000
0.956266 -0.182232 -0.228796 0.000000 0.117009 0.955222 -0.271771 0.081400 0.268076 0.233114 0.934769 -0.000000 0.000000 0.000000 0.000000 1.000000
0.959443 -0.179604 -0.217282 0.000000 0.112439 0.950617 -0.289283 0.081400 0.258509 0.253119 0.932257 0.000000 0.000000 0.000000 0.000000 1.000000
0.961254 -0.179624 -0.209108 0.000000 0.111057 0.946618 -0.302623 0.081400 0.252303 0.267674 0.929889 0.000000 0.000000 0.000000 0.000000 1.000000
0.962493 -0.182157 -0.201063 -0.000000 0.113112 0.943031 -0.312888 0.081400 0.246603 0.278410 0.928264 -0.000000 0.000000 0.000000 0.000000 1.000000
0.964406 -0.185200 -0.188739 0.000000 0.117986 0.940161 -0.319651 0.081400 0.236644 0.286004 0.928548 0.000000 0.000000 0.000000 0.000000 1.000000
0.966926 -0.187371 -0.173049 0.000000 0.124041 0.938286 -0.322851 0.081400 0.222863 0.290708 0.930495 0.000000 0.000000 0.000000 0.000000 1.000000
0.969705 -0.187891 -0.156108 0.000000 0.129391 0.937112 -0.324158 0.081400 0.207197 0.294139 0.933034 0.000000 0.000000 0.000000 0.000000 1.000000
0.972725 -0.185813 -0.138850 0.000000 0.132531 0.936469 -0.324749 0.081400 0.190372 0.297490 0.935553 0.000000 0.000000 0.000000 0.000000 1.000000
0.975551 -0.181737 -0.123579 0.000000 0.133303 0.936369 -0.324721 0.081400 0.174730 0.300308 0.937702 0.000000 0.000000 0.000000 0.000000 1.000000
0.977677 -0.177805 -0.111948 0.000000 0.133141 0.936443 -0.324575 0.081400 0.162544 0.302425 0.939212 0.000000 0.000000 0.000000 0.000000 1.000000
0.980032 -0.173211 -0.097644 0.000000 0.133041 0.936176 -0.325383 0.081400 0.147772 0.305895 0.940527 0.000000 0.000000 0.000000 0.000000 1.000000
0.982457 -0.166501 -0.083997 0.000000 0.130770 0.936199 -0.326237 0.081400 0.132957 0.309530 0.941549 -0.000000 0.000000 0.000000 0.000000 1.000000
0.984696 -0.157968 -0.073625 0.000000 0.125872 0.936787 -0.326476 0.081400 0.120543 0.312212 0.942334 0.000000 0.000000 0.000000 0.000000 1.000000
0.986775 -0.149708 -0.062144 0.000000 0.121635 0.937307 -0.326589 0.081400 0.107140 0.314712 0.943121 -0.000000 0.000000 0.000000 0.000000 1.000000
0.988648 -0.142122 -0.048742 0.000000 0.118772 0.937952 -0.325789 0.081400 0.092019 0.316301 0.944185 0.000000 0.000000 0.000000 0.000000 1.000000
0.989754 -0.137430 -0.038739 0.000000 0.117818 0.939322 -0.322169 0.081400 0.080664 0.314304 0.945889 0.000000 0.000000 0.000000 0.000000 1.000000
0.990487 -0.132863 -0.035815 0.000000 0.114971 0.942055 -0.315142 0.081400 0.075610 0.308026 0.948369 0.000000 0.000000 0.000000 0.000000 1.000000
0.991318 -0.127072 -0.033782 0.000000 0.110561 0.944638 -0.308927 0.081400 0.071168 0.302510 0.950486 0.000000 0.000000 0.000000 0.000000 1.000000
0.992083 -0.122203 -0.028936 -0.000000 0.107813 0.946950 -0.302757 0.081400 0.064399 0.297241 0.952628 0.000000 0.000000 0.000000 0.000000 1.000000
0.993110 -0.114021 -0.027060 -0.000000 0.101296 0.951338 -0.291024 0.081400 0.058926 0.286277 0.956333 0.000000 0.000000 0.000000 0.000000 1.000000
0.994257 -0.103844 -0.025873 0.000000 0.092688 0.956429 -0.276863 0.081400 0.053496 0.272874 0.960561 0.000000 0.000000 0.000000 0.000000 1.000000
0.995346 -0.093335 -0.023975 0.000000 0.083888 0.961663 -0.261087 0.081400 0.047424 0.257861 0.965017 0.000000 0.000000 0.000000 0.000000 1.000000
0.996313 -0.082390 -0.023930 0.000000 0.074189 0.967434 -0.242008 0.081400 0.043090 0.239340 0.969979 0.000000 0.000000 0.000000 0.000000 1.000000
0.996960 -0.073300 -0.026401 0.000000 0.065689 0.973053 -0.221025 0.081400 0.041890 0.218619 0.974911 0.000000 0.000000 0.000000 0.000000 1.000000
0.997391 -0.065929 -0.029392 0.000000 0.058789 0.978191 -0.199215 0.081400 0.041885 0.196967 0.979515 0.000000 0.000000 0.000000 0.000000 1.000000
0.997804 -0.058731 -0.030614 0.000000 0.052391 0.982694 -0.177671 0.081400 0.040519 0.175677 0.983614 0.000000 0.000000 0.000000 0.000000 1.000000
0.998169 -0.052340 -0.030322 0.000000 0.046955 0.986472 -0.157059 0.081400 0.038132 0.155348 0.987124 0.000000 0.000000 0.000000 0.000000 1.000000
0.998500 -0.046430 -0.029027 0.000000 0.042022 0.989621 -0.137422 0.081400 0.035107 0.135996 0.990087 0.000000 0.000000 0.000000 0.000000 1.000000
0.998810 -0.040472 -0.027223 0.000000 0.036968 0.992232 -0.118785 0.081400 0.031819 0.117637 0.992547 0.000000 0.000000 0.000000 0.000000 1.000000
0.999080 -0.034672 -0.025226 0.000000 0.031968 0.994404 -0.100689 0.081400 0.028576 0.099790 0.994598 -0.000000 0.000000 0.000000 0.000000 1.000000
0.999302 -0.029169 -0.023348 0.000000 0.027131 0.996154 -0.083318 0.081400 0.025689 0.082626 0.996249 0.000000 0.000000 0.000000 0.000000 1.000000
0.999481 -0.023882 -0.021632 0.000000 0.022387 0.997510 -0.066875 0.081400 0.023175 0.066356 0.997527 -0.000000 0.000000 0.000000 0.000000 1.000000
0.999617 -0.018830 -0.020293 0.000000 0.017763 0.998512 -0.051568 0.081400 0.021234 0.051187 0.998463 0.000000 0.000000 0.000000 0.000000 1.000000
0.999723 -0.013875 -0.019007 -0.000000 0.013141 0.999185 -0.038166 0.081400 0.019521 0.037905 0.999091 0.000000 0.000000 0.000000 0.000000 1.000000</float_array>
        <technique_common>
          <accessor source="#mixamorig_Spine1-Matrix-animation-output-transform-array" count="51" stride="16">
            <param type="float4x4"/>
          </accessor>
        </technique_common>
      </source>
      <source id="mixamorig_Spine1-Interpolations">
        <Name_array id="mixamorig_Spine1-Interpolations-array" count="51">
 LINEAR LINEAR LINEAR LINEAR LINEAR LINEAR LINEAR LINEAR LINEAR LINEAR LINEAR
LINEAR LINEAR LINEAR LINEAR LINEAR LINEAR LINEAR LINEAR LINEAR LINEAR LINEAR LINEAR
LINEAR LINEAR LINEAR LINEAR LINEAR LINEAR LINEAR LINEAR LINEAR LINEAR LINEAR LINEAR
LINEAR LINEAR LINEAR LINEAR LINEAR LINEAR LINEAR LINEAR LINEAR LINEAR LINEAR LINEAR
LINEAR LINEAR LINEAR LINEAR</Name_array>
        <technique_common>
          <accessor source="#mixamorig_Spine1-Interpolations-array" count="51">
            <param type="name"/>
          </accessor>
        </technique_common>
      </source>
