<?xml version="1.0" encoding="utf-8"?>
<COLLADA xmlns="http://www.collada.org/2005/11/COLLADASchema" version="1.4.1">
  <asset>
    <contributor>
      <author>Mixamo</author>
      <authoring_tool>COLLADA Mixamo exporter</authoring_tool>
      <comments/>
    </contributor>
    <created>2024-05-10T12:14:48Z</created>
    <modified>2024-05-10T12:14:48Z</modified>
    <revision/>
    <title/>
    <unit meter="0.010000"/>
    <up_axis>Y_UP</up_axis>
  </asset>
  <library_animations>
    <animation>
      <source id="Armature.001-Matrix-animation-input">
        <float_array id="Armature.001-Matrix-animation-input-array" count="47">

0.000000 0.033333 0.066667 0.100000 0.133333 0.166667 0.200000 0.233333 0.266667 0.300000 0.333333 0.366667 0.400000 0.433333 0.466667 0.500000
0.533333 0.566667 0.600000 0.633333 0.666667 0.700000 0.733333 0.766667 0.800000 0.833333 0.866667 0.900000 0.933333 0.966667 1.000000 1.033333
1.066667 1.100000 1.133333 1.166667 1.200000 1.233333 1.266667 1.300000 1.333333 1.366667 1.400000 1.433333 1.466667 1.500000 1.533333</float_array>
        <technique_common>
          <accessor source="#Armature.001-Matrix-animation-input-array" count="47">
            <param name="TIME" type="float"/>
          </accessor>
        </technique_common>
      </source>
      <source id="Armature.001-Matrix-animation-output-transform">
        <float_array id="Armature.001-Matrix-animation-output-transform-array" count="752">

100.000000 0.000000 0.000000 0.000000 0.000000 0.000000 100.000000 0.000000 0.000000 -100.000000 0.000000 0.000000 0.000000 0.000000 0.000000 1.000000
100.000000 0.000000 0.000000 0.000000 0.000000 0.000000 100.000000 0.000000 0.000000 -100.000000 0.000000 0.000000 0.000000 0.000000 0.000000 1.000000
100.000000 0.000000 0.000000 0.000000 0.000000 0.000000 100.000000 0.000000 0.000000 -100.000000 0.000000 0.000000 0.000000 0.000000 0.000000 1.000000
100.000000 0.000000 0.000000 0.000000 0.000000 0.000000 100.000000 0.000000 0.000000 -100.000000 0.000000 0.000000 0.000000 0.000000 0.000000 1.000000
100.000000 0.000000 0.000000 0.000000 0.000000 0.000000 100.000000 0.000000 0.000000 -100.000000 0.000000 0.000000 0.000000 0.000000 0.000000 1.000000
100.000000 0.000000 0.000000 0.000000 0.000000 0.000000 100.000000 0.000000 0.000000 -100.000000 0.000000 0.000000 0.000000 0.000000 0.000000 1.000000
100.000000 0.000000 0.000000 0.000000 0.000000 0.000000 100.000000 0.000000 0.000000 -100.000000 0.000000 0.000000 0.000000 0.000000 0.000000 1.000000
100.000000 0.000000 0.000000 0.000000 0.000000 0.000000 100.000000 0.000000 0.000000 -100.000000 0.000000 0.000000 0.000000 0.000000 0.000000 1.000000
100.000000 0.000000 0.000000 0.000000 0.000000 0.000000 100.000000 0.000000 0.000000 -100.000000 0.000000 0.000000 0.000000 0.000000 0.000000 1.000000
100.000000 0.000000 0.000000 0.000000 0.000000 0.000000 100.000000 0.000000 0.000000 -100.000000 0.000000 0.000000 0.000000 0.000000 0.000000 1.000000
100.000000 0.000000 0.000000 0.000000 0.000000 0.000000 100.000000 0.000000 0.000000 -100.000000 0.000000 0.000000 0.000000 0.000000 0.000000 1.000000
100.000000 0.000000 0.000000 0.000000 0.000000 0.000000 100.000000 0.000000 0.000000 -100.000000 0.000000 0.000000 0.000000 0.000000 0.000000 1.000000
100.000000 0.000000 0.000000 0.000000 0.000000 0.000000 100.000000 0.000000 0.000000 -100.000000 0.000000 0.000000 0.000000 0.000000 0.000000 1.000000
100.000000 0.000000 0.000000 0.000000 0.000000 0.000000 100.000000 0.000000 0.000000 -100.000000 0.000000 0.000000 0.000000 0.000000 0.000000 1.000000
100.000000 0.000000 0.000000 0.000000 0.000000 0.000000 100.000000 0.000000 0.000000 -100.000000 0.000000 0.000000 0.000000 0.000000 0.000000 1.000000
100.000000 0.000000 0.000000 0.000000 0.000000 0.000000 100.000000 0.000000 0.000000 -100.000000 0.000000 0.000000 0.000000 0.000000 0.000000 1.000000
100.000000 0.000000 0.000000 0.000000 0.000000 0.000000 100.000000 0.000000 0.000000 -100.000000 0.000000 0.000000 0.000000 0.000000 0.000000 1.000000
100.000000 0.000000 0.000000 0.000000 0.000000 0.000000 100.000000 0.000000 0.000000 -100.000000 0.000000 0.000000 0.000000 0.000000 0.000000 1.000000
100.000000 0.000000 0.000000 0.000000 0.000000 0.000000 100.000000 0.000000 0.000000 -100.000000 0.000000 0.000000 0.000000 0.000000 0.000000 1.000000
100.000000 0.000000 0.000000 0.000000 0.000000 0.000000 100.000000 0.000000 0.000000 -100.000000 0.000000 0.000000 0.000000 0.000000 0.000000 1.000000
100.000000 0.000000 0.000000 0.000000 0.000000 0.000000 100.000000 0.000000 0.000000 -100.000000 0.000000 0.000000 0.000000 0.000000 0.000000 1.000000
100.000000 0.000000 0.000000 0.000000 0.000000 0.000000 100.000000 0.000000 0.000000 -100.000000 0.000000 0.000000 0.000000 0.000000 0.000000 1.000000
100.000000 0.000000 0.000000 0.000000 0.000000 0.000000 100.000000 0.000000 0.000000 -100.000000 0.000000 0.000000 0.000000 0.000000 0.000000 1.000000
100.000000 0.000000 0.000000 0.000000 0.000000 0.000000 100.000000 0.000000 0.000000 -100.000000 0.000000 0.000000 0.000000 0.000000 0.000000 1.000000
100.000000 0.000000 0.000000 0.000000 0.000000 0.000000 100.000000 0.000000 0.000000 -100.000000 0.000000 0.000000 0.000000 0.000000 0.000000 1.000000
100.000000 0.000000 0.000000 0.000000 0.000000 0.000000 100.000000 0.000000 0.000000 -100.000000 0.000000 0.000000 0.000000 0.000000 0.000000 1.000000
100.000000 0.000000 0.000000 0.000000 0.000000 0.000000 100.000000 0.000000 0.000000 -100.000000 0.000000 0.000000 0.000000 0.000000 0.000000 1.000000
100.000000 0.000000 0.000000 0.000000 0.000000 0.000000 100.000000 0.000000 0.000000 -100.000000 0.000000 0.000000 0.000000 0.000000 0.000000 1.000000
100.000000 0.000000 0.000000 0.000000 0.000000 0.000000 100.000000 0.000000 0.000000 -100.000000 0.000000 0.000000 0.000000 0.000000 0.000000 1.000000
100.000000 0.000000 0.000000 0.000000 0.000000 0.000000 100.000000 0.000000 0.000000 -100.000000 0.000000 0.000000 0.000000 0.000000 0.000000 1.000000
100.000000 0.000000 0.000000 0.000000 0.000000 0.000000 100.000000 0.000000 0.000000 -100.000000 0.000000 0.000000 0.000000 0.000000 0.000000 1.000000
100.000000 0.000000 0.000000 0.000000 0.000000 0.000000 100.000000 0.000000 0.000000 -100.000000 0.000000 0.000000 0.000000 0.000000 0.000000 1.000000
100.000000 0.000000 0.000000 0.000000 0.000000 0.000000 100.000000 0.000000 0.000000 -100.000000 0.000000 0.000000 0.000000 0.000000 0.000000 1.000000
100.000000 0.000000 0.000000 0.000000 0.000000 0.000000 100.000000 0.000000 0.000000 -100.000000 0.000000 0.000000 0.000000 0.000000 0.000000 1.000000
100.000000 0.000000 0.000000 0.000000 0.000000 0.000000 100.000000 0.000000 0.000000 -100.000000 0.000000 0.000000 0.000000 0.000000 0.000000 1.000000
100.000000 0.000000 0.000000 0.000000 0.000000 0.000000 100.000000 0.000000 0.000000 -100.000000 0.000000 0.000000 0.000000 0.000000 0.000000 1.000000
100.000000 0.000000 0.000000 0.000000 0.000000 0.000000 100.000000 0.000000 0.000000 -100.000000 0.000000 0.000000 0.000000 0.000000 0.000000 1.000000
100.000000 0.000000 0.000000 0.000000 0.000000 0.000000 100.000000 0.000000 0.000000 -100.000000 0.000000 0.000000 0.000000 0.000000 0.000000 1.000000
100.000000 0.000000 0.000000 0.000000 0.000000 0.000000 100.000000 0.000000 0.000000 -100.000000 0.000000 0.000000 0.000000 0.000000 0.000000 1.000000
100.000000 0.000000 0.000000 0.000000 0.000000 0.000000 100.000000 0.000000 0.000000 -100.000000 0.000000 0.000000 0.000000 0.000000 0.000000 1.000000
100.000000 0.000000 0.000000 0.000000 0.000000 0.000000 100.000000 0.000000 0.000000 -100.000000 0.000000 0.000000 0.000000 0.000000 0.000000 1.000000
100.000000 0.000000 0.000000 0.000000 0.000000 0.000000 100.000000 0.000000 0.000000 -100.000000 0.000000 0.000000 0.000000 0.000000 0.000000 1.000000
100.000000 0.000000 0.000000 0.000000 0.000000 0.000000 100.000000 0.000000 0.000000 -100.000000 0.000000 0.000000 0.000000 0.000000 0.000000 1.000000
100.000000 0.000000 0.000000 0.000000 0.000000 0.000000 100.000000 0.000000 0.000000 -100.000000 0.000000 0.000000 0.000000 0.000000 0.000000 1.000000
100.000000 0.000000 0.000000 0.000000 0.000000 0.000000 100.000000 0.000000 0.000000 -100.000000 0.000000 0.000000 0.000000 0.000000 0.000000 1.000000
100.000000 0.000000 0.000000 0.000000 0.000000 0.000000 100.000000 0.000000 0.000000 -100.000000 0.000000 0.000000 0.000000 0.000000 0.000000 1.000000
100.000000 0.000000 0.000000 0.000000 0.000000 0.000000 100.000000 0.000000 0.000000 -100.000000 0.000000 0.000000 0.000000 0.000000 0.000000 1.000000</float_array>
        <technique_common>
          <accessor source="#Armature.001-Matrix-animation-output-transform-array" count="47" stride="16">
            <param type="float4x4"/>
          </accessor>
        </technique_common>
      </source>
      <source id="Armature.001-Interpolations">
        <Name_array id="Armature.001-Interpolations-array" count="47">
 LINEAR LINEAR LINEAR LINEAR LINEAR LINEAR LINEAR LINEAR LINEAR LINEAR LINEAR
LINEAR LINEAR LINEAR LINEAR LINEAR LINEAR LINEAR LINEAR LINEAR LINEAR LINEAR LINEAR
LINEAR LINEAR LINEAR LINEAR LINEAR LINEAR LINEAR LINEAR LINEAR LINEAR LINEAR LINEAR
LINEAR LINEAR LINEAR LINEAR LINEAR LINEAR LINEAR LINEAR LINEAR LINEAR LINEAR LINEAR</Name_array>
        <technique_common>
          <accessor source="#Armature.001-Interpolations-array" count="47">
            <param type="name"/>
          </accessor>
        </technique_common>
      </source>
      <sampler id="Armature.001-Matrix-animation-transform">
        <input semantic="INPUT" source="#Armature.001-Matrix-animation-input"/>
        <input semantic="OUTPUT" source="#Armature.001-Matrix-animation-output-transform"/>
        <input semantic="INTERPOLATION" source="#Armature.001-Interpolations"/>
      </sampler>
      <channel source="#Armature.001-Matrix-animation-transform" target="Armature.001/matrix"/>
      <source id="mixamorig_Hips-Matrix-animation-input">
        <float_array id="mixamorig_Hips-Matrix-animation-input-array" count="47">

0.000000 0.033333 0.066667 0.100000 0.133333 0.166667 0.200000 0.233333 0.266667 0.300000 0.333333 0.366667 0.400000 0.433333 0.466667 0.500000
0.533333 0.566667 0.600000 0.633333 0.666667 0.700000 0.733333 0.766667 0.800000 0.833333 0.866667 0.900000 0.933333 0.966667 1.000000 1.033333
1.066667 1.100000 1.133333 1.166667 1.200000 1.233333 1.266667 1.300000 1.333333 1.366667 1.400000 1.433333 1.466667 1.500000 1.533333</float_array>
        <technique_common>
          <accessor source="#mixamorig_Hips-Matrix-animation-input-array" count="47">
            <param name="TIME" type="float"/>
          </accessor>
        </technique_common>
      </source>
      <source id="mixamorig_Hips-Matrix-animation-output-transform">
        <float_array id="mixamorig_Hips-Matrix-animation-output-transform-array" count="752">

0.690782 0.000454 0.723063 -0.006236 0.719792 0.094587 -0.687716 0.007261 -0.068704 0.995517 0.065012 0.794512 0.000000 0.000000 0.000000 1.000000
0.688161 -0.007826 0.725516 -0.001696 0.721580 0.111941 -0.683221 0.010672 -0.075868 0.993684 0.082681 0.797462 0.000000 0.000000 0.000000 1.000000
0.702056 -0.009745 0.712055 0.005156 0.706539 0.134484 -0.694778 0.014339 -0.088990 0.990868 0.101301 0.801233 0.000000 0.000000 0.000000 1.000000
0.744550 -0.010293 0.667487 0.015404 0.658519 0.175387 -0.731842 0.016152 -0.109535 0.984446 0.137362 0.806355 0.000000 0.000000 0.000000 1.000000
0.798339 -0.010231 0.602121 0.031863 0.583315 0.261620 -0.768960 0.006960 -0.149660 0.965117 0.214829 0.815192 0.000000 0.000000 0.000000 1.000000
0.815797 0.000795 0.578338 0.049921 0.536441 0.372647 -0.757209 -0.015094 -0.216118 0.927973 0.303577 0.829358 0.000000 0.000000 0.000000 1.000000
0.768634 0.004855 0.639670 0.057397 0.570487 0.447175 -0.688897 -0.033681 -0.289389 0.894434 0.340944 0.844870 0.000000 0.000000 0.000000 1.000000
0.679817 -0.002660 0.733377 0.056082 0.646057 0.475418 -0.597150 -0.041502 -0.347073 0.879756 0.324916 0.856503 0.000000 0.000000 0.000000 1.000000
0.593913 -0.004319 0.804518 0.052341 0.702974 0.489118 -0.516325 -0.044174 -0.391275 0.872207 0.293529 0.863010 0.000000 0.000000 0.000000 1.000000
0.506380 0.006633 0.862285 0.045177 0.742204 0.505719 -0.439752 -0.045548 -0.438990 0.862673 0.251163 0.865364 0.000000 0.000000 0.000000 1.000000
0.383020 0.028664 0.923295 0.033924 0.782077 0.521844 -0.340638 -0.046215 -0.491580 0.852559 0.177459 0.865305 0.000000 0.000000 0.000000 1.000000
0.228096 0.059347 0.971828 0.020408 0.817904 0.529823 -0.224323 -0.046351 -0.528210 0.846029 0.072310 0.863096 0.000000 0.000000 0.000000 1.000000
0.075990 0.095188 0.992555 0.005814 0.842664 0.526024 -0.114961 -0.046105 -0.533051 0.845126 -0.040238 0.859893 0.000000 0.000000 0.000000 1.000000
-0.042672 0.131163 0.990442 -0.009506 0.859100 0.510889 -0.030644 -0.044908 -0.510026 0.849581 -0.134483 0.856214 0.000000 0.000000 0.000000 1.000000
-0.118392 0.162618 0.979561 -0.025214 0.872877 0.487320 0.024597 -0.041460 -0.473359 0.857948 -0.199640 0.850398 0.000000 0.000000 0.000000 1.000000
-0.156263 0.188042 0.969650 -0.041178 0.887352 0.457895 0.054202 -0.035048 -0.433806 0.868891 -0.238412 0.840989 0.000000 0.000000 0.000000 1.000000
-0.166081 0.209663 0.963565 -0.057278 0.903759 0.423280 0.063671 -0.026388 -0.394508 0.881406 -0.259784 0.829151 0.000000 0.000000 0.000000 1.000000
-0.159759 0.230592 0.959846 -0.072917 0.921489 0.383547 0.061232 -0.016827 -0.354027 0.894270 -0.273763 0.816914 0.000000 0.000000 0.000000 1.000000
-0.143458 0.248788 0.957875 -0.087405 0.938782 0.340542 0.052149 -0.007129 -0.313222 0.906717 -0.282411 0.805276 0.000000 0.000000 0.000000 1.000000
-0.111869 0.257314 0.959831 -0.100625 0.954590 0.296216 0.031848 0.002925 -0.276122 0.919807 -0.278767 0.794223 0.000000 0.000000 0.000000 1.000000
-0.061873 0.255731 0.964766 -0.112842 0.968648 0.248411 -0.003725 0.014051 -0.240611 0.934288 -0.263083 0.783638 0.000000 0.000000 0.000000 1.000000
-0.004870 0.253444 0.967338 -0.123944 0.980538 0.191074 -0.045125 0.026463 -0.196270 0.948291 -0.249442 0.773560 0.000000 0.000000 0.000000 1.000000
0.046414 0.254073 0.966071 -0.133262 0.988650 0.126653 -0.080808 0.039142 -0.142887 0.958857 -0.245311 0.763919 0.000000 0.000000 0.000000 1.000000
0.092956 0.247591 0.964395 -0.139976 0.990820 0.072484 -0.114112 0.050516 -0.098157 0.966149 -0.238580 0.755204 0.000000 0.000000 0.000000 1.000000
0.143372 0.224792 0.963801 -0.142879 0.986922 0.040036 -0.156149 0.059843 -0.073688 0.973584 -0.216112 0.748598 0.000000 0.000000 0.000000 1.000000
0.203386 0.189240 0.960636 -0.140690 0.977097 0.023473 -0.211496 0.067046 -0.062573 0.981650 -0.180132 0.744777 0.000000 0.000000 0.000000 1.000000
0.270191 0.149330 0.951156 -0.133552 0.961054 0.017756 -0.275790 0.071969 -0.058073 0.988628 -0.138717 0.744297 0.000000 0.000000 0.000000 1.000000
0.335787 0.111352 0.935333 -0.122883 0.939956 0.024769 -0.340395 0.074586 -0.061070 0.993472 -0.096349 0.747749 0.000000 0.000000 0.000000 1.000000
0.395084 0.081333 0.915037 -0.110013 0.916097 0.039252 -0.399030 0.075196 -0.068372 0.995914 -0.059001 0.754634 0.000000 0.000000 0.000000 1.000000
0.447730 0.063296 0.891926 -0.095987 0.891110 0.050853 -0.450930 0.074153 -0.073900 0.996698 -0.033636 0.763556 0.000000 0.000000 0.000000 1.000000
0.494465 0.055242 0.867441 -0.081911 0.865733 0.057721 -0.497167 0.071742 -0.077534 0.996803 -0.019284 0.773091 0.000000 0.000000 0.000000 1.000000
0.534814 0.050602 0.843453 -0.068706 0.840986 0.064938 -0.537146 0.068106 -0.081953 0.996605 -0.007826 0.782292 0.000000 0.000000 0.000000 1.000000
0.567751 0.044408 0.822002 -0.056806 0.818657 0.074308 -0.569455 0.063107 -0.086370 0.996246 0.005834 0.790631 0.000000 0.000000 0.000000 1.000000
0.591953 0.036221 0.805158 -0.046183 0.801066 0.083622 -0.592706 0.056668 -0.088798 0.995839 0.020485 0.797890 0.000000 0.000000 0.000000 1.000000
0.607284 0.027364 0.794014 -0.036533 0.789445 0.091611 -0.606947 0.049013 -0.089349 0.995419 0.034031 0.803994 0.000000 0.000000 0.000000 1.000000
0.616458 0.018529 0.787170 -0.028025 0.782357 0.098420 -0.615005 0.040847 -0.088868 0.994972 0.046175 0.808437 0.000000 0.000000 0.000000 1.000000
0.622795 0.010521 0.782314 -0.021475 0.777429 0.104045 -0.620305 0.033181 -0.087922 0.994517 0.056619 0.810749 0.000000 0.000000 0.000000 1.000000
0.628282 0.004386 0.777973 -0.016565 0.773156 0.107734 -0.624999 0.025944 -0.086555 0.994170 0.064297 0.811567 0.000000 0.000000 0.000000 1.000000
0.634156 0.000777 0.773205 -0.013555 0.768529 0.109184 -0.630430 0.020930 -0.084912 0.994021 0.068643 0.810879 0.000000 0.000000 0.000000 1.000000
0.640719 -0.001203 0.767775 -0.011395 0.763277 0.109086 -0.636795 0.017097 -0.082987 0.994032 0.070812 0.809521 0.000000 0.000000 0.000000 1.000000
0.647695 -0.002395 0.761896 -0.009779 0.757591 0.108223 -0.643695 0.014096 -0.080913 0.994124 0.071910 0.807760 0.000000 0.000000 0.000000 1.000000
0.654941 -0.002911 0.755674 -0.008561 0.751563 0.106750 -0.650967 0.011790 -0.078773 0.994282 0.072103 0.805744 0.000000 0.000000 0.000000 1.000000
0.662356 -0.002831 0.749183 -0.007696 0.745261 0.104760 -0.658492 0.010093 -0.076620 0.994494 0.071498 0.803536 0.000000 0.000000 0.000000 1.000000
0.669762 -0.002373 0.742572 -0.007072 0.738828 0.102462 -0.666059 0.008853 -0.074505 0.994734 0.070378 0.801251 0.000000 0.000000 0.000000 1.000000
0.677016 -0.001652 0.735967 -0.006673 0.732391 0.099998 -0.673501 0.008086 -0.072483 0.994986 0.068910 0.798931 0.000000 0.000000 0.000000 1.000000
0.684049 -0.000673 0.729436 -0.006455 0.726014 0.097383 -0.680750 0.007676 -0.070576 0.995247 0.067103 0.796633 0.000000 0.000000 0.000000 1.000000
0.690782 0.000454 0.723063 -0.006236 0.719792 0.094587 -0.687716 0.007261 -0.068704 0.995517 0.065012 0.794512 0.000000 0.000000 0.000000 1.000000</float_array>
        <technique_common>
          <accessor source="#mixamorig_Hips-Matrix-animation-output-transform-array" count="47" stride="16">
            <param type="float4x4"/>
          </accessor>
        </technique_common>
      </source>
      <source id="mixamorig_Hips-Interpolations">
        <Name_array id="mixamorig_Hips-Interpolations-array" count="47">
 LINEAR LINEAR LINEAR LINEAR LINEAR LINEAR LINEAR LINEAR LINEAR LINEAR LINEAR
LINEAR LINEAR LINEAR LINEAR LINEAR LINEAR LINEAR LINEAR LINEAR LINEAR LINEAR LINEAR
LINEAR LINEAR LINEAR LINEAR LINEAR LINEAR LINEAR LINEAR LINEAR LINEAR LINEAR LINEAR
LINEAR LINEAR LINEAR LINEAR LINEAR LINEAR LINEAR LINEAR LINEAR LINEAR LINEAR LINEAR</Name_array>
        <technique_common>
          <accessor source="#mixamorig_Hips-Interpolations-array" count="47">
            <param type="name"/>
          </accessor>
        </technique_common>
      </source>
      <sampler id="mixamorig_Hips-Matrix-animation-transform">
        <input semantic="INPUT" source="#mixamorig_Hips-Matrix-animation-input"/>
        <input semantic="OUTPUT" source="#mixamorig_Hips-Matrix-animation-output-transform"/>
        <input semantic="INTERPOLATION" source="#mixamorig_Hips-Interpolations"/>
      </sampler>
      <channel source="#mixamorig_Hips-Matrix-animation-transform" target="mixamorig_Hips/matrix"/>
      <source id="mixamorig_Spine-Matrix-animation-input">
        <float_array id="mixamorig_Spine-Matrix-animation-input-array" count="47">

0.000000 0.033333 0.066667 0.100000 0.133333 0.166667 0.200000 0.233333 0.266667 0.300000 0.333333 0.366667 0.400000 0.433333 0.466667 0.500000
0.533333 0.566667 0.600000 0.633333 0.666667 0.700000 0.733333 0.766667 0.800000 0.833333 0.866667 0.900000 0.933333 0.966667 1.000000 1.033333
1.066667 1.100000 1.133333 1.166667 1.200000 1.233333 1.266667 1.300000 1.333333 1.366667 1.400000 1.433333 1.466667 1.500000 1.533333</float_array>
        <technique_common>
          <accessor source="#mixamorig_Spine-Matrix-animation-input-array" count="47">
            <param name="TIME" type="float"/>
          </accessor>
        </technique_common>
      </source>
      <source id="mixamorig_Spine-Matrix-animation-output-transform">
        <float_array id="mixamorig_Spine-Matrix-animation-output-transform-array" count="752">

0.991520 -0.018277 -0.128659 -0.000000 0.012119 0.998751 -0.048482 0.069300 0.129384 0.046512 0.990503 -0.008100 0.000000 0.000000 0.000000 1.000000
0.993050 -0.025530 -0.114890 0.000000 0.021061 0.998980 -0.039939 0.069300 0.115792 0.037241 0.992575 -0.008100 0.000000 0.000000 0.000000 1.000000
0.994590 -0.031176 -0.099089 -0.000000 0.028694 0.999240 -0.026374 0.069300 0.099836 0.023388 0.994729 -0.008100 0.000000 0.000000 0.000000 1.000000
0.995622 -0.029358 -0.088738 -0.000000 0.029232 0.999569 -0.002728 0.069300 0.088780 0.000122 0.996051 -0.008100 0.000000 0.000000 0.000000 1.000000
0.995838 -0.006401 -0.090913 0.000000 0.010152 0.999114 0.040852 0.069300 0.090571 -0.041605 0.995021 -0.008100 0.000000 0.000000 0.000000 1.000000
0.994088 0.039415 -0.101173 0.000000 -0.029539 0.994815 0.097319 0.069300 0.104485 -0.093755 0.990097 -0.008100 0.000000 0.000000 0.000000 1.000000
0.990552 0.087311 -0.105748 -0.000000 -0.072401 0.987860 0.137441 0.069300 0.116464 -0.128487 0.984849 -0.008100 0.000000 0.000000 0.000000 1.000000
0.987899 0.124633 -0.092321 0.000000 -0.110567 0.983330 0.144348 0.069300 0.108772 -0.132394 0.985211 -0.008100 0.000000 0.000000 0.000000 1.000000
0.985496 0.156940 -0.064563 0.000000 -0.148014 0.981009 0.125349 0.069300 0.083009 -0.113975 0.990010 -0.008100 0.000000 0.000000 0.000000 1.000000
0.981865 0.184638 -0.043020 0.000000 -0.179983 0.979122 0.094474 0.069300 0.059566 -0.085018 0.994597 -0.008100 0.000000 0.000000 0.000000 1.000000
0.979290 0.198537 -0.039667 0.000000 -0.195815 0.978574 0.063631 0.069300 0.051451 -0.054545 0.997185 -0.008100 0.000000 0.000000 0.000000 1.000000
0.978843 0.198048 -0.051405 0.000000 -0.196262 0.979823 0.037790 0.069300 0.057852 -0.026901 0.997963 -0.008100 0.000000 0.000000 0.000000 1.000000
0.979084 0.193396 -0.063191 0.000000 -0.192867 0.981119 0.014426 0.069300 0.064788 -0.001937 0.997897 -0.008100 0.000000 0.000000 0.000000 1.000000
0.979587 0.191551 -0.060979 0.000000 -0.192552 0.981226 -0.010931 0.069300 0.057740 0.022449 0.998079 -0.008100 0.000000 0.000000 0.000000 1.000000
0.980873 0.189748 -0.043409 -0.000000 -0.191487 0.980673 -0.040161 0.069300 0.034949 0.047705 0.998250 -0.008100 0.000000 0.000000 0.000000 1.000000
0.982472 0.185162 -0.021554 0.000000 -0.186263 0.979722 -0.073828 0.069300 0.007446 0.076549 0.997038 -0.008100 0.000000 0.000000 0.000000 1.000000
0.983558 0.180507 -0.005543 0.000000 -0.180019 0.977536 -0.109618 0.069300 -0.014368 0.108814 0.993958 -0.008100 0.000000 0.000000 0.000000 1.000000
0.984188 0.177067 0.004707 -0.000000 -0.174650 0.974496 -0.140908 0.069300 -0.029537 0.137857 0.990012 -0.008100 0.000000 0.000000 0.000000 1.000000
0.985064 0.171466 0.015742 -0.000000 -0.166583 0.972144 -0.164882 0.069300 -0.043575 0.159797 0.986188 -0.008100 0.000000 0.000000 0.000000 1.000000
0.986368 0.161331 0.032425 0.000000 -0.152576 0.970430 -0.187047 0.069300 -0.061643 0.179550 0.981816 -0.008100 0.000000 0.000000 0.000000 1.000000
0.987702 0.146878 0.053586 -0.000000 -0.132594 0.968517 -0.210699 0.069300 -0.082846 0.201003 0.976081 -0.008100 0.000000 0.000000 0.000000 1.000000
0.988903 0.128274 0.074949 0.000000 -0.108079 0.967296 -0.229473 0.069300 -0.101933 0.218826 0.970425 -0.008100 0.000000 0.000000 0.000000 1.000000
0.990022 0.103580 0.095541 0.000000 -0.078442 0.968341 -0.236988 0.069300 -0.117063 0.227129 0.966803 -0.008100 0.000000 0.000000 0.000000 1.000000
0.990927 0.071744 0.113647 0.000000 -0.043250 0.970845 -0.235776 0.069300 -0.127249 0.228722 0.965139 -0.008100 0.000000 0.000000 0.000000 1.000000
0.992090 0.039994 0.118990 0.000000 -0.011581 0.973008 -0.230480 0.069300 -0.124996 0.227279 0.965774 -0.008100 0.000000 0.000000 0.000000 1.000000
0.994513 0.020115 0.102665 0.000000 0.003078 0.975291 -0.220904 0.069300 -0.104572 0.220007 0.969877 -0.008100 0.000000 0.000000 0.000000 1.000000
0.997341 0.013171 0.071672 0.000000 0.001931 0.978409 -0.206668 0.069300 -0.072847 0.206257 0.975782 -0.008100 0.000000 0.000000 0.000000 1.000000
0.999174 0.009645 0.039463 0.000000 -0.001985 0.981839 -0.189708 0.069300 -0.040576 0.189473 0.981047 -0.008100 0.000000 0.000000 0.000000 1.000000
0.999921 0.005003 0.011521 0.000000 -0.002980 0.985553 -0.169341 0.069300 -0.012201 0.169294 0.985490 -0.008100 0.000000 0.000000 0.000000 1.000000
0.999940 0.001520 -0.010809 0.000000 -0.003063 0.989544 -0.144196 0.069300 0.010477 0.144220 0.989490 -0.008100 0.000000 0.000000 0.000000 1.000000
0.999671 -0.001290 -0.025617 0.000000 -0.001759 0.992934 -0.118652 0.069300 0.025589 0.118658 0.992605 -0.008100 0.000000 0.000000 0.000000 1.000000
0.999416 -0.006130 -0.033609 0.000000 0.002768 0.995067 -0.099171 0.069300 0.034051 0.099020 0.994503 -0.008100 0.000000 0.000000 0.000000 1.000000
0.999177 -0.011816 -0.038792 -0.000000 0.008428 0.996229 -0.086356 0.069300 0.039666 0.085958 0.995509 -0.008100 0.000000 0.000000 0.000000 1.000000
0.998845 -0.015997 -0.045316 -0.000000 0.012517 0.997024 -0.076062 0.069300 0.046398 0.075407 0.996073 -0.008100 0.000000 0.000000 0.000000 1.000000
0.998325 -0.019287 -0.054547 -0.000000 0.015663 0.997690 -0.066096 0.069300 0.055696 0.065131 0.996321 -0.008100 0.000000 0.000000 0.000000 1.000000
0.997673 -0.022552 -0.064346 -0.000000 0.018856 0.998169 -0.057479 0.069300 0.065524 0.056132 0.996271 -0.008100 0.000000 0.000000 0.000000 1.000000
0.997069 -0.025219 -0.072232 -0.000000 0.021574 0.998475 -0.050810 0.069300 0.073403 0.049102 0.996093 -0.008100 0.000000 0.000000 0.000000 1.000000
0.996574 -0.026524 -0.078334 0.000000 0.022979 0.998685 -0.045823 0.069300 0.079446 0.043866 0.995874 -0.008100 0.000000 0.000000 0.000000 1.000000
0.996104 -0.026753 -0.084028 0.000000 0.023211 0.998812 -0.042853 0.069300 0.085075 0.040735 0.995542 -0.008100 0.000000 0.000000 0.000000 1.000000
0.995609 -0.026352 -0.089819 -0.000000 0.022693 0.998880 -0.041521 0.069300 0.090813 0.039300 0.995092 -0.008100 0.000000 0.000000 0.000000 1.000000
0.995088 -0.025643 -0.095618 0.000000 0.021794 0.998918 -0.041082 0.069300 0.096568 0.038796 0.994570 -0.008100 0.000000 0.000000 0.000000 1.000000
0.994539 -0.024691 -0.101401 0.000000 0.020587 0.998934 -0.041328 0.069300 0.102314 0.039015 0.993987 -0.008100 0.000000 0.000000 0.000000 1.000000
0.993965 -0.023546 -0.107145 0.000000 0.019118 0.998928 -0.042168 0.069300 0.108023 0.039865 0.993349 -0.008100 0.000000 0.000000 0.000000 1.000000
0.993369 -0.022301 -0.112788 -0.000000 0.017498 0.998905 -0.043391 0.069300 0.113632 0.041130 0.992671 -0.008100 0.000000 0.000000 0.000000 1.000000
0.992759 -0.021027 -0.118266 0.000000 0.015813 0.998868 -0.044858 0.069300 0.119075 0.042663 0.991968 -0.008100 0.000000 0.000000 0.000000 1.000000
0.992136 -0.019685 -0.123606 0.000000 0.014018 0.998817 -0.046555 0.069300 0.124376 0.044456 0.991239 -0.008100 0.000000 0.000000 0.000000 1.000000
0.991520 -0.018277 -0.128659 0.000000 0.012119 0.998751 -0.048482 0.069300 0.129384 0.046512 0.990503 -0.008100 0.000000 0.000000 0.000000 1.000000</float_array>
        <technique_common>
          <accessor source="#mixamorig_Spine-Matrix-animation-output-transform-array" count="47" stride="16">
            <param type="float4x4"/>
          </accessor>
        </technique_common>
      </source>
      <source id="mixamorig_Spine-Interpolations">
        <Name_array id="mixamorig_Spine-Interpolations-array" count="47">
 LINEAR LINEAR LINEAR LINEAR LINEAR LINEAR LINEAR LINEAR LINEAR LINEAR LINEAR
LINEAR LINEAR LINEAR LINEAR LINEAR LINEAR LINEAR LINEAR LINEAR LINEAR LINEAR LINEAR
LINEAR LINEAR LINEAR LINEAR LINEAR LINEAR LINEAR LINEAR LINEAR LINEAR LINEAR LINEAR
LINEAR LINEAR LINEAR LINEAR LINEAR LINEAR LINEAR LINEAR LINEAR LINEAR LINEAR LINEAR</Name_array>
        <technique_common>
          <accessor source="#mixamorig_Spine-Interpolations-array" count="47">
            <param type="name"/>
          </accessor>
        </technique_common>
      </source>
      <sampler id="mixamorig_Spine-Matrix-animation-transform">
        <input semantic="INPUT" source="#mixamorig_Spine-Matrix-animation-input"/>
        <input semantic="OUTPUT" source="#mixamorig_Spine-Matrix-animation-output-transform"/>
        <input semantic="INTERPOLATION" source="#mixamorig_Spine-Interpolations"/>
      </sampler>
      <channel source="#mixamorig_Spine-Matrix-animation-transform" target="mixamorig_Spine/matrix"/>
      <source id="mixamorig_Spine1-Matrix-animation-input">
        <float_array id="mixamorig_Spine1-Matrix-animation-input-array" count="47">

0.000000 0.033333 0.066667 0.100000 0.133333 0.166667 0.200000 0.233333 0.266667 0.300000 0.333333 0.366667 0.400000 0.433333 0.466667 0.500000
0.533333 0.566667 0.600000 0.633333 0.666667 0.700000 0.733333 0.766667 0.800000 0.833333 0.866667 0.900000 0.933333 0.966667 1.000000 1.033333
1.066667 1.100000 1.133333 1.166667 1.200000 1.233333 1.266667 1.300000 1.333333 1.366667 1.400000 1.433333 1.466667 1.500000 1.533333</float_array>
        <technique_common>
          <accessor source="#mixamorig_Spine1-Matrix-animation-input-array" count="47">
            <param name="TIME" type="float"/>
          </accessor>
        </technique_common>
      </source>
      <source id="mixamorig_Spine1-Matrix-animation-output-transform">
        <float_array id="mixamorig_Spine1-Matrix-animation-output-transform-array" count="752">

0.999723 -0.013875 -0.019007 0.000000 0.013141 0.999185 -0.038166 0.081400 0.019521 0.037905 0.999091 -0.000000 0.000000 0.000000 0.000000 1.000000
0.999473 -0.024558 -0.021216 0.000000 0.023197 0.997794 -0.062204 0.081400 0.022697 0.061679 0.997838 -0.000000 0.000000 0.000000 0.000000 1.000000
0.999078 -0.036041 -0.023317 -0.000000 0.033853 0.995520 -0.088285 0.081400 0.026394 0.087414 0.995822 0.000000 0.000000 0.000000 0.000000 1.000000
0.998501 -0.045820 -0.029932 0.000000 0.042213 0.992850 -0.111653 0.081400 0.034834 0.110222 0.993296 0.000000 0.000000 0.000000 0.000000 1.000000
0.997886 -0.045589 -0.046306 0.000000 0.039593 0.991612 -0.123040 0.081400 0.051527 0.120946 0.991321 0.000000 0.000000 0.000000 0.000000 1.000000
0.997104 -0.029634 -0.070036 0.000000 0.020983 0.992410 -0.121169 0.081400 0.073095 0.119349 0.990158 -0.000000 0.000000 0.000000 0.000000 1.000000
0.996012 -0.003978 -0.089126 -0.000000 -0.006724 0.992817 -0.119454 0.081400 0.088961 0.119576 0.988831 0.000000 0.000000 0.000000 0.000000 1.000000
0.995440 0.024201 -0.092274 0.000000 -0.036003 0.991061 -0.128462 0.081400 0.088340 0.131199 0.987412 -0.000000 0.000000 0.000000 0.000000 1.000000
0.995187 0.054660 -0.081328 0.000000 -0.066115 0.987134 -0.145588 0.081400 0.072324 0.150265 0.985997 -0.000000 0.000000 0.000000 0.000000 1.000000
0.993987 0.084776 -0.069298 0.000000 -0.095151 0.981932 -0.163570 0.081400 0.054179 0.169180 0.984095 0.000000 0.000000 0.000000 0.000000 1.000000
0.992110 0.105253 -0.068113 -0.000000 -0.116106 0.976331 -0.182474 0.081400 0.047295 0.188943 0.980849 -0.000000 0.000000 0.000000 0.000000 1.000000
0.990368 0.114797 -0.077408 0.000000 -0.128248 0.971284 -0.200399 0.081400 0.052180 0.208396 0.976652 0.000000 0.000000 0.000000 0.000000 1.000000
0.988945 0.119324 -0.088030 0.000000 -0.136098 0.966090 -0.219424 0.081400 0.058863 0.228979 0.971650 -0.000000 0.000000 0.000000 0.000000 1.000000
0.988311 0.123135 -0.089882 0.000000 -0.141575 0.960010 -0.241533 0.081400 0.056546 0.251435 0.966221 0.000000 0.000000 0.000000 0.000000 1.000000
0.988919 0.124817 -0.080370 0.000000 -0.141941 0.953585 -0.265572 0.081400 0.043492 0.274037 0.960735 0.000000 0.000000 0.000000 0.000000 1.000000
0.990399 0.121466 -0.065992 0.000000 -0.135505 0.947471 -0.289718 0.081400 0.027335 0.295879 0.954834 0.000000 0.000000 0.000000 0.000000 1.000000
0.992070 0.113573 -0.053843 0.000000 -0.124748 0.942068 -0.311362 0.081400 0.015361 0.315609 0.948765 0.000000 0.000000 0.000000 0.000000 1.000000
0.993523 0.104599 -0.044389 0.000000 -0.113383 0.938266 -0.326806 0.081400 0.007465 0.329722 0.944048 -0.000000 0.000000 0.000000 0.000000 1.000000
0.994730 0.096883 -0.033548 0.000000 -0.102520 0.936195 -0.336197 0.081400 -0.001164 0.337864 0.941194 0.000000 0.000000 0.000000 0.000000 1.000000
0.995833 0.089276 -0.018586 0.000000 -0.090200 0.934368 -0.344703 0.081400 -0.013408 0.344943 0.938528 0.000000 0.000000 0.000000 0.000000 1.000000
0.996826 0.079601 -0.001139 0.000000 -0.074825 0.931938 -0.354814 0.081400 -0.027182 0.353774 0.934936 -0.000000 0.000000 0.000000 0.000000 1.000000
0.997580 0.067762 0.015587 0.000000 -0.057515 0.930149 -0.362649 0.081400 -0.039072 0.360875 0.931796 0.000000 0.000000 0.000000 0.000000 1.000000
0.998077 0.053395 0.031491 0.000000 -0.038254 0.930262 -0.364897 0.081400 -0.048779 0.362991 0.930515 0.000000 0.000000 0.000000 0.000000 1.000000
0.998354 0.034268 0.045988 -0.000000 -0.015266 0.931717 -0.362863 0.081400 -0.055282 0.361564 0.930707 0.000000 0.000000 0.000000 0.000000 1.000000
0.998580 0.012378 0.051812 0.000000 0.006969 0.933912 -0.357436 0.081400 -0.052812 0.357290 0.932499 -0.000000 0.000000 0.000000 0.000000 1.000000
0.999067 -0.004830 0.042916 0.000000 0.019418 0.937849 -0.346499 0.081400 -0.038575 0.347009 0.937068 0.000000 0.000000 0.000000 0.000000 1.000000
0.999592 -0.014664 0.024510 0.000000 0.021942 0.943623 -0.330295 0.081400 -0.018285 0.330698 0.943560 0.000000 0.000000 0.000000 0.000000 1.000000
0.999749 -0.021628 0.005834 0.000000 0.022368 0.949701 -0.312359 0.081400 0.001215 0.312411 0.949946 0.000000 0.000000 0.000000 0.000000 1.000000
0.999558 -0.028094 -0.009709 0.000000 0.023995 0.955429 -0.294243 0.081400 0.017543 0.293880 0.955681 0.000000 0.000000 0.000000 0.000000 1.000000
0.999236 -0.032596 -0.021562 -0.000000 0.025394 0.960883 -0.275787 0.081400 0.029708 0.275029 0.960977 0.000000 0.000000 0.000000 0.000000 1.000000
0.998962 -0.035723 -0.028258 0.000000 0.027239 0.965771 -0.257962 0.081400 0.036506 0.256925 0.965742 0.000000 0.000000 0.000000 0.000000 1.000000
0.998777 -0.039383 -0.029885 0.000000 0.031004 0.969812 -0.241875 0.081400 0.038509 0.240653 0.969847 -0.000000 0.000000 0.000000 0.000000 1.000000
0.998659 -0.042849 -0.029045 0.000000 0.035161 0.973282 -0.226905 0.081400 0.037991 0.225580 0.973484 0.000000 0.000000 0.000000 0.000000 1.000000
0.998587 -0.044727 -0.028708 0.000000 0.037656 0.976608 -0.211706 0.081400 0.037506 0.210326 0.976912 0.000000 0.000000 0.000000 0.000000 1.000000
0.998509 -0.045612 -0.029989 -0.000000 0.038872 0.979831 -0.196011 0.081400 0.038325 0.194553 0.980143 0.000000 0.000000 0.000000 0.000000 1.000000
0.998432 -0.046238 -0.031541 -0.000000 0.039816 0.982796 -0.180352 0.081400 0.039337 0.178814 0.983096 0.000000 0.000000 0.000000 0.000000 1.000000
0.998432 -0.046153 -0.031689 -0.000000 0.040327 0.985516 -0.164721 0.081400 0.038833 0.163184 0.985831 0.000000 0.000000 0.000000 0.000000 1.000000
0.998526 -0.044884 -0.030520 -0.000000 0.039855 0.988020 -0.149094 0.081400 0.036846 0.147658 0.988352 0.000000 0.000000 0.000000 0.000000 1.000000
0.998676 -0.042502 -0.028992 0.000000 0.038249 0.990228 -0.134108 0.081400 0.034408 0.132822 0.990543 -0.000000 0.000000 0.000000 0.000000 1.000000
0.998843 -0.039462 -0.027499 0.000000 0.035896 0.992137 -0.119901 0.081400 0.032015 0.118775 0.992405 0.000000 0.000000 0.000000 0.000000 1.000000
0.999009 -0.036105 -0.026036 -0.000000 0.033148 0.993789 -0.106228 0.081400 0.029709 0.105259 0.994001 0.000000 0.000000 0.000000 0.000000 1.000000
0.999168 -0.032515 -0.024624 -0.000000 0.030091 0.995201 -0.093109 0.081400 0.027533 0.092290 0.995351 0.000000 0.000000 0.000000 0.000000 1.000000
0.999315 -0.028765 -0.023292 0.000000 0.026801 0.996383 -0.080635 0.081400 0.025527 0.079955 0.996472 0.000000 0.000000 0.000000 0.000000 1.000000
0.999445 -0.024974 -0.022048 0.000000 0.023403 0.997355 -0.068820 0.081400 0.023708 0.068266 0.997385 0.000000 0.000000 0.000000 0.000000 1.000000
0.999556 -0.021226 -0.020902 0.000000 0.019989 0.998133 -0.057713 0.081400 0.022088 0.057269 0.998114 -0.000000 0.000000 0.000000 0.000000 1.000000
0.999649 -0.017476 -0.019896 0.000000 0.016516 0.998737 -0.047442 0.081400 0.020700 0.047096 0.998676 0.000000 0.000000 0.000000 0.000000 1.000000
0.999723 -0.013875 -0.019006 0.000000 0.013141 0.999185 -0.038166 0.081400 0.019520 0.037905 0.999091 0.000000 0.000000 0.000000 0.000000 1.000000</float_array>
        <technique_common>
          <accessor source="#mixamorig_Spine1-Matrix-animation-output-transform-array" count="47" stride="16">
            <param type="float4x4"/>
          </accessor>
        </technique_common>
      </source>
      <source id="mixamorig_Spine1-Interpolations">
        <Name_array id="mixamorig_Spine1-Interpolations-array" count="47">
 LINEAR LINEAR LINEAR LINEAR LINEAR LINEAR LINEAR LINEAR LINEAR LINEAR LINEAR
LINEAR LINEAR LINEAR LINEAR LINEAR LINEAR LINEAR LINEAR LINEAR LINEAR LINEAR LINEAR
LINEAR LINEAR LINEAR LINEAR LINEAR LINEAR LINEAR LINEAR LINEAR LINEAR LINEAR LINEAR
LINEAR LINEAR LINEAR LINEAR LINEAR LINEAR LINEAR LINEAR LINEAR LINEAR LINEAR LINEAR</Name_array>
        <technique_common>
          <accessor source="#mixamorig_Spine1-Interpolations-array" count="47">
            <param type="name"/>
          </accessor>
        </technique_common>
      </source>
      <sampler id="mixamorig_Spine1-Matrix-animation-transform">
        <input semantic="INPUT" source="#mixamorig_Spine1-Matrix-animation-input"/>
        <input semantic="OUTPUT" source="#mixamorig_Spine1-Matrix-animation-output-transform"/>
        <input semantic="INTERPOLATION" source="#mixamorig_Spine1-Interpolations"/>
      </sampler>
      <channel source="#mixamorig_Spine1-Matrix-animation-transform" target="mixamorig_Spine1/matrix"/>
      <source id="mixamorig_Spine2-Matrix-animation-input">
        <float_array id="mixamorig_Spine2-Matrix-animation-input-array" count="47">

0.000000 0.033333 0.066667 0.100000 0.133333 0.166667 0.200000 0.233333 0.266667 0.300000 0.333333 0.366667 0.400000 0.433333 0.466667 0.500000
0.533333 0.566667 0.600000 0.633333 0.666667 0.700000 0.733333 0.766667 0.800000 0.833333 0.866667 0.900000 0.933333 0.966667 1.000000 1.033333
1.066667 1.100000 1.133333 1.166667 1.200000 1.233333 1.266667 1.300000 1.333333 1.366667 1.400000 1.433333 1.466667 1.500000 1.533333</float_array>
        <technique_common>
          <accessor source="#mixamorig_Spine2-Matrix-animation-input-array" count="47">
            <param name="TIME" type="float"/>
          </accessor>
        </technique_common>
      </source>
      <source id="mixamorig_Spine2-Matrix-animation-output-transform">
        <float_array id="mixamorig_Spine2-Matrix-animation-output-transform-array" count="752">

0.999731 -0.013517 -0.018840 0.000000 0.012785 0.999180 -0.038422 0.093100 0.019344 0.038171 0.999084 0.000000 0.000000 0.000000 0.000000 1.000000
0.999488 -0.024214 -0.020904 -0.000000 0.022866 0.997785 -0.062461 0.093100 0.022370 0.061951 0.997828 0.000000 0.000000 0.000000 0.000000 1.000000
0.999101 -0.035723 -0.022818 0.000000 0.033570 0.995499 -0.088623 0.093100 0.025881 0.087777 0.995804 0.000000 0.000000 0.000000 0.000000 1.000000
0.998541 -0.045405 -0.029227 -0.000000 0.041865 0.992818 -0.112069 0.093100 0.034105 0.110682 0.993271 0.000000 0.000000 0.000000 0.000000 1.000000
0.997963 -0.044820 -0.045395 -0.000000 0.038922 0.991596 -0.123379 0.093100 0.050544 0.121361 0.991321 -0.000000 0.000000 0.000000 0.000000 1.000000
0.997220 -0.028433 -0.068872 -0.000000 0.019911 0.992404 -0.121403 0.093100 0.071801 0.119694 0.990211 0.000000 0.000000 0.000000 0.000000 1.000000
0.996148 -0.002597 -0.087655 0.000000 -0.007956 0.992764 -0.119821 0.093100 0.087331 0.120057 0.988918 0.000000 0.000000 0.000000 0.000000 1.000000
0.995571 0.025505 -0.090484 0.000000 -0.037121 0.990935 -0.129114 0.093100 0.086371 0.131901 0.987493 0.000000 0.000000 0.000000 0.000000 1.000000
