<?xml version="1.0" encoding="utf-8"?>
<COLLADA xmlns="http://www.collada.org/2005/11/COLLADASchema" version="1.4.1">
  <asset>
    <contributor>
      <author>Mixamo</author>
      <authoring_tool>COLLADA Mixamo exporter</authoring_tool>
      <comments/>
    </contributor>
    <created>2024-05-10T12:14:42Z</created>
    <modified>2024-05-10T12:14:42Z</modified>
    <revision/>
    <title/>
    <unit meter="0.010000"/>
    <up_axis>Y_UP</up_axis>
  </asset>
  <library_animations>
    <animation>
      <source id="Armature.001-Matrix-animation-input">
        <float_array id="Armature.001-Matrix-animation-input-array" count="47">

0.000000 0.033333 0.066667 0.100000 0.133333 0.166667 0.200000 0.233333 0.266667 0.300000 0.333333 0.366667 0.400000 0.433333 0.466667 0.500000
0.533333 0.566667 0.600000 0.633333 0.666667 0.700000 0.733333 0.766667 0.800000 0.833333 0.866667 0.900000 0.933333 0.966667 1.000000 1.033333
1.066667 1.100000 1.133333 1.166667 1.200000 1.233333 1.266667 1.300000 1.333333 1.366667 1.400000 1.433333 1.466667 1.500000 1.533333</float_array>
        <technique_common>
          <accessor source="#Armature.001-Matrix-animation-input-array" count="47">
            <param name="TIME" type="float"/>
          </accessor>
        </technique_common>
      </source>
      <source id="Armature.001-Matrix-animation-output-transform">
        <float_array id="Armature.001-Matrix-animation-output-transform-array" count="752">

100.000000 0.000000 0.000000 0.000000 0.000000 0.000000 100.000000 0.000000 0.000000 -100.000000 0.000000 0.000000 0.000000 0.000000 0.000000 1.000000
100.000000 0.000000 0.000000 0.000000 0.000000 0.000000 100.000000 0.000000 0.000000 -100.000000 0.000000 0.000000 0.000000 0.000000 0.000000 1.000000
100.000000 0.000000 0.000000 0.000000 0.000000 0.000000 100.000000 0.000000 0.000000 -100.000000 0.000000 0.000000 0.000000 0.000000 0.000000 1.000000
100.000000 0.000000 0.000000 0.000000 0.000000 0.000000 100.000000 0.000000 0.000000 -100.000000 0.000000 0.000000 0.000000 0.000000 0.000000 1.000000
100.000000 0.000000 0.000000 0.000000 0.000000 0.000000 100.000000 0.000000 0.000000 -100.000000 0.000000 0.000000 0.000000 0.000000 0.000000 1.000000
100.000000 0.000000 0.000000 0.000000 0.000000 0.000000 100.000000 0.000000 0.000000 -100.000000 0.000000 0.000000 0.000000 0.000000 0.000000 1.000000
100.000000 0.000000 0.000000 0.000000 0.000000 0.000000 100.000000 0.000000 0.000000 -100.000000 0.000000 0.000000 0.000000 0.000000 0.000000 1.000000
100.000000 0.000000 0.000000 0.000000 0.000000 0.000000 100.000000 0.000000 0.000000 -100.000000 0.000000 0.000000 0.000000 0.000000 0.000000 1.000000
100.000000 0.000000 0.000000 0.000000 0.000000 0.000000 100.000000 0.000000 0.000000 -100.000000 0.000000 0.000000 0.000000 0.000000 0.000000 1.000000
100.000000 0.000000 0.000000 0.000000 0.000000 0.000000 100.000000 0.000000 0.000000 -100.000000 0.000000 0.000000 0.000000 0.000000 0.000000 1.000000
100.000000 0.000000 0.000000 0.000000 0.000000 0.000000 100.000000 0.000000 0.000000 -100.000000 0.000000 0.000000 0.000000 0.000000 0.000000 1.000000
100.000000 0.000000 0.000000 0.000000 0.000000 0.000000 100.000000 0.000000 0.000000 -100.000000 0.000000 0.000000 0.000000 0.000000 0.000000 1.000000
100.000000 0.000000 0.000000 0.000000 0.000000 0.000000 100.000000 0.000000 0.000000 -100.000000 0.000000 0.000000 0.000000 0.000000 0.000000 1.000000
100.000000 0.000000 0.000000 0.000000 0.000000 0.000000 100.000000 0.000000 0.000000 -100.000000 0.000000 0.000000 0.000000 0.000000 0.000000 1.000000
100.000000 0.000000 0.000000 0.000000 0.000000 0.000000 100.000000 0.000000 0.000000 -100.000000 0.000000 0.000000 0.000000 0.000000 0.000000 1.000000
100.000000 0.000000 0.000000 0.000000 0.000000 0.000000 100.000000 0.000000 0.000000 -100.000000 0.000000 0.000000 0.000000 0.000000 0.000000 1.000000
100.000000 0.000000 0.000000 0.000000 0.000000 0.000000 100.000000 0.000000 0.000000 -100.000000 0.000000 0.000000 0.000000 0.000000 0.000000 1.000000
100.000000 0.000000 0.000000 0.000000 0.000000 0.000000 100.000000 0.000000 0.000000 -100.000000 0.000000 0.000000 0.000000 0.000000 0.000000 1.000000
100.000000 0.000000 0.000000 0.000000 0.000000 0.000000 100.000000 0.000000 0.000000 -100.000000 0.000000 0.000000 0.000000 0.000000 0.000000 1.000000
100.000000 0.000000 0.000000 0.000000 0.000000 0.000000 100.000000 0.000000 0.000000 -100.000000 0.000000 0.000000 0.000000 0.000000 0.000000 1.000000
100.000000 0.000000 0.000000 0.000000 0.000000 0.000000 100.000000 0.000000 0.000000 -100.000000 0.000000 0.000000 0.000000 0.000000 0.000000 1.000000
100.000000 0.000000 0.000000 0.000000 0.000000 0.000000 100.000000 0.000000 0.000000 -100.000000 0.000000 0.000000 0.000000 0.000000 0.000000 1.000000
100.000000 0.000000 0.000000 0.000000 0.000000 0.000000 100.000000 0.000000 0.000000 -100.000000 0.000000 0.000000 0.000000 0.000000 0.000000 1.000000
100.000000 0.000000 0.000000 0.000000 0.000000 0.000000 100.000000 0.000000 0.000000 -100.000000 0.000000 0.000000 0.000000 0.000000 0.000000 1.000000
100.000000 0.000000 0.000000 0.000000 0.000000 0.000000 100.000000 0.000000 0.000000 -100.000000 0.000000 0.000000 0.000000 0.000000 0.000000 1.000000
100.000000 0.000000 0.000000 0.000000 0.000000 0.000000 100.000000 0.000000 0.000000 -100.000000 0.000000 0.000000 0.000000 0.000000 0.000000 1.000000
100.000000 0.000000 0.000000 0.000000 0.000000 0.000000 100.000000 0.000000 0.000000 -100.000000 0.000000 0.000000 0.000000 0.000000 0.000000 1.000000
100.000000 0.000000 0.000000 0.000000 0.000000 0.000000 100.000000 0.000000 0.000000 -100.000000 0.000000 0.000000 0.000000 0.000000 0.000000 1.000000
100.000000 0.000000 0.000000 0.000000 0.000000 0.000000 100.000000 0.000000 0.000000 -100.000000 0.000000 0.000000 0.000000 0.000000 0.000000 1.000000
100.000000 0.000000 0.000000 0.000000 0.000000 0.000000 100.000000 0.000000 0.000000 -100.000000 0.000000 0.000000 0.000000 0.000000 0.000000 1.000000
100.000000 0.000000 0.000000 0.000000 0.000000 0.000000 100.000000 0.000000 0.000000 -100.000000 0.000000 0.000000 0.000000 0.000000 0.000000 1.000000
100.000000 0.000000 0.000000 0.000000 0.000000 0.000000 100.000000 0.000000 0.000000 -100.000000 0.000000 0.000000 0.000000 0.000000 0.000000 1.000000
100.000000 0.000000 0.000000 0.000000 0.000000 0.000000 100.000000 0.000000 0.000000 -100.000000 0.000000 0.000000 0.000000 0.000000 0.000000 1.000000
100.000000 0.000000 0.000000 0.000000 0.000000 0.000000 100.000000 0.000000 0.000000 -100.000000 0.000000 0.000000 0.000000 0.000000 0.000000 1.000000
100.000000 0.000000 0.000000 0.000000 0.000000 0.000000 100.000000 0.000000 0.000000 -100.000000 0.000000 0.000000 0.000000 0.000000 0.000000 1.000000
100.000000 0.000000 0.000000 0.000000 0.000000 0.000000 100.000000 0.000000 0.000000 -100.000000 0.000000 0.000000 0.000000 0.000000 0.000000 1.000000
100.000000 0.000000 0.000000 0.000000 0.000000 0.000000 100.000000 0.000000 0.000000 -100.000000 0.000000 0.000000 0.000000 0.000000 0.000000 1.000000
100.000000 0.000000 0.000000 0.000000 0.000000 0.000000 100.000000 0.000000 0.000000 -100.000000 0.000000 0.000000 0.000000 0.000000 0.000000 1.000000
100.000000 0.000000 0.000000 0.000000 0.000000 0.000000 100.000000 0.000000 0.000000 -100.000000 0.000000 0.000000 0.000000 0.000000 0.000000 1.000000
100.000000 0.000000 0.000000 0.000000 0.000000 0.000000 100.000000 0.000000 0.000000 -100.000000 0.000000 0.000000 0.000000 0.000000 0.000000 1.000000
100.000000 0.000000 0.000000 0.000000 0.000000 0.000000 100.000000 0.000000 0.000000 -100.000000 0.000000 0.000000 0.000000 0.000000 0.000000 1.000000
100.000000 0.000000 0.000000 0.000000 0.000000 0.000000 100.000000 0.000000 0.000000 -100.000000 0.000000 0.000000 0.000000 0.000000 0.000000 1.000000
100.000000 0.000000 0.000000 0.000000 0.000000 0.000000 100.000000 0.000000 0.000000 -100.000000 0.000000 0.000000 0.000000 0.000000 0.000000 1.000000
100.000000 0.000000 0.000000 0.000000 0.000000 0.000000 100.000000 0.000000 0.000000 -100.000000 0.000000 0.000000 0.000000 0.000000 0.000000 1.000000
100.000000 0.000000 0.000000 0.000000 0.000000 0.000000 100.000000 0.000000 0.000000 -100.000000 0.000000 0.000000 0.000000 0.000000 0.000000 1.000000
100.000000 0.000000 0.000000 0.000000 0.000000 0.000000 100.000000 0.000000 0.000000 -100.000000 0.000000 0.000000 0.000000 0.000000 0.000000 1.000000
100.000000 0.000000 0.000000 0.000000 0.000000 0.000000 100.000000 0.000000 0.000000 -100.000000 0.000000 0.000000 0.000000 0.000000 0.000000 1.000000</float_array>
        <technique_common>
          <accessor source="#Armature.001-Matrix-animation-output-transform-array" count="47" stride="16">
            <param type="float4x4"/>
          </accessor>
        </technique_common>
      </source>
      <source id="Armature.001-Interpolations">
        <Name_array id="Armature.001-Interpolations-array" count="47">
 LINEAR LINEAR LINEAR LINEAR LINEAR LINEAR LINEAR LINEAR LINEAR LINEAR LINEAR
LINEAR LINEAR LINEAR LINEAR LINEAR LINEAR LINEAR LINEAR LINEAR LINEAR LINEAR LINEAR
LINEAR LINEAR LINEAR LINEAR LINEAR LINEAR LINEAR LINEAR LINEAR LINEAR LINEAR LINEAR
LINEAR LINEAR LINEAR LINEAR LINEAR LINEAR LINEAR LINEAR LINEAR LINEAR LINEAR LINEAR</Name_array>
        <technique_common>
          <accessor source="#Armature.001-Interpolations-array" count="47">
            <param type="name"/>
          </accessor>
        </technique_common>
      </source>
      <sampler id="Armature.001-Matrix-animation-transform">
        <input semantic="INPUT" source="#Armature.001-Matrix-animation-input"/>
        <input semantic="OUTPUT" source="#Armature.001-Matrix-animation-output-transform"/>
        <input semantic="INTERPOLATION" source="#Armature.001-Interpolations"/>
      </sampler>
      <channel source="#Armature.001-Matrix-animation-transform" target="Armature.001/matrix"/>
      <source id="mixamorig_Hips-Matrix-animation-input">
        <float_array id="mixamorig_Hips-Matrix-animation-input-array" count="47">

0.000000 0.033333 0.066667 0.100000 0.133333 0.166667 0.200000 0.233333 0.266667 0.300000 0.333333 0.366667 0.400000 0.433333 0.466667 0.500000
0.533333 0.566667 0.600000 0.633333 0.666667 0.700000 0.733333 0.766667 0.800000 0.833333 0.866667 0.900000 0.933333 0.966667 1.000000 1.033333
1.066667 1.100000 1.133333 1.166667 1.200000 1.233333 1.266667 1.300000 1.333333 1.366667 1.400000 1.433333 1.466667 1.500000 1.533333</float_array>
        <technique_common>
          <accessor source="#mixamorig_Hips-Matrix-animation-input-array" count="47">
            <param name="TIME" type="float"/>
          </accessor>
        </technique_common>
      </source>
      <source id="mixamorig_Hips-Matrix-animation-output-transform">
        <float_array id="mixamorig_Hips-Matrix-animation-output-transform-array" count="752">

0.690791 0.000451 -0.723055 0.006427 -0.719909 0.093612 -0.687727 0.006908 0.067376 0.995609 0.064991 0.794401 0.000000 0.000000 0.000000 1.000000
0.688168 0.008636 -0.725500 0.001876 -0.721700 0.111036 -0.683242 0.010337 0.074656 0.993779 0.082644 0.797362 0.000000 0.000000 0.000000 1.000000
0.702063 0.010458 -0.712038 -0.004989 -0.706667 0.133680 -0.694803 0.014027 0.087919 0.990969 0.101242 0.801137 0.000000 0.000000 0.000000 1.000000
0.744542 0.010853 -0.667487 -0.015262 -0.658662 0.174788 -0.731857 0.015878 0.108726 0.984546 0.137285 0.806242 0.000000 0.000000 0.000000 1.000000
0.798269 0.010423 -0.602212 -0.031764 -0.583479 0.261387 -0.768914 0.006767 0.149396 0.965178 0.214739 0.815041 0.000000 0.000000 0.000000 1.000000
0.815573 -0.001092 -0.578653 -0.049872 -0.536615 0.372765 -0.757027 -0.015179 0.216528 0.927925 0.303431 0.829190 0.000000 0.000000 0.000000 1.000000
0.768246 -0.005416 -0.640132 -0.057382 -0.570612 0.447476 -0.688598 -0.033698 0.290173 0.894280 0.340681 0.844740 0.000000 0.000000 0.000000 1.000000
0.679407 0.002162 -0.733758 -0.056065 -0.646124 0.475688 -0.596862 -0.041520 0.347750 0.879611 0.324583 0.856407 0.000000 0.000000 0.000000 1.000000
0.593520 0.003885 -0.804810 -0.052321 -0.703005 0.489331 -0.516081 -0.044211 0.391813 0.872089 0.293159 0.862970 0.000000 0.000000 0.000000 1.000000
0.506014 -0.007003 -0.862497 -0.045149 -0.742234 0.505839 -0.439564 -0.045615 0.439362 0.862600 0.250764 0.865398 0.000000 0.000000 0.000000 1.000000
0.382696 -0.028957 -0.923420 -0.033877 -0.782167 0.521788 -0.340518 -0.046336 0.491690 0.852584 0.177037 0.865447 0.000000 0.000000 0.000000 1.000000
0.227788 -0.059583 -0.971886 -0.020317 -0.818152 0.529484 -0.224217 -0.046558 0.527958 0.846225 0.071862 0.863346 0.000000 0.000000 0.000000 1.000000
0.075615 -0.095437 -0.992559 -0.005665 -0.843111 0.525355 -0.114744 -0.046406 0.532397 0.845514 -0.040739 0.860224 0.000000 0.000000 0.000000 1.000000
-0.043176 -0.131479 -0.990378 0.009712 -0.859699 0.509906 -0.030214 -0.045289 0.508972 0.850123 -0.135048 0.856588 0.000000 0.000000 0.000000 1.000000
-0.119024 -0.163008 -0.979419 0.025472 -0.873564 0.486053 0.025264 -0.041906 0.471931 0.858593 -0.200250 0.850781 0.000000 0.000000 0.000000 1.000000
-0.156991 -0.188494 -0.969445 0.041484 -0.888107 0.456323 0.055094 -0.035550 0.431995 0.869620 -0.239042 0.841363 0.000000 0.000000 0.000000 1.000000
-0.166863 -0.210184 -0.963317 0.057646 -0.904663 0.421171 0.064809 -0.026967 0.392099 0.882291 -0.260423 0.829435 0.000000 0.000000 0.000000 1.000000
-0.160571 -0.231116 -0.959584 0.073329 -0.922444 0.381025 0.062586 -0.017458 0.351161 0.895213 -0.274373 0.817128 0.000000 0.000000 0.000000 1.000000
-0.144298 -0.249256 -0.957627 0.087850 -0.939690 0.337788 0.053674 -0.007786 0.310097 0.907618 -0.282965 0.805474 0.000000 0.000000 0.000000 1.000000
-0.112715 -0.257676 -0.959635 0.101095 -0.955440 0.293283 0.033471 0.002256 0.272820 0.920645 -0.279251 0.794408 0.000000 0.000000 0.000000 1.000000
-0.062700 -0.255927 -0.964661 0.113323 -0.969426 0.245377 -0.002089 0.013390 0.237240 0.935036 -0.263487 0.783831 0.000000 0.000000 0.000000 1.000000
-0.005685 -0.253446 -0.967333 0.124435 -0.981223 0.187917 -0.043468 0.025804 0.192795 0.948922 -0.249756 0.773748 0.000000 0.000000 0.000000 1.000000
0.045564 -0.253879 -0.966162 0.133781 -0.989220 0.123270 -0.079044 0.038470 0.139167 0.959349 -0.245526 0.764049 0.000000 0.000000 0.000000 1.000000
0.092077 -0.247210 -0.964577 0.140518 -0.991275 0.068996 -0.112309 0.049840 0.094316 0.966502 -0.238700 0.755313 0.000000 0.000000 0.000000 1.000000
0.142496 -0.224233 -0.964061 0.143415 -0.987325 0.036570 -0.154441 0.059165 0.069886 0.973849 -0.216179 0.748711 0.000000 0.000000 0.000000 1.000000
0.202566 -0.188498 -0.960956 0.141209 -0.977496 0.020092 -0.209994 0.066381 0.058891 0.981868 -0.180186 0.744884 0.000000 0.000000 0.000000 1.000000
0.269479 -0.148415 -0.951501 0.134043 -0.961458 0.014545 -0.274568 0.071329 0.054590 0.988818 -0.138775 0.744400 0.000000 0.000000 0.000000 1.000000
0.335211 -0.110310 -0.935663 0.123335 -0.940366 0.021792 -0.339465 0.073978 0.057837 0.993658 -0.096427 0.747843 0.000000 0.000000 0.000000 1.000000
0.394645 -0.080221 -0.915325 0.110423 -0.916503 0.036540 -0.398355 0.074625 0.065403 0.996107 -0.059103 0.754715 0.000000 0.000000 0.000000 1.000000
0.447411 -0.062151 -0.892166 0.096358 -0.891492 0.048391 -0.450444 0.073618 0.071168 0.996893 -0.033757 0.763622 0.000000 0.000000 0.000000 1.000000
0.494239 -0.054079 -0.867643 0.082247 -0.866085 0.055474 -0.496809 0.071239 0.074998 0.996995 -0.019419 0.773141 0.000000 0.000000 0.000000 1.000000
0.534665 -0.049443 -0.843616 0.069013 -0.841307 0.062890 -0.536888 0.067632 0.079600 0.996795 -0.007971 0.782327 0.000000 0.000000 0.000000 1.000000
0.567661 -0.043287 -0.822124 0.057085 -0.818944 0.072463 -0.569280 0.062663 0.084216 0.996431 0.005685 0.790651 0.000000 0.000000 0.000000 1.000000
0.591903 -0.035157 -0.805242 0.046437 -0.801318 0.081960 -0.592597 0.056251 0.086832 0.996015 0.020340 0.797891 0.000000 0.000000 0.000000 1.000000
0.607262 -0.026354 -0.794065 0.036769 -0.789665 0.090089 -0.606887 0.048612 0.087531 0.995585 0.033897 0.803967 0.000000 0.000000 0.000000 1.000000
0.616448 -0.017620 -0.787199 0.028238 -0.782546 0.097078 -0.614977 0.040471 0.087255 0.995121 0.046055 0.808418 0.000000 0.000000 0.000000 1.000000
0.622795 -0.009676 -0.782325 0.021675 -0.777595 0.102824 -0.620301 0.032825 0.086444 0.994653 0.056514 0.810720 0.000000 0.000000 0.000000 1.000000
0.628288 -0.003584 -0.777973 0.016757 -0.773304 0.106607 -0.625009 0.025602 0.085177 0.994295 0.064208 0.811526 0.000000 0.000000 0.000000 1.000000
0.634164 0.000007 -0.773199 0.013742 -0.768667 0.108114 -0.630446 0.020595 0.083590 0.994138 0.068567 0.810828 0.000000 0.000000 0.000000 1.000000
0.640729 0.001984 -0.767764 0.011580 -0.763408 0.108053 -0.636815 0.016765 0.081696 0.994143 0.070747 0.809461 0.000000 0.000000 0.000000 1.000000
0.647706 0.003181 -0.761884 0.009962 -0.757717 0.107217 -0.643715 0.013764 0.079639 0.994231 0.071855 0.807692 0.000000 0.000000 0.000000 1.000000
0.654952 0.003708 -0.755661 0.008744 -0.751685 0.105762 -0.650987 0.011457 0.077506 0.994385 0.072056 0.805668 0.000000 0.000000 0.000000 1.000000
0.662368 0.003645 -0.749170 0.007880 -0.745380 0.103782 -0.658512 0.009757 0.075350 0.994593 0.071459 0.803451 0.000000 0.000000 0.000000 1.000000
0.669773 0.003207 -0.742559 0.007257 -0.738946 0.101489 -0.666077 0.008514 0.073226 0.994831 0.070344 0.801159 0.000000 0.000000 0.000000 1.000000
0.677026 0.002508 -0.735955 0.006860 -0.732508 0.099027 -0.673517 0.007743 0.071191 0.995082 0.068881 0.798833 0.000000 0.000000 0.000000 1.000000
0.684058 0.001553 -0.729426 0.006644 -0.726131 0.096410 -0.680763 0.007329 0.069266 0.995341 0.067078 0.796529 0.000000 0.000000 0.000000 1.000000
0.690791 0.000452 -0.723055 0.006427 -0.719909 0.093611 -0.687727 0.006908 0.067376 0.995609 0.064991 0.794401 0.000000 0.000000 0.000000 1.000000</float_array>
        <technique_common>
          <accessor source="#mixamorig_Hips-Matrix-animation-output-transform-array" count="47" stride="16">
            <param type="float4x4"/>
          </accessor>
        </technique_common>
      </source>
      <source id="mixamorig_Hips-Interpolations">
        <Name_array id="mixamorig_Hips-Interpolations-array" count="47">
 LINEAR LINEAR LINEAR LINEAR LINEAR LINEAR LINEAR LINEAR LINEAR LINEAR LINEAR
LINEAR LINEAR LINEAR LINEAR LINEAR LINEAR LINEAR LINEAR LINEAR LINEAR LINEAR LINEAR
LINEAR LINEAR LINEAR LINEAR LINEAR LINEAR LINEAR LINEAR LINEAR LINEAR LINEAR LINEAR
LINEAR LINEAR LINEAR LINEAR LINEAR LINEAR LINEAR LINEAR LINEAR LINEAR LINEAR LINEAR</Name_array>
        <technique_common>
          <accessor source="#mixamorig_Hips-Interpolations-array" count="47">
            <param type="name"/>
          </accessor>
        </technique_common>
      </source>
      <sampler id="mixamorig_Hips-Matrix-animation-transform">
        <input semantic="INPUT" source="#mixamorig_Hips-Matrix-animation-input"/>
        <input semantic="OUTPUT" source="#mixamorig_Hips-Matrix-animation-output-transform"/>
        <input semantic="INTERPOLATION" source="#mixamorig_Hips-Interpolations"/>
      </sampler>
      <channel source="#mixamorig_Hips-Matrix-animation-transform" target="mixamorig_Hips/matrix"/>
      <source id="mixamorig_Spine-Matrix-animation-input">
        <float_array id="mixamorig_Spine-Matrix-animation-input-array" count="47">

0.000000 0.033333 0.066667 0.100000 0.133333 0.166667 0.200000 0.233333 0.266667 0.300000 0.333333 0.366667 0.400000 0.433333 0.466667 0.500000
0.533333 0.566667 0.600000 0.633333 0.666667 0.700000 0.733333 0.766667 0.800000 0.833333 0.866667 0.900000 0.933333 0.966667 1.000000 1.033333
1.066667 1.100000 1.133333 1.166667 1.200000 1.233333 1.266667 1.300000 1.333333 1.366667 1.400000 1.433333 1.466667 1.500000 1.533333</float_array>
        <technique_common>
          <accessor source="#mixamorig_Spine-Matrix-animation-input-array" count="47">
            <param name="TIME" type="float"/>
          </accessor>
        </technique_common>
      </source>
      <source id="mixamorig_Spine-Matrix-animation-output-transform">
        <float_array id="mixamorig_Spine-Matrix-animation-output-transform-array" count="752">

0.991537 0.016945 0.128711 0.000000 -0.010800 0.998775 -0.048289 0.069300 -0.129372 0.046490 0.990506 -0.008100 0.000000 0.000000 0.000000 1.000000
0.993078 0.024312 0.114916 0.000000 -0.019856 0.999012 -0.039760 0.069300 -0.115769 0.037203 0.992579 -0.008100 0.000000 0.000000 0.000000 1.000000
0.994623 0.030098 0.099095 0.000000 -0.027628 0.999275 -0.026206 0.069300 -0.099812 0.023327 0.994733 -0.008100 0.000000 0.000000 0.000000 1.000000
0.995646 0.028537 0.088738 0.000000 -0.028420 0.999593 -0.002576 0.069300 -0.088776 0.000043 0.996052 -0.008100 0.000000 0.000000 0.000000 1.000000
0.995831 0.006098 0.091012 0.000000 -0.009862 0.999112 0.040955 0.069300 -0.090682 -0.041682 0.995007 -0.008100 0.000000 0.000000 0.000000 1.000000
0.994057 -0.039137 0.101587 0.000000 0.029218 0.994821 0.097353 0.069300 -0.104871 -0.093807 0.990052 -0.008100 0.000000 0.000000 0.000000 1.000000
0.990529 -0.086749 0.106429 0.000000 0.071748 0.987904 0.137470 0.069300 -0.117067 -0.128532 0.984771 -0.008100 0.000000 0.000000 0.000000 1.000000
0.987900 -0.124153 0.092955 0.000000 0.109993 0.983380 0.144450 0.069300 -0.109344 -0.132478 0.985136 -0.008100 0.000000 0.000000 0.000000 1.000000
0.985522 -0.156552 0.065105 0.000000 0.147550 0.981057 0.125523 0.069300 -0.083522 -0.114099 0.989952 -0.008100 0.000000 0.000000 0.000000 1.000000
0.981895 -0.184372 0.043469 0.000000 0.179665 0.979158 0.094708 0.069300 -0.060025 -0.085183 0.994556 -0.008100 0.000000 0.000000 0.000000 1.000000
0.979283 -0.198502 0.040021 -0.000000 0.195745 0.978569 0.063921 0.069300 -0.051851 -0.054763 0.997152 -0.008100 0.000000 0.000000 0.000000 1.000000
0.978760 -0.198377 0.051727 0.000000 0.196563 0.979750 0.038125 0.069300 -0.058243 -0.027148 0.997933 -0.008100 0.000000 0.000000 0.000000 1.000000
0.978909 -0.194134 0.063630 0.000000 0.193583 0.980973 0.014782 0.069300 -0.065289 -0.002152 0.997864 -0.008100 0.000000 0.000000 0.000000 1.000000
0.979329 -0.192649 0.061649 0.000000 0.193647 0.981014 -0.010592 0.069300 -0.058438 0.022311 0.998042 -0.008100 0.000000 0.000000 0.000000 1.000000
0.980561 -0.191136 0.044352 0.000000 0.192909 0.980406 -0.039875 0.069300 -0.035861 0.047656 0.998220 -0.008100 0.000000 0.000000 0.000000 1.000000
0.982129 -0.186823 0.022780 -0.000000 0.188012 0.979404 -0.073611 0.069300 -0.008558 0.076578 0.997027 -0.008100 0.000000 0.000000 0.000000 1.000000
0.983152 -0.182652 0.007115 0.000000 0.182324 0.977126 -0.109469 0.069300 0.013042 0.108922 0.993965 -0.008100 0.000000 0.000000 0.000000 1.000000
0.983748 -0.179530 -0.002829 -0.000000 0.177350 0.974020 -0.140830 0.069300 0.028039 0.138039 0.990030 -0.008100 0.000000 0.000000 0.000000 1.000000
0.984641 -0.174056 -0.013640 -0.000000 0.169474 0.971645 -0.164878 0.069300 0.041951 0.160034 0.986220 -0.008100 0.000000 0.000000 0.000000 1.000000
0.985998 -0.164004 -0.030176 0.000000 0.155606 0.969933 -0.187126 0.069300 0.059958 0.179810 0.981872 -0.008100 0.000000 0.000000 0.000000 1.000000
0.987420 -0.149571 -0.051279 0.000000 0.135687 0.968053 -0.210862 0.069300 0.081179 0.201252 0.976170 -0.008100 0.000000 0.000000 0.000000 1.000000
0.988720 -0.131019 -0.072573 -0.000000 0.111262 0.966875 -0.229725 0.069300 0.100267 0.219059 0.970546 -0.008100 0.000000 0.000000 0.000000 1.000000
0.989954 -0.106489 -0.093008 0.000000 0.081826 0.967973 -0.237346 0.069300 0.115304 0.227352 0.966962 -0.008100 0.000000 0.000000 0.000000 1.000000
0.990998 -0.074752 -0.111062 0.000000 0.046737 0.970573 -0.236227 0.069300 0.125453 0.228910 0.965330 -0.008100 0.000000 0.000000 0.000000 1.000000
0.992257 -0.043026 -0.116507 0.000000 0.015068 0.972849 -0.230950 0.069300 0.123280 0.227407 0.965965 -0.008100 0.000000 0.000000 0.000000 1.000000
0.994677 -0.023161 -0.100410 0.000000 0.000368 0.975207 -0.221295 0.069300 0.103045 0.220080 0.970024 -0.008100 0.000000 0.000000 0.000000 1.000000
0.997434 -0.016181 -0.069738 0.000000 0.001404 0.978357 -0.206918 0.069300 0.071577 0.206289 0.975870 -0.008100 0.000000 0.000000 0.000000 1.000000
0.999203 -0.012559 -0.037892 -0.000000 0.005142 0.981807 -0.189811 0.069300 0.039586 0.189464 0.981089 -0.008100 0.000000 0.000000 0.000000 1.000000
0.999917 -0.007772 -0.010295 -0.000000 0.005917 0.985543 -0.169322 0.069300 0.011462 0.169247 0.985507 -0.008100 0.000000 0.000000 0.000000 1.000000
0.999922 -0.004134 0.011747 -0.000000 0.005784 0.989548 -0.144085 0.069300 -0.011029 0.144142 0.989496 -0.008100 0.000000 0.000000 0.000000 1.000000
0.999653 -0.001178 0.026334 0.000000 0.004291 0.992947 -0.118483 0.069300 -0.026009 0.118555 0.992607 -0.008100 0.000000 0.000000 0.000000 1.000000
0.999409 0.003815 0.034157 0.000000 -0.000416 0.995090 -0.098972 0.069300 -0.034367 0.098899 0.994504 -0.008100 0.000000 0.000000 0.000000 1.000000
0.999184 0.009680 0.039202 0.000000 -0.006272 0.996263 -0.086142 0.069300 -0.039890 0.085826 0.995511 -0.008100 0.000000 0.000000 0.000000 1.000000
0.998860 0.014037 0.045615 0.000000 -0.010549 0.997064 -0.075841 0.069300 -0.046545 0.075274 0.996076 -0.008100 0.000000 0.000000 0.000000 1.000000
0.998347 0.017467 0.054758 0.000000 -0.013844 0.997732 -0.065870 0.069300 -0.055784 0.065003 0.996325 -0.008100 0.000000 0.000000 0.000000 1.000000
0.997699 0.020934 0.064489 0.000000 -0.017243 0.998210 -0.057258 0.069300 -0.065573 0.056015 0.996274 -0.008100 0.000000 0.000000 0.000000 1.000000
0.997099 0.023735 0.072326 0.000000 -0.020099 0.998517 -0.050599 0.069300 -0.073420 0.048998 0.996097 -0.008100 0.000000 0.000000 0.000000 1.000000
0.996605 0.025140 0.078397 0.000000 -0.021604 0.998725 -0.045625 0.069300 -0.079444 0.043777 0.995878 -0.008100 0.000000 0.000000 0.000000 1.000000
0.996135 0.025425 0.084076 0.000000 -0.021894 0.998850 -0.042664 0.069300 -0.085064 0.040659 0.995546 -0.008100 0.000000 0.000000 0.000000 1.000000
0.995639 0.025055 0.089858 0.000000 -0.021407 0.998916 -0.041338 0.069300 -0.090796 0.039234 0.995096 -0.008100 0.000000 0.000000 0.000000 1.000000
0.995117 0.024363 0.095652 -0.000000 -0.020526 0.998952 -0.040903 0.069300 -0.096548 0.038740 0.994574 -0.008100 0.000000 0.000000 0.000000 1.000000
0.994567 0.023419 0.101434 -0.000000 -0.019325 0.998966 -0.041150 0.069300 -0.102292 0.038966 0.993991 -0.008100 0.000000 0.000000 0.000000 1.000000
0.993990 0.022270 0.107179 -0.000000 -0.017854 0.998959 -0.041990 0.069300 -0.108002 0.039824 0.993353 -0.008100 0.000000 0.000000 0.000000 1.000000
0.993393 0.021017 0.112824 0.000000 -0.016226 0.998934 -0.043211 0.069300 -0.113612 0.041095 0.992675 -0.008100 0.000000 0.000000 0.000000 1.000000
0.992781 0.019730 0.118307 0.000000 -0.014528 0.998896 -0.044674 0.069300 -0.119058 0.042633 0.991972 -0.008100 0.000000 0.000000 0.000000 1.000000
0.992156 0.018371 0.123652 -0.000000 -0.012716 0.998844 -0.046366 0.069300 -0.124361 0.044430 0.991242 -0.008100 0.000000 0.000000 0.000000 1.000000
0.991537 0.016945 0.128711 0.000000 -0.010800 0.998775 -0.048289 0.069300 -0.129372 0.046490 0.990506 -0.008100 0.000000 0.000000 0.000000 1.000000</float_array>
        <technique_common>
          <accessor source="#mixamorig_Spine-Matrix-animation-output-transform-array" count="47" stride="16">
            <param type="float4x4"/>
          </accessor>
        </technique_common>
      </source>
      <source id="mixamorig_Spine-Interpolations">
        <Name_array id="mixamorig_Spine-Interpolations-array" count="47">
 LINEAR LINEAR LINEAR LINEAR LINEAR LINEAR LINEAR LINEAR LINEAR LINEAR LINEAR
LINEAR LINEAR LINEAR LINEAR LINEAR LINEAR LINEAR LINEAR LINEAR LINEAR LINEAR LINEAR
LINEAR LINEAR LINEAR LINEAR LINEAR LINEAR LINEAR LINEAR LINEAR LINEAR LINEAR LINEAR
LINEAR LINEAR LINEAR LINEAR LINEAR LINEAR LINEAR LINEAR LINEAR LINEAR LINEAR LINEAR</Name_array>
        <technique_common>
          <accessor source="#mixamorig_Spine-Interpolations-array" count="47">
            <param type="name"/>
          </accessor>
        </technique_common>
      </source>
      <sampler id="mixamorig_Spine-Matrix-animation-transform">
        <input semantic="INPUT" source="#mixamorig_Spine-Matrix-animation-input"/>
        <input semantic="OUTPUT" source="#mixamorig_Spine-Matrix-animation-output-transform"/>
        <input semantic="INTERPOLATION" source="#mixamorig_Spine-Interpolations"/>
      </sampler>
      <channel source="#mixamorig_Spine-Matrix-animation-transform" target="mixamorig_Spine/matrix"/>
      <source id="mixamorig_Spine1-Matrix-animation-input">
        <float_array id="mixamorig_Spine1-Matrix-animation-input-array" count="47">

0.000000 0.033333 0.066667 0.100000 0.133333 0.166667 0.200000 0.233333 0.266667 0.300000 0.333333 0.366667 0.400000 0.433333 0.466667 0.500000
0.533333 0.566667 0.600000 0.633333 0.666667 0.700000 0.733333 0.766667 0.800000 0.833333 0.866667 0.900000 0.933333 0.966667 1.000000 1.033333
1.066667 1.100000 1.133333 1.166667 1.200000 1.233333 1.266667 1.300000 1.333333 1.366667 1.400000 1.433333 1.466667 1.500000 1.533333</float_array>
        <technique_common>
          <accessor source="#mixamorig_Spine1-Matrix-animation-input-array" count="47">
            <param name="TIME" type="float"/>
          </accessor>
        </technique_common>
      </source>
      <source id="mixamorig_Spine1-Matrix-animation-output-transform">
        <float_array id="mixamorig_Spine1-Matrix-animation-output-transform-array" count="752">

0.999723 0.013875 0.019007 0.000000 -0.013141 0.999185 -0.038166 0.081400 -0.019521 0.037905 0.999091 -0.000000 0.000000 0.000000 0.000000 1.000000
0.999473 0.024558 0.021216 0.000000 -0.023197 0.997794 -0.062204 0.081400 -0.022697 0.061679 0.997838 0.000000 0.000000 0.000000 0.000000 1.000000
0.999078 0.036041 0.023317 0.000000 -0.033853 0.995520 -0.088285 0.081400 -0.026394 0.087414 0.995822 0.000000 0.000000 0.000000 0.000000 1.000000
0.998501 0.045820 0.029932 -0.000000 -0.042213 0.992850 -0.111653 0.081400 -0.034834 0.110222 0.993296 0.000000 0.000000 0.000000 0.000000 1.000000
0.997886 0.045589 0.046306 0.000000 -0.039593 0.991612 -0.123040 0.081400 -0.051527 0.120946 0.991321 0.000000 0.000000 0.000000 0.000000 1.000000
0.997104 0.029634 0.070036 0.000000 -0.020983 0.992410 -0.121169 0.081400 -0.073095 0.119349 0.990158 -0.000000 0.000000 0.000000 0.000000 1.000000
0.996012 0.003978 0.089126 0.000000 0.006724 0.992817 -0.119453 0.081400 -0.088961 0.119576 0.988831 0.000000 0.000000 0.000000 0.000000 1.000000
0.995440 -0.024201 0.092274 0.000000 0.036003 0.991061 -0.128462 0.081400 -0.088340 0.131199 0.987412 0.000000 0.000000 0.000000 0.000000 1.000000
0.995187 -0.054660 0.081328 0.000000 0.066115 0.987134 -0.145588 0.081400 -0.072323 0.150265 0.985997 -0.000000 0.000000 0.000000 0.000000 1.000000
0.993987 -0.084776 0.069298 0.000000 0.095151 0.981932 -0.163570 0.081400 -0.054179 0.169180 0.984095 0.000000 0.000000 0.000000 0.000000 1.000000
0.992110 -0.105253 0.068113 0.000000 0.116106 0.976331 -0.182474 0.081400 -0.047295 0.188943 0.980848 0.000000 0.000000 0.000000 0.000000 1.000000
0.990368 -0.114797 0.077408 0.000000 0.128248 0.971284 -0.200399 0.081400 -0.052180 0.208396 0.976652 -0.000000 0.000000 0.000000 0.000000 1.000000
0.988945 -0.119324 0.088031 -0.000000 0.136098 0.966090 -0.219424 0.081400 -0.058863 0.228979 0.971650 0.000000 0.000000 0.000000 0.000000 1.000000
0.988311 -0.123136 0.089882 0.000000 0.141576 0.960009 -0.241533 0.081400 -0.056546 0.251435 0.966221 0.000000 0.000000 0.000000 0.000000 1.000000
0.988919 -0.124817 0.080370 -0.000000 0.141941 0.953585 -0.265572 0.081400 -0.043491 0.274037 0.960735 0.000000 0.000000 0.000000 0.000000 1.000000
0.990399 -0.121466 0.065992 -0.000000 0.135506 0.947471 -0.289718 0.081400 -0.027335 0.295879 0.954834 0.000000 0.000000 0.000000 0.000000 1.000000
0.992070 -0.113573 0.053843 0.000000 0.124747 0.942068 -0.311362 0.081400 -0.015361 0.315609 0.948765 0.000000 0.000000 0.000000 0.000000 1.000000
0.993523 -0.104599 0.044389 0.000000 0.113383 0.938266 -0.326806 0.081400 -0.007465 0.329722 0.944049 -0.000000 0.000000 0.000000 0.000000 1.000000
0.994730 -0.096883 0.033548 0.000000 0.102520 0.936195 -0.336197 0.081400 0.001164 0.337864 0.941194 0.000000 0.000000 0.000000 0.000000 1.000000
0.995833 -0.089276 0.018586 0.000000 0.090199 0.934368 -0.344703 0.081400 0.013407 0.344943 0.938528 0.000000 0.000000 0.000000 0.000000 1.000000
0.996826 -0.079601 0.001139 0.000000 0.074825 0.931938 -0.354814 0.081400 0.027182 0.353773 0.934936 -0.000000 0.000000 0.000000 0.000000 1.000000
0.997580 -0.067762 -0.015587 0.000000 0.057515 0.930149 -0.362649 0.081400 0.039071 0.360874 0.931796 0.000000 0.000000 0.000000 0.000000 1.000000
0.998077 -0.053395 -0.031491 -0.000000 0.038254 0.930262 -0.364897 0.081400 0.048779 0.362991 0.930515 0.000000 0.000000 0.000000 0.000000 1.000000
0.998354 -0.034268 -0.045988 0.000000 0.015266 0.931718 -0.362863 0.081400 0.055282 0.361564 0.930707 0.000000 0.000000 0.000000 0.000000 1.000000
0.998580 -0.012378 -0.051812 -0.000000 -0.006969 0.933912 -0.357436 0.081400 0.052812 0.357290 0.932499 -0.000000 0.000000 0.000000 0.000000 1.000000
0.999067 0.004830 -0.042916 -0.000000 -0.019418 0.937849 -0.346499 0.081400 0.038575 0.347009 0.937068 0.000000 0.000000 0.000000 0.000000 1.000000
0.999592 0.014664 -0.024510 -0.000000 -0.021942 0.943623 -0.330295 0.081400 0.018285 0.330698 0.943560 -0.000000 0.000000 0.000000 0.000000 1.000000
0.999749 0.021628 -0.005834 0.000000 -0.022368 0.949701 -0.312359 0.081400 -0.001215 0.312411 0.949946 0.000000 0.000000 0.000000 0.000000 1.000000
0.999558 0.028094 0.009710 0.000000 -0.023996 0.955429 -0.294243 0.081400 -0.017543 0.293880 0.955681 0.000000 0.000000 0.000000 0.000000 1.000000
0.999236 0.032596 0.021562 -0.000000 -0.025394 0.960883 -0.275787 0.081400 -0.029708 0.275029 0.960977 0.000000 0.000000 0.000000 0.000000 1.000000
0.998962 0.035723 0.028258 0.000000 -0.027239 0.965771 -0.257962 0.081400 -0.036506 0.256925 0.965742 -0.000000 0.000000 0.000000 0.000000 1.000000
0.998777 0.039383 0.029885 0.000000 -0.031004 0.969812 -0.241875 0.081400 -0.038509 0.240653 0.969847 0.000000 0.000000 0.000000 0.000000 1.000000
0.998659 0.042849 0.029045 -0.000000 -0.035161 0.973282 -0.226905 0.081400 -0.037992 0.225580 0.973484 0.000000 0.000000 0.000000 0.000000 1.000000
0.998587 0.044727 0.028708 0.000000 -0.037656 0.976608 -0.211706 0.081400 -0.037505 0.210326 0.976912 0.000000 0.000000 0.000000 0.000000 1.000000
0.998509 0.045612 0.029989 0.000000 -0.038872 0.979831 -0.196011 0.081400 -0.038325 0.194553 0.980143 0.000000 0.000000 0.000000 0.000000 1.000000
0.998432 0.046237 0.031541 0.000000 -0.039816 0.982796 -0.180352 0.081400 -0.039337 0.178814 0.983096 0.000000 0.000000 0.000000 0.000000 1.000000
0.998432 0.046153 0.031689 -0.000000 -0.040327 0.985515 -0.164721 0.081400 -0.038833 0.163184 0.985831 0.000000 0.000000 0.000000 0.000000 1.000000
0.998526 0.044884 0.030520 0.000000 -0.039855 0.988020 -0.149094 0.081400 -0.036846 0.147658 0.988352 0.000000 0.000000 0.000000 0.000000 1.000000
0.998676 0.042502 0.028992 0.000000 -0.038249 0.990228 -0.134108 0.081400 -0.034409 0.132821 0.990543 -0.000000 0.000000 0.000000 0.000000 1.000000
0.998843 0.039462 0.027500 0.000000 -0.035896 0.992137 -0.119901 0.081400 -0.032015 0.118775 0.992405 0.000000 0.000000 0.000000 0.000000 1.000000
0.999009 0.036105 0.026036 -0.000000 -0.033148 0.993789 -0.106228 0.081400 -0.029710 0.105259 0.994001 0.000000 0.000000 0.000000 0.000000 1.000000
0.999168 0.032515 0.024624 0.000000 -0.030091 0.995201 -0.093109 0.081400 -0.027533 0.092290 0.995351 0.000000 0.000000 0.000000 0.000000 1.000000
0.999315 0.028765 0.023292 0.000000 -0.026801 0.996383 -0.080635 0.081400 -0.025527 0.079955 0.996472 0.000000 0.000000 0.000000 0.000000 1.000000
0.999445 0.024974 0.022048 -0.000000 -0.023403 0.997355 -0.068820 0.081400 -0.023708 0.068266 0.997385 -0.000000 0.000000 0.000000 0.000000 1.000000
0.999556 0.021226 0.020903 0.000000 -0.019989 0.998133 -0.057713 0.081400 -0.022089 0.057269 0.998114 -0.000000 0.000000 0.000000 0.000000 1.000000
0.999649 0.017476 0.019896 -0.000000 -0.016516 0.998737 -0.047441 0.081400 -0.020700 0.047096 0.998676 0.000000 0.000000 0.000000 0.000000 1.000000
0.999723 0.013875 0.019007 0.000000 -0.013141 0.999185 -0.038166 0.081400 -0.019521 0.037905 0.999091 0.000000 0.000000 0.000000 0.000000 1.000000</float_array>
        <technique_common>
          <accessor source="#mixamorig_Spine1-Matrix-animation-output-transform-array" count="47" stride="16">
            <param type="float4x4"/>
          </accessor>
        </technique_common>
      </source>
      <source id="mixamorig_Spine1-Interpolations">
        <Name_array id="mixamorig_Spine1-Interpolations-array" count="47">
 LINEAR LINEAR LINEAR LINEAR LINEAR LINEAR LINEAR LINEAR LINEAR LINEAR LINEAR
LINEAR LINEAR LINEAR LINEAR LINEAR LINEAR LINEAR LINEAR LINEAR LINEAR LINEAR LINEAR
LINEAR LINEAR LINEAR LINEAR LINEAR LINEAR LINEAR LINEAR LINEAR LINEAR LINEAR LINEAR
LINEAR LINEAR LINEAR LINEAR LINEAR LINEAR LINEAR LINEAR LINEAR LINEAR LINEAR LINEAR</Name_array>
        <technique_common>
          <accessor source="#mixamorig_Spine1-Interpolations-array" count="47">
            <param type="name"/>
          </accessor>
        </technique_common>
      </source>
      <sampler id="mixamorig_Spine1-Matrix-animation-transform">
        <input semantic="INPUT" source="#mixamorig_Spine1-Matrix-animation-input"/>
        <input semantic="OUTPUT" source="#mixamorig_Spine1-Matrix-animation-output-transform"/>
        <input semantic="INTERPOLATION" source="#mixamorig_Spine1-Interpolations"/>
      </sampler>
      <channel source="#mixamorig_Spine1-Matrix-animation-transform" target="mixamorig_Spine1/matrix"/>
      <source id="mixamorig_Spine2-Matrix-animation-input">
        <float_array id="mixamorig_Spine2-Matrix-animation-input-array" count="47">

0.000000 0.033333 0.066667 0.100000 0.133333 0.166667 0.200000 0.233333 0.266667 0.300000 0.333333 0.366667 0.400000 0.433333 0.466667 0.500000
0.533333 0.566667 0.600000 0.633333 0.666667 0.700000 0.733333 0.766667 0.800000 0.833333 0.866667 0.900000 0.933333 0.966667 1.000000 1.033333
1.066667 1.100000 1.133333 1.166667 1.200000 1.233333 1.266667 1.300000 1.333333 1.366667 1.400000 1.433333 1.466667 1.500000 1.533333</float_array>
        <technique_common>
          <accessor source="#mixamorig_Spine2-Matrix-animation-input-array" count="47">
            <param name="TIME" type="float"/>
          </accessor>
        </technique_common>
      </source>
      <source id="mixamorig_Spine2-Matrix-animation-output-transform">
        <float_array id="mixamorig_Spine2-Matrix-animation-output-transform-array" count="752">

0.999731 0.013517 0.018840 -0.000000 -0.012785 0.999180 -0.038422 0.093100 -0.019344 0.038171 0.999084 0.000000 0.000000 0.000000 0.000000 1.000000
0.999488 0.024214 0.020904 0.000000 -0.022866 0.997785 -0.062461 0.093100 -0.022370 0.061951 0.997828 0.000000 0.000000 0.000000 0.000000 1.000000
0.999101 0.035723 0.022818 0.000000 -0.033570 0.995499 -0.088623 0.093100 -0.025881 0.087777 0.995804 0.000000 0.000000 0.000000 0.000000 1.000000
0.998541 0.045405 0.029227 0.000000 -0.041865 0.992818 -0.112069 0.093100 -0.034105 0.110682 0.993271 0.000000 0.000000 0.000000 0.000000 1.000000
0.997963 0.044820 0.045395 0.000000 -0.038922 0.991596 -0.123379 0.093100 -0.050543 0.121361 0.991321 0.000000 0.000000 0.000000 0.000000 1.000000
0.997220 0.028433 0.068872 -0.000000 -0.019911 0.992404 -0.121403 0.093100 -0.071801 0.119694 0.990211 0.000000 0.000000 0.000000 0.000000 1.000000
0.996148 0.002597 0.087655 0.000000 0.007956 0.992764 -0.119821 0.093100 -0.087331 0.120057 0.988918 0.000000 0.000000 0.000000 0.000000 1.000000
0.995571 -0.025505 0.090484 0.000000 0.037121 0.990935 -0.129114 0.093100 -0.086371 0.131901 0.987493 -0.000000 0.000000 0.000000 0.000000 1.000000
