<?xml version="1.0" encoding="utf-8"?>
<COLLADA xmlns="http://www.collada.org/2005/11/COLLADASchema" version="1.4.1">
  <asset>
    <contributor>
      <author>Mixamo</author>
      <authoring_tool>COLLADA Mixamo exporter</authoring_tool>
      <comments/>
    </contributor>
    <created>2024-05-10T12:13:48Z</created>
    <modified>2024-05-10T12:13:48Z</modified>
    <revision/>
    <title/>
    <unit meter="0.010000"/>
    <up_axis>Y_UP</up_axis>
  </asset>
  <library_animations>
    <animation>
      <source id="Armature.001-Matrix-animation-input">
        <float_array id="Armature.001-Matrix-animation-input-array" count="44">

0.000000 0.033333 0.066667 0.100000 0.133333 0.166667 0.200000 0.233333 0.266667 0.300000 0.333333 0.366667 0.400000 0.433333 0.466667 0.500000
0.533333 0.566667 0.600000 0.633333 0.666667 0.700000 0.733333 0.766667 0.800000 0.833333 0.866667 0.900000 0.933333 0.966667 1.000000 1.033333
1.066667 1.100000 1.133333 1.166667 1.200000 1.233333 1.266667 1.300000 1.333333 1.366667 1.400000 1.433333</float_array>
        <technique_common>
          <accessor source="#Armature.001-Matrix-animation-input-array" count="44">
            <param name="TIME" type="float"/>
          </accessor>
        </technique_common>
      </source>
      <source id="Armature.001-Matrix-animation-output-transform">
        <float_array id="Armature.001-Matrix-animation-output-transform-array" count="704">

100.000000 0.000000 0.000000 0.000000 0.000000 0.000000 100.000000 0.000000 0.000000 -100.000000 0.000000 0.000000 0.000000 0.000000 0.000000 1.000000
100.000000 0.000000 0.000000 0.000000 0.000000 0.000000 100.000000 0.000000 0.000000 -100.000000 0.000000 0.000000 0.000000 0.000000 0.000000 1.000000
100.000000 0.000000 0.000000 0.000000 0.000000 0.000000 100.000000 0.000000 0.000000 -100.000000 0.000000 0.000000 0.000000 0.000000 0.000000 1.000000
100.000000 0.000000 0.000000 0.000000 0.000000 0.000000 100.000000 0.000000 0.000000 -100.000000 0.000000 0.000000 0.000000 0.000000 0.000000 1.000000
100.000000 0.000000 0.000000 0.000000 0.000000 0.000000 100.000000 0.000000 0.000000 -100.000000 0.000000 0.000000 0.000000 0.000000 0.000000 1.000000
100.000000 0.000000 0.000000 0.000000 0.000000 0.000000 100.000000 0.000000 0.000000 -100.000000 0.000000 0.000000 0.000000 0.000000 0.000000 1.000000
100.000000 0.000000 0.000000 0.000000 0.000000 0.000000 100.000000 0.000000 0.000000 -100.000000 0.000000 0.000000 0.000000 0.000000 0.000000 1.000000
100.000000 0.000000 0.000000 0.000000 0.000000 0.000000 100.000000 0.000000 0.000000 -100.000000 0.000000 0.000000 0.000000 0.000000 0.000000 1.000000
100.000000 0.000000 0.000000 0.000000 0.000000 0.000000 100.000000 0.000000 0.000000 -100.000000 0.000000 0.000000 0.000000 0.000000 0.000000 1.000000
100.000000 0.000000 0.000000 0.000000 0.000000 0.000000 100.000000 0.000000 0.000000 -100.000000 0.000000 0.000000 0.000000 0.000000 0.000000 1.000000
100.000000 0.000000 0.000000 0.000000 0.000000 0.000000 100.000000 0.000000 0.000000 -100.000000 0.000000 0.000000 0.000000 0.000000 0.000000 1.000000
100.000000 0.000000 0.000000 0.000000 0.000000 0.000000 100.000000 0.000000 0.000000 -100.000000 0.000000 0.000000 0.000000 0.000000 0.000000 1.000000
100.000000 0.000000 0.000000 0.000000 0.000000 0.000000 100.000000 0.000000 0.000000 -100.000000 0.000000 0.000000 0.000000 0.000000 0.000000 1.000000
100.000000 0.000000 0.000000 0.000000 0.000000 0.000000 100.000000 0.000000 0.000000 -100.000000 0.000000 0.000000 0.000000 0.000000 0.000000 1.000000
100.000000 0.000000 0.000000 0.000000 0.000000 0.000000 100.000000 0.000000 0.000000 -100.000000 0.000000 0.000000 0.000000 0.000000 0.000000 1.000000
100.000000 0.000000 0.000000 0.000000 0.000000 0.000000 100.000000 0.000000 0.000000 -100.000000 0.000000 0.000000 0.000000 0.000000 0.000000 1.000000
100.000000 0.000000 0.000000 0.000000 0.000000 0.000000 100.000000 0.000000 0.000000 -100.000000 0.000000 0.000000 0.000000 0.000000 0.000000 1.000000
100.000000 0.000000 0.000000 0.000000 0.000000 0.000000 100.000000 0.000000 0.000000 -100.000000 0.000000 0.000000 0.000000 0.000000 0.000000 1.000000
100.000000 0.000000 0.000000 0.000000 0.000000 0.000000 100.000000 0.000000 0.000000 -100.000000 0.000000 0.000000 0.000000 0.000000 0.000000 1.000000
100.000000 0.000000 0.000000 0.000000 0.000000 0.000000 100.000000 0.000000 0.000000 -100.000000 0.000000 0.000000 0.000000 0.000000 0.000000 1.000000
100.000000 0.000000 0.000000 0.000000 0.000000 0.000000 100.000000 0.000000 0.000000 -100.000000 0.000000 0.000000 0.000000 0.000000 0.000000 1.000000
100.000000 0.000000 0.000000 0.000000 0.000000 0.000000 100.000000 0.000000 0.000000 -100.000000 0.000000 0.000000 0.000000 0.000000 0.000000 1.000000
100.000000 0.000000 0.000000 0.000000 0.000000 0.000000 100.000000 0.000000 0.000000 -100.000000 0.000000 0.000000 0.000000 0.000000 0.000000 1.000000
100.000000 0.000000 0.000000 0.000000 0.000000 0.000000 100.000000 0.000000 0.000000 -100.000000 0.000000 0.000000 0.000000 0.000000 0.000000 1.000000
100.000000 0.000000 0.000000 0.000000 0.000000 0.000000 100.000000 0.000000 0.000000 -100.000000 0.000000 0.000000 0.000000 0.000000 0.000000 1.000000
100.000000 0.000000 0.000000 0.000000 0.000000 0.000000 100.000000 0.000000 0.000000 -100.000000 0.000000 0.000000 0.000000 0.000000 0.000000 1.000000
100.000000 0.000000 0.000000 0.000000 0.000000 0.000000 100.000000 0.000000 0.000000 -100.000000 0.000000 0.000000 0.000000 0.000000 0.000000 1.000000
100.000000 0.000000 0.000000 0.000000 0.000000 0.000000 100.000000 0.000000 0.000000 -100.000000 0.000000 0.000000 0.000000 0.000000 0.000000 1.000000
100.000000 0.000000 0.000000 0.000000 0.000000 0.000000 100.000000 0.000000 0.000000 -100.000000 0.000000 0.000000 0.000000 0.000000 0.000000 1.000000
100.000000 0.000000 0.000000 0.000000 0.000000 0.000000 100.000000 0.000000 0.000000 -100.000000 0.000000 0.000000 0.000000 0.000000 0.000000 1.000000
100.000000 0.000000 0.000000 0.000000 0.000000 0.000000 100.000000 0.000000 0.000000 -100.000000 0.000000 0.000000 0.000000 0.000000 0.000000 1.000000
100.000000 0.000000 0.000000 0.000000 0.000000 0.000000 100.000000 0.000000 0.000000 -100.000000 0.000000 0.000000 0.000000 0.000000 0.000000 1.000000
100.000000 0.000000 0.000000 0.000000 0.000000 0.000000 100.000000 0.000000 0.000000 -100.000000 0.000000 0.000000 0.000000 0.000000 0.000000 1.000000
100.000000 0.000000 0.000000 0.000000 0.000000 0.000000 100.000000 0.000000 0.000000 -100.000000 0.000000 0.000000 0.000000 0.000000 0.000000 1.000000
100.000000 0.000000 0.000000 0.000000 0.000000 0.000000 100.000000 0.000000 0.000000 -100.000000 0.000000 0.000000 0.000000 0.000000 0.000000 1.000000
100.000000 0.000000 0.000000 0.000000 0.000000 0.000000 100.000000 0.000000 0.000000 -100.000000 0.000000 0.000000 0.000000 0.000000 0.000000 1.000000
100.000000 0.000000 0.000000 0.000000 0.000000 0.000000 100.000000 0.000000 0.000000 -100.000000 0.000000 0.000000 0.000000 0.000000 0.000000 1.000000
100.000000 0.000000 0.000000 0.000000 0.000000 0.000000 100.000000 0.000000 0.000000 -100.000000 0.000000 0.000000 0.000000 0.000000 0.000000 1.000000
100.000000 0.000000 0.000000 0.000000 0.000000 0.000000 100.000000 0.000000 0.000000 -100.000000 0.000000 0.000000 0.000000 0.000000 0.000000 1.000000
100.000000 0.000000 0.000000 0.000000 0.000000 0.000000 100.000000 0.000000 0.000000 -100.000000 0.000000 0.000000 0.000000 0.000000 0.000000 1.000000
100.000000 0.000000 0.000000 0.000000 0.000000 0.000000 100.000000 0.000000 0.000000 -100.000000 0.000000 0.000000 0.000000 0.000000 0.000000 1.000000
100.000000 0.000000 0.000000 0.000000 0.000000 0.000000 100.000000 0.000000 0.000000 -100.000000 0.000000 0.000000 0.000000 0.000000 0.000000 1.000000
100.000000 0.000000 0.000000 0.000000 0.000000 0.000000 100.000000 0.000000 0.000000 -100.000000 0.000000 0.000000 0.000000 0.000000 0.000000 1.000000
100.000000 0.000000 0.000000 0.000000 0.000000 0.000000 100.000000 0.000000 0.000000 -100.000000 0.000000 0.000000 0.000000 0.000000 0.000000 1.000000</float_array>
        <technique_common>
          <accessor source="#Armature.001-Matrix-animation-output-transform-array" count="44" stride="16">
            <param type="float4x4"/>
          </accessor>
        </technique_common>
      </source>
      <source id="Armature.001-Interpolations">
        <Name_array id="Armature.001-Interpolations-array" count="44">
 LINEAR LINEAR LINEAR LINEAR LINEAR LINEAR LINEAR LINEAR LINEAR LINEAR LINEAR
LINEAR LINEAR LINEAR LINEAR LINEAR LINEAR LINEAR LINEAR LINEAR LINEAR LINEAR LINEAR
LINEAR LINEAR LINEAR LINEAR LINEAR LINEAR LINEAR LINEAR LINEAR LINEAR LINEAR LINEAR
LINEAR LINEAR LINEAR LINEAR LINEAR LINEAR LINEAR LINEAR LINEAR</Name_array>
        <technique_common>
          <accessor source="#Armature.001-Interpolations-array" count="44">
            <param type="name"/>
          </accessor>
        </technique_common>
      </source>
      <sampler id="Armature.001-Matrix-animation-transform">
        <input semantic="INPUT" source="#Armature.001-Matrix-animation-input"/>
        <input semantic="OUTPUT" source="#Armature.001-Matrix-animation-output-transform"/>
        <input semantic="INTERPOLATION" source="#Armature.001-Interpolations"/>
      </sampler>
      <channel source="#Armature.001-Matrix-animation-transform" target="Armature.001/matrix"/>
      <source id="mixamorig_Hips-Matrix-animation-input">
        <float_array id="mixamorig_Hips-Matrix-animation-input-array" count="44">

0.000000 0.033333 0.066667 0.100000 0.133333 0.166667 0.200000 0.233333 0.266667 0.300000 0.333333 0.366667 0.400000 0.433333 0.466667 0.500000
0.533333 0.566667 0.600000 0.633333 0.666667 0.700000 0.733333 0.766667 0.800000 0.833333 0.866667 0.900000 0.933333 0.966667 1.000000 1.033333
1.066667 1.100000 1.133333 1.166667 1.200000 1.233333 1.266667 1.300000 1.333333 1.366667 1.400000 1.433333</float_array>
        <technique_common>
          <accessor source="#mixamorig_Hips-Matrix-animation-input-array" count="44">
            <param name="TIME" type="float"/>
          </accessor>
        </technique_common>
      </source>
      <source id="mixamorig_Hips-Matrix-animation-output-transform">
        <float_array id="mixamorig_Hips-Matrix-animation-output-transform-array" count="704">

0.690782 0.000454 0.723063 -0.006236 0.719792 0.094587 -0.687716 0.007261 -0.068704 0.995517 0.065012 0.794512 0.000000 0.000000 0.000000 1.000000
0.726801 -0.010427 0.686769 0.004468 0.680637 0.145096 -0.718109 0.002902 -0.092160 0.989363 0.112554 0.798826 0.000000 0.000000 0.000000 1.000000
0.800319 -0.023598 0.599110 0.028564 0.586218 0.240533 -0.773623 -0.018108 -0.125849 0.970354 0.206337 0.812385 0.000000 0.000000 0.000000 1.000000
0.872367 -0.013133 0.488675 0.061203 0.459025 0.365837 -0.809605 -0.054767 -0.168143 0.930586 0.325172 0.836788 0.000000 0.000000 0.000000 1.000000
0.889928 0.003562 0.456088 0.082042 0.405128 0.453191 -0.794033 -0.082808 -0.209523 0.891406 0.401864 0.859998 0.000000 0.000000 0.000000 1.000000
0.862029 0.001755 0.506855 0.085266 0.440517 0.492018 -0.750908 -0.088736 -0.250700 0.870583 0.423361 0.870379 0.000000 0.000000 0.000000 1.000000
0.827634 0.005483 0.561241 0.083756 0.477321 0.519182 -0.708954 -0.084640 -0.295274 0.854646 0.427075 0.870087 0.000000 0.000000 0.000000 1.000000
0.803746 0.020783 0.594610 0.083070 0.489931 0.543923 -0.681260 -0.080014 -0.337581 0.838878 0.426993 0.864703 0.000000 0.000000 0.000000 1.000000
0.777820 0.035878 0.627462 0.079092 0.505207 0.558175 -0.658185 -0.072521 -0.373848 0.828947 0.416033 0.853651 0.000000 0.000000 0.000000 1.000000
0.743760 0.047718 0.666742 0.070060 0.530401 0.564911 -0.632100 -0.062107 -0.406812 0.823771 0.394848 0.840242 0.000000 0.000000 0.000000 1.000000
0.707168 0.064421 0.704105 0.057320 0.556537 0.563506 -0.610515 -0.050519 -0.436097 0.823596 0.362641 0.827437 0.000000 0.000000 0.000000 1.000000
0.667062 0.089103 0.739655 0.041878 0.585541 0.551136 -0.594466 -0.038074 -0.460619 0.829644 0.315468 0.816016 0.000000 0.000000 0.000000 1.000000
0.622031 0.114541 0.774569 0.024125 0.620080 0.531973 -0.576632 -0.025219 -0.478098 0.838978 0.259880 0.805534 0.000000 0.000000 0.000000 1.000000
0.575009 0.135824 0.806794 0.005302 0.657969 0.509316 -0.554684 -0.012487 -0.486252 0.849793 0.203494 0.796305 0.000000 0.000000 0.000000 1.000000
0.532002 0.159881 0.831512 -0.012060 0.695375 0.477832 -0.536778 0.000362 -0.483144 0.863779 0.143030 0.789348 0.000000 0.000000 0.000000 1.000000
0.502117 0.191451 0.843342 -0.026171 0.727265 0.434186 -0.531572 0.013769 -0.467937 0.880244 0.078777 0.784847 0.000000 0.000000 0.000000 1.000000
0.489872 0.219805 0.843630 -0.037473 0.751028 0.384996 -0.536409 0.028025 -0.442699 0.896362 0.023519 0.781738 0.000000 0.000000 0.000000 1.000000
0.489655 0.234341 0.839835 -0.047115 0.769985 0.335714 -0.542604 0.043640 -0.409099 0.912349 -0.016055 0.778827 0.000000 0.000000 0.000000 1.000000
0.496156 0.240617 0.834226 -0.055363 0.787184 0.280693 -0.549139 0.060971 -0.366293 0.929147 -0.050142 0.775939 0.000000 0.000000 0.000000 1.000000
0.508889 0.248502 0.824184 -0.062234 0.800606 0.215197 -0.559215 0.078956 -0.316327 0.944424 -0.089441 0.773921 0.000000 0.000000 0.000000 1.000000
0.522153 0.254808 0.813897 -0.067906 0.811127 0.146473 -0.566232 0.094807 -0.263495 0.955834 -0.130200 0.773342 0.000000 0.000000 0.000000 1.000000
0.525380 0.249198 0.813558 -0.072030 0.825234 0.083691 -0.558556 0.105832 -0.207278 0.964830 -0.161677 0.773469 0.000000 0.000000 0.000000 1.000000
0.516351 0.230950 0.824647 -0.074306 0.843716 0.027778 -0.536071 0.111586 -0.146713 0.972569 -0.180513 0.773560 0.000000 0.000000 0.000000 1.000000
0.502845 0.209080 0.838709 -0.075582 0.859689 -0.020059 -0.510423 0.113270 -0.089895 0.977693 -0.189831 0.774575 0.000000 0.000000 0.000000 1.000000
0.490713 0.187358 0.850939 -0.076608 0.870088 -0.053434 -0.489991 0.111473 -0.046335 0.980837 -0.189238 0.777330 0.000000 0.000000 0.000000 1.000000
0.476617 0.161608 0.864129 -0.076488 0.878988 -0.071163 -0.471504 0.106413 -0.014705 0.984286 -0.175969 0.780865 0.000000 0.000000 0.000000 1.000000
0.458971 0.132650 0.878493 -0.073958 0.888397 -0.079461 -0.452147 0.099401 0.009829 0.987973 -0.154317 0.783598 0.000000 0.000000 0.000000 1.000000
0.444767 0.107124 0.889217 -0.069189 0.895299 -0.080809 -0.438075 0.091806 0.024928 0.990956 -0.131849 0.785240 0.000000 0.000000 0.000000 1.000000
0.443408 0.085422 0.892240 -0.062967 0.895929 -0.071622 -0.438385 0.083639 0.026456 0.993767 -0.108290 0.786522 0.000000 0.000000 0.000000 1.000000
0.458716 0.062415 0.886388 -0.055357 0.888435 -0.050409 -0.456226 0.074477 0.016206 0.996776 -0.078575 0.788359 0.000000 0.000000 0.000000 1.000000
0.487212 0.038556 0.872432 -0.046359 0.873284 -0.021156 -0.486753 0.064545 -0.000310 0.999032 -0.043978 0.791283 0.000000 0.000000 0.000000 1.000000
0.520265 0.018598 0.853802 -0.036844 0.853814 0.009824 -0.520486 0.054155 -0.018068 0.999779 -0.010768 0.795081 0.000000 0.000000 0.000000 1.000000
0.549339 0.004353 0.835588 -0.028351 0.834921 0.037420 -0.549096 0.043851 -0.033658 0.999290 0.016921 0.798899 0.000000 0.000000 0.000000 1.000000
0.571191 -0.003691 0.820809 -0.022320 0.819572 0.057623 -0.570071 0.035342 -0.045194 0.998332 0.035939 0.801634 0.000000 0.000000 0.000000 1.000000
0.588706 -0.007030 0.808316 -0.018266 0.806566 0.071452 -0.586810 0.028871 -0.053630 0.997419 0.047734 0.803295 0.000000 0.000000 0.000000 1.000000
0.604809 -0.008453 0.796326 -0.014942 0.794050 0.082689 -0.602202 0.023204 -0.060757 0.996540 0.056724 0.804545 0.000000 0.000000 0.000000 1.000000
0.619584 -0.008687 0.784882 -0.012203 0.782096 0.091733 -0.616369 0.018221 -0.066645 0.995746 0.063631 0.805371 0.000000 0.000000 0.000000 1.000000
0.633069 -0.008008 0.774054 -0.010046 0.770820 0.098414 -0.629405 0.014065 -0.071138 0.995113 0.068476 0.805653 0.000000 0.000000 0.000000 1.000000
0.645799 -0.007104 0.763475 -0.008198 0.759862 0.103581 -0.641779 0.010494 -0.074522 0.994596 0.072290 0.805503 0.000000 0.000000 0.000000 1.000000
0.657664 -0.006235 0.753285 -0.006713 0.749435 0.106723 -0.653419 0.007782 -0.076319 0.994269 0.074861 0.804667 0.000000 0.000000 0.000000 1.000000
0.667383 -0.004719 0.744699 -0.006235 0.740916 0.105070 -0.663327 0.007016 -0.075116 0.994454 0.073618 0.802384 0.000000 0.000000 0.000000 1.000000
0.675467 -0.002688 0.737386 -0.006403 0.733830 0.100604 -0.671843 0.007406 -0.072378 0.994923 0.069928 0.799352 0.000000 0.000000 0.000000 1.000000
0.683416 -0.001018 0.730029 -0.006362 0.726626 0.097396 -0.680094 0.007411 -0.070409 0.995245 0.067302 0.796778 0.000000 0.000000 0.000000 1.000000
0.690782 0.000454 0.723063 -0.006236 0.719792 0.094587 -0.687716 0.007261 -0.068704 0.995517 0.065012 0.794512 0.000000 0.000000 0.000000 1.000000</float_array>
        <technique_common>
          <accessor source="#mixamorig_Hips-Matrix-animation-output-transform-array" count="44" stride="16">
            <param type="float4x4"/>
          </accessor>
        </technique_common>
      </source>
      <source id="mixamorig_Hips-Interpolations">
        <Name_array id="mixamorig_Hips-Interpolations-array" count="44">
 LINEAR LINEAR LINEAR LINEAR LINEAR LINEAR LINEAR LINEAR LINEAR LINEAR LINEAR
LINEAR LINEAR LINEAR LINEAR LINEAR LINEAR LINEAR LINEAR LINEAR LINEAR LINEAR LINEAR
LINEAR LINEAR LINEAR LINEAR LINEAR LINEAR LINEAR LINEAR LINEAR LINEAR LINEAR LINEAR
LINEAR LINEAR LINEAR LINEAR LINEAR LINEAR LINEAR LINEAR LINEAR</Name_array>
        <technique_common>
          <accessor source="#mixamorig_Hips-Interpolations-array" count="44">
            <param type="name"/>
          </accessor>
        </technique_common>
      </source>
      <sampler id="mixamorig_Hips-Matrix-animation-transform">
        <input semantic="INPUT" source="#mixamorig_Hips-Matrix-animation-input"/>
        <input semantic="OUTPUT" source="#mixamorig_Hips-Matrix-animation-output-transform"/>
        <input semantic="INTERPOLATION" source="#mixamorig_Hips-Interpolations"/>
      </sampler>
      <channel source="#mixamorig_Hips-Matrix-animation-transform" target="mixamorig_Hips/matrix"/>
      <source id="mixamorig_Spine-Matrix-animation-input">
        <float_array id="mixamorig_Spine-Matrix-animation-input-array" count="44">

0.000000 0.033333 0.066667 0.100000 0.133333 0.166667 0.200000 0.233333 0.266667 0.300000 0.333333 0.366667 0.400000 0.433333 0.466667 0.500000
0.533333 0.566667 0.600000 0.633333 0.666667 0.700000 0.733333 0.766667 0.800000 0.833333 0.866667 0.900000 0.933333 0.966667 1.000000 1.033333
1.066667 1.100000 1.133333 1.166667 1.200000 1.233333 1.266667 1.300000 1.333333 1.366667 1.400000 1.433333</float_array>
        <technique_common>
          <accessor source="#mixamorig_Spine-Matrix-animation-input-array" count="44">
            <param name="TIME" type="float"/>
          </accessor>
        </technique_common>
      </source>
      <source id="mixamorig_Spine-Matrix-animation-output-transform">
        <float_array id="mixamorig_Spine-Matrix-animation-output-transform-array" count="704">

0.991520 -0.018277 -0.128659 0.000000 0.012120 0.998750 -0.048483 0.069300 0.129384 0.046512 0.990503 -0.008100 0.000000 0.000000 0.000000 1.000000
0.994578 -0.011235 -0.103380 0.000000 0.008210 0.999527 -0.029644 0.069300 0.103664 0.028634 0.994200 -0.008100 0.000000 0.000000 0.000000 1.000000
0.995177 0.005087 -0.097960 -0.000000 -0.002601 0.999672 0.025488 0.069300 0.098058 -0.025111 0.994864 -0.008100 0.000000 0.000000 0.000000 1.000000
0.992066 0.024066 -0.123395 -0.000000 -0.010143 0.993629 0.112242 0.069300 0.125310 -0.110100 0.985990 -0.008100 0.000000 0.000000 0.000000 1.000000
0.988187 0.035929 -0.148982 0.000000 -0.008776 0.983802 0.179045 0.069300 0.153002 -0.175622 0.972495 -0.008100 0.000000 0.000000 0.000000 1.000000
0.988250 0.046345 -0.145652 0.000000 -0.016040 0.979107 0.202713 0.069300 0.152004 -0.197994 0.968346 -0.008100 0.000000 0.000000 0.000000 1.000000
0.990223 0.062995 -0.124457 -0.000000 -0.035865 0.977201 0.209263 0.069300 0.134802 -0.202753 0.969907 -0.008100 0.000000 0.000000 0.000000 1.000000
0.990370 0.084936 -0.109330 0.000000 -0.059872 0.974790 0.214943 0.069300 0.124830 -0.206327 0.970488 -0.008100 0.000000 0.000000 0.000000 1.000000
0.988091 0.107915 -0.109687 0.000000 -0.083139 0.974252 0.209574 0.069300 0.129479 -0.197959 0.971621 -0.008100 0.000000 0.000000 0.000000 1.000000
0.984950 0.130201 -0.113670 0.000000 -0.107323 0.976237 0.188263 0.069300 0.135481 -0.173230 0.975519 -0.008100 0.000000 0.000000 0.000000 1.000000
0.982143 0.150132 -0.113380 0.000000 -0.131201 0.978496 0.159160 0.069300 0.134837 -0.141442 0.980721 -0.008100 0.000000 0.000000 0.000000 1.000000
0.979914 0.166246 -0.110138 0.000000 -0.151675 0.979895 0.129615 0.069300 0.129472 -0.110306 0.985429 -0.008100 0.000000 0.000000 0.000000 1.000000
0.977942 0.178182 -0.108996 0.000000 -0.168098 0.981117 0.095667 0.069300 0.123984 -0.075235 0.989428 -0.008100 0.000000 0.000000 0.000000 1.000000
0.976389 0.185256 -0.111108 0.000000 -0.180055 0.982104 0.055238 0.069300 0.119352 -0.033929 0.992272 -0.008100 0.000000 0.000000 0.000000 1.000000
0.975660 0.188184 -0.112582 -0.000000 -0.187168 0.982132 0.019622 0.069300 0.114263 0.001927 0.993449 -0.008100 0.000000 0.000000 0.000000 1.000000
0.976048 0.188410 -0.108770 -0.000000 -0.189954 0.981785 -0.003916 0.069300 0.106051 0.024483 0.994059 -0.008100 0.000000 0.000000 0.000000 1.000000
0.977770 0.184636 -0.099376 0.000000 -0.188090 0.981794 -0.026504 0.069300 0.092674 0.044606 0.994697 -0.008100 0.000000 0.000000 0.000000 1.000000
0.980536 0.175170 -0.088688 0.000000 -0.180762 0.981726 -0.059483 0.069300 0.076647 0.074357 0.994282 -0.008100 0.000000 0.000000 0.000000 1.000000
0.983675 0.161541 -0.079294 -0.000000 -0.168861 0.980911 -0.096439 0.069300 0.062201 0.108254 0.992175 -0.008100 0.000000 0.000000 0.000000 1.000000
0.986972 0.145180 -0.069353 0.000000 -0.152998 0.980246 -0.125338 0.069300 0.049786 0.134316 0.989687 -0.008100 0.000000 0.000000 0.000000 1.000000
0.990580 0.124239 -0.057580 0.000000 -0.131420 0.980679 -0.144904 0.069300 0.038465 0.151106 0.987769 -0.008100 0.000000 0.000000 0.000000 1.000000
0.994242 0.097465 -0.044535 0.000000 -0.103366 0.981888 -0.158782 0.069300 0.028253 0.162471 0.986309 -0.008100 0.000000 0.000000 0.000000 1.000000
0.997279 0.067838 -0.028867 0.000000 -0.071697 0.983606 -0.165467 0.069300 0.017169 0.167086 0.985793 -0.008100 0.000000 0.000000 0.000000 1.000000
0.999150 0.039809 -0.010684 0.000000 -0.041021 0.985685 -0.163533 0.069300 0.004021 0.163833 0.986480 -0.008100 0.000000 0.000000 0.000000 1.000000
0.999875 0.015652 0.002028 0.000000 -0.015137 0.987409 -0.157463 0.069300 -0.004467 0.157412 0.987523 -0.008100 0.000000 0.000000 0.000000 1.000000
0.999986 -0.005201 0.001335 0.000000 0.005342 0.988710 -0.149748 0.069300 -0.000541 0.149753 0.988723 -0.008100 0.000000 0.000000 0.000000 1.000000
0.999649 -0.024044 -0.011151 0.000000 0.022302 0.990419 -0.136285 0.069300 0.014321 0.135989 0.990607 -0.008100 0.000000 0.000000 0.000000 1.000000
0.998787 -0.040432 -0.028119 0.000000 0.036933 0.992630 -0.115422 0.069300 0.032579 0.114244 0.992918 -0.008100 0.000000 0.000000 0.000000 1.000000
0.997636 -0.052055 -0.044858 -0.000000 0.047661 0.994432 -0.093985 0.069300 0.049500 0.091625 0.994562 -0.008100 0.000000 0.000000 0.000000 1.000000
0.996604 -0.058040 -0.058405 0.000000 0.053344 0.995448 -0.078976 0.069300 0.062723 0.075592 0.995164 -0.008100 0.000000 0.000000 0.000000 1.000000
0.996014 -0.060361 -0.065667 0.000000 0.055799 0.996039 -0.069225 0.069300 0.069586 0.065285 0.995437 -0.008100 0.000000 0.000000 0.000000 1.000000
0.995893 -0.060399 -0.067452 0.000000 0.056387 0.996611 -0.059889 0.069300 0.070841 0.055839 0.995923 -0.008100 0.000000 0.000000 0.000000 1.000000
0.995956 -0.057770 -0.068803 0.000000 0.054336 0.997230 -0.050786 0.069300 0.071547 0.046843 0.996337 -0.008100 0.000000 0.000000 0.000000 1.000000
0.995948 -0.053283 -0.072442 0.000000 0.050103 0.997728 -0.045028 0.069300 0.074677 0.041216 0.996356 -0.008100 0.000000 0.000000 0.000000 1.000000
0.995843 -0.048390 -0.077170 -0.000000 0.045231 0.998086 -0.042169 0.069300 0.079063 0.038503 0.996126 -0.008100 0.000000 0.000000 0.000000 1.000000
0.995676 -0.043379 -0.082148 0.000000 0.040178 0.998382 -0.040232 0.069300 0.083760 0.036758 0.995808 -0.008100 0.000000 0.000000 0.000000 1.000000
0.995428 -0.038353 -0.087473 -0.000000 0.035043 0.998622 -0.039070 0.069300 0.088851 0.035826 0.995400 -0.008100 0.000000 0.000000 0.000000 1.000000
0.995092 -0.033581 -0.093084 0.000000 0.030086 0.998798 -0.038695 0.069300 0.094272 0.035704 0.994906 -0.008100 0.000000 0.000000 0.000000 1.000000
0.994677 -0.029190 -0.098819 0.000000 0.025468 0.998926 -0.038713 0.069300 0.099843 0.035990 0.994352 -0.008100 0.000000 0.000000 0.000000 1.000000
0.994174 -0.025547 -0.104712 0.000000 0.021537 0.998997 -0.039246 0.069300 0.105609 0.036762 0.993728 -0.008100 0.000000 0.000000 0.000000 1.000000
0.993534 -0.023311 -0.111113 -0.000000 0.018823 0.998971 -0.041265 0.069300 0.111961 0.038906 0.992951 -0.008100 0.000000 0.000000 0.000000 1.000000
0.992858 -0.021530 -0.117343 -0.000000 0.016448 0.998892 -0.044104 0.069300 0.118163 0.041859 0.992112 -0.008100 0.000000 0.000000 0.000000 1.000000
0.992181 -0.019844 -0.123218 0.000000 0.014216 0.998822 -0.046387 0.069300 0.123994 0.044273 0.991295 -0.008100 0.000000 0.000000 0.000000 1.000000
0.991520 -0.018277 -0.128659 0.000000 0.012119 0.998751 -0.048483 0.069300 0.129384 0.046512 0.990503 -0.008100 0.000000 0.000000 0.000000 1.000000</float_array>
        <technique_common>
          <accessor source="#mixamorig_Spine-Matrix-animation-output-transform-array" count="44" stride="16">
            <param type="float4x4"/>
          </accessor>
        </technique_common>
      </source>
      <source id="mixamorig_Spine-Interpolations">
        <Name_array id="mixamorig_Spine-Interpolations-array" count="44">
 LINEAR LINEAR LINEAR LINEAR LINEAR LINEAR LINEAR LINEAR LINEAR LINEAR LINEAR
LINEAR LINEAR LINEAR LINEAR LINEAR LINEAR LINEAR LINEAR LINEAR LINEAR LINEAR LINEAR
LINEAR LINEAR LINEAR LINEAR LINEAR LINEAR LINEAR LINEAR LINEAR LINEAR LINEAR LINEAR
LINEAR LINEAR LINEAR LINEAR LINEAR LINEAR LINEAR LINEAR LINEAR</Name_array>
        <technique_common>
          <accessor source="#mixamorig_Spine-Interpolations-array" count="44">
            <param type="name"/>
          </accessor>
        </technique_common>
      </source>
      <sampler id="mixamorig_Spine-Matrix-animation-transform">
        <input semantic="INPUT" source="#mixamorig_Spine-Matrix-animation-input"/>
        <input semantic="OUTPUT" source="#mixamorig_Spine-Matrix-animation-output-transform"/>
        <input semantic="INTERPOLATION" source="#mixamorig_Spine-Interpolations"/>
      </sampler>
      <channel source="#mixamorig_Spine-Matrix-animation-transform" target="mixamorig_Spine/matrix"/>
      <source id="mixamorig_Spine1-Matrix-animation-input">
        <float_array id="mixamorig_Spine1-Matrix-animation-input-array" count="44">

0.000000 0.033333 0.066667 0.100000 0.133333 0.166667 0.200000 0.233333 0.266667 0.300000 0.333333 0.366667 0.400000 0.433333 0.466667 0.500000
0.533333 0.566667 0.600000 0.633333 0.666667 0.700000 0.733333 0.766667 0.800000 0.833333 0.866667 0.900000 0.933333 0.966667 1.000000 1.033333
1.066667 1.100000 1.133333 1.166667 1.200000 1.233333 1.266667 1.300000 1.333333 1.366667 1.400000 1.433333</float_array>
        <technique_common>
          <accessor source="#mixamorig_Spine1-Matrix-animation-input-array" count="44">
            <param name="TIME" type="float"/>
          </accessor>
        </technique_common>
      </source>
      <source id="mixamorig_Spine1-Matrix-animation-output-transform">
        <float_array id="mixamorig_Spine1-Matrix-animation-output-transform-array" count="704">

0.999723 -0.013875 -0.019006 -0.000000 0.013141 0.999185 -0.038166 0.081400 0.019521 0.037905 0.999091 0.000000 0.000000 0.000000 0.000000 1.000000
0.999721 -0.018698 -0.014420 -0.000000 0.017759 0.997876 -0.062681 0.081400 0.015562 0.062408 0.997929 0.000000 0.000000 0.000000 0.000000 1.000000
0.999465 -0.019634 -0.026175 -0.000000 0.017803 0.997495 -0.068454 0.081400 0.027454 0.067952 0.997311 0.000000 0.000000 0.000000 0.000000 1.000000
0.997746 -0.024144 -0.062614 0.000000 0.020850 0.998390 -0.052743 0.081400 0.063786 0.051319 0.996643 0.000000 0.000000 0.000000 0.000000 1.000000
0.994330 -0.036166 -0.100000 -0.000000 0.031732 0.998456 -0.045585 0.081400 0.101494 0.042153 0.993943 -0.000000 0.000000 0.000000 0.000000 1.000000
0.992603 -0.043187 -0.113462 -0.000000 0.036374 0.997448 -0.061443 0.081400 0.115826 0.056861 0.991641 0.000000 0.000000 0.000000 0.000000 1.000000
0.993280 -0.036023 -0.109987 0.000000 0.027242 0.996397 -0.080315 0.081400 0.112483 0.076779 0.990683 -0.000000 0.000000 0.000000 0.000000 1.000000
0.994046 -0.020909 -0.106941 -0.000000 0.011383 0.995973 -0.088927 0.081400 0.108370 0.087180 0.990281 -0.000000 0.000000 0.000000 0.000000 1.000000
0.994036 -0.004206 -0.108969 0.000000 -0.006152 0.995502 -0.094539 0.081400 0.108876 0.094646 0.989539 0.000000 0.000000 0.000000 0.000000 1.000000
0.993546 0.011105 -0.112887 0.000000 -0.023694 0.993561 -0.110795 0.081400 0.110929 0.112755 0.987411 0.000000 0.000000 0.000000 0.000000 1.000000
0.993138 0.024567 -0.114337 0.000000 -0.039803 0.990324 -0.132945 0.081400 0.109964 0.136583 0.984506 0.000000 0.000000 0.000000 0.000000 1.000000
0.992955 0.034227 -0.113441 0.000000 -0.051670 0.986627 -0.154587 0.081400 0.106633 0.159360 0.981445 -0.000000 0.000000 0.000000 0.000000 1.000000
0.992774 0.040573 -0.112935 0.000000 -0.060244 0.982432 -0.176632 0.081400 0.103785 0.182159 0.977776 0.000000 0.000000 0.000000 0.000000 1.000000
0.992463 0.045676 -0.113718 0.000000 -0.067904 0.977435 -0.200024 0.081400 0.102016 0.206238 0.973169 -0.000000 0.000000 0.000000 0.000000 1.000000
0.992252 0.049775 -0.113838 0.000000 -0.073911 0.972964 -0.218812 0.081400 0.099869 0.225531 0.969104 0.000000 0.000000 0.000000 0.000000 1.000000
0.992494 0.052166 -0.110611 0.000000 -0.076568 0.970313 -0.229411 0.081400 0.095360 0.236158 0.967024 0.000000 0.000000 0.000000 0.000000 1.000000
0.993212 0.052832 -0.103626 0.000000 -0.076463 0.967908 -0.239389 0.081400 0.087653 0.245688 0.965378 0.000000 0.000000 0.000000 0.000000 1.000000
0.994076 0.051659 -0.095622 -0.000000 -0.074788 0.963525 -0.256955 0.081400 0.078860 0.262584 0.961681 0.000000 0.000000 0.000000 0.000000 1.000000
0.994902 0.047997 -0.088694 -0.000000 -0.071069 0.957672 -0.278952 0.081400 0.071551 0.283834 0.956200 0.000000 0.000000 0.000000 0.000000 1.000000
0.995808 0.040854 -0.081834 0.000000 -0.063551 0.952506 -0.297815 0.081400 0.065780 0.301767 0.951110 -0.000000 0.000000 0.000000 0.000000 1.000000
0.996853 0.029504 -0.073571 -0.000000 -0.051072 0.948884 -0.311467 0.081400 0.060621 0.314244 0.947405 0.000000 0.000000 0.000000 0.000000 1.000000
0.997883 0.015119 -0.063252 0.000000 -0.034610 0.946891 -0.319687 0.081400 0.055060 0.321199 0.945410 0.000000 0.000000 0.000000 0.000000 1.000000
0.998754 0.000095 -0.049911 0.000000 -0.016112 0.947074 -0.320612 0.081400 0.047239 0.321017 0.945895 0.000000 0.000000 0.000000 0.000000 1.000000
0.999281 -0.014931 -0.034837 0.000000 0.003162 0.948774 -0.315939 0.081400 0.037770 0.315601 0.948140 0.000000 0.000000 0.000000 0.000000 1.000000
0.999259 -0.030278 -0.023765 0.000000 0.021428 0.950494 -0.310002 0.081400 0.031975 0.309263 0.950439 0.000000 0.000000 0.000000 0.000000 1.000000
0.998754 -0.044952 -0.021684 0.000000 0.036283 0.952301 -0.302996 0.081400 0.034270 0.301832 0.952745 0.000000 0.000000 0.000000 0.000000 1.000000
0.998017 -0.056937 -0.026837 0.000000 0.046769 0.956119 -0.289221 0.081400 0.042127 0.287392 0.956886 0.000000 0.000000 0.000000 0.000000 1.000000
0.997255 -0.065634 -0.034278 0.000000 0.054133 0.962099 -0.267272 0.081400 0.050521 0.264682 0.963011 0.000000 0.000000 0.000000 0.000000 1.000000
0.996606 -0.071229 -0.041257 0.000000 0.059095 0.968028 -0.243783 0.081400 0.057302 0.240518 0.968952 0.000000 0.000000 0.000000 0.000000 1.000000
0.996213 -0.073805 -0.045968 0.000000 0.061669 0.972441 -0.224845 0.081400 0.061296 0.221158 0.973310 0.000000 0.000000 0.000000 0.000000 1.000000
0.996183 -0.074053 -0.046222 -0.000000 0.062807 0.975754 -0.209664 0.081400 0.060627 0.205960 0.976680 0.000000 0.000000 0.000000 0.000000 1.000000
0.996464 -0.072479 -0.042499 0.000000 0.062895 0.978850 -0.194669 0.081400 0.055709 0.191308 0.979948 0.000000 0.000000 0.000000 0.000000 1.000000
0.996891 -0.068900 -0.038222 0.000000 0.060995 0.981921 -0.179195 0.081400 0.049878 0.176306 0.983071 0.000000 0.000000 0.000000 0.000000 1.000000
0.997329 -0.063933 -0.035309 -0.000000 0.057299 0.984709 -0.164513 0.081400 0.045287 0.162050 0.985743 0.000000 0.000000 0.000000 0.000000 1.000000
0.997737 -0.058577 -0.033009 0.000000 0.052980 0.987195 -0.150464 0.081400 0.041400 0.148374 0.988064 0.000000 0.000000 0.000000 0.000000 1.000000
0.998116 -0.053085 -0.030757 0.000000 0.048421 0.989467 -0.136422 0.081400 0.037675 0.134675 0.990173 -0.000000 0.000000 0.000000 0.000000 1.000000
0.998461 -0.047490 -0.028656 0.000000 0.043643 0.991509 -0.122499 0.081400 0.034230 0.121060 0.992055 0.000000 0.000000 0.000000 0.000000 1.000000
0.998764 -0.041923 -0.026711 0.000000 0.038783 0.993303 -0.108831 0.081400 0.031095 0.107661 0.993701 0.000000 0.000000 0.000000 0.000000 1.000000
0.999025 -0.036485 -0.024866 -0.000000 0.033958 0.994858 -0.095413 0.081400 0.028219 0.094476 0.995127 0.000000 0.000000 0.000000 0.000000 1.000000
0.999241 -0.031306 -0.023194 0.000000 0.029297 0.996168 -0.082404 0.081400 0.025685 0.081662 0.996329 0.000000 0.000000 0.000000 0.000000 1.000000
0.999402 -0.026601 -0.022070 -0.000000 0.024988 0.997205 -0.070411 0.081400 0.023881 0.069817 0.997274 0.000000 0.000000 0.000000 0.000000 1.000000
0.999536 -0.022091 -0.020988 0.000000 0.020820 0.998044 -0.058949 0.081400 0.022249 0.058485 0.998040 0.000000 0.000000 0.000000 0.000000 1.000000
0.999642 -0.017830 -0.019962 0.000000 0.016851 0.998698 -0.048156 0.081400 0.020795 0.047802 0.998640 0.000000 0.000000 0.000000 0.000000 1.000000
0.999723 -0.013875 -0.019007 0.000000 0.013141 0.999185 -0.038166 0.081400 0.019521 0.037905 0.999091 0.000000 0.000000 0.000000 0.000000 1.000000</float_array>
        <technique_common>
          <accessor source="#mixamorig_Spine1-Matrix-animation-output-transform-array" count="44" stride="16">
            <param type="float4x4"/>
          </accessor>
        </technique_common>
      </source>
      <source id="mixamorig_Spine1-Interpolations">
        <Name_array id="mixamorig_Spine1-Interpolations-array" count="44">
 LINEAR LINEAR LINEAR LINEAR LINEAR LINEAR LINEAR LINEAR LINEAR LINEAR LINEAR
LINEAR LINEAR LINEAR LINEAR LINEAR LINEAR LINEAR LINEAR LINEAR LINEAR LINEAR LINEAR
LINEAR LINEAR LINEAR LINEAR LINEAR LINEAR LINEAR LINEAR LINEAR LINEAR LINEAR LINEAR
LINEAR LINEAR LINEAR LINEAR LINEAR LINEAR LINEAR LINEAR LINEAR</Name_array>
        <technique_common>
          <accessor source="#mixamorig_Spine1-Interpolations-array" count="44">
            <param type="name"/>
          </accessor>
        </technique_common>
      </source>
      <sampler id="mixamorig_Spine1-Matrix-animation-transform">
        <input semantic="INPUT" source="#mixamorig_Spine1-Matrix-animation-input"/>
        <input semantic="OUTPUT" source="#mixamorig_Spine1-Matrix-animation-output-transform"/>
        <input semantic="INTERPOLATION" source="#mixamorig_Spine1-Interpolations"/>
      </sampler>
      <channel source="#mixamorig_Spine1-Matrix-animation-transform" target="mixamorig_Spine1/matrix"/>
      <source id="mixamorig_Spine2-Matrix-animation-input">
        <float_array id="mixamorig_Spine2-Matrix-animation-input-array" count="44">

0.000000 0.033333 0.066667 0.100000 0.133333 0.166667 0.200000 0.233333 0.266667 0.300000 0.333333 0.366667 0.400000 0.433333 0.466667 0.500000
0.533333 0.566667 0.600000 0.633333 0.666667 0.700000 0.733333 0.766667 0.800000 0.833333 0.866667 0.900000 0.933333 0.966667 1.000000 1.033333
1.066667 1.100000 1.133333 1.166667 1.200000 1.233333 1.266667 1.300000 1.333333 1.366667 1.400000 1.433333</float_array>
        <technique_common>
          <accessor source="#mixamorig_Spine2-Matrix-animation-input-array" count="44">
            <param name="TIME" type="float"/>
          </accessor>
        </technique_common>
      </source>
      <source id="mixamorig_Spine2-Matrix-animation-output-transform">
        <float_array id="mixamorig_Spine2-Matrix-animation-output-transform-array" count="704">

0.999731 -0.013517 -0.018840 0.000000 0.012785 0.999180 -0.038422 0.093100 0.019344 0.038171 0.999084 0.000000 0.000000 0.000000 0.000000 1.000000
0.999734 -0.018390 -0.013926 0.000000 0.017478 0.997860 -0.063001 0.093100 0.015054 0.062741 0.997916 0.000000 0.000000 0.000000 0.000000 1.000000
0.999499 -0.019098 -0.025243 0.000000 0.017322 0.997479 -0.068812 0.093100 0.026493 0.068341 0.997310 0.000000 0.000000 0.000000 0.000000 1.000000
0.997852 -0.022999 -0.061345 0.000000 0.019757 0.998402 -0.052953 0.093100 0.062465 0.051628 0.996711 0.000000 0.000000 0.000000 0.000000 1.000000
0.994524 -0.034485 -0.098650 -0.000000 0.030106 0.998509 -0.045535 0.093100 0.100073 0.042315 0.994080 -0.000000 0.000000 0.000000 0.000000 1.000000
0.992829 -0.041453 -0.112123 0.000000 0.034721 0.997513 -0.061342 0.093100 0.114387 0.057009 0.991799 0.000000 0.000000 0.000000 0.000000 1.000000
0.993489 -0.034506 -0.108577 0.000000 0.025819 0.996426 -0.080425 0.093100 0.110964 0.077098 0.990829 0.000000 0.000000 0.000000 0.000000 1.000000
0.994248 -0.019442 -0.105327 0.000000 0.010020 0.995958 -0.089259 0.093100 0.106637 0.087690 0.990424 0.000000 0.000000 0.000000 0.000000 1.000000
0.994254 -0.002531 -0.107012 0.000000 -0.007688 0.995450 -0.094976 0.093100 0.106766 0.095253 0.989711 0.000000 0.000000 0.000000 0.000000 1.000000
0.993785 0.013008 -0.110556 -0.000000 -0.025388 0.993461 -0.111314 0.093100 0.108385 0.113429 0.987617 0.000000 0.000000 0.000000 0.000000 1.000000
0.993391 0.026586 -0.111655 0.000000 -0.041522 0.990157 -0.133657 0.093100 0.107003 0.137410 0.984718 -0.000000 0.000000 0.000000 0.000000 1.000000
0.993231 0.036323 -0.110327 0.000000 -0.053364 0.986366 -0.155675 0.093100 0.103168 0.160508 0.981628 0.000000 0.000000 0.000000 0.000000 1.000000
0.993085 0.042722 -0.109350 0.000000 -0.061868 0.982050 -0.178187 0.093100 0.099775 0.183720 0.977902 0.000000 0.000000 0.000000 0.000000 1.000000
0.992815 0.047727 -0.109726 0.000000 -0.069289 0.976930 -0.202007 0.093100 0.097554 0.208159 0.973218 0.000000 0.000000 0.000000 0.000000 1.000000
0.992632 0.051525 -0.109663 -0.000000 -0.074905 0.972360 -0.221145 0.093100 0.095237 0.227730 0.969056 0.000000 0.000000 0.000000 0.000000 1.000000
0.992869 0.053476 -0.106541 0.000000 -0.077115 0.969669 -0.231938 0.093100 0.090907 0.238501 0.966878 0.000000 0.000000 0.000000 0.000000 1.000000
0.993548 0.053652 -0.099917 0.000000 -0.076555 0.967290 -0.241846 0.093100 0.083673 0.247935 0.965156 -0.000000 0.000000 0.000000 0.000000 1.000000
0.994363 0.052004 -0.092400 0.000000 -0.074443 0.962966 -0.259144 0.093100 0.075502 0.264562 0.961409 0.000000 0.000000 0.000000 0.000000 1.000000
0.995140 0.047920 -0.086028 0.000000 -0.070369 0.957175 -0.280828 0.093100 0.068887 0.285517 0.955895 -0.000000 0.000000 0.000000 0.000000 1.000000
0.995989 0.040450 -0.079805 0.000000 -0.062653 0.952082 -0.299357 0.093100 0.063872 0.303156 0.950798 0.000000 0.000000 0.000000 0.000000 1.000000
0.996973 0.028901 -0.072183 0.000000 -0.050134 0.948543 -0.312655 0.093100 0.059433 0.315327 0.947120 0.000000 0.000000 0.000000 0.000000 1.000000
0.997946 0.014426 -0.062418 0.000000 -0.033734 0.946628 -0.320558 0.093100 0.054463 0.322005 0.945170 0.000000 0.000000 0.000000 0.000000 1.000000
