<?xml version="1.0" encoding="utf-8"?>
<COLLADA xmlns="http://www.collada.org/2005/11/COLLADASchema" version="1.4.1">
  <asset>
    <contributor>
      <author>Mixamo</author>
      <authoring_tool>COLLADA Mixamo exporter</authoring_tool>
      <comments/>
    </contributor>
    <created>2024-05-10T12:18:35Z</created>
    <modified>2024-05-10T12:18:35Z</modified>
    <revision/>
    <title/>
    <unit meter="0.010000"/>
    <up_axis>Y_UP</up_axis>
  </asset>
  <library_animations>
    <animation>
      <source id="Armature.001-Matrix-animation-input">
        <float_array id="Armature.001-Matrix-animation-input-array" count="29">

0.000000 0.033333 0.066667 0.100000 0.133333 0.166667 0.200000 0.233333 0.266667 0.300000 0.333333 0.366667 0.400000 0.433333 0.466667 0.500000
0.533333 0.566667 0.600000 0.633333 0.666667 0.700000 0.733333 0.766667 0.800000 0.833333 0.866667 0.900000 0.933333</float_array>
        <technique_common>
          <accessor source="#Armature.001-Matrix-animation-input-array" count="29">
            <param name="TIME" type="float"/>
          </accessor>
        </technique_common>
      </source>
      <source id="Armature.001-Matrix-animation-output-transform">
        <float_array id="Armature.001-Matrix-animation-output-transform-array" count="464">

100.000000 0.000000 0.000000 0.000000 0.000000 0.000000 100.000000 0.000000 0.000000 -100.000000 0.000000 0.000000 0.000000 0.000000 0.000000 1.000000
100.000000 0.000000 0.000000 0.000000 0.000000 0.000000 100.000000 0.000000 0.000000 -100.000000 0.000000 0.000000 0.000000 0.000000 0.000000 1.000000
100.000000 0.000000 0.000000 0.000000 0.000000 0.000000 100.000000 0.000000 0.000000 -100.000000 0.000000 0.000000 0.000000 0.000000 0.000000 1.000000
100.000000 0.000000 0.000000 0.000000 0.000000 0.000000 100.000000 0.000000 0.000000 -100.000000 0.000000 0.000000 0.000000 0.000000 0.000000 1.000000
100.000000 0.000000 0.000000 0.000000 0.000000 0.000000 100.000000 0.000000 0.000000 -100.000000 0.000000 0.000000 0.000000 0.000000 0.000000 1.000000
100.000000 0.000000 0.000000 0.000000 0.000000 0.000000 100.000000 0.000000 0.000000 -100.000000 0.000000 0.000000 0.000000 0.000000 0.000000 1.000000
100.000000 0.000000 0.000000 0.000000 0.000000 0.000000 100.000000 0.000000 0.000000 -100.000000 0.000000 0.000000 0.000000 0.000000 0.000000 1.000000
100.000000 0.000000 0.000000 0.000000 0.000000 0.000000 100.000000 0.000000 0.000000 -100.000000 0.000000 0.000000 0.000000 0.000000 0.000000 1.000000
100.000000 0.000000 0.000000 0.000000 0.000000 0.000000 100.000000 0.000000 0.000000 -100.000000 0.000000 0.000000 0.000000 0.000000 0.000000 1.000000
100.000000 0.000000 0.000000 0.000000 0.000000 0.000000 100.000000 0.000000 0.000000 -100.000000 0.000000 0.000000 0.000000 0.000000 0.000000 1.000000
100.000000 0.000000 0.000000 0.000000 0.000000 0.000000 100.000000 0.000000 0.000000 -100.000000 0.000000 0.000000 0.000000 0.000000 0.000000 1.000000
100.000000 0.000000 0.000000 0.000000 0.000000 0.000000 100.000000 0.000000 0.000000 -100.000000 0.000000 0.000000 0.000000 0.000000 0.000000 1.000000
100.000000 0.000000 0.000000 0.000000 0.000000 0.000000 100.000000 0.000000 0.000000 -100.000000 0.000000 0.000000 0.000000 0.000000 0.000000 1.000000
100.000000 0.000000 0.000000 0.000000 0.000000 0.000000 100.000000 0.000000 0.000000 -100.000000 0.000000 0.000000 0.000000 0.000000 0.000000 1.000000
100.000000 0.000000 0.000000 0.000000 0.000000 0.000000 100.000000 0.000000 0.000000 -100.000000 0.000000 0.000000 0.000000 0.000000 0.000000 1.000000
100.000000 0.000000 0.000000 0.000000 0.000000 0.000000 100.000000 0.000000 0.000000 -100.000000 0.000000 0.000000 0.000000 0.000000 0.000000 1.000000
100.000000 0.000000 0.000000 0.000000 0.000000 0.000000 100.000000 0.000000 0.000000 -100.000000 0.000000 0.000000 0.000000 0.000000 0.000000 1.000000
100.000000 0.000000 0.000000 0.000000 0.000000 0.000000 100.000000 0.000000 0.000000 -100.000000 0.000000 0.000000 0.000000 0.000000 0.000000 1.000000
100.000000 0.000000 0.000000 0.000000 0.000000 0.000000 100.000000 0.000000 0.000000 -100.000000 0.000000 0.000000 0.000000 0.000000 0.000000 1.000000
100.000000 0.000000 0.000000 0.000000 0.000000 0.000000 100.000000 0.000000 0.000000 -100.000000 0.000000 0.000000 0.000000 0.000000 0.000000 1.000000
100.000000 0.000000 0.000000 0.000000 0.000000 0.000000 100.000000 0.000000 0.000000 -100.000000 0.000000 0.000000 0.000000 0.000000 0.000000 1.000000
100.000000 0.000000 0.000000 0.000000 0.000000 0.000000 100.000000 0.000000 0.000000 -100.000000 0.000000 0.000000 0.000000 0.000000 0.000000 1.000000
100.000000 0.000000 0.000000 0.000000 0.000000 0.000000 100.000000 0.000000 0.000000 -100.000000 0.000000 0.000000 0.000000 0.000000 0.000000 1.000000
100.000000 0.000000 0.000000 0.000000 0.000000 0.000000 100.000000 0.000000 0.000000 -100.000000 0.000000 0.000000 0.000000 0.000000 0.000000 1.000000
100.000000 0.000000 0.000000 0.000000 0.000000 0.000000 100.000000 0.000000 0.000000 -100.000000 0.000000 0.000000 0.000000 0.000000 0.000000 1.000000
100.000000 0.000000 0.000000 0.000000 0.000000 0.000000 100.000000 0.000000 0.000000 -100.000000 0.000000 0.000000 0.000000 0.000000 0.000000 1.000000
100.000000 0.000000 0.000000 0.000000 0.000000 0.000000 100.000000 0.000000 0.000000 -100.000000 0.000000 0.000000 0.000000 0.000000 0.000000 1.000000
100.000000 0.000000 0.000000 0.000000 0.000000 0.000000 100.000000 0.000000 0.000000 -100.000000 0.000000 0.000000 0.000000 0.000000 0.000000 1.000000
100.000000 0.000000 0.000000 0.000000 0.000000 0.000000 100.000000 0.000000 0.000000 -100.000000 0.000000 0.000000 0.000000 0.000000 0.000000 1.000000</float_array>
        <technique_common>
          <accessor source="#Armature.001-Matrix-animation-output-transform-array" count="29" stride="16">
            <param type="float4x4"/>
          </accessor>
        </technique_common>
      </source>
      <source id="Armature.001-Interpolations">
        <Name_array id="Armature.001-Interpolations-array" count="29">
 LINEAR LINEAR LINEAR LINEAR LINEAR LINEAR LINEAR LINEAR LINEAR LINEAR LINEAR
LINEAR LINEAR LINEAR LINEAR LINEAR LINEAR LINEAR LINEAR LINEAR LINEAR LINEAR LINEAR
LINEAR LINEAR LINEAR LINEAR LINEAR LINEAR</Name_array>
        <technique_common>
          <accessor source="#Armature.001-Interpolations-array" count="29">
            <param type="name"/>
          </accessor>
        </technique_common>
      </source>
      <sampler id="Armature.001-Matrix-animation-transform">
        <input semantic="INPUT" source="#Armature.001-Matrix-animation-input"/>
        <input semantic="OUTPUT" source="#Armature.001-Matrix-animation-output-transform"/>
        <input semantic="INTERPOLATION" source="#Armature.001-Interpolations"/>
      </sampler>
      <channel source="#Armature.001-Matrix-animation-transform" target="Armature.001/matrix"/>
      <source id="mixamorig_Hips-Matrix-animation-input">
        <float_array id="mixamorig_Hips-Matrix-animation-input-array" count="29">

0.000000 0.033333 0.066667 0.100000 0.133333 0.166667 0.200000 0.233333 0.266667 0.300000 0.333333 0.366667 0.400000 0.433333 0.466667 0.500000
0.533333 0.566667 0.600000 0.633333 0.666667 0.700000 0.733333 0.766667 0.800000 0.833333 0.866667 0.900000 0.933333</float_array>
        <technique_common>
          <accessor source="#mixamorig_Hips-Matrix-animation-input-array" count="29">
            <param name="TIME" type="float"/>
          </accessor>
        </technique_common>
      </source>
      <source id="mixamorig_Hips-Matrix-animation-output-transform">
        <float_array id="mixamorig_Hips-Matrix-animation-output-transform-array" count="464">

0.690782 0.000453 0.723063 -0.006236 0.719792 0.094586 -0.687716 0.007261 -0.068704 0.995517 0.065012 0.794512 0.000000 0.000000 0.000000 1.000000
0.678576 -0.000497 0.734530 -0.003753 0.729774 0.114070 -0.674105 0.001210 -0.083453 0.993473 0.077769 0.801972 0.000000 0.000000 0.000000 1.000000
0.659500 -0.002512 0.751700 -0.000989 0.744298 0.142211 -0.652531 -0.007528 -0.105261 0.989833 0.095658 0.811997 0.000000 0.000000 0.000000 1.000000
0.626845 0.005000 0.779128 -0.000732 0.766234 0.177321 -0.617610 -0.019151 -0.141244 0.984140 0.107321 0.825109 0.000000 0.000000 0.000000 1.000000
0.583861 0.022367 0.811546 -0.004426 0.791668 0.205836 -0.575233 -0.028067 -0.179912 0.978331 0.102472 0.838330 0.000000 0.000000 0.000000 1.000000
0.547438 0.035906 0.836076 -0.009220 0.812141 0.218173 -0.541136 -0.028769 -0.201840 0.975249 0.090275 0.847052 0.000000 0.000000 0.000000 1.000000
0.523072 0.040487 0.851326 -0.012373 0.825940 0.222370 -0.518050 -0.023488 -0.210283 0.974121 0.082875 0.850297 0.000000 0.000000 0.000000 1.000000
0.503035 0.042699 0.863210 -0.014163 0.836188 0.228471 -0.498589 -0.017229 -0.218508 0.972614 0.079224 0.849815 0.000000 0.000000 0.000000 1.000000
0.493723 0.042909 0.868560 -0.014763 0.840415 0.233120 -0.489241 -0.011097 -0.223471 0.971501 0.079035 0.846564 0.000000 0.000000 0.000000 1.000000
0.505806 0.035978 0.861897 -0.013448 0.834842 0.231211 -0.499580 -0.004550 -0.217254 0.972238 0.086912 0.841844 0.000000 0.000000 0.000000 1.000000
0.533775 0.022268 0.845334 -0.010493 0.821291 0.224442 -0.524506 0.001911 -0.201408 0.974233 0.101513 0.836538 0.000000 0.000000 0.000000 1.000000
0.563573 0.007027 0.826036 -0.006965 0.805893 0.214962 -0.551659 0.007631 -0.181443 0.976597 0.115484 0.830558 0.000000 0.000000 0.000000 1.000000
0.590038 -0.004127 0.807365 -0.003734 0.791436 0.200676 -0.577371 0.012448 -0.159636 0.979649 0.121672 0.823761 0.000000 0.000000 0.000000 1.000000
0.615008 -0.009171 0.788467 -0.001284 0.776541 0.180686 -0.603604 0.016457 -0.136929 0.983498 0.118245 0.816615 0.000000 0.000000 0.000000 1.000000
0.637860 -0.010636 0.770079 0.000236 0.761384 0.159160 -0.628460 0.019774 -0.115882 0.987195 0.109620 0.809781 0.000000 0.000000 0.000000 1.000000
0.656239 -0.010679 0.754478 0.000863 0.747978 0.140925 -0.648591 0.022203 -0.099398 0.989963 0.100469 0.803822 0.000000 0.000000 0.000000 1.000000
0.670513 -0.008830 0.741846 0.000765 0.736601 0.127197 -0.664259 0.023287 -0.088495 0.991838 0.091792 0.799160 0.000000 0.000000 0.000000 1.000000
0.680928 -0.005936 0.732326 0.000302 0.727719 0.117767 -0.675689 0.023035 -0.082233 0.993024 0.084510 0.796070 0.000000 0.000000 0.000000 1.000000
0.685273 -0.004220 0.728274 -0.000251 0.723985 0.112468 -0.680586 0.022120 -0.079036 0.993646 0.080127 0.794950 0.000000 0.000000 0.000000 1.000000
0.685752 -0.003530 0.727827 -0.000846 0.723740 0.109242 -0.681371 0.020998 -0.077104 0.994009 0.077468 0.794991 0.000000 0.000000 0.000000 1.000000
0.686277 -0.002852 0.727335 -0.001477 0.723423 0.106324 -0.682169 0.019695 -0.075388 0.994327 0.075031 0.795010 0.000000 0.000000 0.000000 1.000000
0.686992 -0.002099 0.726662 -0.002254 0.722921 0.103350 -0.683157 0.017925 -0.073666 0.994643 0.072518 0.794992 0.000000 0.000000 0.000000 1.000000
0.687828 -0.001367 0.725873 -0.003152 0.722291 0.100522 -0.684245 0.015725 -0.072031 0.994934 0.070129 0.794934 0.000000 0.000000 0.000000 1.000000
0.688644 -0.000754 0.725099 -0.004007 0.721638 0.098312 -0.685254 0.013511 -0.070769 0.995155 0.068246 0.794849 0.000000 0.000000 0.000000 1.000000
0.689392 -0.000267 0.724388 -0.004777 0.721014 0.096665 -0.686145 0.011428 -0.069840 0.995317 0.066833 0.794751 0.000000 0.000000 0.000000 1.000000
0.690028 0.000100 0.723782 -0.005422 0.720467 0.095516 -0.686880 0.009624 -0.069201 0.995428 0.065837 0.794654 0.000000 0.000000 0.000000 1.000000
0.690509 0.000348 0.723323 -0.005906 0.720043 0.094797 -0.687424 0.008235 -0.068808 0.995497 0.065208 0.794574 0.000000 0.000000 0.000000 1.000000
0.690785 0.000467 0.723060 -0.006181 0.719787 0.094600 -0.687719 0.007427 -0.068722 0.995515 0.065012 0.794523 0.000000 0.000000 0.000000 1.000000
0.690782 0.000453 0.723063 -0.006236 0.719792 0.094587 -0.687716 0.007261 -0.068704 0.995517 0.065012 0.794512 0.000000 0.000000 0.000000 1.000000</float_array>
        <technique_common>
          <accessor source="#mixamorig_Hips-Matrix-animation-output-transform-array" count="29" stride="16">
            <param type="float4x4"/>
          </accessor>
        </technique_common>
      </source>
      <source id="mixamorig_Hips-Interpolations">
        <Name_array id="mixamorig_Hips-Interpolations-array" count="29">
 LINEAR LINEAR LINEAR LINEAR LINEAR LINEAR LINEAR LINEAR LINEAR LINEAR LINEAR
LINEAR LINEAR LINEAR LINEAR LINEAR LINEAR LINEAR LINEAR LINEAR LINEAR LINEAR LINEAR
LINEAR LINEAR LINEAR LINEAR LINEAR LINEAR</Name_array>
        <technique_common>
          <accessor source="#mixamorig_Hips-Interpolations-array" count="29">
            <param type="name"/>
          </accessor>
        </technique_common>
      </source>
      <sampler id="mixamorig_Hips-Matrix-animation-transform">
        <input semantic="INPUT" source="#mixamorig_Hips-Matrix-animation-input"/>
        <input semantic="OUTPUT" source="#mixamorig_Hips-Matrix-animation-output-transform"/>
        <input semantic="INTERPOLATION" source="#mixamorig_Hips-Interpolations"/>
      </sampler>
      <channel source="#mixamorig_Hips-Matrix-animation-transform" target="mixamorig_Hips/matrix"/>
      <source id="mixamorig_Spine-Matrix-animation-input">
        <float_array id="mixamorig_Spine-Matrix-animation-input-array" count="29">

0.000000 0.033333 0.066667 0.100000 0.133333 0.166667 0.200000 0.233333 0.266667 0.300000 0.333333 0.366667 0.400000 0.433333 0.466667 0.500000
0.533333 0.566667 0.600000 0.633333 0.666667 0.700000 0.733333 0.766667 0.800000 0.833333 0.866667 0.900000 0.933333</float_array>
        <technique_common>
          <accessor source="#mixamorig_Spine-Matrix-animation-input-array" count="29">
            <param name="TIME" type="float"/>
          </accessor>
        </technique_common>
      </source>
      <source id="mixamorig_Spine-Matrix-animation-output-transform">
        <float_array id="mixamorig_Spine-Matrix-animation-output-transform-array" count="464">

0.991521 -0.018277 -0.128658 -0.000000 0.012119 0.998751 -0.048482 0.069300 0.129384 0.046512 0.990503 -0.008100 0.000000 0.000000 0.000000 1.000000
0.991294 -0.005250 -0.131559 0.000000 0.002273 0.999738 -0.022762 0.069300 0.131644 0.022265 0.991047 -0.008100 0.000000 0.000000 0.000000 1.000000
0.991279 0.014159 -0.131013 0.000000 -0.013809 0.999898 0.003581 0.069300 0.131051 -0.001741 0.991374 -0.008100 0.000000 0.000000 0.000000 1.000000
0.992353 0.039526 -0.116935 0.000000 -0.037598 0.999119 0.018652 0.069300 0.117569 -0.014113 0.992964 -0.008100 0.000000 0.000000 0.000000 1.000000
0.994244 0.065202 -0.085012 -0.000000 -0.064174 0.997829 0.014775 0.069300 0.085791 -0.009234 0.996270 -0.008100 0.000000 0.000000 0.000000 1.000000
0.995513 0.083735 -0.044079 0.000000 -0.083942 0.996466 -0.002878 0.069300 0.043682 0.006565 0.999024 -0.008100 0.000000 0.000000 0.000000 1.000000
0.995700 0.092126 -0.009763 0.000000 -0.092322 0.995486 -0.021995 0.069300 0.007693 0.022802 0.999710 -0.008100 0.000000 0.000000 0.000000 1.000000
0.995617 0.093012 0.009787 0.000000 -0.092609 0.995063 -0.035695 0.069300 -0.013059 0.034632 0.999315 -0.008100 0.000000 0.000000 0.000000 1.000000
0.995715 0.090551 0.018762 0.000000 -0.089638 0.994964 -0.044857 0.069300 -0.022730 0.042983 0.998817 -0.008100 0.000000 0.000000 0.000000 1.000000
0.995938 0.086396 0.025348 -0.000000 -0.084998 0.995031 -0.051859 0.069300 -0.029702 0.049494 0.998333 -0.008100 0.000000 0.000000 0.000000 1.000000
0.996254 0.080191 0.032371 0.000000 -0.078263 0.995303 -0.056988 0.069300 -0.036789 0.054241 0.997850 -0.008100 0.000000 0.000000 0.000000 1.000000
0.996723 0.071871 0.037120 -0.000000 -0.069598 0.995813 -0.059269 0.069300 -0.041224 0.056491 0.997552 -0.008100 0.000000 0.000000 0.000000 1.000000
0.997345 0.062627 0.037155 0.000000 -0.060410 0.996484 -0.058053 0.069300 -0.040660 0.055654 0.997622 -0.008100 0.000000 0.000000 0.000000 1.000000
0.998034 0.053257 0.033039 0.000000 -0.051427 0.997218 -0.053950 0.069300 -0.035820 0.052144 0.997997 -0.008100 0.000000 0.000000 0.000000 1.000000
0.998739 0.042687 0.026409 0.000000 -0.041368 0.997960 -0.048627 0.069300 -0.028431 0.047473 0.998468 -0.008100 0.000000 0.000000 0.000000 1.000000
0.999389 0.029781 0.018290 0.000000 -0.028962 0.998634 -0.043501 0.069300 -0.019561 0.042945 0.998886 -0.008100 0.000000 0.000000 0.000000 1.000000
0.999827 0.015990 0.009466 0.000000 -0.015609 0.999116 -0.039022 0.069300 -0.010082 0.038868 0.999193 -0.008100 0.000000 0.000000 0.000000 1.000000
0.999990 0.004383 0.000800 -0.000000 -0.004352 0.999368 -0.035285 0.069300 -0.000954 0.035281 0.999377 -0.008100 0.000000 0.000000 0.000000 1.000000
0.999966 -0.003712 -0.007380 0.000000 0.003471 0.999466 -0.032478 0.069300 0.007497 0.032451 0.999445 -0.008100 0.000000 0.000000 0.000000 1.000000
0.999832 -0.009441 -0.015698 0.000000 0.008957 0.999491 -0.030631 0.069300 0.015979 0.030486 0.999407 -0.008100 0.000000 0.000000 0.000000 1.000000
0.999575 -0.014367 -0.025360 -0.000000 0.013615 0.999470 -0.029573 0.069300 0.025771 0.029215 0.999241 -0.008100 0.000000 0.000000 0.000000 1.000000
0.999125 -0.018887 -0.037314 0.000000 0.017800 0.999413 -0.029257 0.069300 0.037845 0.028568 0.998875 -0.008100 0.000000 0.000000 0.000000 1.000000
0.998431 -0.022429 -0.051305 -0.000000 0.020916 0.999336 -0.029840 0.069300 0.051940 0.028720 0.998237 -0.008100 0.000000 0.000000 0.000000 1.000000
0.997515 -0.024452 -0.066078 0.000000 0.022414 0.999255 -0.031407 0.069300 0.066797 0.029848 0.997320 -0.008100 0.000000 0.000000 0.000000 1.000000
0.996434 -0.024957 -0.080603 -0.000000 0.022288 0.999179 -0.033836 0.069300 0.081381 0.031919 0.996172 -0.008100 0.000000 0.000000 0.000000 1.000000
0.995236 -0.024293 -0.094423 -0.000000 0.020885 0.999100 -0.036916 0.069300 0.095235 0.034769 0.994847 -0.008100 0.000000 0.000000 0.000000 1.000000
0.993976 -0.022786 -0.107200 0.000000 0.018535 0.999008 -0.040480 0.069300 0.108016 0.038249 0.993413 -0.008100 0.000000 0.000000 0.000000 1.000000
0.992723 -0.020698 -0.118628 -0.000000 0.015522 0.998894 -0.044390 0.069300 0.119416 0.042226 0.991946 -0.008100 0.000000 0.000000 0.000000 1.000000
0.991521 -0.018277 -0.128659 0.000000 0.012119 0.998751 -0.048483 0.069300 0.129384 0.046512 0.990503 -0.008100 0.000000 0.000000 0.000000 1.000000</float_array>
        <technique_common>
          <accessor source="#mixamorig_Spine-Matrix-animation-output-transform-array" count="29" stride="16">
            <param type="float4x4"/>
          </accessor>
        </technique_common>
      </source>
      <source id="mixamorig_Spine-Interpolations">
        <Name_array id="mixamorig_Spine-Interpolations-array" count="29">
 LINEAR LINEAR LINEAR LINEAR LINEAR LINEAR LINEAR LINEAR LINEAR LINEAR LINEAR
LINEAR LINEAR LINEAR LINEAR LINEAR LINEAR LINEAR LINEAR LINEAR LINEAR LINEAR LINEAR
LINEAR LINEAR LINEAR LINEAR LINEAR LINEAR</Name_array>
        <technique_common>
          <accessor source="#mixamorig_Spine-Interpolations-array" count="29">
            <param type="name"/>
          </accessor>
        </technique_common>
      </source>
      <sampler id="mixamorig_Spine-Matrix-animation-transform">
        <input semantic="INPUT" source="#mixamorig_Spine-Matrix-animation-input"/>
        <input semantic="OUTPUT" source="#mixamorig_Spine-Matrix-animation-output-transform"/>
        <input semantic="INTERPOLATION" source="#mixamorig_Spine-Interpolations"/>
      </sampler>
      <channel source="#mixamorig_Spine-Matrix-animation-transform" target="mixamorig_Spine/matrix"/>
      <source id="mixamorig_Spine1-Matrix-animation-input">
        <float_array id="mixamorig_Spine1-Matrix-animation-input-array" count="29">

0.000000 0.033333 0.066667 0.100000 0.133333 0.166667 0.200000 0.233333 0.266667 0.300000 0.333333 0.366667 0.400000 0.433333 0.466667 0.500000
0.533333 0.566667 0.600000 0.633333 0.666667 0.700000 0.733333 0.766667 0.800000 0.833333 0.866667 0.900000 0.933333</float_array>
        <technique_common>
          <accessor source="#mixamorig_Spine1-Matrix-animation-input-array" count="29">
            <param name="TIME" type="float"/>
          </accessor>
        </technique_common>
      </source>
      <source id="mixamorig_Spine1-Matrix-animation-output-transform">
        <float_array id="mixamorig_Spine1-Matrix-animation-output-transform-array" count="464">

0.999723 -0.013875 -0.019006 -0.000000 0.013141 0.999185 -0.038166 0.081400 0.019520 0.037905 0.999091 0.000000 0.000000 0.000000 0.000000 1.000000
0.999362 -0.012556 -0.033422 0.000000 0.010700 0.998420 -0.055164 0.081400 0.034062 0.054771 0.997918 0.000000 0.000000 0.000000 0.000000 1.000000
0.998819 -0.008047 -0.047914 -0.000000 0.004415 0.997141 -0.075438 0.081400 0.048384 0.075138 0.995999 0.000000 0.000000 0.000000 0.000000 1.000000
0.998465 0.001500 -0.055374 0.000000 -0.007310 0.994460 -0.104859 0.081400 0.054910 0.105102 0.992944 0.000000 0.000000 0.000000 0.000000 1.000000
0.998565 0.013616 -0.051791 0.000000 -0.021017 0.989186 -0.145155 0.081400 0.049255 0.146035 0.988053 -0.000000 0.000000 0.000000 0.000000 1.000000
0.998905 0.022584 -0.040962 0.000000 -0.029938 0.981538 -0.188911 0.081400 0.035940 0.189930 0.981140 0.000000 0.000000 0.000000 0.000000 1.000000
0.999214 0.025189 -0.030607 0.000000 -0.031431 0.973952 -0.224563 0.081400 0.024153 0.225349 0.973979 -0.000000 0.000000 0.000000 0.000000 1.000000
0.999436 0.022984 -0.024476 -0.000000 -0.028308 0.968809 -0.246185 0.081400 0.018054 0.246739 0.968914 -0.000000 0.000000 0.000000 0.000000 1.000000
0.999609 0.018912 -0.020592 0.000000 -0.023566 0.966237 -0.256576 0.081400 0.015045 0.256961 0.966305 0.000000 0.000000 0.000000 0.000000 1.000000
0.999771 0.014136 -0.016037 0.000000 -0.017847 0.964872 -0.262113 0.081400 0.011768 0.262340 0.964904 0.000000 0.000000 0.000000 0.000000 1.000000
0.999905 0.008411 -0.010883 0.000000 -0.011008 0.963765 -0.266524 0.081400 0.008247 0.266618 0.963767 0.000000 0.000000 0.000000 0.000000 1.000000
0.999972 0.001681 -0.007348 0.000000 -0.003601 0.962938 -0.269700 0.081400 0.006622 0.269719 0.962916 0.000000 0.000000 0.000000 0.000000 1.000000
0.999962 -0.005491 -0.006840 -0.000000 0.003437 0.962725 -0.270461 0.081400 0.008070 0.270427 0.962707 0.000000 0.000000 0.000000 0.000000 1.000000
0.999877 -0.012864 -0.008947 0.000000 0.009985 0.963107 -0.268932 0.081400 0.012076 0.268810 0.963118 -0.000000 0.000000 0.000000 0.000000 1.000000
0.999696 -0.021204 -0.012557 0.000000 0.017096 0.963727 -0.266342 0.081400 0.017749 0.266047 0.963797 0.000000 0.000000 0.000000 0.000000 1.000000
0.999378 -0.031068 -0.016692 -0.000000 0.025585 0.964411 -0.263166 0.081400 0.024273 0.262575 0.964606 -0.000000 0.000000 0.000000 0.000000 1.000000
0.998946 -0.041107 -0.020400 0.000000 0.034450 0.965417 -0.258423 0.081400 0.030317 0.257448 0.965816 0.000000 0.000000 0.000000 0.000000 1.000000
0.998540 -0.048889 -0.022966 0.000000 0.041570 0.967051 -0.251167 0.081400 0.034488 0.249846 0.967671 -0.000000 0.000000 0.000000 0.000000 1.000000
0.998275 -0.053402 -0.024399 0.000000 0.045945 0.969273 -0.241660 0.081400 0.036554 0.240122 0.970054 -0.000000 0.000000 0.000000 0.000000 1.000000
0.998137 -0.055550 -0.025231 -0.000000 0.048267 0.971906 -0.230368 0.081400 0.037319 0.228721 0.972776 0.000000 0.000000 0.000000 0.000000 1.000000
0.998077 -0.056333 -0.025846 -0.000000 0.049428 0.975043 -0.216446 0.081400 0.037394 0.214753 0.975952 -0.000000 0.000000 0.000000 0.000000 1.000000
0.998102 -0.055703 -0.026245 -0.000000 0.049417 0.978896 -0.198294 0.081400 0.036737 0.196621 0.979791 0.000000 0.000000 0.000000 0.000000 1.000000
0.998239 -0.053179 -0.026281 0.000000 0.047750 0.983254 -0.175876 0.081400 0.035193 0.174312 0.984061 -0.000000 0.000000 0.000000 0.000000 1.000000
0.998477 -0.048728 -0.025889 0.000000 0.044276 0.987526 -0.151100 0.081400 0.032929 0.149724 0.988179 0.000000 0.000000 0.000000 0.000000 1.000000
0.998768 -0.042795 -0.025111 -0.000000 0.039308 0.991267 -0.125875 0.081400 0.030279 0.124733 0.991728 0.000000 0.000000 0.000000 0.000000 1.000000
0.999067 -0.035914 -0.023991 0.000000 0.033311 0.994304 -0.101244 0.081400 0.027491 0.100350 0.994572 0.000000 0.000000 0.000000 0.000000 1.000000
0.999338 -0.028546 -0.022541 0.000000 0.026709 0.996595 -0.078002 0.081400 0.024691 0.077349 0.996698 0.000000 0.000000 0.000000 0.000000 1.000000
0.999561 -0.021089 -0.020828 0.000000 0.019875 0.998184 -0.056869 0.081400 0.021989 0.056430 0.998164 0.000000 0.000000 0.000000 0.000000 1.000000
0.999723 -0.013875 -0.019007 0.000000 0.013141 0.999185 -0.038166 0.081400 0.019521 0.037905 0.999091 0.000000 0.000000 0.000000 0.000000 1.000000</float_array>
        <technique_common>
          <accessor source="#mixamorig_Spine1-Matrix-animation-output-transform-array" count="29" stride="16">
            <param type="float4x4"/>
          </accessor>
        </technique_common>
      </source>
      <source id="mixamorig_Spine1-Interpolations">
        <Name_array id="mixamorig_Spine1-Interpolations-array" count="29">
 LINEAR LINEAR LINEAR LINEAR LINEAR LINEAR LINEAR LINEAR LINEAR LINEAR LINEAR
LINEAR LINEAR LINEAR LINEAR LINEAR LINEAR LINEAR LINEAR LINEAR LINEAR LINEAR LINEAR
LINEAR LINEAR LINEAR LINEAR LINEAR LINEAR</Name_array>
        <technique_common>
          <accessor source="#mixamorig_Spine1-Interpolations-array" count="29">
            <param type="name"/>
          </accessor>
        </technique_common>
      </source>
      <sampler id="mixamorig_Spine1-Matrix-animation-transform">
        <input semantic="INPUT" source="#mixamorig_Spine1-Matrix-animation-input"/>
        <input semantic="OUTPUT" source="#mixamorig_Spine1-Matrix-animation-output-transform"/>
        <input semantic="INTERPOLATION" source="#mixamorig_Spine1-Interpolations"/>
      </sampler>
      <channel source="#mixamorig_Spine1-Matrix-animation-transform" target="mixamorig_Spine1/matrix"/>
      <source id="mixamorig_Spine2-Matrix-animation-input">
        <float_array id="mixamorig_Spine2-Matrix-animation-input-array" count="29">

0.000000 0.033333 0.066667 0.100000 0.133333 0.166667 0.200000 0.233333 0.266667 0.300000 0.333333 0.366667 0.400000 0.433333 0.466667 0.500000
0.533333 0.566667 0.600000 0.633333 0.666667 0.700000 0.733333 0.766667 0.800000 0.833333 0.866667 0.900000 0.933333</float_array>
        <technique_common>
          <accessor source="#mixamorig_Spine2-Matrix-animation-input-array" count="29">
            <param name="TIME" type="float"/>
          </accessor>
        </technique_common>
      </source>
      <source id="mixamorig_Spine2-Matrix-animation-output-transform">
        <float_array id="mixamorig_Spine2-Matrix-animation-output-transform-array" count="464">

0.999731 -0.013517 -0.018840 -0.000000 0.012785 0.999180 -0.038422 0.093100 0.019344 0.038171 0.999084 -0.000000 0.000000 0.000000 0.000000 1.000000
0.999379 -0.012136 -0.033092 -0.000000 0.010291 0.998412 -0.055379 0.093100 0.033711 0.055004 0.997917 0.000000 0.000000 0.000000 0.000000 1.000000
0.998848 -0.007541 -0.047390 0.000000 0.003937 0.997124 -0.075681 0.093100 0.047824 0.075407 0.996005 0.000000 0.000000 0.000000 0.000000 1.000000
0.998507 0.002059 -0.054587 0.000000 -0.007803 0.994418 -0.105225 0.093100 0.054066 0.105494 0.992949 0.000000 0.000000 0.000000 0.000000 1.000000
0.998615 0.014164 -0.050676 0.000000 -0.021421 0.989100 -0.145676 0.093100 0.048060 0.146560 0.988034 0.000000 0.000000 0.000000 0.000000 1.000000
0.998952 0.023078 -0.039537 0.000000 -0.030174 0.981416 -0.189507 0.093100 0.034429 0.190501 0.981083 0.000000 0.000000 0.000000 0.000000 1.000000
0.999251 0.025627 -0.029003 0.000000 -0.031509 0.973820 -0.225124 0.093100 0.022475 0.225869 0.973898 -0.000000 0.000000 0.000000 0.000000 1.000000
0.999465 0.023370 -0.022883 0.000000 -0.028298 0.968687 -0.246667 0.093100 0.016402 0.247183 0.968830 0.000000 0.000000 0.000000 0.000000 1.000000
0.999631 0.019236 -0.019171 0.000000 -0.023520 0.966126 -0.256996 0.093100 0.013578 0.257352 0.966222 0.000000 0.000000 0.000000 0.000000 1.000000
0.999786 0.014394 -0.014856 0.000000 -0.017790 0.964771 -0.262489 0.093100 0.010554 0.262697 0.964821 0.000000 0.000000 0.000000 0.000000 1.000000
0.999914 0.008615 -0.009914 0.000000 -0.010949 0.963672 -0.266864 0.093100 0.007255 0.266950 0.963683 0.000000 0.000000 0.000000 0.000000 1.000000
0.999977 0.001849 -0.006525 0.000000 -0.003543 0.962848 -0.270019 0.093100 0.005784 0.270036 0.962833 0.000000 0.000000 0.000000 0.000000 1.000000
0.999967 -0.005353 -0.006122 0.000000 0.003495 0.962636 -0.270778 0.093100 0.007343 0.270747 0.962622 0.000000 0.000000 0.000000 0.000000 1.000000
0.999884 -0.012762 -0.008325 0.000000 0.010050 0.963016 -0.269257 0.093100 0.011454 0.269142 0.963032 0.000000 0.000000 0.000000 0.000000 1.000000
0.999704 -0.021146 -0.012034 -0.000000 0.017173 0.963634 -0.266672 0.093100 0.017235 0.266386 0.963712 0.000000 0.000000 0.000000 0.000000 1.000000
0.999386 -0.031052 -0.016260 -0.000000 0.025676 0.964322 -0.263485 0.093100 0.023862 0.262905 0.964527 0.000000 0.000000 0.000000 0.000000 1.000000
0.998953 -0.041122 -0.020051 0.000000 0.034545 0.965335 -0.258717 0.093100 0.029994 0.257754 0.965745 0.000000 0.000000 0.000000 0.000000 1.000000
0.998545 -0.048918 -0.022685 -0.000000 0.041660 0.966979 -0.251429 0.093100 0.034235 0.250118 0.967610 0.000000 0.000000 0.000000 0.000000 1.000000
0.998279 -0.053432 -0.024169 0.000000 0.046020 0.969212 -0.241890 0.093100 0.036349 0.240362 0.970003 0.000000 0.000000 0.000000 0.000000 1.000000
0.998141 -0.055568 -0.025037 0.000000 0.048321 0.971855 -0.230572 0.093100 0.037145 0.228934 0.972733 0.000000 0.000000 0.000000 0.000000 1.000000
0.998082 -0.056332 -0.025682 -0.000000 0.049455 0.975002 -0.216624 0.093100 0.037243 0.214939 0.975917 0.000000 0.000000 0.000000 0.000000 1.000000
0.998108 -0.055671 -0.026108 0.000000 0.049407 0.978866 -0.198447 0.093100 0.036604 0.196781 0.979764 0.000000 0.000000 0.000000 0.000000 1.000000
0.998246 -0.053104 -0.026163 0.000000 0.047692 0.983233 -0.176008 0.093100 0.035071 0.174452 0.984041 0.000000 0.000000 0.000000 0.000000 1.000000
0.998485 -0.048602 -0.025780 -0.000000 0.044164 0.987513 -0.151221 0.093100 0.032808 0.149853 0.988164 0.000000 0.000000 0.000000 0.000000 1.000000
0.998779 -0.042614 -0.025001 0.000000 0.039139 0.991258 -0.125997 0.093100 0.030152 0.124865 0.991716 0.000000 0.000000 0.000000 0.000000 1.000000
0.999078 -0.035680 -0.023872 0.000000 0.033087 0.994297 -0.101381 0.093100 0.027353 0.100498 0.994561 0.000000 0.000000 0.000000 0.000000 1.000000
0.999349 -0.028265 -0.022409 0.000000 0.026434 0.996590 -0.078170 0.093100 0.024542 0.077526 0.996688 0.000000 0.000000 0.000000 0.000000 1.000000
0.999571 -0.020765 -0.020678 -0.000000 0.019556 0.998178 -0.057078 0.093100 0.021826 0.056649 0.998156 0.000000 0.000000 0.000000 0.000000 1.000000
0.999731 -0.013517 -0.018840 0.000000 0.012785 0.999180 -0.038422 0.093100 0.019344 0.038171 0.999084 0.000000 0.000000 0.000000 0.000000 1.000000</float_array>
        <technique_common>
          <accessor source="#mixamorig_Spine2-Matrix-animation-output-transform-array" count="29" stride="16">
            <param type="float4x4"/>
          </accessor>
        </technique_common>
      </source>
      <source id="mixamorig_Spine2-Interpolations">
        <Name_array id="mixamorig_Spine2-Interpolations-array" count="29">
 LINEAR LINEAR LINEAR LINEAR LINEAR LINEAR LINEAR LINEAR LINEAR LINEAR LINEAR
LINEAR LINEAR LINEAR LINEAR LINEAR LINEAR LINEAR LINEAR LINEAR LINEAR LINEAR LINEAR
LINEAR LINEAR LINEAR LINEAR LINEAR LINEAR</Name_array>
        <technique_common>
          <accessor source="#mixamorig_Spine2-Interpolations-array" count="29">
            <param type="name"/>
          </accessor>
        </technique_common>
      </source>
      <sampler id="mixamorig_Spine2-Matrix-animation-transform">
        <input semantic="INPUT" source="#mixamorig_Spine2-Matrix-animation-input"/>
        <input semantic="OUTPUT" source="#mixamorig_Spine2-Matrix-animation-output-transform"/>
        <input semantic="INTERPOLATION" source="#mixamorig_Spine2-Interpolations"/>
      </sampler>
      <channel source="#mixamorig_Spine2-Matrix-animation-transform" target="mixamorig_Spine2/matrix"/>
      <source id="mixamorig_Neck-Matrix-animation-input">
        <float_array id="mixamorig_Neck-Matrix-animation-input-array" count="29">

0.000000 0.033333 0.066667 0.100000 0.133333 0.166667 0.200000 0.233333 0.266667 0.300000 0.333333 0.366667 0.400000 0.433333 0.466667 0.500000
0.533333 0.566667 0.600000 0.633333 0.666667 0.700000 0.733333 0.766667 0.800000 0.833333 0.866667 0.900000 0.933333</float_array>
        <technique_common>
          <accessor source="#mixamorig_Neck-Matrix-animation-input-array" count="29">
            <param name="TIME" type="float"/>
          </accessor>
        </technique_common>
      </source>
      <source id="mixamorig_Neck-Matrix-animation-output-transform">
        <float_array id="mixamorig_Neck-Matrix-animation-output-transform-array" count="464">

0.970444 -0.003170 -0.241305 -0.000000 -0.105265 0.894213 -0.435089 0.104700 0.217157 0.447631 0.867450 0.000000 0.000000 0.000000 0.000000 1.000000
0.979802 -0.013320 -0.199526 0.000000 -0.079858 0.888700 -0.451480 0.104700 0.183333 0.458295 0.869687 0.000000 0.000000 0.000000 0.000000 1.000000
0.989024 -0.020645 -0.146308 0.000000 -0.048348 0.890464 -0.452478 0.104700 0.139623 0.454586 0.879692 0.000000 0.000000 0.000000 0.000000 1.000000
0.996560 0.003619 -0.082798 -0.000000 -0.038844 0.902912 -0.428067 0.104700 0.073210 0.429811 0.899946 0.000000 0.000000 0.000000 0.000000 1.000000
0.997565 0.066456 -0.021179 0.000000 -0.069454 0.918509 -0.389253 0.104700 -0.006415 0.389776 0.920887 0.000000 0.000000 0.000000 0.000000 1.000000
0.990757 0.133812 0.022251 -0.000000 -0.116802 0.924954 -0.361688 0.104700 -0.068979 0.355746 0.932034 0.000000 0.000000 0.000000 0.000000 1.000000
0.985303 0.165423 0.042582 -0.000000 -0.139531 0.923239 -0.357997 0.104700 -0.098534 0.346794 0.932751 0.000000 0.000000 0.000000 0.000000 1.000000
0.986394 0.157050 0.048606 0.000000 -0.128129 0.919646 -0.371260 0.104700 -0.103006 0.359980 0.927256 0.000000 0.000000 0.000000 0.000000 1.000000
0.989795 0.132952 0.051282 0.000000 -0.102287 0.913440 -0.393909 0.104700 -0.099214 0.384644 0.917718 0.000000 0.000000 0.000000 0.000000 1.000000
0.992126 0.112795 0.054429 0.000000 -0.079149 0.901500 -0.425480 0.104700 -0.097060 0.417822 0.903329 0.000000 0.000000 0.000000 0.000000 1.000000
0.993542 0.098795 0.055798 0.000000 -0.061921 0.884203 -0.462980 0.104700 -0.095077 0.456535 0.884611 -0.000000 0.000000 0.000000 0.000000 1.000000
0.994877 0.086227 0.052768 0.000000 -0.048604 0.865683 -0.498227 0.104700 -0.088641 0.493110 0.865440 -0.000000 0.000000 0.000000 0.000000 1.000000
0.996292 0.072975 0.045567 0.000000 -0.038304 0.850500 -0.524578 0.104700 -0.077036 0.520888 0.850142 0.000000 0.000000 0.000000 0.000000 1.000000
0.997552 0.059641 0.036503 0.000000 -0.030498 0.840854 -0.540402 0.104700 -0.062924 0.537966 0.840615 0.000000 0.000000 0.000000 0.000000 1.000000
0.998508 0.047174 0.027500 0.000000 -0.024443 0.836502 -0.547418 0.104700 -0.048828 0.545929 0.836407 0.000000 0.000000 0.000000 0.000000 1.000000
0.999168 0.036272 0.018620 0.000000 -0.020131 0.836029 -0.548316 0.104700 -0.035456 0.547485 0.836064 0.000000 0.000000 0.000000 0.000000 1.000000
0.999583 0.027529 0.008754 0.000000 -0.018299 0.837918 -0.545490 0.104700 -0.022352 0.545102 0.838072 -0.000000 0.000000 0.000000 0.000000 1.000000
0.999774 0.021084 -0.002686 -0.000000 -0.019188 0.840989 -0.540711 0.104700 -0.009142 0.540641 0.841204 0.000000 0.000000 0.000000 0.000000 1.000000
0.999748 0.016322 -0.015395 0.000000 -0.022027 0.844514 -0.535080 0.104700 0.004268 0.535285 0.844661 0.000000 0.000000 0.000000 0.000000 1.000000
0.999492 0.012289 -0.029421 0.000000 -0.025998 0.848306 -0.528868 0.104700 0.018458 0.529364 0.848194 0.000000 0.000000 0.000000 0.000000 1.000000
0.998898 0.008328 -0.046181 0.000000 -0.031217 0.852702 -0.521464 0.104700 0.035036 0.522331 0.852023 -0.000000 0.000000 0.000000 0.000000 1.000000
0.997711 0.004299 -0.067490 -0.000000 -0.038332 0.858120 -0.512017 0.104700 0.055713 0.513431 0.856320 0.000000 0.000000 0.000000 0.000000 1.000000
0.995651 0.000539 -0.093155 -0.000000 -0.047300 0.864411 -0.500556 0.104700 0.080254 0.502786 0.860678 -0.000000 0.000000 0.000000 0.000000 1.000000
0.992663 -0.002473 -0.120889 0.000000 -0.057270 0.870917 -0.488082 0.104700 0.106491 0.491424 0.864385 -0.000000 0.000000 0.000000 0.000000 1.000000
0.988889 -0.004504 -0.148585 -0.000000 -0.067461 0.877091 -0.475563 0.104700 0.132464 0.480303 0.867042 0.000000 0.000000 0.000000 0.000000 1.000000
0.984520 -0.005552 -0.175182 -0.000000 -0.077506 0.882671 -0.463557 0.104700 0.157201 0.469959 0.868577 0.000000 0.000000 0.000000 0.000000 1.000000
0.979801 -0.005629 -0.199894 0.000000 -0.087230 0.887456 -0.452562 0.104700 0.179945 0.460857 0.869040 0.000000 0.000000 0.000000 0.000000 1.000000
0.975030 -0.004782 -0.222023 0.000000 -0.096509 0.891301 -0.443022 0.104700 0.200008 0.453386 0.868584 0.000000 0.000000 0.000000 0.000000 1.000000
0.970444 -0.003170 -0.241305 -0.000000 -0.105265 0.894213 -0.435089 0.104700 0.217157 0.447631 0.867450 0.000000 0.000000 0.000000 0.000000 1.000000</float_array>
        <technique_common>
          <accessor source="#mixamorig_Neck-Matrix-animation-output-transform-array" count="29" stride="16">
            <param type="float4x4"/>
          </accessor>
        </technique_common>
      </source>
      <source id="mixamorig_Neck-Interpolations">
        <Name_array id="mixamorig_Neck-Interpolations-array" count="29">
 LINEAR LINEAR LINEAR LINEAR LINEAR LINEAR LINEAR LINEAR LINEAR LINEAR LINEAR
LINEAR LINEAR LINEAR LINEAR LINEAR LINEAR LINEAR LINEAR LINEAR LINEAR LINEAR LINEAR
LINEAR LINEAR LINEAR LINEAR LINEAR LINEAR</Name_array>
        <technique_common>
          <accessor source="#mixamorig_Neck-Interpolations-array" count="29">
            <param type="name"/>
          </accessor>
        </technique_common>
      </source>
      <sampler id="mixamorig_Neck-Matrix-animation-transform">
        <input semantic="INPUT" source="#mixamorig_Neck-Matrix-animation-input"/>
        <input semantic="OUTPUT" source="#mixamorig_Neck-Matrix-animation-output-transform"/>
        <input semantic="INTERPOLATION" source="#mixamorig_Neck-Interpolations"/>
      </sampler>
      <channel source="#mixamorig_Neck-Matrix-animation-transform" target="mixamorig_Neck/matrix"/>
      <source id="mixamorig_Head-Matrix-animation-input">
        <float_array id="mixamorig_Head-Matrix-animation-input-array" count="29">

0.000000 0.033333 0.066667 0.100000 0.133333 0.166667 0.200000 0.233333 0.266667 0.300000 0.333333 0.366667 0.400000 0.433333 0.466667 0.500000
0.533333 0.566667 0.600000 0.633333 0.666667 0.700000 0.733333 0.766667 0.800000 0.833333 0.866667 0.900000 0.933333</float_array>
        <technique_common>
          <accessor source="#mixamorig_Head-Matrix-animation-input-array" count="29">
            <param name="TIME" type="float"/>
          </accessor>
        </technique_common>
      </source>
      <source id="mixamorig_Head-Matrix-animation-output-transform">
        <float_array id="mixamorig_Head-Matrix-animation-output-transform-array" count="464">

0.936427 -0.167425 -0.308340 -0.000000 0.133097 0.982627 -0.129341 0.087300 0.324638 0.080079 0.942442 -0.000500 0.000000 0.000000 0.000000 1.000000
0.939531 -0.185494 -0.287877 0.000000 0.123547 0.967587 -0.220252 0.087300 0.319401 0.171367 0.931996 -0.000500 0.000000 0.000000 0.000000 1.000000
0.950672 -0.184940 -0.249038 0.000000 0.127540 0.964876 -0.229667 0.087300 0.282765 0.186576 0.940868 -0.000500 0.000000 0.000000 0.000000 1.000000
0.976998 -0.120954 -0.175630 -0.000000 0.122156 0.992503 -0.003993 0.087300 0.174796 -0.017553 0.984448 -0.000500 0.000000 0.000000 0.000000 1.000000
