<?xml version="1.0" encoding="utf-8"?>
<COLLADA xmlns="http://www.collada.org/2005/11/COLLADASchema" version="1.4.1">
  <asset>
    <contributor>
      <author>Mixamo</author>
      <authoring_tool>COLLADA Mixamo exporter</authoring_tool>
      <comments/>
    </contributor>
    <created>2024-05-10T12:21:18Z</created>
    <modified>2024-05-10T12:21:18Z</modified>
    <revision/>
    <title/>
    <unit meter="0.010000"/>
    <up_axis>Y_UP</up_axis>
  </asset>
  <library_animations>
    <animation>
      <source id="Armature.001-Matrix-animation-input">
        <float_array id="Armature.001-Matrix-animation-input-array" count="33">

0.000000 0.033333 0.066667 0.100000 0.133333 0.166667 0.200000 0.233333 0.266667 0.300000 0.333333 0.366667 0.400000 0.433333 0.466667 0.500000
0.533333 0.566667 0.600000 0.633333 0.666667 0.700000 0.733333 0.766667 0.800000 0.833333 0.866667 0.900000 0.933333 0.966667 1.000000 1.033333
1.066667</float_array>
        <technique_common>
          <accessor source="#Armature.001-Matrix-animation-input-array" count="33">
            <param name="TIME" type="float"/>
          </accessor>
        </technique_common>
      </source>
      <source id="Armature.001-Matrix-animation-output-transform">
        <float_array id="Armature.001-Matrix-animation-output-transform-array" count="528">

100.000000 0.000000 0.000000 0.000000 0.000000 0.000000 100.000000 0.000000 0.000000 -100.000000 0.000000 0.000000 0.000000 0.000000 0.000000 1.000000
100.000000 0.000000 0.000000 0.000000 0.000000 0.000000 100.000000 0.000000 0.000000 -100.000000 0.000000 0.000000 0.000000 0.000000 0.000000 1.000000
100.000000 0.000000 0.000000 0.000000 0.000000 0.000000 100.000000 0.000000 0.000000 -100.000000 0.000000 0.000000 0.000000 0.000000 0.000000 1.000000
100.000000 0.000000 0.000000 0.000000 0.000000 0.000000 100.000000 0.000000 0.000000 -100.000000 0.000000 0.000000 0.000000 0.000000 0.000000 1.000000
100.000000 0.000000 0.000000 0.000000 0.000000 0.000000 100.000000 0.000000 0.000000 -100.000000 0.000000 0.000000 0.000000 0.000000 0.000000 1.000000
100.000000 0.000000 0.000000 0.000000 0.000000 0.000000 100.000000 0.000000 0.000000 -100.000000 0.000000 0.000000 0.000000 0.000000 0.000000 1.000000
100.000000 0.000000 0.000000 0.000000 0.000000 0.000000 100.000000 0.000000 0.000000 -100.000000 0.000000 0.000000 0.000000 0.000000 0.000000 1.000000
100.000000 0.000000 0.000000 0.000000 0.000000 0.000000 100.000000 0.000000 0.000000 -100.000000 0.000000 0.000000 0.000000 0.000000 0.000000 1.000000
100.000000 0.000000 0.000000 0.000000 0.000000 0.000000 100.000000 0.000000 0.000000 -100.000000 0.000000 0.000000 0.000000 0.000000 0.000000 1.000000
100.000000 0.000000 0.000000 0.000000 0.000000 0.000000 100.000000 0.000000 0.000000 -100.000000 0.000000 0.000000 0.000000 0.000000 0.000000 1.000000
100.000000 0.000000 0.000000 0.000000 0.000000 0.000000 100.000000 0.000000 0.000000 -100.000000 0.000000 0.000000 0.000000 0.000000 0.000000 1.000000
100.000000 0.000000 0.000000 0.000000 0.000000 0.000000 100.000000 0.000000 0.000000 -100.000000 0.000000 0.000000 0.000000 0.000000 0.000000 1.000000
100.000000 0.000000 0.000000 0.000000 0.000000 0.000000 100.000000 0.000000 0.000000 -100.000000 0.000000 0.000000 0.000000 0.000000 0.000000 1.000000
100.000000 0.000000 0.000000 0.000000 0.000000 0.000000 100.000000 0.000000 0.000000 -100.000000 0.000000 0.000000 0.000000 0.000000 0.000000 1.000000
100.000000 0.000000 0.000000 0.000000 0.000000 0.000000 100.000000 0.000000 0.000000 -100.000000 0.000000 0.000000 0.000000 0.000000 0.000000 1.000000
100.000000 0.000000 0.000000 0.000000 0.000000 0.000000 100.000000 0.000000 0.000000 -100.000000 0.000000 0.000000 0.000000 0.000000 0.000000 1.000000
100.000000 0.000000 0.000000 0.000000 0.000000 0.000000 100.000000 0.000000 0.000000 -100.000000 0.000000 0.000000 0.000000 0.000000 0.000000 1.000000
100.000000 0.000000 0.000000 0.000000 0.000000 0.000000 100.000000 0.000000 0.000000 -100.000000 0.000000 0.000000 0.000000 0.000000 0.000000 1.000000
100.000000 0.000000 0.000000 0.000000 0.000000 0.000000 100.000000 0.000000 0.000000 -100.000000 0.000000 0.000000 0.000000 0.000000 0.000000 1.000000
100.000000 0.000000 0.000000 0.000000 0.000000 0.000000 100.000000 0.000000 0.000000 -100.000000 0.000000 0.000000 0.000000 0.000000 0.000000 1.000000
100.000000 0.000000 0.000000 0.000000 0.000000 0.000000 100.000000 0.000000 0.000000 -100.000000 0.000000 0.000000 0.000000 0.000000 0.000000 1.000000
100.000000 0.000000 0.000000 0.000000 0.000000 0.000000 100.000000 0.000000 0.000000 -100.000000 0.000000 0.000000 0.000000 0.000000 0.000000 1.000000
100.000000 0.000000 0.000000 0.000000 0.000000 0.000000 100.000000 0.000000 0.000000 -100.000000 0.000000 0.000000 0.000000 0.000000 0.000000 1.000000
100.000000 0.000000 0.000000 0.000000 0.000000 0.000000 100.000000 0.000000 0.000000 -100.000000 0.000000 0.000000 0.000000 0.000000 0.000000 1.000000
100.000000 0.000000 0.000000 0.000000 0.000000 0.000000 100.000000 0.000000 0.000000 -100.000000 0.000000 0.000000 0.000000 0.000000 0.000000 1.000000
100.000000 0.000000 0.000000 0.000000 0.000000 0.000000 100.000000 0.000000 0.000000 -100.000000 0.000000 0.000000 0.000000 0.000000 0.000000 1.000000
100.000000 0.000000 0.000000 0.000000 0.000000 0.000000 100.000000 0.000000 0.000000 -100.000000 0.000000 0.000000 0.000000 0.000000 0.000000 1.000000
100.000000 0.000000 0.000000 0.000000 0.000000 0.000000 100.000000 0.000000 0.000000 -100.000000 0.000000 0.000000 0.000000 0.000000 0.000000 1.000000
100.000000 0.000000 0.000000 0.000000 0.000000 0.000000 100.000000 0.000000 0.000000 -100.000000 0.000000 0.000000 0.000000 0.000000 0.000000 1.000000
100.000000 0.000000 0.000000 0.000000 0.000000 0.000000 100.000000 0.000000 0.000000 -100.000000 0.000000 0.000000 0.000000 0.000000 0.000000 1.000000
100.000000 0.000000 0.000000 0.000000 0.000000 0.000000 100.000000 0.000000 0.000000 -100.000000 0.000000 0.000000 0.000000 0.000000 0.000000 1.000000
100.000000 0.000000 0.000000 0.000000 0.000000 0.000000 100.000000 0.000000 0.000000 -100.000000 0.000000 0.000000 0.000000 0.000000 0.000000 1.000000
100.000000 0.000000 0.000000 0.000000 0.000000 0.000000 100.000000 0.000000 0.000000 -100.000000 0.000000 0.000000 0.000000 0.000000 0.000000 1.000000</float_array>
        <technique_common>
          <accessor source="#Armature.001-Matrix-animation-output-transform-array" count="33" stride="16">
            <param type="float4x4"/>
          </accessor>
        </technique_common>
      </source>
      <source id="Armature.001-Interpolations">
        <Name_array id="Armature.001-Interpolations-array" count="33">
 LINEAR LINEAR LINEAR LINEAR LINEAR LINEAR LINEAR LINEAR LINEAR LINEAR LINEAR
LINEAR LINEAR LINEAR LINEAR LINEAR LINEAR LINEAR LINEAR LINEAR LINEAR LINEAR LINEAR
LINEAR LINEAR LINEAR LINEAR LINEAR LINEAR LINEAR LINEAR LINEAR LINEAR</Name_array>
        <technique_common>
          <accessor source="#Armature.001-Interpolations-array" count="33">
            <param type="name"/>
          </accessor>
        </technique_common>
      </source>
      <sampler id="Armature.001-Matrix-animation-transform">
        <input semantic="INPUT" source="#Armature.001-Matrix-animation-input"/>
        <input semantic="OUTPUT" source="#Armature.001-Matrix-animation-output-transform"/>
        <input semantic="INTERPOLATION" source="#Armature.001-Interpolations"/>
      </sampler>
      <channel source="#Armature.001-Matrix-animation-transform" target="Armature.001/matrix"/>
      <source id="mixamorig_Hips-Matrix-animation-input">
        <float_array id="mixamorig_Hips-Matrix-animation-input-array" count="33">

0.000000 0.033333 0.066667 0.100000 0.133333 0.166667 0.200000 0.233333 0.266667 0.300000 0.333333 0.366667 0.400000 0.433333 0.466667 0.500000
0.533333 0.566667 0.600000 0.633333 0.666667 0.700000 0.733333 0.766667 0.800000 0.833333 0.866667 0.900000 0.933333 0.966667 1.000000 1.033333
1.066667</float_array>
        <technique_common>
          <accessor source="#mixamorig_Hips-Matrix-animation-input-array" count="33">
            <param name="TIME" type="float"/>
          </accessor>
        </technique_common>
      </source>
      <source id="mixamorig_Hips-Matrix-animation-output-transform">
        <float_array id="mixamorig_Hips-Matrix-animation-output-transform-array" count="528">

0.690791 0.000451 -0.723055 0.006427 -0.719909 0.093612 -0.687727 0.006908 0.067376 0.995609 0.064991 0.794401 0.000000 0.000000 0.000000 1.000000
0.689838 0.007579 -0.723924 0.002827 -0.720068 0.110773 -0.685004 0.007502 0.074999 0.993817 0.081873 0.801300 0.000000 0.000000 0.000000 1.000000
0.729757 0.004130 -0.683694 -0.005722 -0.676753 0.146616 -0.721463 0.004905 0.097261 0.989185 0.109789 0.811550 0.000000 0.000000 0.000000 1.000000
0.832103 -0.035739 -0.553469 -0.021676 -0.536192 0.203276 -0.819254 -0.003595 0.141786 0.978469 0.149983 0.824003 0.000000 0.000000 0.000000 1.000000
0.927908 -0.111822 -0.355645 -0.038786 -0.320279 0.249151 -0.913972 -0.014360 0.190812 0.961987 0.195375 0.832971 0.000000 0.000000 0.000000 1.000000
0.965271 -0.178420 -0.190836 -0.049560 -0.138597 0.269474 -0.952982 -0.020033 0.221456 0.946335 0.235387 0.834507 0.000000 0.000000 0.000000 1.000000
0.971584 -0.208932 -0.111229 -0.054530 -0.049528 0.280063 -0.958703 -0.018203 0.231455 0.936970 0.261757 0.831505 0.000000 0.000000 0.000000 1.000000
0.972940 -0.213472 -0.088416 -0.057254 -0.023561 0.289000 -0.957039 -0.011612 0.229853 0.933225 0.276150 0.827411 0.000000 0.000000 0.000000 1.000000
0.973189 -0.208200 -0.097754 -0.058747 -0.031188 0.301630 -0.952915 -0.002951 0.227882 0.930415 0.287050 0.824781 0.000000 0.000000 0.000000 1.000000
0.971076 -0.198080 -0.133329 -0.058851 -0.065050 0.317803 -0.945923 0.006405 0.229741 0.927235 0.295726 0.823699 0.000000 0.000000 0.000000 1.000000
0.964590 -0.182689 -0.190239 -0.058115 -0.121750 0.331423 -0.935594 0.015346 0.233973 0.925626 0.297445 0.824130 0.000000 0.000000 0.000000 1.000000
0.952914 -0.163058 -0.255670 -0.057260 -0.189383 0.338472 -0.921721 0.023033 0.236831 0.926741 0.291655 0.825433 0.000000 0.000000 0.000000 1.000000
0.936752 -0.140145 -0.320712 -0.056292 -0.258358 0.341281 -0.903758 0.029164 0.236110 0.929455 0.283488 0.826735 0.000000 0.000000 0.000000 1.000000
0.916353 -0.113990 -0.383802 -0.054650 -0.326253 0.343049 -0.880838 0.033678 0.232070 0.932375 0.277164 0.827748 0.000000 0.000000 0.000000 1.000000
0.891146 -0.085774 -0.445534 -0.051795 -0.393686 0.341958 -0.853274 0.036517 0.225543 0.935793 0.270966 0.828623 0.000000 0.000000 0.000000 1.000000
0.860026 -0.058599 -0.506874 -0.047630 -0.461571 0.334101 -0.821784 0.037742 0.217503 0.940714 0.260288 0.829585 0.000000 0.000000 0.000000 1.000000
0.822436 -0.034907 -0.567786 -0.042423 -0.529187 0.319258 -0.786152 0.037504 0.208713 0.947025 0.244097 0.830649 0.000000 0.000000 0.000000 1.000000
0.780535 -0.014653 -0.624941 -0.036455 -0.592808 0.299872 -0.747433 0.035866 0.198354 0.953867 0.225374 0.831321 0.000000 0.000000 0.000000 1.000000
0.737966 0.002784 -0.674832 -0.029962 -0.648844 0.277795 -0.708400 0.032859 0.185493 0.960636 0.206810 0.831504 0.000000 0.000000 0.000000 1.000000
0.698548 0.016459 -0.715374 -0.023206 -0.695072 0.253145 -0.672899 0.028750 0.170018 0.967288 0.188274 0.831332 0.000000 0.000000 0.000000 1.000000
0.664457 0.024824 -0.746914 -0.016276 -0.731598 0.225576 -0.643335 0.023990 0.152516 0.973909 0.168047 0.830861 0.000000 0.000000 0.000000 1.000000
0.636691 0.027581 -0.770625 -0.009398 -0.759279 0.196876 -0.620270 0.019076 0.134610 0.980040 0.146291 0.830027 0.000000 0.000000 0.000000 1.000000
0.618685 0.026337 -0.785198 -0.003659 -0.776525 0.172290 -0.606073 0.014860 0.119320 0.984694 0.127045 0.828506 0.000000 0.000000 0.000000 1.000000
0.613287 0.023635 -0.789506 -0.000097 -0.782340 0.155777 -0.603057 0.012128 0.108734 0.987509 0.114027 0.826045 0.000000 0.000000 0.000000 1.000000
0.616426 0.020828 -0.787138 0.001897 -0.780863 0.144839 -0.607680 0.010528 0.101351 0.989236 0.105546 0.822891 0.000000 0.000000 0.000000 1.000000
0.622140 0.017916 -0.782701 0.003486 -0.777143 0.135207 -0.614628 0.009258 0.094815 0.990655 0.098041 0.819453 0.000000 0.000000 0.000000 1.000000
0.629566 0.014914 -0.776804 0.004741 -0.771837 0.126481 -0.623113 0.008264 0.088958 0.991857 0.091139 0.815831 0.000000 0.000000 0.000000 1.000000
0.639374 0.012052 -0.768801 0.005427 -0.764273 0.119442 -0.633736 0.007718 0.084190 0.992768 0.085579 0.812035 0.000000 0.000000 0.000000 1.000000
0.650281 0.009359 -0.759636 0.005792 -0.755458 0.113400 -0.645308 0.007427 0.080103 0.993505 0.080812 0.808199 0.000000 0.000000 0.000000 1.000000
0.661037 0.006799 -0.750322 0.006085 -0.746461 0.107669 -0.656660 0.007193 0.076322 0.994164 0.076249 0.804455 0.000000 0.000000 0.000000 1.000000
0.671413 0.004420 -0.741070 0.006312 -0.737492 0.102322 -0.667560 0.007009 0.072877 0.994742 0.071960 0.800870 0.000000 0.000000 0.000000 1.000000
0.681396 0.002285 -0.731911 0.006424 -0.728572 0.097585 -0.677982 0.006914 0.069875 0.995225 0.068159 0.797497 0.000000 0.000000 0.000000 1.000000
0.690791 0.000452 -0.723055 0.006427 -0.719909 0.093611 -0.687727 0.006908 0.067376 0.995609 0.064991 0.794401 0.000000 0.000000 0.000000 1.000000</float_array>
        <technique_common>
          <accessor source="#mixamorig_Hips-Matrix-animation-output-transform-array" count="33" stride="16">
            <param type="float4x4"/>
          </accessor>
        </technique_common>
      </source>
      <source id="mixamorig_Hips-Interpolations">
        <Name_array id="mixamorig_Hips-Interpolations-array" count="33">
 LINEAR LINEAR LINEAR LINEAR LINEAR LINEAR LINEAR LINEAR LINEAR LINEAR LINEAR
LINEAR LINEAR LINEAR LINEAR LINEAR LINEAR LINEAR LINEAR LINEAR LINEAR LINEAR LINEAR
LINEAR LINEAR LINEAR LINEAR LINEAR LINEAR LINEAR LINEAR LINEAR LINEAR</Name_array>
        <technique_common>
          <accessor source="#mixamorig_Hips-Interpolations-array" count="33">
            <param type="name"/>
          </accessor>
        </technique_common>
      </source>
      <sampler id="mixamorig_Hips-Matrix-animation-transform">
        <input semantic="INPUT" source="#mixamorig_Hips-Matrix-animation-input"/>
        <input semantic="OUTPUT" source="#mixamorig_Hips-Matrix-animation-output-transform"/>
        <input semantic="INTERPOLATION" source="#mixamorig_Hips-Interpolations"/>
      </sampler>
      <channel source="#mixamorig_Hips-Matrix-animation-transform" target="mixamorig_Hips/matrix"/>
      <source id="mixamorig_Spine-Matrix-animation-input">
        <float_array id="mixamorig_Spine-Matrix-animation-input-array" count="33">

0.000000 0.033333 0.066667 0.100000 0.133333 0.166667 0.200000 0.233333 0.266667 0.300000 0.333333 0.366667 0.400000 0.433333 0.466667 0.500000
0.533333 0.566667 0.600000 0.633333 0.666667 0.700000 0.733333 0.766667 0.800000 0.833333 0.866667 0.900000 0.933333 0.966667 1.000000 1.033333
1.066667</float_array>
        <technique_common>
          <accessor source="#mixamorig_Spine-Matrix-animation-input-array" count="33">
            <param name="TIME" type="float"/>
          </accessor>
        </technique_common>
      </source>
      <source id="mixamorig_Spine-Matrix-animation-output-transform">
        <float_array id="mixamorig_Spine-Matrix-animation-output-transform-array" count="528">

0.991537 0.016945 0.128712 0.000000 -0.010800 0.998775 -0.048289 0.069300 -0.129372 0.046490 0.990506 -0.008100 0.000000 0.000000 0.000000 1.000000
0.995413 0.017730 0.094012 0.000000 -0.014372 0.999238 -0.036277 0.069300 -0.094584 0.034760 0.994910 -0.008100 0.000000 0.000000 0.000000 1.000000
0.998393 0.008256 0.056061 0.000000 -0.007607 0.999902 -0.011776 0.069300 -0.056152 0.011330 0.998358 -0.008100 0.000000 0.000000 0.000000 1.000000
0.998146 -0.007443 0.060414 0.000000 0.005119 0.999244 0.038539 0.069300 -0.060655 -0.038158 0.997429 -0.008100 0.000000 0.000000 0.000000 1.000000
0.992018 -0.013762 0.125340 0.000000 0.001211 0.995020 0.099671 0.069300 -0.126087 -0.098723 0.987095 -0.008100 0.000000 0.000000 0.000000 1.000000
0.980248 -0.006505 0.197667 -0.000000 -0.022159 0.989553 0.142454 0.069300 -0.196529 -0.144021 0.969863 -0.008100 0.000000 0.000000 0.000000 1.000000
0.975507 0.001237 0.219965 0.000000 -0.037275 0.986451 0.159763 0.069300 -0.216787 -0.164049 0.962336 -0.008100 0.000000 0.000000 0.000000 1.000000
0.979558 -0.000031 0.201161 0.000000 -0.033042 0.986392 0.161055 0.069300 -0.198429 -0.164409 0.966228 -0.008100 0.000000 0.000000 0.000000 1.000000
0.984346 -0.008016 0.176062 -0.000000 -0.019499 0.987879 0.153997 0.069300 -0.175163 -0.155019 0.972259 -0.008100 0.000000 0.000000 0.000000 1.000000
0.987591 -0.017429 0.156075 -0.000000 -0.004687 0.990109 0.140225 0.069300 -0.156975 -0.139216 0.977741 -0.008100 0.000000 0.000000 0.000000 1.000000
0.990758 -0.024986 0.133323 0.000000 0.008469 0.992365 0.123042 0.069300 -0.135380 -0.120776 0.983405 -0.008100 0.000000 0.000000 0.000000 1.000000
0.993914 -0.028998 0.106273 -0.000000 0.017678 0.994214 0.105952 0.069300 -0.108730 -0.103429 0.988676 -0.008100 0.000000 0.000000 0.000000 1.000000
0.996379 -0.028710 0.080031 0.000000 0.021585 0.995841 0.088516 0.069300 -0.082240 -0.086468 0.992854 -0.008100 0.000000 0.000000 0.000000 1.000000
0.997991 -0.024789 0.058310 0.000000 0.020709 0.997362 0.069568 0.069300 -0.059880 -0.068220 0.995872 -0.008100 0.000000 0.000000 0.000000 1.000000
0.998928 -0.019296 0.042076 0.000000 0.017128 0.998536 0.051309 0.069300 -0.043004 -0.050534 0.997796 -0.008100 0.000000 0.000000 0.000000 1.000000
0.999432 -0.013213 0.031005 0.000000 0.012070 0.999252 0.036749 0.069300 -0.031468 -0.036354 0.998843 -0.008100 0.000000 0.000000 0.000000 1.000000
0.999677 -0.005711 0.024778 -0.000000 0.005074 0.999657 0.025690 0.069300 -0.024916 -0.025556 0.999363 -0.008100 0.000000 0.000000 0.000000 1.000000
0.999724 0.002981 0.023322 0.000000 -0.003349 0.999870 0.015765 0.069300 -0.023272 -0.015839 0.999604 -0.008100 0.000000 0.000000 0.000000 1.000000
0.999639 0.010821 0.024600 0.000000 -0.010982 0.999919 0.006415 0.069300 -0.024529 -0.006683 0.999677 -0.008100 0.000000 0.000000 0.000000 1.000000
0.999504 0.016466 0.026861 0.000000 -0.016436 0.999864 -0.001321 0.069300 -0.026879 0.000879 0.999638 -0.008100 0.000000 0.000000 0.000000 1.000000
0.999303 0.020877 0.030937 -0.000000 -0.020670 0.999762 -0.006997 0.069300 -0.031076 0.006352 0.999497 -0.008100 0.000000 0.000000 0.000000 1.000000
0.998971 0.025214 0.037710 0.000000 -0.024815 0.999632 -0.011003 0.069300 -0.037974 0.010056 0.999228 -0.008100 0.000000 0.000000 0.000000 1.000000
0.998533 0.028658 0.045941 -0.000000 -0.028038 0.999508 -0.014072 0.069300 -0.046322 0.012763 0.998845 -0.008100 0.000000 0.000000 0.000000 1.000000
0.998079 0.030044 0.054189 0.000000 -0.029160 0.999430 -0.017038 0.069300 -0.054670 0.015425 0.998385 -0.008100 0.000000 0.000000 0.000000 1.000000
0.997601 0.029908 0.062427 0.000000 -0.028688 0.999381 -0.020350 0.069300 -0.062997 0.018510 0.997842 -0.008100 0.000000 0.000000 0.000000 1.000000
0.997046 0.029336 0.070985 0.000000 -0.027700 0.999330 -0.023930 0.069300 -0.071639 0.021893 0.997190 -0.008100 0.000000 0.000000 0.000000 1.000000
0.996410 0.028356 0.079763 0.000000 -0.026219 0.999272 -0.027710 0.069300 -0.080490 0.025519 0.996429 -0.008100 0.000000 0.000000 0.000000 1.000000
0.995708 0.026740 0.088599 0.000000 -0.024029 0.999214 -0.031534 0.069300 -0.089373 0.029269 0.995568 -0.008100 0.000000 0.000000 0.000000 1.000000
0.994941 0.024794 0.097358 0.000000 -0.021447 0.999148 -0.035274 0.069300 -0.098149 0.033007 0.994624 -0.008100 0.000000 0.000000 0.000000 1.000000
0.994115 0.022833 0.105900 0.000000 -0.018805 0.999067 -0.038883 0.069300 -0.106689 0.036663 0.993616 -0.008100 0.000000 0.000000 0.000000 1.000000
0.993252 0.020905 0.114076 0.000000 -0.016167 0.998974 -0.042301 0.069300 -0.114843 0.040172 0.992571 -0.008100 0.000000 0.000000 0.000000 1.000000
0.992385 0.018852 0.121724 0.000000 -0.013400 0.998877 -0.045448 0.069300 -0.122444 0.043471 0.991523 -0.008100 0.000000 0.000000 0.000000 1.000000
0.991537 0.016945 0.128711 0.000000 -0.010800 0.998775 -0.048289 0.069300 -0.129372 0.046490 0.990506 -0.008100 0.000000 0.000000 0.000000 1.000000</float_array>
        <technique_common>
          <accessor source="#mixamorig_Spine-Matrix-animation-output-transform-array" count="33" stride="16">
            <param type="float4x4"/>
          </accessor>
        </technique_common>
      </source>
      <source id="mixamorig_Spine-Interpolations">
        <Name_array id="mixamorig_Spine-Interpolations-array" count="33">
 LINEAR LINEAR LINEAR LINEAR LINEAR LINEAR LINEAR LINEAR LINEAR LINEAR LINEAR
LINEAR LINEAR LINEAR LINEAR LINEAR LINEAR LINEAR LINEAR LINEAR LINEAR LINEAR LINEAR
LINEAR LINEAR LINEAR LINEAR LINEAR LINEAR LINEAR LINEAR LINEAR LINEAR</Name_array>
        <technique_common>
          <accessor source="#mixamorig_Spine-Interpolations-array" count="33">
            <param type="name"/>
          </accessor>
        </technique_common>
      </source>
      <sampler id="mixamorig_Spine-Matrix-animation-transform">
        <input semantic="INPUT" source="#mixamorig_Spine-Matrix-animation-input"/>
        <input semantic="OUTPUT" source="#mixamorig_Spine-Matrix-animation-output-transform"/>
        <input semantic="INTERPOLATION" source="#mixamorig_Spine-Interpolations"/>
      </sampler>
      <channel source="#mixamorig_Spine-Matrix-animation-transform" target="mixamorig_Spine/matrix"/>
      <source id="mixamorig_Spine1-Matrix-animation-input">
        <float_array id="mixamorig_Spine1-Matrix-animation-input-array" count="33">

0.000000 0.033333 0.066667 0.100000 0.133333 0.166667 0.200000 0.233333 0.266667 0.300000 0.333333 0.366667 0.400000 0.433333 0.466667 0.500000
0.533333 0.566667 0.600000 0.633333 0.666667 0.700000 0.733333 0.766667 0.800000 0.833333 0.866667 0.900000 0.933333 0.966667 1.000000 1.033333
1.066667</float_array>
        <technique_common>
          <accessor source="#mixamorig_Spine1-Matrix-animation-input-array" count="33">
            <param name="TIME" type="float"/>
          </accessor>
        </technique_common>
      </source>
      <source id="mixamorig_Spine1-Matrix-animation-output-transform">
        <float_array id="mixamorig_Spine1-Matrix-animation-output-transform-array" count="528">

0.999723 0.013875 0.019007 0.000000 -0.013141 0.999185 -0.038166 0.081400 -0.019521 0.037905 0.999091 0.000000 0.000000 0.000000 0.000000 1.000000
0.999655 0.024085 0.010498 0.000000 -0.023303 0.997334 -0.069146 0.081400 -0.012135 0.068877 0.997551 0.000000 0.000000 0.000000 0.000000 1.000000
0.999543 0.030136 0.002249 0.000000 -0.029764 0.994618 -0.099244 0.081400 -0.005227 0.099131 0.995061 0.000000 0.000000 0.000000 0.000000 1.000000
0.999093 0.035266 0.023883 0.000000 -0.032269 0.992726 -0.115992 0.081400 -0.027800 0.115116 0.992963 0.000000 0.000000 0.000000 0.000000 1.000000
0.994982 0.052496 0.085180 0.000000 -0.041887 0.991661 -0.121876 0.081400 -0.090868 0.117697 0.988883 -0.000000 0.000000 0.000000 0.000000 1.000000
0.985952 0.079825 0.146719 0.000000 -0.060971 0.989796 -0.128788 0.081400 -0.155502 0.118033 0.980759 0.000000 0.000000 0.000000 0.000000 1.000000
0.980834 0.097571 0.168658 -0.000000 -0.074367 0.987522 -0.138816 0.081400 -0.180097 0.123613 0.975851 0.000000 0.000000 0.000000 0.000000 1.000000
0.982725 0.096354 0.158012 0.000000 -0.073448 0.986717 -0.144894 0.081400 -0.169874 0.130786 0.976749 0.000000 0.000000 0.000000 0.000000 1.000000
0.985904 0.087391 0.142673 0.000000 -0.065269 0.986073 -0.152973 0.081400 -0.154054 0.141504 0.977877 0.000000 0.000000 0.000000 0.000000 1.000000
0.988317 0.078189 0.130825 0.000000 -0.056103 0.984745 -0.164709 0.081400 -0.141707 0.155445 0.977628 0.000000 0.000000 0.000000 0.000000 1.000000
0.990685 0.070296 0.116630 0.000000 -0.048889 0.982962 -0.177186 0.081400 -0.127098 0.169834 0.977242 0.000000 0.000000 0.000000 0.000000 1.000000
0.992990 0.064662 0.098938 -0.000000 -0.045172 0.981153 -0.187879 0.081400 -0.109222 0.182093 0.977196 -0.000000 0.000000 0.000000 0.000000 1.000000
0.994757 0.062115 0.081237 0.000000 -0.045025 0.979281 -0.197435 0.081400 -0.091817 0.192743 0.976944 0.000000 0.000000 0.000000 0.000000 1.000000
0.995870 0.062156 0.066176 -0.000000 -0.047218 0.977155 -0.207216 0.081400 -0.077544 0.203235 0.976055 0.000000 0.000000 0.000000 0.000000 1.000000
0.996492 0.063358 0.054679 0.000000 -0.050135 0.975070 -0.216162 0.081400 -0.067011 0.212662 0.974825 -0.000000 0.000000 0.000000 0.000000 1.000000
0.996781 0.065193 0.046673 -0.000000 -0.053244 0.973453 -0.222608 0.081400 -0.059947 0.219407 0.973790 -0.000000 0.000000 0.000000 0.000000 1.000000
0.996784 0.068371 0.041799 0.000000 -0.057176 0.972250 -0.226850 0.081400 -0.056149 0.223731 0.973032 0.000000 0.000000 0.000000 0.000000 1.000000
0.996631 0.072066 0.039155 0.000000 -0.061280 0.971613 -0.228503 0.081400 -0.054510 0.225334 0.972756 0.000000 0.000000 0.000000 0.000000 1.000000
0.996556 0.074098 0.037212 -0.000000 -0.063787 0.971827 -0.226898 0.081400 -0.052976 0.223743 0.973207 0.000000 0.000000 0.000000 0.000000 1.000000
0.996674 0.073573 0.035044 -0.000000 -0.064033 0.973020 -0.221656 0.081400 -0.050406 0.218675 0.974495 -0.000000 0.000000 0.000000 0.000000 1.000000
0.996866 0.071763 0.033287 0.000000 -0.063074 0.974997 -0.213077 0.081400 -0.047746 0.210310 0.976468 0.000000 0.000000 0.000000 0.000000 1.000000
0.997035 0.069715 0.032559 -0.000000 -0.061757 0.977477 -0.201805 0.081400 -0.045894 0.199196 0.978884 -0.000000 0.000000 0.000000 0.000000 1.000000
0.997239 0.066942 0.032128 0.000000 -0.059728 0.980252 -0.188517 0.081400 -0.044113 0.186078 0.981544 0.000000 0.000000 0.000000 0.000000 1.000000
0.997529 0.062955 0.031174 -0.000000 -0.056606 0.983112 -0.174030 0.081400 -0.041603 0.171835 0.984247 -0.000000 0.000000 0.000000 0.000000 1.000000
0.997859 0.058155 0.029908 0.000000 -0.052697 0.985894 -0.158861 0.081400 -0.038725 0.156945 0.986848 0.000000 0.000000 0.000000 0.000000 1.000000
0.998184 0.053023 0.028575 -0.000000 -0.048412 0.988521 -0.143118 0.081400 -0.035835 0.141475 0.989293 0.000000 0.000000 0.000000 0.000000 1.000000
0.998497 0.047552 0.027238 -0.000000 -0.043728 0.990938 -0.127002 0.081400 -0.033030 0.125620 0.991528 0.000000 0.000000 0.000000 0.000000 1.000000
0.998794 0.041758 0.025832 0.000000 -0.038650 0.993077 -0.110921 0.081400 -0.030285 0.109789 0.993493 0.000000 0.000000 0.000000 0.000000 1.000000
0.999059 0.035847 0.024399 0.000000 -0.033378 0.994914 -0.095038 0.081400 -0.027682 0.094135 0.995175 0.000000 0.000000 0.000000 0.000000 1.000000
0.999290 0.029895 0.022948 -0.000000 -0.027983 0.996438 -0.079547 0.081400 -0.025244 0.078848 0.996567 -0.000000 0.000000 0.000000 0.000000 1.000000
0.999475 0.024177 0.021547 0.000000 -0.022737 0.997644 -0.064722 0.081400 -0.023061 0.064198 0.997671 -0.000000 0.000000 0.000000 0.000000 1.000000
0.999619 0.018800 0.020224 0.000000 -0.017752 0.998549 -0.050837 0.081400 -0.021150 0.050459 0.998502 0.000000 0.000000 0.000000 0.000000 1.000000
0.999723 0.013875 0.019007 0.000000 -0.013141 0.999185 -0.038166 0.081400 -0.019521 0.037905 0.999091 0.000000 0.000000 0.000000 0.000000 1.000000</float_array>
        <technique_common>
          <accessor source="#mixamorig_Spine1-Matrix-animation-output-transform-array" count="33" stride="16">
            <param type="float4x4"/>
          </accessor>
        </technique_common>
      </source>
      <source id="mixamorig_Spine1-Interpolations">
        <Name_array id="mixamorig_Spine1-Interpolations-array" count="33">
 LINEAR LINEAR LINEAR LINEAR LINEAR LINEAR LINEAR LINEAR LINEAR LINEAR LINEAR
LINEAR LINEAR LINEAR LINEAR LINEAR LINEAR LINEAR LINEAR LINEAR LINEAR LINEAR LINEAR
LINEAR LINEAR LINEAR LINEAR LINEAR LINEAR LINEAR LINEAR LINEAR LINEAR</Name_array>
        <technique_common>
          <accessor source="#mixamorig_Spine1-Interpolations-array" count="33">
            <param type="name"/>
          </accessor>
        </technique_common>
      </source>
      <sampler id="mixamorig_Spine1-Matrix-animation-transform">
        <input semantic="INPUT" source="#mixamorig_Spine1-Matrix-animation-input"/>
        <input semantic="OUTPUT" source="#mixamorig_Spine1-Matrix-animation-output-transform"/>
        <input semantic="INTERPOLATION" source="#mixamorig_Spine1-Interpolations"/>
      </sampler>
      <channel source="#mixamorig_Spine1-Matrix-animation-transform" target="mixamorig_Spine1/matrix"/>
      <source id="mixamorig_Spine2-Matrix-animation-input">
        <float_array id="mixamorig_Spine2-Matrix-animation-input-array" count="33">

0.000000 0.033333 0.066667 0.100000 0.133333 0.166667 0.200000 0.233333 0.266667 0.300000 0.333333 0.366667 0.400000 0.433333 0.466667 0.500000
0.533333 0.566667 0.600000 0.633333 0.666667 0.700000 0.733333 0.766667 0.800000 0.833333 0.866667 0.900000 0.933333 0.966667 1.000000 1.033333
1.066667</float_array>
        <technique_common>
          <accessor source="#mixamorig_Spine2-Matrix-animation-input-array" count="33">
            <param name="TIME" type="float"/>
          </accessor>
        </technique_common>
      </source>
      <source id="mixamorig_Spine2-Matrix-animation-output-transform">
        <float_array id="mixamorig_Spine2-Matrix-animation-output-transform-array" count="528">

0.999731 0.013517 0.018840 0.000000 -0.012785 0.999180 -0.038422 0.093100 -0.019344 0.038171 0.999084 0.000000 0.000000 0.000000 0.000000 1.000000
0.999666 0.023727 0.010208 -0.000000 -0.022963 0.997322 -0.069435 0.093100 -0.011828 0.069177 0.997534 0.000000 0.000000 0.000000 0.000000 1.000000
0.999553 0.029847 0.001701 -0.000000 -0.029529 0.994583 -0.099664 0.093100 -0.004667 0.099570 0.995020 0.000000 0.000000 0.000000 0.000000 1.000000
0.999129 0.034809 0.022998 -0.000000 -0.031904 0.992683 -0.116455 0.093100 -0.026884 0.115620 0.992930 0.000000 0.000000 0.000000 0.000000 1.000000
0.995137 0.051198 0.084146 -0.000000 -0.040731 0.991728 -0.121722 0.093100 -0.089682 0.117703 0.988991 0.000000 0.000000 0.000000 0.000000 1.000000
0.986284 0.077338 0.145818 0.000000 -0.058798 0.990104 -0.127426 0.093100 -0.154230 0.117105 0.981071 -0.000000 0.000000 0.000000 0.000000 1.000000
0.981270 0.094408 0.167915 0.000000 -0.071668 0.988019 -0.136684 0.093100 -0.178807 0.122090 0.976280 0.000000 0.000000 0.000000 0.000000 1.000000
0.983148 0.093199 0.157270 -0.000000 -0.070718 0.987202 -0.142935 0.093100 -0.168578 0.129404 0.977157 0.000000 0.000000 0.000000 0.000000 1.000000
0.986278 0.084453 0.141856 0.000000 -0.062658 0.986449 -0.151634 0.093100 -0.152739 0.140665 0.978205 0.000000 0.000000 0.000000 0.000000 1.000000
0.988652 0.075462 0.129898 0.000000 -0.053639 0.985005 -0.163976 0.093100 -0.140324 0.155148 0.977874 0.000000 0.000000 0.000000 0.000000 1.000000
0.990976 0.067906 0.115567 0.000000 -0.046729 0.983107 -0.176966 0.093100 -0.125631 0.169969 0.977408 -0.000000 0.000000 0.000000 0.000000 1.000000
0.993230 0.062740 0.097768 -0.000000 -0.043472 0.981201 -0.188028 0.093100 -0.107727 0.182504 0.977286 0.000000 0.000000 0.000000 0.000000 1.000000
0.994947 0.060633 0.080031 0.000000 -0.043769 0.979271 -0.197771 0.093100 -0.090364 0.193269 0.976976 0.000000 0.000000 0.000000 0.000000 1.000000
0.996020 0.060990 0.064991 0.000000 -0.046285 0.977114 -0.207620 0.093100 -0.076166 0.203785 0.976048 -0.000000 0.000000 0.000000 0.000000 1.000000
0.996613 0.062407 0.053548 0.000000 -0.049418 0.975013 -0.216581 0.093100 -0.065726 0.213202 0.974795 0.000000 0.000000 0.000000 0.000000 1.000000
0.996878 0.064419 0.045649 0.000000 -0.052690 0.973392 -0.223008 0.093100 -0.058800 0.219907 0.973747 0.000000 0.000000 0.000000 0.000000 1.000000
0.996861 0.067765 0.040939 0.000000 -0.056757 0.972193 -0.227200 0.093100 -0.055196 0.224164 0.972987 0.000000 0.000000 0.000000 0.000000 1.000000
0.996691 0.071603 0.038468 -0.000000 -0.060967 0.971563 -0.228797 0.093100 -0.053757 0.225694 0.972714 -0.000000 0.000000 0.000000 0.000000 1.000000
0.996604 0.073738 0.036655 0.000000 -0.063547 0.971784 -0.227150 0.093100 -0.052370 0.224049 0.973170 0.000000 0.000000 0.000000 0.000000 1.000000
0.996712 0.073282 0.034580 0.000000 -0.063840 0.972983 -0.221876 0.093100 -0.049906 0.218939 0.974461 0.000000 0.000000 0.000000 0.000000 1.000000
0.996895 0.071533 0.032926 0.000000 -0.062916 0.974969 -0.213255 0.093100 -0.047357 0.210521 0.976442 0.000000 0.000000 0.000000 0.000000 1.000000
0.997055 0.069542 0.032318 0.000000 -0.061630 0.977460 -0.201925 0.093100 -0.045632 0.199338 0.978868 0.000000 0.000000 0.000000 0.000000 1.000000
0.997253 0.066802 0.031983 -0.000000 -0.059615 0.980245 -0.188589 0.093100 -0.043949 0.186164 0.981535 0.000000 0.000000 0.000000 0.000000 1.000000
0.997542 0.062823 0.031036 -0.000000 -0.056498 0.983109 -0.174083 0.093100 -0.041448 0.171901 0.984242 0.000000 0.000000 0.000000 0.000000 1.000000
0.997871 0.057999 0.029810 0.000000 -0.052556 0.985893 -0.158911 0.093100 -0.038606 0.157007 0.986843 -0.000000 0.000000 0.000000 0.000000 1.000000
0.998196 0.052840 0.028520 -0.000000 -0.048237 0.988521 -0.143177 0.093100 -0.035758 0.141543 0.989286 0.000000 0.000000 0.000000 0.000000 1.000000
0.998508 0.047357 0.027169 0.000000 -0.043540 0.990936 -0.127080 0.093100 -0.032941 0.125708 0.991520 0.000000 0.000000 0.000000 0.000000 1.000000
0.998805 0.041537 0.025748 0.000000 -0.038436 0.993074 -0.111023 0.093100 -0.030181 0.109901 0.993484 0.000000 0.000000 0.000000 0.000000 1.000000
0.999071 0.035583 0.024293 0.000000 -0.033121 0.994910 -0.095167 0.093100 -0.027556 0.094274 0.995165 0.000000 0.000000 0.000000 0.000000 1.000000
0.999301 0.029605 0.022826 0.000000 -0.027700 0.996434 -0.079706 0.093100 -0.025104 0.079018 0.996557 -0.000000 0.000000 0.000000 0.000000 1.000000
0.999486 0.023862 0.021409 0.000000 -0.022428 0.997639 -0.064913 0.093100 -0.022907 0.064399 0.997661 0.000000 0.000000 0.000000 0.000000 1.000000
0.999628 0.018463 0.020071 -0.000000 -0.017418 0.998544 -0.051061 0.093100 -0.020984 0.050693 0.998494 -0.000000 0.000000 0.000000 0.000000 1.000000
0.999731 0.013517 0.018840 0.000000 -0.012785 0.999180 -0.038422 0.093100 -0.019344 0.038171 0.999084 0.000000 0.000000 0.000000 0.000000 1.000000</float_array>
        <technique_common>
          <accessor source="#mixamorig_Spine2-Matrix-animation-output-transform-array" count="33" stride="16">
            <param type="float4x4"/>
          </accessor>
        </technique_common>
      </source>
      <source id="mixamorig_Spine2-Interpolations">
        <Name_array id="mixamorig_Spine2-Interpolations-array" count="33">
 LINEAR LINEAR LINEAR LINEAR LINEAR LINEAR LINEAR LINEAR LINEAR LINEAR LINEAR
LINEAR LINEAR LINEAR LINEAR LINEAR LINEAR LINEAR LINEAR LINEAR LINEAR LINEAR LINEAR
LINEAR LINEAR LINEAR LINEAR LINEAR LINEAR LINEAR LINEAR LINEAR LINEAR</Name_array>
        <technique_common>
          <accessor source="#mixamorig_Spine2-Interpolations-array" count="33">
            <param type="name"/>
          </accessor>
        </technique_common>
      </source>
      <sampler id="mixamorig_Spine2-Matrix-animation-transform">
        <input semantic="INPUT" source="#mixamorig_Spine2-Matrix-animation-input"/>
        <input semantic="OUTPUT" source="#mixamorig_Spine2-Matrix-animation-output-transform"/>
        <input semantic="INTERPOLATION" source="#mixamorig_Spine2-Interpolations"/>
      </sampler>
      <channel source="#mixamorig_Spine2-Matrix-animation-transform" target="mixamorig_Spine2/matrix"/>
      <source id="mixamorig_Neck-Matrix-animation-input">
        <float_array id="mixamorig_Neck-Matrix-animation-input-array" count="33">

0.000000 0.033333 0.066667 0.100000 0.133333 0.166667 0.200000 0.233333 0.266667 0.300000 0.333333 0.366667 0.400000 0.433333 0.466667 0.500000
0.533333 0.566667 0.600000 0.633333 0.666667 0.700000 0.733333 0.766667 0.800000 0.833333 0.866667 0.900000 0.933333 0.966667 1.000000 1.033333
1.066667</float_array>
        <technique_common>
          <accessor source="#mixamorig_Neck-Matrix-animation-input-array" count="33">
            <param name="TIME" type="float"/>
          </accessor>
        </technique_common>
      </source>
      <source id="mixamorig_Neck-Matrix-animation-output-transform">
        <float_array id="mixamorig_Neck-Matrix-animation-output-transform-array" count="528">

0.970444 0.003170 0.241305 0.000000 0.105265 0.894213 -0.435089 0.104700 -0.217157 0.447631 0.867450 0.000000 0.000000 0.000000 0.000000 1.000000
0.977333 0.004976 0.211649 -0.000000 0.093020 0.887959 -0.450417 0.104700 -0.190177 0.459896 0.867369 0.000000 0.000000 0.000000 0.000000 1.000000
0.982919 0.021238 0.182808 0.000000 0.067366 0.882860 -0.464779 0.104700 -0.171265 0.469156 0.866349 -0.000000 0.000000 0.000000 0.000000 1.000000
0.986514 0.063874 0.150698 0.000000 0.014670 0.882498 -0.470087 0.104700 -0.163017 0.465958 0.869660 0.000000 0.000000 0.000000 0.000000 1.000000
0.987254 0.114101 0.110954 0.000000 -0.051313 0.888120 -0.456738 0.104700 -0.150655 0.445223 0.882655 0.000000 0.000000 0.000000 0.000000 1.000000
0.987597 0.138279 0.074373 0.000000 -0.093221 0.897559 -0.430926 0.104700 -0.126343 0.418648 0.899317 0.000000 0.000000 0.000000 0.000000 1.000000
0.990025 0.130041 0.054216 0.000000 -0.096516 0.906323 -0.411417 0.104700 -0.102638 0.402080 0.909833 -0.000000 0.000000 0.000000 0.000000 1.000000
0.992907 0.108535 0.048533 -0.000000 -0.079788 0.910925 -0.404782 0.104700 -0.088143 0.398039 0.913124 0.000000 0.000000 0.000000 0.000000 1.000000
0.995041 0.090734 0.040749 -0.000000 -0.066512 0.911592 -0.405680 0.104700 -0.073955 0.400958 0.913106 0.000000 0.000000 0.000000 0.000000 1.000000
0.996405 0.078876 0.030916 0.000000 -0.059331 0.910184 -0.409934 0.104700 -0.060473 0.406626 0.911591 0.000000 0.000000 0.000000 0.000000 1.000000
0.997318 0.069072 0.024192 0.000000 -0.052685 0.907030 -0.417758 0.104700 -0.050799 0.415363 0.908236 -0.000000 0.000000 0.000000 0.000000 1.000000
0.997975 0.060004 0.021102 -0.000000 -0.045230 0.902723 -0.427838 0.104700 -0.044721 0.426017 0.903609 0.000000 0.000000 0.000000 0.000000 1.000000
0.998394 0.052930 0.020184 -0.000000 -0.038810 0.898669 -0.436908 0.104700 -0.041264 0.435423 0.899280 0.000000 0.000000 0.000000 0.000000 1.000000
0.998647 0.047904 0.020211 -0.000000 -0.033965 0.895390 -0.443986 0.104700 -0.039366 0.442699 0.895806 0.000000 0.000000 0.000000 0.000000 1.000000
0.998835 0.043656 0.020574 -0.000000 -0.029728 0.892385 -0.450295 0.104700 -0.038018 0.449159 0.892643 -0.000000 0.000000 0.000000 0.000000 1.000000
0.998988 0.039706 0.021107 0.000000 -0.025708 0.889407 -0.456392 0.104700 -0.036895 0.455388 0.889529 0.000000 0.000000 0.000000 0.000000 1.000000
0.999097 0.036272 0.022128 0.000000 -0.021957 0.886623 -0.461972 0.104700 -0.036376 0.461069 0.886618 0.000000 0.000000 0.000000 0.000000 1.000000
0.999126 0.033182 0.025410 -0.000000 -0.017503 0.884310 -0.466571 0.104700 -0.037952 0.465719 0.884118 -0.000000 0.000000 0.000000 0.000000 1.000000
0.999044 0.030249 0.031570 -0.000000 -0.011866 0.882529 -0.470108 0.104700 -0.042082 0.469284 0.882044 0.000000 0.000000 0.000000 0.000000 1.000000
0.998808 0.027487 0.040330 0.000000 -0.005169 0.881257 -0.472609 0.104700 -0.048532 0.471838 0.880349 -0.000000 0.000000 0.000000 0.000000 1.000000
0.998370 0.024895 0.051350 0.000000 0.002429 0.880473 -0.474090 0.104700 -0.057014 0.473442 0.878978 0.000000 0.000000 0.000000 0.000000 1.000000
0.997678 0.022453 0.064301 0.000000 0.010780 0.880139 -0.474593 0.104700 -0.067249 0.474184 0.877854 -0.000000 0.000000 0.000000 0.000000 1.000000
0.996682 0.020146 0.078858 0.000000 0.019724 0.880216 -0.474162 0.104700 -0.078965 0.474145 0.876899 0.000000 0.000000 0.000000 0.000000 1.000000
0.995344 0.017967 0.094697 -0.000000 0.029089 0.880666 -0.472844 0.104700 -0.091892 0.473397 0.876043 0.000000 0.000000 0.000000 0.000000 1.000000
