<?xml version="1.0" encoding="utf-8"?>
<COLLADA xmlns="http://www.collada.org/2005/11/COLLADASchema" version="1.4.1">
  <asset>
    <contributor>
      <author>Mixamo</author>
      <authoring_tool>COLLADA Mixamo exporter</authoring_tool>
      <comments/>
    </contributor>
    <created>2024-05-10T12:22:13Z</created>
    <modified>2024-05-10T12:22:13Z</modified>
    <revision/>
    <title/>
    <unit meter="0.010000"/>
    <up_axis>Y_UP</up_axis>
  </asset>
  <library_animations>
    <animation>
      <source id="Armature.001-Matrix-animation-input">
        <float_array id="Armature.001-Matrix-animation-input-array" count="38">

0.000000 0.033333 0.066667 0.100000 0.133333 0.166667 0.200000 0.233333 0.266667 0.300000 0.333333 0.366667 0.400000 0.433333 0.466667 0.500000
0.533333 0.566667 0.600000 0.633333 0.666667 0.700000 0.733333 0.766667 0.800000 0.833333 0.866667 0.900000 0.933333 0.966667 1.000000 1.033333
1.066667 1.100000 1.133333 1.166667 1.200000 1.233333</float_array>
        <technique_common>
          <accessor source="#Armature.001-Matrix-animation-input-array" count="38">
            <param name="TIME" type="float"/>
          </accessor>
        </technique_common>
      </source>
      <source id="Armature.001-Matrix-animation-output-transform">
        <float_array id="Armature.001-Matrix-animation-output-transform-array" count="608">

100.000000 0.000000 0.000000 0.000000 0.000000 0.000000 100.000000 0.000000 0.000000 -100.000000 0.000000 0.000000 0.000000 0.000000 0.000000 1.000000
100.000000 0.000000 0.000000 0.000000 0.000000 0.000000 100.000000 0.000000 0.000000 -100.000000 0.000000 0.000000 0.000000 0.000000 0.000000 1.000000
100.000000 0.000000 0.000000 0.000000 0.000000 0.000000 100.000000 0.000000 0.000000 -100.000000 0.000000 0.000000 0.000000 0.000000 0.000000 1.000000
100.000000 0.000000 0.000000 0.000000 0.000000 0.000000 100.000000 0.000000 0.000000 -100.000000 0.000000 0.000000 0.000000 0.000000 0.000000 1.000000
100.000000 0.000000 0.000000 0.000000 0.000000 0.000000 100.000000 0.000000 0.000000 -100.000000 0.000000 0.000000 0.000000 0.000000 0.000000 1.000000
100.000000 0.000000 0.000000 0.000000 0.000000 0.000000 100.000000 0.000000 0.000000 -100.000000 0.000000 0.000000 0.000000 0.000000 0.000000 1.000000
100.000000 0.000000 0.000000 0.000000 0.000000 0.000000 100.000000 0.000000 0.000000 -100.000000 0.000000 0.000000 0.000000 0.000000 0.000000 1.000000
100.000000 0.000000 0.000000 0.000000 0.000000 0.000000 100.000000 0.000000 0.000000 -100.000000 0.000000 0.000000 0.000000 0.000000 0.000000 1.000000
100.000000 0.000000 0.000000 0.000000 0.000000 0.000000 100.000000 0.000000 0.000000 -100.000000 0.000000 0.000000 0.000000 0.000000 0.000000 1.000000
100.000000 0.000000 0.000000 0.000000 0.000000 0.000000 100.000000 0.000000 0.000000 -100.000000 0.000000 0.000000 0.000000 0.000000 0.000000 1.000000
100.000000 0.000000 0.000000 0.000000 0.000000 0.000000 100.000000 0.000000 0.000000 -100.000000 0.000000 0.000000 0.000000 0.000000 0.000000 1.000000
100.000000 0.000000 0.000000 0.000000 0.000000 0.000000 100.000000 0.000000 0.000000 -100.000000 0.000000 0.000000 0.000000 0.000000 0.000000 1.000000
100.000000 0.000000 0.000000 0.000000 0.000000 0.000000 100.000000 0.000000 0.000000 -100.000000 0.000000 0.000000 0.000000 0.000000 0.000000 1.000000
100.000000 0.000000 0.000000 0.000000 0.000000 0.000000 100.000000 0.000000 0.000000 -100.000000 0.000000 0.000000 0.000000 0.000000 0.000000 1.000000
100.000000 0.000000 0.000000 0.000000 0.000000 0.000000 100.000000 0.000000 0.000000 -100.000000 0.000000 0.000000 0.000000 0.000000 0.000000 1.000000
100.000000 0.000000 0.000000 0.000000 0.000000 0.000000 100.000000 0.000000 0.000000 -100.000000 0.000000 0.000000 0.000000 0.000000 0.000000 1.000000
100.000000 0.000000 0.000000 0.000000 0.000000 0.000000 100.000000 0.000000 0.000000 -100.000000 0.000000 0.000000 0.000000 0.000000 0.000000 1.000000
100.000000 0.000000 0.000000 0.000000 0.000000 0.000000 100.000000 0.000000 0.000000 -100.000000 0.000000 0.000000 0.000000 0.000000 0.000000 1.000000
100.000000 0.000000 0.000000 0.000000 0.000000 0.000000 100.000000 0.000000 0.000000 -100.000000 0.000000 0.000000 0.000000 0.000000 0.000000 1.000000
100.000000 0.000000 0.000000 0.000000 0.000000 0.000000 100.000000 0.000000 0.000000 -100.000000 0.000000 0.000000 0.000000 0.000000 0.000000 1.000000
100.000000 0.000000 0.000000 0.000000 0.000000 0.000000 100.000000 0.000000 0.000000 -100.000000 0.000000 0.000000 0.000000 0.000000 0.000000 1.000000
100.000000 0.000000 0.000000 0.000000 0.000000 0.000000 100.000000 0.000000 0.000000 -100.000000 0.000000 0.000000 0.000000 0.000000 0.000000 1.000000
100.000000 0.000000 0.000000 0.000000 0.000000 0.000000 100.000000 0.000000 0.000000 -100.000000 0.000000 0.000000 0.000000 0.000000 0.000000 1.000000
100.000000 0.000000 0.000000 0.000000 0.000000 0.000000 100.000000 0.000000 0.000000 -100.000000 0.000000 0.000000 0.000000 0.000000 0.000000 1.000000
100.000000 0.000000 0.000000 0.000000 0.000000 0.000000 100.000000 0.000000 0.000000 -100.000000 0.000000 0.000000 0.000000 0.000000 0.000000 1.000000
100.000000 0.000000 0.000000 0.000000 0.000000 0.000000 100.000000 0.000000 0.000000 -100.000000 0.000000 0.000000 0.000000 0.000000 0.000000 1.000000
100.000000 0.000000 0.000000 0.000000 0.000000 0.000000 100.000000 0.000000 0.000000 -100.000000 0.000000 0.000000 0.000000 0.000000 0.000000 1.000000
100.000000 0.000000 0.000000 0.000000 0.000000 0.000000 100.000000 0.000000 0.000000 -100.000000 0.000000 0.000000 0.000000 0.000000 0.000000 1.000000
100.000000 0.000000 0.000000 0.000000 0.000000 0.000000 100.000000 0.000000 0.000000 -100.000000 0.000000 0.000000 0.000000 0.000000 0.000000 1.000000
100.000000 0.000000 0.000000 0.000000 0.000000 0.000000 100.000000 0.000000 0.000000 -100.000000 0.000000 0.000000 0.000000 0.000000 0.000000 1.000000
100.000000 0.000000 0.000000 0.000000 0.000000 0.000000 100.000000 0.000000 0.000000 -100.000000 0.000000 0.000000 0.000000 0.000000 0.000000 1.000000
100.000000 0.000000 0.000000 0.000000 0.000000 0.000000 100.000000 0.000000 0.000000 -100.000000 0.000000 0.000000 0.000000 0.000000 0.000000 1.000000
100.000000 0.000000 0.000000 0.000000 0.000000 0.000000 100.000000 0.000000 0.000000 -100.000000 0.000000 0.000000 0.000000 0.000000 0.000000 1.000000
100.000000 0.000000 0.000000 0.000000 0.000000 0.000000 100.000000 0.000000 0.000000 -100.000000 0.000000 0.000000 0.000000 0.000000 0.000000 1.000000
100.000000 0.000000 0.000000 0.000000 0.000000 0.000000 100.000000 0.000000 0.000000 -100.000000 0.000000 0.000000 0.000000 0.000000 0.000000 1.000000
100.000000 0.000000 0.000000 0.000000 0.000000 0.000000 100.000000 0.000000 0.000000 -100.000000 0.000000 0.000000 0.000000 0.000000 0.000000 1.000000
100.000000 0.000000 0.000000 0.000000 0.000000 0.000000 100.000000 0.000000 0.000000 -100.000000 0.000000 0.000000 0.000000 0.000000 0.000000 1.000000
100.000000 0.000000 0.000000 0.000000 0.000000 0.000000 100.000000 0.000000 0.000000 -100.000000 0.000000 0.000000 0.000000 0.000000 0.000000 1.000000</float_array>
        <technique_common>
          <accessor source="#Armature.001-Matrix-animation-output-transform-array" count="38" stride="16">
            <param type="float4x4"/>
          </accessor>
        </technique_common>
      </source>
      <source id="Armature.001-Interpolations">
        <Name_array id="Armature.001-Interpolations-array" count="38">
 LINEAR LINEAR LINEAR LINEAR LINEAR LINEAR LINEAR LINEAR LINEAR LINEAR LINEAR
LINEAR LINEAR LINEAR LINEAR LINEAR LINEAR LINEAR LINEAR LINEAR LINEAR LINEAR LINEAR
LINEAR LINEAR LINEAR LINEAR LINEAR LINEAR LINEAR LINEAR LINEAR LINEAR LINEAR LINEAR
LINEAR LINEAR LINEAR</Name_array>
        <technique_common>
          <accessor source="#Armature.001-Interpolations-array" count="38">
            <param type="name"/>
          </accessor>
        </technique_common>
      </source>
      <sampler id="Armature.001-Matrix-animation-transform">
        <input semantic="INPUT" source="#Armature.001-Matrix-animation-input"/>
        <input semantic="OUTPUT" source="#Armature.001-Matrix-animation-output-transform"/>
        <input semantic="INTERPOLATION" source="#Armature.001-Interpolations"/>
      </sampler>
      <channel source="#Armature.001-Matrix-animation-transform" target="Armature.001/matrix"/>
      <source id="mixamorig_Hips-Matrix-animation-input">
        <float_array id="mixamorig_Hips-Matrix-animation-input-array" count="38">

0.000000 0.033333 0.066667 0.100000 0.133333 0.166667 0.200000 0.233333 0.266667 0.300000 0.333333 0.366667 0.400000 0.433333 0.466667 0.500000
0.533333 0.566667 0.600000 0.633333 0.666667 0.700000 0.733333 0.766667 0.800000 0.833333 0.866667 0.900000 0.933333 0.966667 1.000000 1.033333
1.066667 1.100000 1.133333 1.166667 1.200000 1.233333</float_array>
        <technique_common>
          <accessor source="#mixamorig_Hips-Matrix-animation-input-array" count="38">
            <param name="TIME" type="float"/>
          </accessor>
        </technique_common>
      </source>
      <source id="mixamorig_Hips-Matrix-animation-output-transform">
        <float_array id="mixamorig_Hips-Matrix-animation-output-transform-array" count="608">

0.690782 0.000454 0.723063 -0.006236 0.719792 0.094587 -0.687716 0.007261 -0.068704 0.995517 0.065012 0.794512 0.000000 0.000000 0.000000 1.000000
0.682302 0.000543 0.731071 -0.001866 0.726434 0.111947 -0.678057 0.002113 -0.082209 0.993714 0.075987 0.805907 0.000000 0.000000 0.000000 1.000000
0.682640 -0.004148 0.730743 0.007946 0.722120 0.157107 -0.673692 -0.012882 -0.112011 0.987573 0.110243 0.821312 0.000000 0.000000 0.000000 1.000000
0.692460 -0.003866 0.721446 0.023088 0.699778 0.246887 -0.670341 -0.043721 -0.175524 0.969037 0.173665 0.837212 0.000000 0.000000 0.000000 1.000000
0.677623 0.000219 0.735409 0.027597 0.700936 0.302389 -0.645949 -0.058789 -0.222521 0.953185 0.204752 0.845137 0.000000 0.000000 0.000000 1.000000
0.665318 0.004281 0.746548 0.025102 0.706277 0.320432 -0.631266 -0.057984 -0.241920 0.947262 0.210165 0.844210 0.000000 0.000000 0.000000 1.000000
0.670568 0.008943 0.741794 0.023019 0.696777 0.335629 -0.633920 -0.054666 -0.254637 0.941952 0.218831 0.839872 0.000000 0.000000 0.000000 1.000000
0.674842 0.008846 0.737909 0.020470 0.689311 0.349498 -0.634587 -0.048357 -0.263512 0.936895 0.229759 0.836294 0.000000 0.000000 0.000000 1.000000
0.674977 0.004854 0.737822 0.017127 0.687715 0.358140 -0.631494 -0.039000 -0.267309 0.933655 0.238399 0.833826 0.000000 0.000000 0.000000 1.000000
0.673489 0.001983 0.739194 0.013457 0.688895 0.360900 -0.628629 -0.027500 -0.268022 0.932602 0.241696 0.832543 0.000000 0.000000 0.000000 1.000000
0.672252 0.004231 0.740310 0.009539 0.690309 0.357726 -0.628892 -0.013994 -0.267489 0.933817 0.237561 0.831977 0.000000 0.000000 0.000000 1.000000
0.671935 0.011573 0.740520 0.005607 0.691134 0.349526 -0.632586 0.001135 -0.266152 0.936855 0.226860 0.831469 0.000000 0.000000 0.000000 1.000000
0.672351 0.021579 0.739918 0.002099 0.692078 0.336311 -0.638688 0.016979 -0.262624 0.941504 0.211184 0.830603 0.000000 0.000000 0.000000 1.000000
0.671277 0.031549 0.740535 -0.001112 0.695965 0.316880 -0.644375 0.032713 -0.254990 0.947941 0.190757 0.829367 0.000000 0.000000 0.000000 1.000000
0.666744 0.039246 0.744253 -0.004446 0.704591 0.292282 -0.646624 0.047642 -0.242909 0.955527 0.167225 0.828084 0.000000 0.000000 0.000000 1.000000
0.659361 0.043177 0.750586 -0.007721 0.716504 0.266326 -0.644742 0.060913 -0.227738 0.962916 0.144669 0.827184 0.000000 0.000000 0.000000 1.000000
0.649517 0.042103 0.759180 -0.010338 0.730806 0.241039 -0.638610 0.071845 -0.209880 0.969602 0.125790 0.826901 0.000000 0.000000 0.000000 1.000000
0.636434 0.035455 0.770516 -0.011919 0.747882 0.216076 -0.627681 0.080340 -0.188745 0.975733 0.111002 0.827228 0.000000 0.000000 0.000000 1.000000
0.621214 0.024926 0.783245 -0.012435 0.765805 0.192724 -0.613515 0.086504 -0.166242 0.980936 0.100635 0.828069 0.000000 0.000000 0.000000 1.000000
0.606037 0.013847 0.795316 -0.012180 0.781925 0.173135 -0.598847 0.090069 -0.145990 0.984801 0.094099 0.828974 0.000000 0.000000 0.000000 1.000000
0.589648 0.004064 0.807650 -0.011618 0.797217 0.157358 -0.582823 0.090514 -0.129459 0.987533 0.089546 0.829622 0.000000 0.000000 0.000000 1.000000
0.572702 -0.004161 0.819753 -0.010958 0.811544 0.144133 -0.566235 0.087714 -0.115797 0.989550 0.085922 0.829696 0.000000 0.000000 0.000000 1.000000
0.560448 -0.010738 0.828120 -0.010128 0.821509 0.133954 -0.554237 0.082217 -0.104979 0.990929 0.083896 0.829032 0.000000 0.000000 0.000000 1.000000
0.556910 -0.015473 0.830429 -0.009163 0.824768 0.128301 -0.550723 0.074946 -0.098024 0.991615 0.084214 0.827664 0.000000 0.000000 0.000000 1.000000
0.561374 -0.018591 0.827353 -0.008271 0.822126 0.126930 -0.554975 0.066701 -0.094699 0.991737 0.086539 0.825826 0.000000 0.000000 0.000000 1.000000
0.571159 -0.020987 0.820571 -0.007568 0.815558 0.127727 -0.564403 0.057619 -0.092964 0.991587 0.090069 0.823899 0.000000 0.000000 0.000000 1.000000
0.582933 -0.022581 0.812206 -0.007109 0.807397 0.128177 -0.575918 0.048606 -0.091101 0.991494 0.092951 0.821999 0.000000 0.000000 0.000000 1.000000
0.594077 -0.022148 0.804103 -0.006878 0.799462 0.126939 -0.587152 0.041414 -0.089068 0.991663 0.093118 0.819909 0.000000 0.000000 0.000000 1.000000
0.604763 -0.020498 0.796142 -0.006731 0.791633 0.124747 -0.598126 0.035263 -0.087056 0.991977 0.091670 0.817636 0.000000 0.000000 0.000000 1.000000
0.615435 -0.018334 0.787975 -0.006622 0.783588 0.122086 -0.609168 0.029527 -0.085032 0.992350 0.089502 0.815263 0.000000 0.000000 0.000000 1.000000
0.625856 -0.015672 0.779781 -0.006553 0.775506 0.118950 -0.620034 0.024378 -0.083037 0.992777 0.086599 0.812798 0.000000 0.000000 0.000000 1.000000
0.636068 -0.012844 0.771526 -0.006507 0.767363 0.115568 -0.630712 0.019760 -0.081063 0.993217 0.083365 0.810268 0.000000 0.000000 0.000000 1.000000
0.646046 -0.009935 0.763234 -0.006471 0.759188 0.112002 -0.641163 0.015697 -0.079114 0.993658 0.079900 0.807690 0.000000 0.000000 0.000000 1.000000
0.655763 -0.007164 0.754933 -0.006436 0.751011 0.108411 -0.651329 0.012118 -0.077177 0.994080 0.076472 0.805100 0.000000 0.000000 0.000000 1.000000
0.665221 -0.004772 0.746632 -0.006385 0.742850 0.104949 -0.661180 0.009001 -0.075203 0.994466 0.073359 0.802522 0.000000 0.000000 0.000000 1.000000
0.674376 -0.002818 0.738383 -0.006324 0.734773 0.101398 -0.670692 0.007461 -0.072981 0.994842 0.070451 0.799812 0.000000 0.000000 0.000000 1.000000
0.682948 -0.001100 0.730466 -0.006274 0.727033 0.097863 -0.679592 0.007332 -0.070738 0.995199 0.067635 0.797055 0.000000 0.000000 0.000000 1.000000
0.690782 0.000453 0.723063 -0.006236 0.719792 0.094587 -0.687716 0.007261 -0.068704 0.995517 0.065012 0.794512 0.000000 0.000000 0.000000 1.000000</float_array>
        <technique_common>
          <accessor source="#mixamorig_Hips-Matrix-animation-output-transform-array" count="38" stride="16">
            <param type="float4x4"/>
          </accessor>
        </technique_common>
      </source>
      <source id="mixamorig_Hips-Interpolations">
        <Name_array id="mixamorig_Hips-Interpolations-array" count="38">
 LINEAR LINEAR LINEAR LINEAR LINEAR LINEAR LINEAR LINEAR LINEAR LINEAR LINEAR
LINEAR LINEAR LINEAR LINEAR LINEAR LINEAR LINEAR LINEAR LINEAR LINEAR LINEAR LINEAR
LINEAR LINEAR LINEAR LINEAR LINEAR LINEAR LINEAR LINEAR LINEAR LINEAR LINEAR LINEAR
LINEAR LINEAR LINEAR</Name_array>
        <technique_common>
          <accessor source="#mixamorig_Hips-Interpolations-array" count="38">
            <param type="name"/>
          </accessor>
        </technique_common>
      </source>
      <sampler id="mixamorig_Hips-Matrix-animation-transform">
        <input semantic="INPUT" source="#mixamorig_Hips-Matrix-animation-input"/>
        <input semantic="OUTPUT" source="#mixamorig_Hips-Matrix-animation-output-transform"/>
        <input semantic="INTERPOLATION" source="#mixamorig_Hips-Interpolations"/>
      </sampler>
      <channel source="#mixamorig_Hips-Matrix-animation-transform" target="mixamorig_Hips/matrix"/>
      <source id="mixamorig_Spine-Matrix-animation-input">
        <float_array id="mixamorig_Spine-Matrix-animation-input-array" count="38">

0.000000 0.033333 0.066667 0.100000 0.133333 0.166667 0.200000 0.233333 0.266667 0.300000 0.333333 0.366667 0.400000 0.433333 0.466667 0.500000
0.533333 0.566667 0.600000 0.633333 0.666667 0.700000 0.733333 0.766667 0.800000 0.833333 0.866667 0.900000 0.933333 0.966667 1.000000 1.033333
1.066667 1.100000 1.133333 1.166667 1.200000 1.233333</float_array>
        <technique_common>
          <accessor source="#mixamorig_Spine-Matrix-animation-input-array" count="38">
            <param name="TIME" type="float"/>
          </accessor>
        </technique_common>
      </source>
      <source id="mixamorig_Spine-Matrix-animation-output-transform">
        <float_array id="mixamorig_Spine-Matrix-animation-output-transform-array" count="608">

0.991520 -0.018277 -0.128659 -0.000000 0.012120 0.998750 -0.048483 0.069300 0.129384 0.046512 0.990503 -0.008100 0.000000 0.000000 0.000000 1.000000
0.994781 -0.010700 -0.101471 -0.000000 0.008916 0.999798 -0.018021 0.069300 0.101643 0.017022 0.994675 -0.008100 0.000000 0.000000 0.000000 1.000000
0.996146 0.003147 -0.087654 0.000000 -0.001059 0.999715 0.023856 0.069300 0.087704 -0.023671 0.995865 -0.008100 0.000000 0.000000 0.000000 1.000000
0.994999 0.027838 -0.095930 -0.000000 -0.020867 0.997120 0.072913 0.069300 0.097684 -0.070547 0.992714 -0.008100 0.000000 0.000000 0.000000 1.000000
0.995519 0.042441 -0.084505 0.000000 -0.034639 0.995181 0.091738 0.069300 0.087991 -0.088400 0.992191 -0.008100 0.000000 0.000000 0.000000 1.000000
0.996508 0.052567 -0.064869 0.000000 -0.046713 0.994965 0.088668 0.069300 0.069203 -0.085328 0.993947 -0.008100 0.000000 0.000000 0.000000 1.000000
0.996298 0.062946 -0.058554 -0.000000 -0.058208 0.995144 0.079376 0.069300 0.063266 -0.075673 0.995124 -0.008100 0.000000 0.000000 0.000000 1.000000
0.996220 0.068581 -0.053312 0.000000 -0.065188 0.995884 0.062967 0.069300 0.057411 -0.059253 0.996591 -0.008100 0.000000 0.000000 0.000000 1.000000
0.996547 0.072312 -0.040811 0.000000 -0.070646 0.996663 0.040888 0.069300 0.043631 -0.037864 0.998330 -0.008100 0.000000 0.000000 0.000000 1.000000
0.996857 0.075456 -0.024149 -0.000000 -0.075006 0.997002 0.019012 0.069300 0.025512 -0.017140 0.999528 -0.008100 0.000000 0.000000 0.000000 1.000000
0.997028 0.076492 -0.009211 0.000000 -0.076495 0.997070 0.000014 0.069300 0.009185 0.000691 0.999958 -0.008100 0.000000 0.000000 0.000000 1.000000
0.997180 0.074934 0.004090 0.000000 -0.074854 0.997047 -0.017159 0.069300 -0.005364 0.016805 0.999844 -0.008100 0.000000 0.000000 0.000000 1.000000
0.997296 0.071610 0.016535 0.000000 -0.071047 0.996946 -0.032432 0.069300 -0.018806 0.031169 0.999337 -0.008100 0.000000 0.000000 0.000000 1.000000
0.997387 0.067561 0.025588 -0.000000 -0.066381 0.996803 -0.044473 0.069300 -0.028511 0.042658 0.998683 -0.008100 0.000000 0.000000 0.000000 1.000000
0.997518 0.063101 0.031229 0.000000 -0.061346 0.996640 -0.054277 0.069300 -0.034549 0.052226 0.998037 -0.008100 0.000000 0.000000 0.000000 1.000000
0.997666 0.057335 0.037085 0.000000 -0.054887 0.996441 -0.063968 0.069300 -0.040620 0.061783 0.997263 -0.008100 0.000000 0.000000 0.000000 1.000000
0.997848 0.049301 0.043219 0.000000 -0.046048 0.996247 -0.073294 0.069300 -0.046670 0.071146 0.996373 -0.008100 0.000000 0.000000 0.000000 1.000000
0.998178 0.038840 0.046167 0.000000 -0.035037 0.996138 -0.080505 0.069300 -0.049115 0.078741 0.995684 -0.008100 0.000000 0.000000 0.000000 1.000000
0.998627 0.025949 0.045513 0.000000 -0.022016 0.996149 -0.084870 0.069300 -0.047540 0.083752 0.995352 -0.008100 0.000000 0.000000 0.000000 1.000000
0.999065 0.011101 0.041792 -0.000000 -0.007452 0.996228 -0.086459 0.069300 -0.042595 0.086067 0.995378 -0.008100 0.000000 0.000000 0.000000 1.000000
0.999420 -0.003844 0.033830 0.000000 0.006699 0.996385 -0.084688 0.069300 -0.033382 0.084865 0.995833 -0.008100 0.000000 0.000000 0.000000 1.000000
0.999626 -0.016157 0.022058 -0.000000 0.017863 0.996680 -0.079441 0.069300 -0.020702 0.079805 0.996595 -0.008100 0.000000 0.000000 0.000000 1.000000
0.999643 -0.024680 0.010210 0.000000 0.025352 0.997079 -0.072052 0.069300 -0.008402 0.072286 0.997349 -0.008100 0.000000 0.000000 0.000000 1.000000
0.999532 -0.030582 0.000145 0.000000 0.030527 0.997435 -0.064748 0.069300 0.001836 0.064722 0.997902 -0.008100 0.000000 0.000000 0.000000 1.000000
0.999344 -0.035018 -0.009191 -0.000000 0.034415 0.997660 -0.059071 0.069300 0.011238 0.058716 0.998211 -0.008100 0.000000 0.000000 0.000000 1.000000
0.999127 -0.037451 -0.018523 0.000000 0.036386 0.997832 -0.054831 0.069300 0.020537 0.054110 0.998324 -0.008100 0.000000 0.000000 0.000000 1.000000
0.998905 -0.037376 -0.028130 -0.000000 0.035894 0.998029 -0.051477 0.069300 0.029999 0.050411 0.998278 -0.008100 0.000000 0.000000 0.000000 1.000000
0.998622 -0.036030 -0.038149 0.000000 0.034138 0.998209 -0.049127 0.069300 0.039851 0.047757 0.998064 -0.008100 0.000000 0.000000 0.000000 1.000000
0.998227 -0.034464 -0.048520 0.000000 0.032172 0.998365 -0.047242 0.069300 0.050069 0.045597 0.997704 -0.008100 0.000000 0.000000 0.000000 1.000000
0.997714 -0.032726 -0.059123 0.000000 0.030052 0.998509 -0.045564 0.069300 0.060525 0.043683 0.997210 -0.008100 0.000000 0.000000 0.000000 1.000000
0.997086 -0.030855 -0.069767 -0.000000 0.027810 0.998635 -0.044203 0.069300 0.071035 0.042134 0.996584 -0.008100 0.000000 0.000000 0.000000 1.000000
0.996353 -0.028928 -0.080280 -0.000000 0.025520 0.998742 -0.043158 0.069300 0.081427 0.040952 0.995838 -0.008100 0.000000 0.000000 0.000000 1.000000
0.995535 -0.026997 -0.090452 0.000000 0.023226 0.998827 -0.042490 0.069300 0.091493 0.040200 0.994994 -0.008100 0.000000 0.000000 0.000000 1.000000
0.994656 -0.025113 -0.100146 -0.000000 0.020974 0.998890 -0.042174 0.069300 0.101094 0.039848 0.994079 -0.008100 0.000000 0.000000 0.000000 1.000000
0.993749 -0.023331 -0.109169 -0.000000 0.018812 0.998930 -0.042244 0.069300 0.110038 0.039926 0.993125 -0.008100 0.000000 0.000000 0.000000 1.000000
0.992935 -0.021524 -0.116695 0.000000 0.016526 0.998911 -0.043629 0.069300 0.117507 0.041392 0.992209 -0.008100 0.000000 0.000000 0.000000 1.000000
0.992219 -0.019831 -0.122915 0.000000 0.014250 0.998834 -0.046119 0.069300 0.123686 0.044009 0.991345 -0.008100 0.000000 0.000000 0.000000 1.000000
0.991520 -0.018277 -0.128659 -0.000000 0.012119 0.998751 -0.048482 0.069300 0.129385 0.046512 0.990503 -0.008100 0.000000 0.000000 0.000000 1.000000</float_array>
        <technique_common>
          <accessor source="#mixamorig_Spine-Matrix-animation-output-transform-array" count="38" stride="16">
            <param type="float4x4"/>
          </accessor>
        </technique_common>
      </source>
      <source id="mixamorig_Spine-Interpolations">
        <Name_array id="mixamorig_Spine-Interpolations-array" count="38">
 LINEAR LINEAR LINEAR LINEAR LINEAR LINEAR LINEAR LINEAR LINEAR LINEAR LINEAR
LINEAR LINEAR LINEAR LINEAR LINEAR LINEAR LINEAR LINEAR LINEAR LINEAR LINEAR LINEAR
LINEAR LINEAR LINEAR LINEAR LINEAR LINEAR LINEAR LINEAR LINEAR LINEAR LINEAR LINEAR
LINEAR LINEAR LINEAR</Name_array>
        <technique_common>
          <accessor source="#mixamorig_Spine-Interpolations-array" count="38">
            <param type="name"/>
          </accessor>
        </technique_common>
      </source>
      <sampler id="mixamorig_Spine-Matrix-animation-transform">
        <input semantic="INPUT" source="#mixamorig_Spine-Matrix-animation-input"/>
        <input semantic="OUTPUT" source="#mixamorig_Spine-Matrix-animation-output-transform"/>
        <input semantic="INTERPOLATION" source="#mixamorig_Spine-Interpolations"/>
      </sampler>
      <channel source="#mixamorig_Spine-Matrix-animation-transform" target="mixamorig_Spine/matrix"/>
      <source id="mixamorig_Spine1-Matrix-animation-input">
        <float_array id="mixamorig_Spine1-Matrix-animation-input-array" count="38">

0.000000 0.033333 0.066667 0.100000 0.133333 0.166667 0.200000 0.233333 0.266667 0.300000 0.333333 0.366667 0.400000 0.433333 0.466667 0.500000
0.533333 0.566667 0.600000 0.633333 0.666667 0.700000 0.733333 0.766667 0.800000 0.833333 0.866667 0.900000 0.933333 0.966667 1.000000 1.033333
1.066667 1.100000 1.133333 1.166667 1.200000 1.233333</float_array>
        <technique_common>
          <accessor source="#mixamorig_Spine1-Matrix-animation-input-array" count="38">
            <param name="TIME" type="float"/>
          </accessor>
        </technique_common>
      </source>
      <source id="mixamorig_Spine1-Matrix-animation-output-transform">
        <float_array id="mixamorig_Spine1-Matrix-animation-output-transform-array" count="608">

0.999723 -0.013875 -0.019006 0.000000 0.013141 0.999185 -0.038166 0.081400 0.019520 0.037905 0.999091 -0.000000 0.000000 0.000000 0.000000 1.000000
0.999539 -0.022188 -0.020734 -0.000000 0.020679 0.997307 -0.070366 0.081400 0.022239 0.069905 0.997306 0.000000 0.000000 0.000000 0.000000 1.000000
0.998982 -0.027731 -0.035583 0.000000 0.023947 0.994427 -0.102673 0.081400 0.038232 0.101716 0.994079 0.000000 0.000000 0.000000 0.000000 1.000000
0.997430 -0.027539 -0.066138 0.000000 0.018966 0.991731 -0.126928 0.081400 0.069087 0.125348 0.989704 0.000000 0.000000 0.000000 0.000000 1.000000
0.996505 -0.029674 -0.078082 -0.000000 0.017194 0.987623 -0.155901 0.081400 0.081742 0.154013 0.984682 0.000000 0.000000 0.000000 0.000000 1.000000
0.996972 -0.026357 -0.073164 0.000000 0.013262 0.984657 -0.173998 0.081400 0.076628 0.172501 0.982024 0.000000 0.000000 0.000000 0.000000 1.000000
0.997353 -0.020485 -0.069763 0.000000 0.007547 0.983473 -0.180897 0.081400 0.072316 0.179891 0.981025 0.000000 0.000000 0.000000 0.000000 1.000000
0.997599 -0.018352 -0.066777 -0.000000 0.005122 0.981159 -0.193132 0.081400 0.069063 0.192326 0.978898 0.000000 0.000000 0.000000 0.000000 1.000000
0.998141 -0.015624 -0.058918 0.000000 0.002985 0.977960 -0.208770 0.081400 0.060881 0.208205 0.976188 0.000000 0.000000 0.000000 0.000000 1.000000
0.998773 -0.011523 -0.048160 -0.000000 0.000476 0.974741 -0.223336 0.081400 0.049517 0.223039 0.973551 0.000000 0.000000 0.000000 0.000000 1.000000
0.999238 -0.008106 -0.038192 -0.000000 -0.001117 0.971879 -0.235479 0.081400 0.039027 0.235342 0.971129 0.000000 0.000000 0.000000 0.000000 1.000000
0.999554 -0.006618 -0.029106 -0.000000 -0.000766 0.969106 -0.246642 0.081400 0.029839 0.246554 0.968670 0.000000 0.000000 0.000000 0.000000 1.000000
0.999758 -0.007628 -0.020629 0.000000 0.002074 0.966450 -0.256845 0.081400 0.021896 0.256740 0.966232 0.000000 0.000000 0.000000 0.000000 1.000000
0.999839 -0.010562 -0.014478 0.000000 0.006356 0.964346 -0.264569 0.081400 0.016757 0.264434 0.964258 -0.000000 0.000000 0.000000 0.000000 1.000000
0.999847 -0.013994 -0.010537 0.000000 0.010628 0.962754 -0.270169 0.081400 0.013926 0.270016 0.962755 0.000000 0.000000 0.000000 0.000000 1.000000
0.999825 -0.017651 -0.006246 -0.000000 0.015250 0.961236 -0.275305 0.081400 0.010863 0.275161 0.961337 0.000000 0.000000 0.000000 0.000000 1.000000
0.999754 -0.022109 -0.001550 -0.000000 0.020792 0.959814 -0.279865 0.081400 0.007675 0.279764 0.960038 0.000000 0.000000 0.000000 0.000000 1.000000
0.999617 -0.027652 0.001155 0.000000 0.026849 0.958774 -0.282899 0.081400 0.006716 0.282821 0.959149 0.000000 0.000000 0.000000 0.000000 1.000000
0.999388 -0.034942 0.001692 -0.000000 0.033980 0.958081 -0.284475 0.081400 0.008319 0.284359 0.958682 0.000000 0.000000 0.000000 0.000000 1.000000
0.999026 -0.044117 0.001179 -0.000000 0.042643 0.958076 -0.283322 0.081400 0.011370 0.283096 0.959024 0.000000 0.000000 0.000000 0.000000 1.000000
0.998562 -0.053588 -0.001253 -0.000000 0.051126 0.959182 -0.278128 0.081400 0.016106 0.277664 0.960543 0.000000 0.000000 0.000000 0.000000 1.000000
0.998146 -0.060613 -0.005559 0.000000 0.056901 0.961633 -0.268374 0.081400 0.021612 0.267560 0.963299 0.000000 0.000000 0.000000 0.000000 1.000000
0.997885 -0.064329 -0.009388 0.000000 0.059806 0.964987 -0.255390 0.081400 0.025488 0.254288 0.966793 0.000000 0.000000 0.000000 0.000000 1.000000
0.997739 -0.066208 -0.011590 0.000000 0.061468 0.968528 -0.241196 0.081400 0.027195 0.239938 0.970407 0.000000 0.000000 0.000000 0.000000 1.000000
0.997641 -0.067412 -0.012980 0.000000 0.062718 0.971884 -0.226953 0.081400 0.027914 0.225604 0.973819 0.000000 0.000000 0.000000 0.000000 1.000000
0.997634 -0.067281 -0.014135 0.000000 0.062750 0.975122 -0.212600 0.081400 0.028087 0.211210 0.977037 0.000000 0.000000 0.000000 0.000000 1.000000
0.997770 -0.064988 -0.015238 0.000000 0.060703 0.978360 -0.197807 0.081400 0.027763 0.196441 0.980123 0.000000 0.000000 0.000000 0.000000 1.000000
0.997989 -0.061251 -0.016339 0.000000 0.057250 0.981516 -0.182615 0.081400 0.027223 0.181313 0.983049 -0.000000 0.000000 0.000000 0.000000 1.000000
0.998221 -0.057024 -0.017433 0.000000 0.053326 0.984525 -0.166934 0.081400 0.026683 0.165707 0.985814 0.000000 0.000000 0.000000 0.000000 1.000000
0.998453 -0.052434 -0.018505 0.000000 0.049054 0.987336 -0.150869 0.081400 0.026181 0.149727 0.988381 0.000000 0.000000 0.000000 0.000000 1.000000
0.998679 -0.047542 -0.019493 0.000000 0.044495 0.989890 -0.134677 0.081400 0.025699 0.133632 0.990698 0.000000 0.000000 0.000000 0.000000 1.000000
0.998890 -0.042476 -0.020354 -0.000000 0.039774 0.992149 -0.118568 0.081400 0.025230 0.117627 0.992737 0.000000 0.000000 0.000000 0.000000 1.000000
0.999082 -0.037335 -0.021019 -0.000000 0.034986 0.994088 -0.102788 0.081400 0.024732 0.101958 0.994481 0.000000 0.000000 0.000000 0.000000 1.000000
0.999250 -0.032235 -0.021476 0.000000 0.030239 0.995703 -0.087524 0.081400 0.024205 0.086808 0.995931 0.000000 0.000000 0.000000 0.000000 1.000000
0.999396 -0.027180 -0.021651 0.000000 0.025533 0.997005 -0.072999 0.081400 0.023571 0.072402 0.997097 -0.000000 0.000000 0.000000 0.000000 1.000000
0.999528 -0.022351 -0.021084 0.000000 0.021050 0.997975 -0.060016 0.081400 0.022383 0.059544 0.997975 -0.000000 0.000000 0.000000 0.000000 1.000000
0.999639 -0.017949 -0.020007 -0.000000 0.016959 0.998673 -0.048620 0.081400 0.020853 0.048263 0.998617 0.000000 0.000000 0.000000 0.000000 1.000000
0.999723 -0.013875 -0.019006 0.000000 0.013141 0.999185 -0.038166 0.081400 0.019520 0.037905 0.999091 -0.000000 0.000000 0.000000 0.000000 1.000000</float_array>
        <technique_common>
          <accessor source="#mixamorig_Spine1-Matrix-animation-output-transform-array" count="38" stride="16">
            <param type="float4x4"/>
          </accessor>
        </technique_common>
      </source>
      <source id="mixamorig_Spine1-Interpolations">
        <Name_array id="mixamorig_Spine1-Interpolations-array" count="38">
 LINEAR LINEAR LINEAR LINEAR LINEAR LINEAR LINEAR LINEAR LINEAR LINEAR LINEAR
LINEAR LINEAR LINEAR LINEAR LINEAR LINEAR LINEAR LINEAR LINEAR LINEAR LINEAR LINEAR
LINEAR LINEAR LINEAR LINEAR LINEAR LINEAR LINEAR LINEAR LINEAR LINEAR LINEAR LINEAR
LINEAR LINEAR LINEAR</Name_array>
        <technique_common>
          <accessor source="#mixamorig_Spine1-Interpolations-array" count="38">
            <param type="name"/>
          </accessor>
        </technique_common>
      </source>
      <sampler id="mixamorig_Spine1-Matrix-animation-transform">
        <input semantic="INPUT" source="#mixamorig_Spine1-Matrix-animation-input"/>
        <input semantic="OUTPUT" source="#mixamorig_Spine1-Matrix-animation-output-transform"/>
        <input semantic="INTERPOLATION" source="#mixamorig_Spine1-Interpolations"/>
      </sampler>
      <channel source="#mixamorig_Spine1-Matrix-animation-transform" target="mixamorig_Spine1/matrix"/>
      <source id="mixamorig_Spine2-Matrix-animation-input">
        <float_array id="mixamorig_Spine2-Matrix-animation-input-array" count="38">

0.000000 0.033333 0.066667 0.100000 0.133333 0.166667 0.200000 0.233333 0.266667 0.300000 0.333333 0.366667 0.400000 0.433333 0.466667 0.500000
0.533333 0.566667 0.600000 0.633333 0.666667 0.700000 0.733333 0.766667 0.800000 0.833333 0.866667 0.900000 0.933333 0.966667 1.000000 1.033333
1.066667 1.100000 1.133333 1.166667 1.200000 1.233333</float_array>
        <technique_common>
          <accessor source="#mixamorig_Spine2-Matrix-animation-input-array" count="38">
            <param name="TIME" type="float"/>
          </accessor>
        </technique_common>
      </source>
      <source id="mixamorig_Spine2-Matrix-animation-output-transform">
        <float_array id="mixamorig_Spine2-Matrix-animation-output-transform-array" count="608">

0.999731 -0.013517 -0.018840 0.000000 0.012785 0.999180 -0.038422 0.093100 0.019344 0.038171 0.999084 0.000000 0.000000 0.000000 0.000000 1.000000
0.999553 -0.021827 -0.020407 -0.000000 0.020336 0.997296 -0.070617 0.093100 0.021893 0.070170 0.997295 0.000000 0.000000 0.000000 0.000000 1.000000
0.999015 -0.027226 -0.035033 0.000000 0.023491 0.994413 -0.102914 0.093100 0.037640 0.101990 0.994073 0.000000 0.000000 0.000000 0.000000 1.000000
0.997509 -0.026673 -0.065306 0.000000 0.018189 0.991708 -0.127217 0.093100 0.068158 0.125712 0.989723 0.000000 0.000000 0.000000 0.000000 1.000000
0.996611 -0.028658 -0.077108 -0.000000 0.016305 0.987575 -0.156297 0.093100 0.080629 0.154510 0.984696 0.000000 0.000000 0.000000 0.000000 1.000000
0.997078 -0.025343 -0.072068 0.000000 0.012413 0.984578 -0.174507 0.093100 0.075379 0.173102 0.982015 0.000000 0.000000 0.000000 0.000000 1.000000
0.997458 -0.019453 -0.068549 -0.000000 0.006708 0.983376 -0.181456 0.093100 0.070939 0.180535 0.981007 0.000000 0.000000 0.000000 0.000000 1.000000
0.997700 -0.017367 -0.065526 0.000000 0.004356 0.981053 -0.193692 0.093100 0.067648 0.192961 0.978872 0.000000 0.000000 0.000000 0.000000 1.000000
0.998227 -0.014772 -0.057659 0.000000 0.002380 0.977842 -0.209331 0.093100 0.059473 0.208822 0.976144 0.000000 0.000000 0.000000 0.000000 1.000000
0.998843 -0.010809 -0.046859 0.000000 0.000042 0.974610 -0.223908 0.093100 0.048090 0.223647 0.973483 0.000000 0.000000 0.000000 0.000000 1.000000
0.999295 -0.007482 -0.036801 0.000000 -0.001418 0.971736 -0.236067 0.093100 0.037527 0.235952 0.971040 0.000000 0.000000 0.000000 0.000000 1.000000
0.999600 -0.006063 -0.027624 0.000000 -0.000955 0.968956 -0.247230 0.093100 0.028265 0.247158 0.968563 0.000000 0.000000 0.000000 0.000000 1.000000
0.999791 -0.007148 -0.019144 0.000000 0.001980 0.966303 -0.257402 0.093100 0.020338 0.257310 0.966115 -0.000000 0.000000 0.000000 0.000000 1.000000
0.999863 -0.010159 -0.013095 0.000000 0.006325 0.964207 -0.265076 0.093100 0.015320 0.264956 0.964139 0.000000 0.000000 0.000000 0.000000 1.000000
0.999864 -0.013648 -0.009277 0.000000 0.010629 0.962624 -0.270634 0.093100 0.012624 0.270498 0.962638 0.000000 0.000000 0.000000 0.000000 1.000000
0.999837 -0.017343 -0.005065 -0.000000 0.015274 0.961112 -0.275737 0.093100 0.009650 0.275615 0.961220 0.000000 0.000000 0.000000 0.000000 1.000000
0.999761 -0.021844 -0.000467 0.000000 0.020837 0.959697 -0.280265 0.093100 0.006570 0.280188 0.959923 0.000000 0.000000 0.000000 0.000000 1.000000
0.999621 -0.027453 0.002046 0.000000 0.026908 0.958664 -0.283264 0.093100 0.005815 0.283212 0.959040 0.000000 0.000000 0.000000 0.000000 1.000000
0.999391 -0.034819 0.002350 0.000000 0.034046 0.957980 -0.284809 0.093100 0.007666 0.284715 0.958581 0.000000 0.000000 0.000000 0.000000 1.000000
0.999028 -0.044058 0.001622 0.000000 0.042708 0.957985 -0.283620 0.093100 0.010941 0.283413 0.958935 -0.000000 0.000000 0.000000 0.000000 1.000000
0.998563 -0.053589 -0.001006 0.000000 0.051191 0.959106 -0.278379 0.093100 0.015883 0.277927 0.960471 0.000000 0.000000 0.000000 0.000000 1.000000
0.998143 -0.060661 -0.005477 -0.000000 0.056965 0.961574 -0.268571 0.093100 0.021558 0.267761 0.963244 -0.000000 0.000000 0.000000 0.000000 1.000000
0.997881 -0.064386 -0.009395 0.000000 0.059855 0.964943 -0.255541 0.093100 0.025519 0.254438 0.966752 0.000000 0.000000 0.000000 0.000000 1.000000
0.997736 -0.066239 -0.011627 0.000000 0.061486 0.968498 -0.241312 0.093100 0.027245 0.240051 0.970378 0.000000 0.000000 0.000000 0.000000 1.000000
0.997640 -0.067405 -0.013042 0.000000 0.062696 0.971866 -0.227037 0.093100 0.027978 0.225684 0.973799 -0.000000 0.000000 0.000000 0.000000 1.000000
0.997636 -0.067231 -0.014223 0.000000 0.062682 0.975115 -0.212655 0.093100 0.028166 0.211261 0.977024 0.000000 0.000000 0.000000 0.000000 1.000000
0.997775 -0.064882 -0.015326 -0.000000 0.060580 0.978359 -0.197846 0.093100 0.027830 0.196478 0.980113 0.000000 0.000000 0.000000 0.000000 1.000000
0.997999 -0.061063 -0.016405 0.000000 0.057053 0.981521 -0.182653 0.093100 0.027256 0.181352 0.983041 0.000000 0.000000 0.000000 0.000000 1.000000
0.998238 -0.056711 -0.017476 0.000000 0.053010 0.984535 -0.166976 0.093100 0.026675 0.165756 0.985806 -0.000000 0.000000 0.000000 0.000000 1.000000
0.998472 -0.052060 -0.018512 0.000000 0.048682 0.987346 -0.150922 0.093100 0.026134 0.149790 0.988372 0.000000 0.000000 0.000000 0.000000 1.000000
0.998698 -0.047153 -0.019459 0.000000 0.044112 0.989898 -0.134746 0.093100 0.025616 0.133713 0.990689 -0.000000 0.000000 0.000000 0.000000 1.000000
0.998911 -0.042015 -0.020280 0.000000 0.039322 0.992156 -0.118657 0.093100 0.025107 0.117730 0.992728 0.000000 0.000000 0.000000 0.000000 1.000000
0.999104 -0.036804 -0.020909 -0.000000 0.034466 0.994094 -0.102900 0.093100 0.024572 0.102087 0.994472 0.000000 0.000000 0.000000 0.000000 1.000000
0.999272 -0.031636 -0.021330 -0.000000 0.029652 0.995709 -0.087661 0.093100 0.024012 0.086965 0.995922 0.000000 0.000000 0.000000 0.000000 1.000000
0.999410 -0.026781 -0.021494 0.000000 0.025143 0.997003 -0.073169 0.093100 0.023389 0.072585 0.997088 0.000000 0.000000 0.000000 0.000000 1.000000
0.999537 -0.022082 -0.020932 0.000000 0.020787 0.997969 -0.060216 0.093100 0.022219 0.059753 0.997966 0.000000 0.000000 0.000000 0.000000 1.000000
0.999647 -0.017634 -0.019847 -0.000000 0.016647 0.998667 -0.048848 0.093100 0.020682 0.048501 0.998609 0.000000 0.000000 0.000000 0.000000 1.000000
0.999731 -0.013517 -0.018840 0.000000 0.012785 0.999180 -0.038422 0.093100 0.019344 0.038171 0.999084 0.000000 0.000000 0.000000 0.000000 1.000000</float_array>
        <technique_common>
          <accessor source="#mixamorig_Spine2-Matrix-animation-output-transform-array" count="38" stride="16">
            <param type="float4x4"/>
          </accessor>
        </technique_common>
      </source>
      <source id="mixamorig_Spine2-Interpolations">
        <Name_array id="mixamorig_Spine2-Interpolations-array" count="38">
 LINEAR LINEAR LINEAR LINEAR LINEAR LINEAR LINEAR LINEAR LINEAR LINEAR LINEAR
LINEAR LINEAR LINEAR LINEAR LINEAR LINEAR LINEAR LINEAR LINEAR LINEAR LINEAR LINEAR
LINEAR LINEAR LINEAR LINEAR LINEAR LINEAR LINEAR LINEAR LINEAR LINEAR LINEAR LINEAR
LINEAR LINEAR LINEAR</Name_array>
        <technique_common>
          <accessor source="#mixamorig_Spine2-Interpolations-array" count="38">
            <param type="name"/>
          </accessor>
        </technique_common>
      </source>
      <sampler id="mixamorig_Spine2-Matrix-animation-transform">
        <input semantic="INPUT" source="#mixamorig_Spine2-Matrix-animation-input"/>
        <input semantic="OUTPUT" source="#mixamorig_Spine2-Matrix-animation-output-transform"/>
        <input semantic="INTERPOLATION" source="#mixamorig_Spine2-Interpolations"/>
      </sampler>
      <channel source="#mixamorig_Spine2-Matrix-animation-transform" target="mixamorig_Spine2/matrix"/>
      <source id="mixamorig_Neck-Matrix-animation-input">
        <float_array id="mixamorig_Neck-Matrix-animation-input-array" count="38">

0.000000 0.033333 0.066667 0.100000 0.133333 0.166667 0.200000 0.233333 0.266667 0.300000 0.333333 0.366667 0.400000 0.433333 0.466667 0.500000
