<?xml version="1.0" encoding="utf-8"?>
<COLLADA xmlns="http://www.collada.org/2005/11/COLLADASchema" version="1.4.1">
  <asset>
    <contributor>
      <author>Mixamo</author>
      <authoring_tool>COLLADA Mixamo exporter</authoring_tool>
      <comments/>
    </contributor>
    <created>2024-06-27T09:58:10Z</created>
    <modified>2024-06-27T09:58:10Z</modified>
    <revision/>
    <title/>
    <unit meter="0.010000"/>
    <up_axis>Y_UP</up_axis>
  </asset>
  <library_animations>
    <animation>
      <source id="mixamorig10_Hips-Matrix-animation-input">
        <float_array id="mixamorig10_Hips-Matrix-animation-input-array" count="264">

0.000000 0.033333 0.066667 0.100000 0.133333 0.166667 0.200000 0.233333 0.266667 0.300000 0.333333 0.366667 0.400000 0.433333 0.466667 0.500000
0.533333 0.566667 0.600000 0.633333 0.666667 0.700000 0.733333 0.766667 0.800000 0.833333 0.866667 0.900000 0.933333 0.966667 1.000000 1.033333
1.066667 1.100000 1.133333 1.166667 1.200000 1.233333 1.266667 1.300000 1.333333 1.366667 1.400000 1.433333 1.466667 1.500000 1.533333 1.566667
1.600000 1.633333 1.666667 1.700000 1.733333 1.766667 1.800000 1.833333 1.866667 1.900000 1.933333 1.966667 2.000000 2.033333 2.066667 2.100000
2.133333 2.166667 2.200000 2.233333 2.266667 2.300000 2.333333 2.366667 2.400000 2.433333 2.466667 2.500000 2.533333 2.566667 2.600000 2.633333
2.666667 2.700000 2.733333 2.766667 2.800000 2.833333 2.866667 2.900000 2.933333 2.966667 3.000000 3.033333 3.066667 3.100000 3.133333 3.166667
3.200000 3.233333 3.266667 3.300000 3.333333 3.366667 3.400000 3.433333 3.466667 3.500000 3.533333 3.566667 3.600000 3.633333 3.666667 3.700000
3.733333 3.766667 3.800000 3.833333 3.866667 3.900000 3.933333 3.966667 4.000000 4.033333 4.066667 4.100000 4.133333 4.166667 4.200000 4.233333
4.266667 4.300000 4.333333 4.366667 4.400000 4.433333 4.466667 4.500000 4.533333 4.566667 4.600000 4.633333 4.666667 4.700000 4.733333 4.766667
4.800000 4.833333 4.866667 4.900000 4.933333 4.966667 5.000000 5.033333 5.066667 5.100000 5.133333 5.166667 5.200000 5.233333 5.266667 5.300000
5.333333 5.366667 5.400000 5.433333 5.466667 5.500000 5.533333 5.566667 5.600000 5.633333 5.666667 5.700000 5.733333 5.766667 5.800000 5.833333
5.866667 5.900000 5.933333 5.966667 6.000000 6.033333 6.066667 6.100000 6.133333 6.166667 6.200000 6.233333 6.266667 6.300000 6.333333 6.366667
6.400000 6.433333 6.466667 6.500000 6.533333 6.566667 6.600000 6.633333 6.666667 6.700000 6.733333 6.766667 6.800000 6.833333 6.866667 6.900000
6.933333 6.966667 7.000000 7.033333 7.066667 7.100000 7.133333 7.166667 7.200000 7.233333 7.266667 7.300000 7.333333 7.366667 7.400000 7.433333
7.466667 7.500000 7.533333 7.566667 7.600000 7.633333 7.666667 7.700000 7.733333 7.766667 7.800000 7.833333 7.866667 7.900000 7.933333 7.966667
8.000000 8.033333 8.066667 8.100000 8.133333 8.166667 8.200000 8.233333 8.266667 8.300000 8.333333 8.366667 8.400000 8.433333 8.466667 8.500000
8.533333 8.566667 8.600000 8.633333 8.666667 8.700000 8.733333 8.766667</float_array>
        <technique_common>
          <accessor source="#mixamorig10_Hips-Matrix-animation-input-array" count="264">
            <param name="TIME" type="float"/>
          </accessor>
        </technique_common>
      </source>
      <source id="mixamorig10_Hips-Matrix-animation-output-transform">
        <float_array id="mixamorig10_Hips-Matrix-animation-output-transform-array" count="4224">

0.990703 0.083984 -0.107028 -1.438151 -0.077867 0.995150 0.060110 93.561363 0.111557 -0.051217 0.992437 0.058118 0.000000 0.000000 0.000000 1.000000
0.990769 0.083818 -0.106545 -1.437043 -0.077765 0.995179 0.059754 93.564819 0.111040 -0.050917 0.992511 0.076998 0.000000 0.000000 0.000000 1.000000
0.990834 0.083600 -0.106112 -1.435756 -0.077604 0.995211 0.059436 93.568810 0.110573 -0.050656 0.992576 0.098269 0.000000 0.000000 0.000000 1.000000
0.990895 0.083320 -0.105760 -1.433972 -0.077370 0.995245 0.059173 93.573578 0.110187 -0.050451 0.992630 0.122086 0.000000 0.000000 0.000000 1.000000
0.990950 0.082964 -0.105524 -1.431422 -0.077044 0.995281 0.058990 93.579247 0.109920 -0.050326 0.992665 0.148621 0.000000 0.000000 0.000000 1.000000
0.990997 0.082528 -0.105424 -1.428098 -0.076622 0.995319 0.058901 93.585724 0.109792 -0.050293 0.992681 0.177419 0.000000 0.000000 0.000000 1.000000
0.991036 0.082036 -0.105444 -1.424303 -0.076127 0.995357 0.058895 93.592735 0.109786 -0.050340 0.992680 0.207530 0.000000 0.000000 0.000000 1.000000
0.991064 0.081484 -0.105603 -1.419902 -0.075555 0.995396 0.058979 93.600609 0.109922 -0.050473 0.992658 0.239569 0.000000 0.000000 0.000000 1.000000
0.991073 0.080758 -0.106076 -1.413862 -0.074770 0.995438 0.059267 93.610207 0.110378 -0.050806 0.992590 0.277623 0.000000 0.000000 0.000000 1.000000
0.991047 0.079672 -0.107139 -1.404062 -0.073548 0.995488 0.059951 93.622543 0.111432 -0.051534 0.992435 0.325274 0.000000 0.000000 0.000000 1.000000
0.990975 0.078187 -0.108880 -1.388947 -0.071833 0.995543 0.061115 93.637215 0.113173 -0.052742 0.992174 0.378544 0.000000 0.000000 0.000000 1.000000
0.990865 0.076497 -0.111060 -1.369343 -0.069843 0.995591 0.062614 93.652084 0.115360 -0.054286 0.991839 0.428425 0.000000 0.000000 0.000000 1.000000
0.990738 0.074854 -0.113293 -1.347678 -0.067883 0.995626 0.064186 93.664322 0.117602 -0.055901 0.991486 0.470412 0.000000 0.000000 0.000000 1.000000
0.990626 0.073390 -0.115210 -1.326325 -0.066130 0.995650 0.065627 93.672523 0.119526 -0.057393 0.991171 0.506406 0.000000 0.000000 0.000000 1.000000
0.990566 0.072058 -0.116559 -1.306925 -0.064559 0.995670 0.066882 93.677658 0.120873 -0.058726 0.990929 0.539751 0.000000 0.000000 0.000000 1.000000
0.990574 0.070668 -0.117346 -1.289955 -0.062985 0.995699 0.067949 93.683067 0.121643 -0.059917 0.990764 0.572586 0.000000 0.000000 0.000000 1.000000
0.990630 0.069022 -0.117849 -1.274521 -0.061199 0.995754 0.068765 93.692169 0.122095 -0.060908 0.990648 0.607216 0.000000 0.000000 0.000000 1.000000
0.990705 0.067068 -0.118343 -1.259740 -0.059141 0.995843 0.069276 93.705269 0.122497 -0.061633 0.990553 0.646635 0.000000 0.000000 0.000000 1.000000
0.990792 0.064942 -0.118801 -1.246367 -0.056937 0.995951 0.069575 93.719299 0.122838 -0.062170 0.990478 0.691772 0.000000 0.000000 0.000000 1.000000
0.990910 0.062811 -0.118966 -1.237051 -0.054755 0.996056 0.069824 93.731331 0.122883 -0.062675 0.990440 0.739797 0.000000 0.000000 0.000000 1.000000
0.991070 0.060747 -0.118704 -1.234545 -0.052669 0.996152 0.070049 93.741844 0.122503 -0.063172 0.990456 0.787438 0.000000 0.000000 0.000000 1.000000
0.991250 0.058743 -0.118210 -1.239601 -0.050668 0.996246 0.070196 93.753769 0.121890 -0.063592 0.990504 0.835423 0.000000 0.000000 0.000000 1.000000
0.991401 0.056812 -0.117886 -1.250408 -0.048731 0.996332 0.070338 93.768951 0.121450 -0.063988 0.990533 0.887860 0.000000 0.000000 0.000000 1.000000
0.991481 0.054980 -0.118078 -1.264298 -0.046837 0.996400 0.070661 93.786957 0.121538 -0.064528 0.990487 0.948048 0.000000 0.000000 0.000000 1.000000
0.991479 0.053198 -0.118909 -1.279944 -0.044927 0.996450 0.071190 93.807571 0.122274 -0.065241 0.990350 1.016084 0.000000 0.000000 0.000000 1.000000
0.991413 0.051377 -0.120251 -1.297736 -0.042948 0.996503 0.071672 93.829872 0.123513 -0.065892 0.990153 1.090201 0.000000 0.000000 0.000000 1.000000
0.991315 0.049489 -0.121844 -1.319412 -0.040928 0.996579 0.071795 93.852325 0.124980 -0.066185 0.989949 1.168146 0.000000 0.000000 0.000000 1.000000
0.991215 0.047620 -0.123394 -1.346352 -0.038988 0.996682 0.071449 93.872337 0.126387 -0.066011 0.989782 1.247182 0.000000 0.000000 0.000000 1.000000
0.991136 0.045969 -0.124642 -1.379336 -0.037326 0.996791 0.070812 93.886963 0.127497 -0.065532 0.989672 1.323448 0.000000 0.000000 0.000000 1.000000
0.991088 0.044763 -0.125459 -1.418520 -0.036136 0.996877 0.070215 93.894814 0.128211 -0.065056 0.989611 1.393376 0.000000 0.000000 0.000000 1.000000
0.991053 0.044142 -0.125955 -1.463610 -0.035513 0.996918 0.069953 93.897171 0.128654 -0.064854 0.989567 1.455153 0.000000 0.000000 0.000000 1.000000
0.990997 0.044033 -0.126437 -1.512367 -0.035347 0.996911 0.070135 93.897018 0.129134 -0.065034 0.989492 1.508638 0.000000 0.000000 0.000000 1.000000
0.990892 0.044127 -0.127224 -1.560610 -0.035324 0.996876 0.070640 93.897408 0.129944 -0.065502 0.989355 1.555181 0.000000 0.000000 0.000000 1.000000
0.990733 0.044066 -0.128474 -1.604406 -0.035103 0.996843 0.071219 93.900192 0.131207 -0.066049 0.989152 1.598211 0.000000 0.000000 0.000000 1.000000
0.990525 0.043686 -0.130202 -1.642792 -0.034542 0.996830 0.071675 93.906204 0.132920 -0.066499 0.988893 1.642545 0.000000 0.000000 0.000000 1.000000
0.990269 0.043063 -0.132338 -1.676945 -0.033730 0.996836 0.071979 93.915382 0.135019 -0.066815 0.988588 1.691475 0.000000 0.000000 0.000000 1.000000
0.989976 0.042384 -0.134723 -1.707537 -0.032846 0.996846 0.072245 93.926270 0.137361 -0.067096 0.988246 1.744083 0.000000 0.000000 0.000000 1.000000
0.989675 0.041778 -0.137107 -1.734376 -0.032016 0.996844 0.072647 93.936844 0.139709 -0.067507 0.987889 1.795560 0.000000 0.000000 0.000000 1.000000
0.989395 0.041293 -0.139257 -1.757513 -0.031286 0.996819 0.073297 93.946060 0.141841 -0.068163 0.987540 1.839925 0.000000 0.000000 0.000000 1.000000
0.989144 0.040974 -0.141123 -1.777618 -0.030708 0.996773 0.074172 93.954506 0.143707 -0.069033 0.987210 1.872715 0.000000 0.000000 0.000000 1.000000
0.988901 0.040913 -0.142833 -1.794540 -0.030389 0.996712 0.075106 93.962692 0.145436 -0.069932 0.986893 1.892352 0.000000 0.000000 0.000000 1.000000
0.988647 0.041226 -0.144489 -1.806636 -0.030465 0.996649 0.075917 93.968636 0.147135 -0.070653 0.986590 1.899866 0.000000 0.000000 0.000000 1.000000
0.988398 0.042014 -0.145963 -1.811450 -0.031062 0.996584 0.076523 93.968918 0.148679 -0.071101 0.986326 1.896490 0.000000 0.000000 0.000000 1.000000
0.988187 0.043357 -0.146990 -1.808393 -0.032277 0.996512 0.076950 93.963120 0.149814 -0.071297 0.986140 1.880555 0.000000 0.000000 0.000000 1.000000
0.988016 0.045291 -0.147557 -1.799458 -0.034148 0.996431 0.077197 93.955055 0.150527 -0.071233 0.986036 1.847660 0.000000 0.000000 0.000000 1.000000
0.987820 0.047778 -0.148083 -1.786607 -0.036627 0.996347 0.077139 93.947540 0.151228 -0.070775 0.985962 1.795123 0.000000 0.000000 0.000000 1.000000
0.987536 0.050696 -0.149006 -1.768104 -0.039579 0.996272 0.076653 93.937462 0.152337 -0.069800 0.985861 1.724974 0.000000 0.000000 0.000000 1.000000
0.987204 0.053868 -0.150086 -1.740349 -0.042839 0.996204 0.075776 93.917618 0.153598 -0.068376 0.985765 1.641540 0.000000 0.000000 0.000000 1.000000
0.986989 0.057033 -0.150334 -1.704159 -0.046197 0.996142 0.074613 93.886261 0.154010 -0.066698 0.985816 1.548318 0.000000 0.000000 0.000000 1.000000
0.987036 0.059805 -0.148940 -1.666236 -0.049310 0.996098 0.073190 93.853195 0.152736 -0.064897 0.986134 1.448776 0.000000 0.000000 0.000000 1.000000
0.987307 0.061856 -0.146284 -1.631694 -0.051805 0.996091 0.071547 93.830925 0.150138 -0.063061 0.986652 1.348175 0.000000 0.000000 0.000000 1.000000
0.987590 0.063161 -0.143796 -1.597035 -0.053528 0.996116 0.069907 93.825157 0.147653 -0.061342 0.987135 1.253158 0.000000 0.000000 0.000000 1.000000
0.987696 0.064042 -0.142673 -1.553667 -0.054693 0.996150 0.068517 93.831894 0.146512 -0.059870 0.987395 1.170646 0.000000 0.000000 0.000000 1.000000
0.987623 0.064849 -0.142815 -1.497990 -0.055664 0.996172 0.067400 93.842873 0.146640 -0.058616 0.987452 1.106410 0.000000 0.000000 0.000000 1.000000
0.987533 0.065685 -0.143054 -1.435114 -0.056630 0.996180 0.066476 93.851112 0.146874 -0.057546 0.987480 1.061118 0.000000 0.000000 0.000000 1.000000
0.987594 0.066490 -0.142255 -1.373487 -0.057586 0.996168 0.065822 93.853424 0.146086 -0.056813 0.987639 1.026560 0.000000 0.000000 0.000000 1.000000
0.987847 0.067287 -0.140109 -1.319001 -0.058546 0.996127 0.065600 93.850044 0.143980 -0.056600 0.987961 0.989283 0.000000 0.000000 0.000000 1.000000
0.988210 0.068219 -0.137068 -1.273625 -0.059634 0.996049 0.065798 93.842331 0.141015 -0.056848 0.988374 0.940457 0.000000 0.000000 0.000000 1.000000
0.988569 0.069381 -0.133860 -1.236123 -0.060928 0.995941 0.066248 93.831856 0.137913 -0.057335 0.988783 0.881254 0.000000 0.000000 0.000000 1.000000
0.988841 0.070680 -0.131140 -1.202795 -0.062313 0.995816 0.066847 93.819862 0.135316 -0.057929 0.989108 0.818453 0.000000 0.000000 0.000000 1.000000
0.988984 0.071884 -0.129399 -1.169921 -0.063533 0.995691 0.067551 93.807953 0.133698 -0.058586 0.989289 0.757307 0.000000 0.000000 0.000000 1.000000
0.988984 0.072791 -0.128890 -1.136978 -0.064389 0.995591 0.068205 93.798431 0.133286 -0.059154 0.989311 0.699462 0.000000 0.000000 0.000000 1.000000
0.988860 0.073411 -0.129484 -1.106078 -0.064928 0.995532 0.068563 93.792801 0.133939 -0.059392 0.989208 0.645737 0.000000 0.000000 0.000000 1.000000
0.988666 0.073963 -0.130650 -1.078089 -0.065419 0.995502 0.068523 93.790215 0.135130 -0.059199 0.989058 0.597696 0.000000 0.000000 0.000000 1.000000
0.988470 0.074644 -0.131742 -1.051276 -0.066079 0.995479 0.068233 93.789139 0.136240 -0.058741 0.988933 0.555427 0.000000 0.000000 0.000000 1.000000
0.988320 0.075424 -0.132420 -1.023481 -0.066858 0.995443 0.067991 93.788345 0.136945 -0.058343 0.988859 0.515057 0.000000 0.000000 0.000000 1.000000
0.988223 0.076127 -0.132741 -0.994793 -0.067542 0.995395 0.068027 93.786789 0.137308 -0.058260 0.988814 0.470368 0.000000 0.000000 0.000000 1.000000
0.988161 0.076689 -0.132877 -0.967157 -0.068059 0.995339 0.068326 93.783333 0.137497 -0.058474 0.988775 0.417910 0.000000 0.000000 0.000000 1.000000
0.988118 0.077240 -0.132883 -0.942045 -0.068566 0.995281 0.068658 93.777588 0.137559 -0.058731 0.988751 0.360079 0.000000 0.000000 0.000000 1.000000
0.988081 0.077898 -0.132772 -0.918726 -0.069212 0.995224 0.068833 93.771164 0.137500 -0.058823 0.988754 0.302859 0.000000 0.000000 0.000000 1.000000
0.988040 0.078594 -0.132666 -0.894727 -0.069906 0.995169 0.068927 93.767014 0.137443 -0.058829 0.988761 0.251574 0.000000 0.000000 0.000000 1.000000
0.987987 0.079106 -0.132755 -0.868121 -0.070385 0.995120 0.069154 93.767258 0.137578 -0.058979 0.988733 0.209188 0.000000 0.000000 0.000000 1.000000
0.987922 0.079282 -0.133134 -0.839532 -0.070482 0.995085 0.069561 93.771484 0.137994 -0.059337 0.988654 0.176802 0.000000 0.000000 0.000000 1.000000
0.987857 0.079192 -0.133667 -0.811610 -0.070305 0.995070 0.069955 93.777382 0.138548 -0.059708 0.988554 0.154078 0.000000 0.000000 0.000000 1.000000
0.987817 0.079072 -0.134038 -0.786991 -0.070135 0.995068 0.070141 93.782715 0.138923 -0.059886 0.988491 0.139804 0.000000 0.000000 0.000000 1.000000
0.987826 0.079100 -0.133954 -0.766448 -0.070167 0.995066 0.070147 93.786285 0.138841 -0.059894 0.988502 0.132795 0.000000 0.000000 0.000000 1.000000
0.987888 0.079265 -0.133397 -0.748887 -0.070360 0.995048 0.070201 93.787804 0.138301 -0.059965 0.988573 0.131353 0.000000 0.000000 0.000000 1.000000
0.987969 0.079468 -0.132674 -0.732823 -0.070558 0.995008 0.070569 93.787086 0.137620 -0.060359 0.988644 0.131579 0.000000 0.000000 0.000000 1.000000
0.988015 0.079682 -0.132199 -0.717995 -0.070692 0.994942 0.071367 93.784065 0.137217 -0.061166 0.988651 0.127896 0.000000 0.000000 0.000000 1.000000
0.987997 0.079954 -0.132168 -0.705783 -0.070818 0.994856 0.072436 93.779831 0.137280 -0.062207 0.988577 0.116639 0.000000 0.000000 0.000000 1.000000
0.987936 0.080285 -0.132430 -0.697632 -0.071001 0.994772 0.073401 93.775406 0.137631 -0.063113 0.988471 0.098767 0.000000 0.000000 0.000000 1.000000
0.987880 0.080598 -0.132651 -0.693724 -0.071235 0.994719 0.073888 93.771172 0.137905 -0.063543 0.988405 0.078545 0.000000 0.000000 0.000000 1.000000
0.987862 0.080804 -0.132662 -0.693408 -0.071460 0.994713 0.073755 93.767105 0.137920 -0.063380 0.988413 0.060120 0.000000 0.000000 0.000000 1.000000
0.987862 0.080853 -0.132633 -0.695906 -0.071592 0.994746 0.073177 93.763588 0.137853 -0.062793 0.988460 0.045530 0.000000 0.000000 0.000000 1.000000
0.987841 0.080759 -0.132847 -0.700529 -0.071575 0.994796 0.072518 93.761833 0.138012 -0.062127 0.988480 0.034804 0.000000 0.000000 0.000000 1.000000
0.987793 0.080607 -0.133297 -0.706031 -0.071457 0.994837 0.072064 93.762581 0.138418 -0.061659 0.988453 0.026502 0.000000 0.000000 0.000000 1.000000
0.987757 0.080541 -0.133603 -0.711129 -0.071406 0.994858 0.071819 93.764664 0.138701 -0.061400 0.988429 0.018131 0.000000 0.000000 0.000000 1.000000
0.987773 0.080694 -0.133394 -0.714971 -0.071608 0.994861 0.071575 93.765137 0.138484 -0.061148 0.988475 0.007517 0.000000 0.000000 0.000000 1.000000
0.987834 0.081076 -0.132702 -0.717645 -0.072090 0.994855 0.071181 93.761223 0.137791 -0.060748 0.988597 -0.005343 0.000000 0.000000 0.000000 1.000000
0.987904 0.081522 -0.131906 -0.720072 -0.072653 0.994847 0.070716 93.752823 0.136991 -0.060277 0.988737 -0.018124 0.000000 0.000000 0.000000 1.000000
0.987956 0.081820 -0.131331 -0.723107 -0.073035 0.994843 0.070375 93.742584 0.136412 -0.059936 0.988837 -0.028179 0.000000 0.000000 0.000000 1.000000
0.987986 0.081888 -0.131063 -0.727214 -0.073138 0.994845 0.070246 93.733910 0.136139 -0.059816 0.988882 -0.034604 0.000000 0.000000 0.000000 1.000000
0.987995 0.081799 -0.131056 -0.732318 -0.073049 0.994852 0.070239 93.728508 0.136127 -0.059823 0.988884 -0.038213 0.000000 0.000000 0.000000 1.000000
0.987983 0.081629 -0.131249 -0.738017 -0.072872 0.994868 0.070201 93.726273 0.136306 -0.059793 0.988861 -0.039458 0.000000 0.000000 0.000000 1.000000
0.987970 0.081313 -0.131544 -0.743917 -0.072562 0.994904 0.070007 93.726967 0.136566 -0.059620 0.988835 -0.036821 0.000000 0.000000 0.000000 1.000000
0.987979 0.080694 -0.131855 -0.750280 -0.071988 0.994980 0.069521 93.731056 0.136803 -0.059193 0.988828 -0.027804 0.000000 0.000000 0.000000 1.000000
0.988006 0.079749 -0.132228 -0.757624 -0.071142 0.995105 0.068595 93.738678 0.137051 -0.058365 0.988843 -0.011892 0.000000 0.000000 0.000000 1.000000
0.988015 0.078689 -0.132791 -0.765924 -0.070222 0.995259 0.067293 93.748512 0.137457 -0.057162 0.988857 0.007985 0.000000 0.000000 0.000000 1.000000
0.987987 0.077817 -0.133516 -0.774254 -0.069473 0.995394 0.066058 93.758331 0.138041 -0.055988 0.988843 0.027875 0.000000 0.000000 0.000000 1.000000
0.987952 0.077253 -0.134100 -0.781450 -0.068959 0.995471 0.065432 93.765747 0.138548 -0.055396 0.988805 0.046073 0.000000 0.000000 0.000000 1.000000
0.987974 0.076851 -0.134170 -0.787827 -0.068534 0.995493 0.065549 93.769554 0.138603 -0.055565 0.988788 0.062805 0.000000 0.000000 0.000000 1.000000
0.988087 0.076416 -0.133585 -0.794952 -0.068059 0.995493 0.066050 93.769173 0.138030 -0.056171 0.988834 0.077803 0.000000 0.000000 0.000000 1.000000
0.988260 0.075917 -0.132587 -0.803822 -0.067550 0.995497 0.066504 93.765350 0.137038 -0.056767 0.988938 0.090479 0.000000 0.000000 0.000000 1.000000
0.988418 0.075432 -0.131683 -0.813262 -0.067081 0.995512 0.066746 93.760490 0.136127 -0.057139 0.989042 0.102603 0.000000 0.000000 0.000000 1.000000
0.988503 0.074909 -0.131344 -0.820110 -0.066562 0.995541 0.066835 93.757805 0.135765 -0.057324 0.989081 0.118068 0.000000 0.000000 0.000000 1.000000
0.988515 0.074136 -0.131691 -0.821670 -0.065755 0.995591 0.066894 93.758850 0.136070 -0.057466 0.989031 0.138528 0.000000 0.000000 0.000000 1.000000
0.988497 0.073001 -0.132452 -0.818399 -0.064550 0.995662 0.067018 93.763237 0.136770 -0.057697 0.988921 0.160896 0.000000 0.000000 0.000000 1.000000
0.988489 0.071678 -0.133234 -0.814465 -0.063141 0.995737 0.067235 93.768494 0.137485 -0.058049 0.988801 0.181063 0.000000 0.000000 0.000000 1.000000
0.988496 0.070450 -0.133837 -0.814687 -0.061830 0.995801 0.067511 93.772842 0.138031 -0.058459 0.988701 0.198954 0.000000 0.000000 0.000000 1.000000
0.988507 0.069421 -0.134296 -0.821057 -0.060725 0.995849 0.067805 93.775810 0.138446 -0.058871 0.988619 0.218553 0.000000 0.000000 0.000000 1.000000
0.988514 0.068490 -0.134720 -0.832841 -0.059720 0.995889 0.068102 93.778923 0.138831 -0.059275 0.988541 0.243689 0.000000 0.000000 0.000000 1.000000
0.988515 0.067550 -0.135188 -0.849536 -0.058708 0.995932 0.068362 93.782715 0.139256 -0.059640 0.988459 0.274991 0.000000 0.000000 0.000000 1.000000
0.988500 0.066592 -0.135772 -0.871896 -0.057683 0.995980 0.068532 93.787315 0.139790 -0.059912 0.988367 0.310364 0.000000 0.000000 0.000000 1.000000
0.988459 0.065643 -0.136526 -0.899447 -0.056662 0.996029 0.068666 93.791855 0.140492 -0.060138 0.988254 0.346765 0.000000 0.000000 0.000000 1.000000
0.988402 0.064698 -0.137389 -0.929615 -0.055616 0.996069 0.068945 93.795486 0.141309 -0.060505 0.988115 0.381040 0.000000 0.000000 0.000000 1.000000
0.988363 0.063730 -0.138117 -0.960041 -0.054519 0.996093 0.069475 93.797989 0.142005 -0.061137 0.987976 0.410665 0.000000 0.000000 0.000000 1.000000
0.988385 0.062736 -0.138417 -0.991073 -0.053410 0.996109 0.070096 93.800125 0.142276 -0.061889 0.987890 0.435435 0.000000 0.000000 0.000000 1.000000
0.988481 0.061746 -0.138180 -1.024472 -0.052370 0.996136 0.070495 93.802429 0.141999 -0.062447 0.987895 0.458238 0.000000 0.000000 0.000000 1.000000
0.988622 0.060784 -0.137595 -1.060183 -0.051436 0.996184 0.070504 93.805702 0.141356 -0.062624 0.987976 0.482472 0.000000 0.000000 0.000000 1.000000
0.988759 0.059814 -0.137032 -1.094998 -0.050532 0.996249 0.070240 93.809204 0.140720 -0.062526 0.988073 0.508461 0.000000 0.000000 0.000000 1.000000
0.988852 0.058739 -0.136824 -1.124737 -0.049503 0.996321 0.069955 93.812408 0.140430 -0.062402 0.988122 0.533467 0.000000 0.000000 0.000000 1.000000
0.988885 0.057509 -0.137112 -1.147925 -0.048267 0.996392 0.069804 93.815041 0.140631 -0.062410 0.988093 0.554943 0.000000 0.000000 0.000000 1.000000
0.988855 0.056244 -0.137851 -1.166873 -0.046949 0.996457 0.069774 93.817360 0.141287 -0.062524 0.987992 0.573601 0.000000 0.000000 0.000000 1.000000
0.988763 0.055194 -0.138930 -1.185544 -0.045823 0.996510 0.069769 93.819656 0.142296 -0.062619 0.987842 0.592853 0.000000 0.000000 0.000000 1.000000
0.988610 0.054511 -0.140285 -1.205871 -0.045058 0.996550 0.069702 93.822342 0.143600 -0.062587 0.987655 0.615947 0.000000 0.000000 0.000000 1.000000
0.988398 0.054103 -0.141921 -1.226388 -0.044568 0.996584 0.069529 93.826370 0.145198 -0.062397 0.987433 0.643737 0.000000 0.000000 0.000000 1.000000
0.988144 0.053754 -0.143810 -1.244747 -0.044135 0.996622 0.069262 93.832123 0.147047 -0.062093 0.987179 0.674880 0.000000 0.000000 0.000000 1.000000
0.987879 0.053316 -0.145784 -1.259798 -0.043614 0.996666 0.068958 93.839005 0.148975 -0.061764 0.986910 0.707320 0.000000 0.000000 0.000000 1.000000
0.987643 0.052772 -0.147567 -1.272161 -0.042994 0.996712 0.068683 93.845360 0.150706 -0.061490 0.986664 0.739358 0.000000 0.000000 0.000000 1.000000
0.987476 0.052209 -0.148883 -1.283277 -0.042377 0.996753 0.068465 93.850220 0.151974 -0.061298 0.986482 0.769570 0.000000 0.000000 0.000000 1.000000
0.987392 0.051842 -0.149566 -1.294638 -0.041988 0.996780 0.068307 93.853554 0.152626 -0.061166 0.986389 0.796262 0.000000 0.000000 0.000000 1.000000
0.987378 0.051979 -0.149610 -1.306818 -0.042133 0.996778 0.068247 93.855087 0.152676 -0.061082 0.986387 0.816684 0.000000 0.000000 0.000000 1.000000
0.987401 0.052849 -0.149153 -1.319514 -0.043018 0.996731 0.068383 93.853195 0.152279 -0.061105 0.986447 0.826822 0.000000 0.000000 0.000000 1.000000
0.987435 0.054406 -0.148364 -1.332440 -0.044583 0.996637 0.068750 93.846512 0.151606 -0.061271 0.986540 0.823266 0.000000 0.000000 0.000000 1.000000
0.987486 0.056338 -0.147300 -1.346842 -0.046540 0.996521 0.069140 93.835480 0.150682 -0.061420 0.986672 0.806638 0.000000 0.000000 0.000000 1.000000
0.987578 0.058305 -0.145912 -1.364800 -0.048616 0.996423 0.069118 93.821609 0.149421 -0.061166 0.986880 0.783537 0.000000 0.000000 0.000000 1.000000
0.987710 0.060205 -0.144240 -1.387586 -0.050752 0.996370 0.068346 93.805496 0.147832 -0.060186 0.987180 0.763767 0.000000 0.000000 0.000000 1.000000
0.987837 0.062197 -0.142514 -1.413820 -0.053074 0.996344 0.066950 93.786209 0.146157 -0.058572 0.987526 0.753525 0.000000 0.000000 0.000000 1.000000
0.987914 0.064425 -0.140979 -1.440511 -0.055625 0.996301 0.065501 93.764847 0.144677 -0.056867 0.987843 0.749574 0.000000 0.000000 0.000000 1.000000
0.987947 0.066766 -0.139657 -1.465117 -0.058197 0.996215 0.064567 93.745911 0.143439 -0.055661 0.988093 0.741247 0.000000 0.000000 0.000000 1.000000
0.987981 0.068913 -0.138366 -1.486335 -0.060475 0.996097 0.064292 93.732941 0.142256 -0.055152 0.988292 0.720468 0.000000 0.000000 0.000000 1.000000
0.988049 0.070682 -0.136977 -1.502389 -0.062323 0.995977 0.064387 93.724312 0.140977 -0.055081 0.988479 0.689763 0.000000 0.000000 0.000000 1.000000
0.988142 0.072111 -0.135555 -1.511351 -0.063842 0.995881 0.064390 93.715332 0.139640 -0.054972 0.988675 0.659721 0.000000 0.000000 0.000000 1.000000
0.988227 0.073307 -0.134288 -1.513867 -0.065191 0.995827 0.063871 93.704575 0.138410 -0.054364 0.988882 0.640336 0.000000 0.000000 0.000000 1.000000
0.988282 0.074284 -0.133341 -1.514128 -0.066402 0.995826 0.062626 93.695152 0.137436 -0.053038 0.989090 0.635776 0.000000 0.000000 0.000000 1.000000
0.988301 0.075020 -0.132790 -1.516543 -0.067412 0.995865 0.060901 93.689888 0.136810 -0.051237 0.989271 0.644711 0.000000 0.000000 0.000000 1.000000
0.988279 0.075603 -0.132626 -1.522167 -0.068230 0.995906 0.059290 93.687386 0.136566 -0.049545 0.989391 0.662169 0.000000 0.000000 0.000000 1.000000
0.988209 0.076240 -0.132779 -1.530046 -0.069007 0.995914 0.058261 93.684113 0.136678 -0.048411 0.989432 0.680807 0.000000 0.000000 0.000000 1.000000
0.988092 0.077103 -0.133153 -1.539728 -0.069912 0.995873 0.057867 93.678238 0.137066 -0.047869 0.989405 0.693245 0.000000 0.000000 0.000000 1.000000
0.987935 0.078180 -0.133686 -1.551436 -0.070964 0.995796 0.057922 93.671028 0.137652 -0.047736 0.989330 0.695856 0.000000 0.000000 0.000000 1.000000
0.987755 0.079287 -0.134365 -1.563996 -0.071996 0.995700 0.058287 93.664810 0.138409 -0.047900 0.989216 0.690675 0.000000 0.000000 0.000000 1.000000
0.987569 0.080231 -0.135171 -1.575029 -0.072819 0.995603 0.058920 93.661148 0.139304 -0.048345 0.989069 0.682576 0.000000 0.000000 0.000000 1.000000
0.987396 0.080973 -0.135990 -1.583279 -0.073406 0.995510 0.059769 93.659927 0.140219 -0.049033 0.988906 0.674306 0.000000 0.000000 0.000000 1.000000
0.987257 0.081609 -0.136614 -1.589346 -0.073880 0.995416 0.060731 93.659828 0.140944 -0.049864 0.988761 0.664729 0.000000 0.000000 0.000000 1.000000
0.987175 0.082231 -0.136833 -1.594306 -0.074360 0.995322 0.061678 93.659454 0.141264 -0.050712 0.988672 0.651124 0.000000 0.000000 0.000000 1.000000
0.987163 0.082834 -0.136558 -1.598121 -0.074868 0.995234 0.062482 93.658386 0.141082 -0.051457 0.988660 0.632074 0.000000 0.000000 0.000000 1.000000
0.987216 0.083354 -0.135858 -1.599878 -0.075346 0.995161 0.063066 93.656837 0.140457 -0.052024 0.988719 0.608052 0.000000 0.000000 0.000000 1.000000
0.987309 0.083769 -0.134917 -1.598135 -0.075750 0.995102 0.063521 93.654884 0.139578 -0.052495 0.988819 0.580073 0.000000 0.000000 0.000000 1.000000
0.987412 0.084135 -0.133935 -1.590953 -0.076090 0.995038 0.064099 93.652008 0.138663 -0.053101 0.988915 0.548645 0.000000 0.000000 0.000000 1.000000
0.987501 0.084526 -0.133027 -1.576364 -0.076418 0.994960 0.064928 93.648132 0.137845 -0.053951 0.988983 0.513669 0.000000 0.000000 0.000000 1.000000
0.987575 0.084941 -0.132212 -1.554193 -0.076768 0.994879 0.065739 93.644630 0.137119 -0.054773 0.989039 0.475572 0.000000 0.000000 0.000000 1.000000
0.987644 0.085286 -0.131476 -1.526724 -0.077109 0.994830 0.066084 93.643326 0.136433 -0.055130 0.989114 0.436358 0.000000 0.000000 0.000000 1.000000
0.987712 0.085463 -0.130849 -1.496988 -0.077355 0.994827 0.065851 93.645218 0.135800 -0.054920 0.989213 0.399073 0.000000 0.000000 0.000000 1.000000
0.987770 0.085478 -0.130398 -1.467074 -0.077461 0.994850 0.065369 93.649055 0.135314 -0.054469 0.989304 0.366049 0.000000 0.000000 0.000000 1.000000
0.987805 0.085438 -0.130161 -1.438151 -0.077486 0.994873 0.064995 93.651833 0.135047 -0.054117 0.989360 0.337452 0.000000 0.000000 0.000000 1.000000
0.987817 0.085450 -0.130058 -1.411502 -0.077528 0.994882 0.064809 93.651802 0.134930 -0.053936 0.989386 0.311326 0.000000 0.000000 0.000000 1.000000
0.987833 0.085531 -0.129883 -1.388212 -0.077622 0.994875 0.064789 93.649620 0.134759 -0.053919 0.989410 0.284811 0.000000 0.000000 0.000000 1.000000
0.987883 0.085639 -0.129435 -1.369127 -0.077727 0.994853 0.065005 93.646858 0.134336 -0.054157 0.989455 0.255949 0.000000 0.000000 0.000000 1.000000
0.987970 0.085745 -0.128697 -1.354338 -0.077807 0.994815 0.065492 93.643997 0.133645 -0.054691 0.989519 0.225277 0.000000 0.000000 0.000000 1.000000
0.988067 0.085865 -0.127874 -1.343167 -0.077893 0.994768 0.066098 93.640541 0.132881 -0.055348 0.989585 0.195710 0.000000 0.000000 0.000000 1.000000
0.988132 0.086035 -0.127253 -1.334582 -0.078035 0.994725 0.066576 93.636414 0.132309 -0.055856 0.989633 0.170385 0.000000 0.000000 0.000000 1.000000
0.988145 0.086248 -0.127003 -1.327772 -0.078234 0.994694 0.066801 93.632622 0.132091 -0.056073 0.989650 0.150354 0.000000 0.000000 0.000000 1.000000
0.988113 0.086463 -0.127110 -1.322019 -0.078437 0.994675 0.066851 93.630165 0.132213 -0.056086 0.989633 0.134472 0.000000 0.000000 0.000000 1.000000
0.988053 0.086659 -0.127443 -1.315951 -0.078604 0.994656 0.066945 93.628769 0.132563 -0.056128 0.989584 0.121175 0.000000 0.000000 0.000000 1.000000
0.987975 0.086885 -0.127895 -1.308168 -0.078763 0.994622 0.067255 93.627487 0.133051 -0.056373 0.989505 0.109480 0.000000 0.000000 0.000000 1.000000
0.987880 0.087191 -0.128417 -1.298946 -0.078979 0.994574 0.067715 93.625130 0.133624 -0.056752 0.989406 0.098064 0.000000 0.000000 0.000000 1.000000
0.987780 0.087552 -0.128941 -1.289621 -0.079260 0.994525 0.068099 93.621162 0.134197 -0.057047 0.989311 0.084462 0.000000 0.000000 0.000000 1.000000
0.987698 0.087883 -0.129340 -1.280432 -0.079540 0.994487 0.068328 93.616035 0.134632 -0.057199 0.989243 0.066231 0.000000 0.000000 0.000000 1.000000
0.987652 0.088146 -0.129517 -1.270421 -0.079767 0.994456 0.068523 93.610809 0.134839 -0.057345 0.989207 0.043011 0.000000 0.000000 0.000000 1.000000
0.987628 0.088388 -0.129534 -1.258962 -0.079982 0.994424 0.068730 93.606705 0.134887 -0.057520 0.989190 0.017247 0.000000 0.000000 0.000000 1.000000
0.987599 0.088650 -0.129574 -1.246127 -0.080237 0.994400 0.068773 93.604286 0.134945 -0.057524 0.989182 -0.007531 0.000000 0.000000 0.000000 1.000000
0.987556 0.088862 -0.129757 -1.231641 -0.080480 0.994401 0.068482 93.602654 0.135116 -0.057187 0.989178 -0.029531 0.000000 0.000000 0.000000 1.000000
0.987520 0.088903 -0.130005 -1.214360 -0.080581 0.994430 0.067938 93.600655 0.135321 -0.056614 0.989183 -0.050067 0.000000 0.000000 0.000000 1.000000
0.987518 0.088773 -0.130106 -1.193737 -0.080522 0.994473 0.067377 93.597649 0.135368 -0.056059 0.989208 -0.072032 0.000000 0.000000 0.000000 1.000000
0.987558 0.088658 -0.129878 -1.170318 -0.080479 0.994507 0.066929 93.592697 0.135099 -0.055644 0.989268 -0.097320 0.000000 0.000000 0.000000 1.000000
0.987625 0.088735 -0.129315 -1.144522 -0.080649 0.994523 0.066488 93.585846 0.134506 -0.055236 0.989372 -0.126102 0.000000 0.000000 0.000000 1.000000
0.987700 0.088969 -0.128578 -1.115854 -0.081017 0.994537 0.065820 93.578308 0.133731 -0.054593 0.989513 -0.157717 0.000000 0.000000 0.000000 1.000000
0.987775 0.089150 -0.127878 -1.083542 -0.081371 0.994573 0.064828 93.571091 0.132964 -0.053630 0.989669 -0.190956 0.000000 0.000000 0.000000 1.000000
0.987853 0.089096 -0.127309 -1.047464 -0.081498 0.994635 0.063705 93.566017 0.132302 -0.052556 0.989815 -0.223727 0.000000 0.000000 0.000000 1.000000
0.987948 0.088739 -0.126824 -1.008136 -0.081292 0.994713 0.062748 93.564575 0.131722 -0.051682 0.989939 -0.253168 0.000000 0.000000 0.000000 1.000000
0.988071 0.088052 -0.126346 -0.966290 -0.080719 0.994804 0.062042 93.567284 0.131153 -0.051104 0.990044 -0.276983 0.000000 0.000000 0.000000 1.000000
0.988218 0.087059 -0.125880 -0.922941 -0.079822 0.994914 0.061445 93.573166 0.130589 -0.050674 0.990141 -0.295077 0.000000 0.000000 0.000000 1.000000
0.988369 0.085945 -0.125461 -0.878713 -0.078793 0.995029 0.060900 93.579704 0.130072 -0.050306 0.990228 -0.309316 0.000000 0.000000 0.000000 1.000000
0.988501 0.085017 -0.125049 -0.834640 -0.077921 0.995117 0.060590 93.583679 0.129589 -0.050150 0.990299 -0.321961 0.000000 0.000000 0.000000 1.000000
0.988617 0.084414 -0.124545 -0.792719 -0.077320 0.995155 0.060738 93.584312 0.129069 -0.050416 0.990353 -0.334227 0.000000 0.000000 0.000000 1.000000
0.988736 0.083954 -0.123909 -0.755128 -0.076809 0.995156 0.061359 93.583580 0.128460 -0.051150 0.990395 -0.346653 0.000000 0.000000 0.000000 1.000000
0.988875 0.083350 -0.123200 -0.721851 -0.076118 0.995151 0.062295 93.584290 0.127795 -0.052225 0.990425 -0.359938 0.000000 0.000000 0.000000 1.000000
0.989031 0.082519 -0.122507 -0.690215 -0.075179 0.995153 0.063386 93.587250 0.127143 -0.053481 0.990441 -0.374623 0.000000 0.000000 0.000000 1.000000
0.989185 0.081586 -0.121885 -0.657703 -0.074131 0.995160 0.064507 93.591873 0.126558 -0.054774 0.990446 -0.389913 0.000000 0.000000 0.000000 1.000000
0.989323 0.080656 -0.121388 -0.624217 -0.073094 0.995171 0.065510 93.596344 0.126085 -0.055938 0.990441 -0.403360 0.000000 0.000000 0.000000 1.000000
0.989445 0.079696 -0.121026 -0.590908 -0.072051 0.995195 0.066294 93.599731 0.125728 -0.056874 0.990433 -0.412614 0.000000 0.000000 0.000000 1.000000
0.989567 0.078645 -0.120712 -0.558194 -0.070932 0.995234 0.066920 93.602585 0.125400 -0.057660 0.990429 -0.417785 0.000000 0.000000 0.000000 1.000000
0.989706 0.077470 -0.120331 -0.526219 -0.069696 0.995280 0.067532 93.606209 0.124995 -0.058451 0.990434 -0.421915 0.000000 0.000000 0.000000 1.000000
0.989862 0.076149 -0.119898 -0.496131 -0.068317 0.995335 0.068132 93.611595 0.124526 -0.059250 0.990446 -0.427920 0.000000 0.000000 0.000000 1.000000
0.990015 0.074694 -0.119548 -0.469426 -0.066822 0.995407 0.068558 93.618538 0.124120 -0.059885 0.990458 -0.435088 0.000000 0.000000 0.000000 1.000000
0.990147 0.073204 -0.119371 -0.446195 -0.065315 0.995496 0.068716 93.625648 0.123863 -0.060242 0.990469 -0.439714 0.000000 0.000000 0.000000 1.000000
0.990260 0.071764 -0.119308 -0.424882 -0.063872 0.995590 0.068706 93.631996 0.123712 -0.060416 0.990477 -0.439594 0.000000 0.000000 0.000000 1.000000
0.990373 0.070332 -0.119225 -0.404285 -0.062443 0.995683 0.068668 93.637627 0.123540 -0.060563 0.990490 -0.436333 0.000000 0.000000 0.000000 1.000000
0.990502 0.068829 -0.119032 -0.385188 -0.060949 0.995779 0.068629 93.643234 0.123253 -0.060722 0.990516 -0.432405 0.000000 0.000000 0.000000 1.000000
0.990639 0.067333 -0.118744 -0.370250 -0.059470 0.995872 0.068567 93.649261 0.122871 -0.060863 0.990555 -0.427324 0.000000 0.000000 0.000000 1.000000
0.990756 0.066069 -0.118476 -0.361659 -0.058216 0.995947 0.068566 93.655251 0.122526 -0.061035 0.990587 -0.418743 0.000000 0.000000 0.000000 1.000000
0.990830 0.065165 -0.118361 -0.359657 -0.057292 0.995988 0.068742 93.660698 0.122365 -0.061330 0.990588 -0.406366 0.000000 0.000000 0.000000 1.000000
0.990859 0.064499 -0.118486 -0.363380 -0.056585 0.996011 0.068993 93.665436 0.122464 -0.061658 0.990556 -0.391787 0.000000 0.000000 0.000000 1.000000
0.990851 0.063852 -0.118900 -0.373236 -0.055908 0.996050 0.068989 93.669678 0.122835 -0.061711 0.990507 -0.374667 0.000000 0.000000 0.000000 1.000000
0.990808 0.063109 -0.119650 -0.390583 -0.055174 0.996124 0.068506 93.673584 0.123510 -0.061275 0.990450 -0.352014 0.000000 0.000000 0.000000 1.000000
0.990726 0.062309 -0.120742 -0.414528 -0.054402 0.996220 0.067715 93.677414 0.124505 -0.060518 0.990372 -0.322245 0.000000 0.000000 0.000000 1.000000
0.990616 0.061552 -0.122027 -0.441552 -0.053647 0.996307 0.067040 93.681656 0.125703 -0.059864 0.990260 -0.287487 0.000000 0.000000 0.000000 1.000000
0.990510 0.060884 -0.123220 -0.469196 -0.052941 0.996365 0.066740 93.686798 0.126836 -0.059583 0.990133 -0.250634 0.000000 0.000000 0.000000 1.000000
0.990442 0.060247 -0.124077 -0.497695 -0.052254 0.996404 0.066701 93.692253 0.127649 -0.059580 0.990028 -0.211733 0.000000 0.000000 0.000000 1.000000
0.990425 0.059530 -0.124554 -0.527642 -0.051515 0.996448 0.066612 93.696732 0.128077 -0.059558 0.989974 -0.168897 0.000000 0.000000 0.000000 1.000000
0.990448 0.058702 -0.124771 -0.558574 -0.050708 0.996510 0.066310 93.699585 0.128228 -0.059350 0.989967 -0.121853 0.000000 0.000000 0.000000 1.000000
0.990487 0.057867 -0.124851 -0.590928 -0.049911 0.996575 0.065938 93.701950 0.128239 -0.059080 0.989982 -0.073627 0.000000 0.000000 0.000000 1.000000
0.990526 0.057157 -0.124866 -0.627188 -0.049220 0.996621 0.065756 93.704948 0.128203 -0.058987 0.989992 -0.028536 0.000000 0.000000 0.000000 1.000000
0.990554 0.056638 -0.124882 -0.669613 -0.048689 0.996643 0.065815 93.707573 0.128191 -0.059113 0.989986 0.011064 0.000000 0.000000 0.000000 1.000000
0.990559 0.056321 -0.124982 -0.718102 -0.048356 0.996655 0.065882 93.707558 0.128274 -0.059217 0.989969 0.045842 0.000000 0.000000 0.000000 1.000000
0.990537 0.056244 -0.125195 -0.770798 -0.048291 0.996672 0.065678 93.704300 0.128472 -0.059011 0.989956 0.077052 0.000000 0.000000 0.000000 1.000000
0.990490 0.056496 -0.125452 -0.825268 -0.048603 0.996694 0.065113 93.700363 0.128716 -0.058396 0.989961 0.103073 0.000000 0.000000 0.000000 1.000000
0.990419 0.057194 -0.125697 -0.877981 -0.049402 0.996710 0.064260 93.698051 0.128959 -0.057434 0.989985 0.119717 0.000000 0.000000 0.000000 1.000000
0.990301 0.058404 -0.126067 -0.923987 -0.050743 0.996713 0.063149 93.696472 0.129341 -0.056140 0.990010 0.124693 0.000000 0.000000 0.000000 1.000000
0.990101 0.060074 -0.126854 -0.960394 -0.052571 0.996710 0.061693 93.692467 0.130143 -0.054413 0.990001 0.121166 0.000000 0.000000 0.000000 1.000000
0.989817 0.062019 -0.128125 -0.990018 -0.054699 0.996705 0.059888 93.684296 0.131417 -0.052270 0.989948 0.115693 0.000000 0.000000 0.000000 1.000000
0.989516 0.064042 -0.129446 -1.020371 -0.056909 0.996689 0.058078 93.673157 0.132736 -0.050103 0.989884 0.111932 0.000000 0.000000 0.000000 1.000000
0.989288 0.066060 -0.130174 -1.057403 -0.059069 0.996633 0.056858 93.661331 0.133491 -0.048560 0.989860 0.106528 0.000000 0.000000 0.000000 1.000000
0.989169 0.068075 -0.130040 -1.101305 -0.061141 0.996523 0.056594 93.650002 0.133440 -0.048030 0.989892 0.092456 0.000000 0.000000 0.000000 1.000000
0.989129 0.070038 -0.129299 -1.148283 -0.063093 0.996376 0.057054 93.639671 0.132827 -0.048276 0.989963 0.067770 0.000000 0.000000 0.000000 1.000000
0.989126 0.071810 -0.128347 -1.195254 -0.064855 0.996233 0.057572 93.630600 0.131998 -0.048622 0.990057 0.040759 0.000000 0.000000 0.000000 1.000000
0.989142 0.073306 -0.127373 -1.240519 -0.066403 0.996127 0.057626 93.622475 0.131104 -0.048542 0.990180 0.024360 0.000000 0.000000 0.000000 1.000000
0.989174 0.074593 -0.126377 -1.281974 -0.067800 0.996056 0.057230 93.613472 0.130148 -0.048042 0.990330 0.024400 0.000000 0.000000 0.000000 1.000000
0.989225 0.075793 -0.125253 -1.317218 -0.069125 0.995992 0.056765 93.602699 0.129053 -0.047495 0.990500 0.035071 0.000000 0.000000 0.000000 1.000000
0.989322 0.076907 -0.123803 -1.346347 -0.070351 0.995922 0.056487 93.591446 0.127642 -0.047174 0.990698 0.046675 0.000000 0.000000 0.000000 1.000000
0.989491 0.077769 -0.121902 -1.372283 -0.071333 0.995862 0.056302 93.583008 0.125776 -0.047015 0.990944 0.055966 0.000000 0.000000 0.000000 1.000000
0.989717 0.078258 -0.119730 -1.397253 -0.071965 0.995833 0.056018 93.578598 0.123615 -0.046826 0.991225 0.066729 0.000000 0.000000 0.000000 1.000000
0.989940 0.078520 -0.117699 -1.420202 -0.072367 0.995823 0.055678 93.575943 0.121579 -0.046601 0.991487 0.081548 0.000000 0.000000 0.000000 1.000000
0.990100 0.078912 -0.116078 -1.438845 -0.072854 0.995795 0.055537 93.571732 0.119972 -0.046531 0.991686 0.096942 0.000000 0.000000 0.000000 1.000000
0.990198 0.079642 -0.114743 -1.453521 -0.073626 0.995726 0.055753 93.564972 0.118693 -0.046758 0.991829 0.107614 0.000000 0.000000 0.000000 1.000000
