<?xml version="1.0" encoding="utf-8"?>
<COLLADA xmlns="http://www.collada.org/2005/11/COLLADASchema" version="1.4.1">
  <asset>
    <contributor>
      <author>Mixamo</author>
      <authoring_tool>COLLADA Mixamo exporter</authoring_tool>
      <comments/>
    </contributor>
    <created>2024-07-03T21:54:12Z</created>
    <modified>2024-07-03T21:54:12Z</modified>
    <revision/>
    <title/>
    <unit meter="0.010000"/>
    <up_axis>Y_UP</up_axis>
  </asset>
  <library_animations>
    <animation>
      <source id="mixamorig10_Hips-Matrix-animation-input">
        <float_array id="mixamorig10_Hips-Matrix-animation-input-array" count="115">

0.000000 0.033333 0.066667 0.100000 0.133333 0.166667 0.200000 0.233333 0.266667 0.300000 0.333333 0.366667 0.400000 0.433333 0.466667 0.500000
0.533333 0.566667 0.600000 0.633333 0.666667 0.700000 0.733333 0.766667 0.800000 0.833333 0.866667 0.900000 0.933333 0.966667 1.000000 1.033333
1.066667 1.100000 1.133333 1.166667 1.200000 1.233333 1.266667 1.300000 1.333333 1.366667 1.400000 1.433333 1.466667 1.500000 1.533333 1.566667
1.600000 1.633333 1.666667 1.700000 1.733333 1.766667 1.800000 1.833333 1.866667 1.900000 1.933333 1.966667 2.000000 2.033333 2.066667 2.100000
2.133333 2.166667 2.200000 2.233333 2.266667 2.300000 2.333333 2.366667 2.400000 2.433333 2.466667 2.500000 2.533333 2.566667 2.600000 2.633333
2.666667 2.700000 2.733333 2.766667 2.800000 2.833333 2.866667 2.900000 2.933333 2.966667 3.000000 3.033333 3.066667 3.100000 3.133333 3.166667
3.200000 3.233333 3.266667 3.300000 3.333333 3.366667 3.400000 3.433333 3.466667 3.500000 3.533333 3.566667 3.600000 3.633333 3.666667 3.700000
3.733333 3.766667 3.800000</float_array>
        <technique_common>
          <accessor source="#mixamorig10_Hips-Matrix-animation-input-array" count="115">
            <param name="TIME" type="float"/>
          </accessor>
        </technique_common>
      </source>
      <source id="mixamorig10_Hips-Matrix-animation-output-transform">
        <float_array id="mixamorig10_Hips-Matrix-animation-output-transform-array" count="1840">

0.528502 -0.074605 0.845648 1.359379 0.000446 0.996155 0.087604 95.984924 -0.848932 -0.045921 0.526503 0.862568 0.000000 0.000000 0.000000 1.000000
0.515498 -0.066009 0.854345 0.532550 -0.014045 0.996244 0.085447 95.951736 -0.856776 -0.056047 0.512634 2.006546 0.000000 0.000000 0.000000 1.000000
0.503298 -0.061110 0.861949 -0.105060 -0.024419 0.996092 0.084879 95.744064 -0.863768 -0.063768 0.499839 3.029578 0.000000 0.000000 0.000000 1.000000
0.492603 -0.057593 0.868346 -0.567456 -0.030096 0.996084 0.083138 95.393997 -0.869734 -0.067087 0.488941 3.893901 0.000000 0.000000 0.000000 1.000000
0.482583 -0.057607 0.873954 -0.971352 -0.031732 0.996030 0.083176 95.052521 -0.875275 -0.067872 0.478838 4.618304 0.000000 0.000000 0.000000 1.000000
0.476653 -0.063829 0.876771 -1.225084 -0.030316 0.995574 0.088959 94.824318 -0.878568 -0.068983 0.472609 5.167865 0.000000 0.000000 0.000000 1.000000
0.476737 -0.068741 0.876354 -1.282945 -0.028392 0.995214 0.093509 94.740631 -0.878587 -0.069460 0.472503 5.523088 0.000000 0.000000 0.000000 1.000000
0.481166 -0.070473 0.873792 -1.184837 -0.027404 0.995067 0.095345 94.762077 -0.876201 -0.069822 0.476861 5.691013 0.000000 0.000000 0.000000 1.000000
0.487365 -0.069826 0.870402 -0.969536 -0.029786 0.994888 0.096491 94.805504 -0.872690 -0.072952 0.482794 5.684801 0.000000 0.000000 0.000000 1.000000
0.496198 -0.066087 0.865691 -0.658813 -0.035447 0.994725 0.096255 94.866226 -0.867486 -0.078448 0.491238 5.466729 0.000000 0.000000 0.000000 1.000000
0.507201 -0.060366 0.859711 -0.279099 -0.039986 0.994821 0.093444 95.011017 -0.860900 -0.081771 0.502161 5.083091 0.000000 0.000000 0.000000 1.000000
0.517519 -0.055920 0.853843 0.090444 -0.041586 0.995039 0.090373 95.255699 -0.854661 -0.082277 0.512626 4.614794 0.000000 0.000000 0.000000 1.000000
0.525975 -0.054491 0.848753 0.481064 -0.038828 0.995367 0.087965 95.520103 -0.849613 -0.079223 0.521422 3.983332 0.000000 0.000000 0.000000 1.000000
0.535012 -0.053596 0.843143 0.855460 -0.032042 0.995980 0.083643 95.733116 -0.844237 -0.071766 0.531144 3.144739 0.000000 0.000000 0.000000 1.000000
0.544516 -0.052452 0.837109 1.171642 -0.022822 0.996747 0.077300 95.846931 -0.838440 -0.061195 0.541547 2.068556 0.000000 0.000000 0.000000 1.000000
0.555594 -0.053634 0.829722 1.452423 -0.013947 0.997176 0.073797 95.821510 -0.831337 -0.052573 0.553277 0.844483 0.000000 0.000000 0.000000 1.000000
0.569948 -0.056203 0.819756 1.685221 -0.003896 0.997462 0.071096 95.664795 -0.821672 -0.043715 0.568282 -0.423439 0.000000 0.000000 0.000000 1.000000
0.582690 -0.059138 0.810540 1.811311 0.008419 0.997735 0.066743 95.384857 -0.812651 -0.032067 0.581868 -1.664315 0.000000 0.000000 0.000000 1.000000
0.590110 -0.063254 0.804841 1.855490 0.018161 0.997714 0.065097 95.030655 -0.807119 -0.023797 0.589909 -2.774734 0.000000 0.000000 0.000000 1.000000
0.595190 -0.066795 0.800804 1.883865 0.022247 0.997527 0.066669 94.739990 -0.803277 -0.021865 0.595205 -3.606577 0.000000 0.000000 0.000000 1.000000
0.596816 -0.069143 0.799393 1.973726 0.022340 0.997326 0.069584 94.631958 -0.802067 -0.023670 0.596765 -4.086596 0.000000 0.000000 0.000000 1.000000
0.592841 -0.069142 0.802346 2.089693 0.019413 0.997245 0.071593 94.699059 -0.805085 -0.026867 0.592550 -4.271664 0.000000 0.000000 0.000000 1.000000
0.585022 -0.067334 0.808218 2.183830 0.015994 0.997312 0.071511 94.861969 -0.810860 -0.028909 0.584526 -4.209474 0.000000 0.000000 0.000000 1.000000
0.575718 -0.066914 0.814905 2.240578 0.015919 0.997374 0.070651 95.054214 -0.817493 -0.027703 0.575272 -3.876173 0.000000 0.000000 0.000000 1.000000
0.568231 -0.068839 0.819984 2.240937 0.019369 0.997337 0.070306 95.234474 -0.822641 -0.024068 0.568052 -3.321457 0.000000 0.000000 0.000000 1.000000
0.562362 -0.069528 0.823963 2.210314 0.021096 0.997341 0.069759 95.430557 -0.826622 -0.021847 0.562334 -2.605832 0.000000 0.000000 0.000000 1.000000
0.555818 -0.067360 0.828570 2.137728 0.017219 0.997431 0.069538 95.629234 -0.831125 -0.024383 0.555550 -1.744982 0.000000 0.000000 0.000000 1.000000
0.550645 -0.062537 0.832394 1.920965 0.009993 0.997612 0.068339 95.789299 -0.834680 -0.029313 0.549955 -0.778188 0.000000 0.000000 0.000000 1.000000
0.545824 -0.056496 0.835993 1.508762 0.003878 0.997884 0.064904 95.894577 -0.837891 -0.032184 0.544888 0.210489 0.000000 0.000000 0.000000 1.000000
0.540930 -0.050397 0.839556 1.019637 -0.002391 0.998107 0.061455 95.854782 -0.841064 -0.035250 0.539786 1.255960 0.000000 0.000000 0.000000 1.000000
0.535306 -0.046621 0.843371 0.510071 -0.007115 0.998191 0.059696 95.663918 -0.844628 -0.037956 0.534006 2.293267 0.000000 0.000000 0.000000 1.000000
0.530788 -0.043703 0.846377 0.019363 -0.011597 0.998202 0.058815 95.384918 -0.847425 -0.041034 0.529326 3.243301 0.000000 0.000000 0.000000 1.000000
0.527067 -0.040481 0.848859 -0.442385 -0.015647 0.998233 0.057321 95.090569 -0.849680 -0.043494 0.525502 4.049553 0.000000 0.000000 0.000000 1.000000
0.524837 -0.038780 0.850319 -0.808962 -0.017909 0.998237 0.056580 94.885048 -0.851014 -0.044924 0.523218 4.673152 0.000000 0.000000 0.000000 1.000000
0.524387 -0.042021 0.850443 -0.976308 -0.017709 0.998027 0.060233 94.831421 -0.851296 -0.046646 0.522608 5.141071 0.000000 0.000000 0.000000 1.000000
0.528473 -0.045421 0.847734 -0.980540 -0.016890 0.997808 0.063991 94.882462 -0.848782 -0.048136 0.526547 5.466728 0.000000 0.000000 0.000000 1.000000
0.534922 -0.045829 0.843658 -0.846996 -0.017666 0.997703 0.065398 94.966393 -0.844717 -0.049887 0.532884 5.624930 0.000000 0.000000 0.000000 1.000000
0.542504 -0.044976 0.838848 -0.584506 -0.021677 0.997484 0.067501 95.032555 -0.839774 -0.054803 0.540164 5.597838 0.000000 0.000000 0.000000 1.000000
0.549909 -0.042795 0.834127 -0.190684 -0.028949 0.997110 0.070241 95.119148 -0.834723 -0.062774 0.547081 5.365387 0.000000 0.000000 0.000000 1.000000
0.555255 -0.042170 0.830611 0.284840 -0.033463 0.996772 0.072975 95.298424 -0.831007 -0.068314 0.552051 4.974401 0.000000 0.000000 0.000000 1.000000
0.560629 -0.043587 0.826919 0.747074 -0.032728 0.996667 0.074723 95.543159 -0.827420 -0.068955 0.557334 4.438018 0.000000 0.000000 0.000000 1.000000
0.570350 -0.047081 0.820051 1.176223 -0.028098 0.996653 0.076763 95.741714 -0.820921 -0.066824 0.567118 3.732166 0.000000 0.000000 0.000000 1.000000
0.580863 -0.050891 0.812409 1.550982 -0.020841 0.996787 0.077342 95.835556 -0.813735 -0.061857 0.577936 2.831565 0.000000 0.000000 0.000000 1.000000
0.587602 -0.053152 0.807402 1.857505 -0.012292 0.997139 0.074588 95.798409 -0.809057 -0.053753 0.585267 1.724212 0.000000 0.000000 0.000000 1.000000
0.595883 -0.056753 0.801063 2.077216 -0.003661 0.997297 0.073379 95.601189 -0.803063 -0.046658 0.594065 0.549929 0.000000 0.000000 0.000000 1.000000
0.608659 -0.060094 0.791153 2.207136 0.007756 0.997531 0.069802 95.288551 -0.793394 -0.036350 0.607622 -0.567581 0.000000 0.000000 0.000000 1.000000
0.617946 -0.062335 0.783745 2.262915 0.016515 0.997661 0.066327 94.962646 -0.786047 -0.028043 0.617530 -1.567481 0.000000 0.000000 0.000000 1.000000
0.618667 -0.062672 0.783150 2.303185 0.017680 0.997671 0.065873 94.763649 -0.785454 -0.026907 0.618334 -2.335634 0.000000 0.000000 0.000000 1.000000
0.615631 -0.062262 0.785571 2.320345 0.014698 0.997608 0.067549 94.764046 -0.787897 -0.030039 0.615074 -2.832878 0.000000 0.000000 0.000000 1.000000
0.613022 -0.061633 0.787658 2.338476 0.011946 0.997562 0.068760 94.866379 -0.789976 -0.032742 0.612263 -3.055926 0.000000 0.000000 0.000000 1.000000
0.607576 -0.062372 0.791809 2.360190 0.010620 0.997461 0.070423 94.970070 -0.794191 -0.034378 0.606695 -2.931648 0.000000 0.000000 0.000000 1.000000
0.600737 -0.067703 0.796575 2.361920 0.014839 0.997180 0.073562 95.068420 -0.799309 -0.032371 0.600048 -2.590196 0.000000 0.000000 0.000000 1.000000
0.594674 -0.073111 0.800636 2.329147 0.021378 0.996942 0.075158 95.217255 -0.803682 -0.027579 0.594419 -2.084855 0.000000 0.000000 0.000000 1.000000
0.589310 -0.073584 0.804549 2.258974 0.022457 0.996951 0.074732 95.397293 -0.807595 -0.025972 0.589165 -1.393445 0.000000 0.000000 0.000000 1.000000
0.582144 -0.071468 0.809939 2.076486 0.016728 0.996971 0.075949 95.574631 -0.812914 -0.030664 0.581576 -0.549247 0.000000 0.000000 0.000000 1.000000
0.572419 -0.071849 0.816808 1.720479 0.010169 0.996699 0.080547 95.719109 -0.819898 -0.037800 0.571260 0.365863 0.000000 0.000000 0.000000 1.000000
0.559898 -0.079545 0.824734 1.356699 0.007166 0.995809 0.091180 95.727600 -0.828530 -0.045141 0.558122 1.325753 0.000000 0.000000 0.000000 1.000000
0.544185 -0.088672 0.834266 0.977114 0.005018 0.994725 0.102453 95.569702 -0.838950 -0.051567 0.541760 2.338537 0.000000 0.000000 0.000000 1.000000
0.522410 -0.094163 0.847479 0.568419 -0.000070 0.993879 0.110473 95.337029 -0.852694 -0.057771 0.519206 3.300682 0.000000 0.000000 0.000000 1.000000
0.500507 -0.097290 0.860248 0.091373 -0.006169 0.993239 0.115920 95.110909 -0.865711 -0.063326 0.496523 4.150449 0.000000 0.000000 0.000000 1.000000
0.487466 -0.097401 0.867692 -0.407386 -0.010210 0.993055 0.117209 94.945358 -0.873082 -0.065995 0.483086 4.861663 0.000000 0.000000 0.000000 1.000000
0.479591 -0.097502 0.872058 -0.793615 -0.009504 0.993172 0.116270 94.858170 -0.877440 -0.064051 0.475390 5.369481 0.000000 0.000000 0.000000 1.000000
0.474038 -0.099958 0.874812 -1.011928 -0.006165 0.993134 0.116818 94.847969 -0.880483 -0.060769 0.470167 5.688209 0.000000 0.000000 0.000000 1.000000
0.469980 -0.102264 0.876733 -1.086558 -0.003397 0.993049 0.117653 94.899696 -0.882671 -0.058272 0.466366 5.867708 0.000000 0.000000 0.000000 1.000000
0.467680 -0.103195 0.877853 -1.019086 -0.002906 0.992976 0.118277 94.990494 -0.883893 -0.057867 0.464096 5.914982 0.000000 0.000000 0.000000 1.000000
0.467734 -0.103663 0.877769 -0.827424 -0.007041 0.992630 0.120979 95.054771 -0.883841 -0.062766 0.463557 5.834350 0.000000 0.000000 0.000000 1.000000
0.470145 -0.106694 0.876116 -0.497139 -0.013039 0.991718 0.127769 95.110687 -0.882493 -0.071494 0.464860 5.565412 0.000000 0.000000 0.000000 1.000000
0.473020 -0.108139 0.874390 -0.098408 -0.017788 0.991065 0.132191 95.213348 -0.880872 -0.078083 0.466870 5.120051 0.000000 0.000000 0.000000 1.000000
0.478457 -0.108462 0.871387 0.306761 -0.019129 0.990820 0.133831 95.347984 -0.877903 -0.080701 0.471990 4.482022 0.000000 0.000000 0.000000 1.000000
0.488867 -0.107141 0.865754 0.618543 -0.017110 0.991061 0.132310 95.452309 -0.872191 -0.079495 0.482664 3.642793 0.000000 0.000000 0.000000 1.000000
0.504622 -0.108840 0.856452 0.882172 -0.011596 0.991077 0.132782 95.469757 -0.863263 -0.076936 0.498857 2.599076 0.000000 0.000000 0.000000 1.000000
0.520771 -0.106806 0.846989 1.062276 -0.006900 0.991584 0.129282 95.438019 -0.853669 -0.073171 0.515651 1.462929 0.000000 0.000000 0.000000 1.000000
0.534178 -0.104498 0.838889 1.219909 -0.001246 0.992232 0.124393 95.346878 -0.845371 -0.067493 0.529898 0.282481 0.000000 0.000000 0.000000 1.000000
0.544024 -0.109788 0.831856 1.422214 0.008386 0.992065 0.125448 95.185493 -0.839028 -0.061271 0.540627 -0.881757 0.000000 0.000000 0.000000 1.000000
0.550928 -0.115363 0.826541 1.550423 0.019106 0.991884 0.125705 94.998772 -0.834334 -0.053462 0.548661 -1.986105 0.000000 0.000000 0.000000 1.000000
0.555159 -0.122671 0.822648 1.633326 0.029293 0.991334 0.128057 94.773880 -0.831228 -0.046994 0.553942 -2.923681 0.000000 0.000000 0.000000 1.000000
0.558080 -0.123982 0.820472 1.691708 0.034122 0.991367 0.126597 94.624222 -0.829085 -0.042655 0.557493 -3.625196 0.000000 0.000000 0.000000 1.000000
0.557943 -0.122503 0.820788 1.786747 0.033799 0.991579 0.125018 94.639503 -0.829191 -0.042011 0.557384 -4.017570 0.000000 0.000000 0.000000 1.000000
0.553446 -0.120175 0.824170 1.904836 0.030283 0.991785 0.124280 94.817764 -0.832334 -0.043824 0.552539 -4.140773 0.000000 0.000000 0.000000 1.000000
0.545569 -0.117210 0.829829 2.003877 0.025276 0.992022 0.123501 95.063507 -0.837685 -0.046404 0.544179 -3.981577 0.000000 0.000000 0.000000 1.000000
0.533881 -0.117018 0.837424 2.038929 0.023350 0.992040 0.123737 95.246971 -0.845237 -0.046507 0.532364 -3.492096 0.000000 0.000000 0.000000 1.000000
0.523026 -0.120345 0.843778 2.020050 0.025705 0.991758 0.125517 95.364555 -0.851929 -0.043959 0.521809 -2.817929 0.000000 0.000000 0.000000 1.000000
0.513796 -0.122432 0.849131 1.973212 0.026604 0.991562 0.126871 95.451355 -0.857500 -0.042595 0.512718 -2.045986 0.000000 0.000000 0.000000 1.000000
0.504642 -0.121073 0.854797 1.859471 0.021615 0.991579 0.127686 95.510742 -0.863058 -0.045960 0.503009 -1.162017 0.000000 0.000000 0.000000 1.000000
0.495719 -0.118841 0.860313 1.633070 0.013892 0.991552 0.128965 95.567154 -0.868372 -0.051979 0.493182 -0.206460 0.000000 0.000000 0.000000 1.000000
0.486325 -0.116762 0.865941 1.279254 0.006007 0.991455 0.130312 95.558731 -0.873757 -0.058172 0.482871 0.794278 0.000000 0.000000 0.000000 1.000000
0.477503 -0.116099 0.870926 0.878925 0.000264 0.991250 0.131994 95.412331 -0.878630 -0.062798 0.473355 1.810373 0.000000 0.000000 0.000000 1.000000
0.468757 -0.115334 0.875765 0.460372 -0.006774 0.990941 0.134128 95.187851 -0.883301 -0.068806 0.463729 2.765220 0.000000 0.000000 0.000000 1.000000
0.460766 -0.110718 0.880589 0.040907 -0.015379 0.991043 0.132652 94.895416 -0.887389 -0.074664 0.454936 3.600632 0.000000 0.000000 0.000000 1.000000
0.454004 -0.102113 0.885129 -0.395941 -0.021118 0.991899 0.125262 94.641922 -0.890749 -0.075561 0.448169 4.287822 0.000000 0.000000 0.000000 1.000000
0.451175 -0.092577 0.887621 -0.831016 -0.023489 0.993029 0.115510 94.550644 -0.892126 -0.072964 0.445855 4.810076 0.000000 0.000000 0.000000 1.000000
0.453697 -0.092958 0.886294 -1.032299 -0.022170 0.993059 0.115505 94.594017 -0.890880 -0.072053 0.448488 5.183350 0.000000 0.000000 0.000000 1.000000
0.460269 -0.094397 0.882746 -1.002762 -0.020229 0.992958 0.116730 94.738846 -0.887549 -0.071585 0.455119 5.401930 0.000000 0.000000 0.000000 1.000000
0.470183 -0.096491 0.877278 -0.814539 -0.019632 0.992616 0.119699 94.884056 -0.882351 -0.073503 0.464817 5.454432 0.000000 0.000000 0.000000 1.000000
0.481351 -0.096053 0.871249 -0.519163 -0.023148 0.992238 0.122180 94.974533 -0.876222 -0.078979 0.475391 5.346110 0.000000 0.000000 0.000000 1.000000
0.494257 -0.091200 0.864519 -0.132478 -0.028018 0.992294 0.120698 95.082611 -0.868864 -0.083878 0.487893 5.020865 0.000000 0.000000 0.000000 1.000000
0.506982 -0.084924 0.857763 0.259015 -0.031283 0.992666 0.116770 95.256500 -0.861389 -0.086034 0.500608 4.596328 0.000000 0.000000 0.000000 1.000000
0.517365 -0.080866 0.851935 0.640406 -0.031501 0.993051 0.113391 95.477264 -0.855185 -0.085501 0.511223 4.077148 0.000000 0.000000 0.000000 1.000000
0.525066 -0.082079 0.847094 1.080246 -0.026886 0.993242 0.112905 95.661575 -0.850637 -0.082057 0.519311 3.405422 0.000000 0.000000 0.000000 1.000000
0.533452 -0.081717 0.841873 1.474225 -0.018423 0.993964 0.108153 95.784988 -0.845629 -0.073204 0.528727 2.512836 0.000000 0.000000 0.000000 1.000000
0.542145 -0.080665 0.836404 1.796872 -0.009704 0.994714 0.102223 95.807297 -0.840229 -0.063536 0.538496 1.418716 0.000000 0.000000 0.000000 1.000000
0.555059 -0.081703 0.827789 2.099952 -0.001038 0.995096 0.098912 95.713318 -0.831810 -0.055762 0.552252 0.222299 0.000000 0.000000 0.000000 1.000000
0.569792 -0.084776 0.817404 2.349051 0.010801 0.995351 0.095702 95.511452 -0.821718 -0.045701 0.568059 -0.985476 0.000000 0.000000 0.000000 1.000000
0.579999 -0.089547 0.809681 2.518312 0.023592 0.995369 0.093183 95.201889 -0.814276 -0.034944 0.579425 -2.137021 0.000000 0.000000 0.000000 1.000000
0.587555 -0.093311 0.803786 2.606147 0.031934 0.995229 0.092192 94.877213 -0.808554 -0.028500 0.587732 -3.117797 0.000000 0.000000 0.000000 1.000000
0.593468 -0.097610 0.798917 2.712809 0.034915 0.994807 0.095607 94.672005 -0.804100 -0.028846 0.593794 -3.780871 0.000000 0.000000 0.000000 1.000000
0.594564 -0.100635 0.797725 2.868934 0.034376 0.994411 0.099826 94.655060 -0.803313 -0.031930 0.594701 -4.096812 0.000000 0.000000 0.000000 1.000000
0.589578 -0.099552 0.801553 2.996540 0.030701 0.994420 0.100924 94.770988 -0.807128 -0.034894 0.589345 -4.170912 0.000000 0.000000 0.000000 1.000000
0.581048 -0.098541 0.807882 3.083247 0.028394 0.994493 0.100881 94.934090 -0.813374 -0.035678 0.580646 -4.018772 0.000000 0.000000 0.000000 1.000000
0.571520 -0.098809 0.814618 3.101048 0.030292 0.994588 0.099385 95.117851 -0.820029 -0.032124 0.571420 -3.604048 0.000000 0.000000 0.000000 1.000000
0.564779 -0.100012 0.819160 3.056851 0.033621 0.994594 0.098250 95.313889 -0.824557 -0.027948 0.565088 -2.994777 0.000000 0.000000 0.000000 1.000000
0.558450 -0.097440 0.823796 2.974033 0.033212 0.994907 0.095166 95.542404 -0.828873 -0.025786 0.558842 -2.238182 0.000000 0.000000 0.000000 1.000000
0.551156 -0.093507 0.829146 2.790909 0.027203 0.995186 0.094150 95.755875 -0.833959 -0.029336 0.551047 -1.330940 0.000000 0.000000 0.000000 1.000000
0.540749 -0.085991 0.836777 2.205806 0.015887 0.995628 0.092048 95.902321 -0.841034 -0.036481 0.539751 -0.278680 0.000000 0.000000 0.000000 1.000000
0.528502 -0.074605 0.845648 1.359384 0.000447 0.996155 0.087604 95.984940 -0.848932 -0.045921 0.526503 0.862571 0.000000 0.000000 0.000000 1.000000</float_array>
        <technique_common>
          <accessor source="#mixamorig10_Hips-Matrix-animation-output-transform-array" count="115" stride="16">
            <param type="float4x4"/>
          </accessor>
        </technique_common>
      </source>
      <source id="mixamorig10_Hips-Interpolations">
        <Name_array id="mixamorig10_Hips-Interpolations-array" count="115">
 LINEAR LINEAR LINEAR LINEAR LINEAR LINEAR LINEAR LINEAR LINEAR LINEAR LINEAR
LINEAR LINEAR LINEAR LINEAR LINEAR LINEAR LINEAR LINEAR LINEAR LINEAR LINEAR LINEAR
LINEAR LINEAR LINEAR LINEAR LINEAR LINEAR LINEAR LINEAR LINEAR LINEAR LINEAR LINEAR
LINEAR LINEAR LINEAR LINEAR LINEAR LINEAR LINEAR LINEAR LINEAR LINEAR LINEAR LINEAR
LINEAR LINEAR LINEAR LINEAR LINEAR LINEAR LINEAR LINEAR LINEAR LINEAR LINEAR LINEAR
LINEAR LINEAR LINEAR LINEAR LINEAR LINEAR LINEAR LINEAR LINEAR LINEAR LINEAR LINEAR
LINEAR LINEAR LINEAR LINEAR LINEAR LINEAR LINEAR LINEAR LINEAR LINEAR LINEAR LINEAR
LINEAR LINEAR LINEAR LINEAR LINEAR LINEAR LINEAR LINEAR LINEAR LINEAR LINEAR LINEAR
LINEAR LINEAR LINEAR LINEAR LINEAR LINEAR LINEAR LINEAR LINEAR LINEAR LINEAR LINEAR
LINEAR LINEAR LINEAR LINEAR LINEAR LINEAR LINEAR LINEAR</Name_array>
        <technique_common>
          <accessor source="#mixamorig10_Hips-Interpolations-array" count="115">
            <param type="name"/>
          </accessor>
        </technique_common>
      </source>
      <sampler id="mixamorig10_Hips-Matrix-animation-transform">
        <input semantic="INPUT" source="#mixamorig10_Hips-Matrix-animation-input"/>
        <input semantic="OUTPUT" source="#mixamorig10_Hips-Matrix-animation-output-transform"/>
        <input semantic="INTERPOLATION" source="#mixamorig10_Hips-Interpolations"/>
      </sampler>
      <channel source="#mixamorig10_Hips-Matrix-animation-transform" target="mixamorig10_Hips/matrix"/>
      <source id="mixamorig10_Spine-Matrix-animation-input">
        <float_array id="mixamorig10_Spine-Matrix-animation-input-array" count="115">

0.000000 0.033333 0.066667 0.100000 0.133333 0.166667 0.200000 0.233333 0.266667 0.300000 0.333333 0.366667 0.400000 0.433333 0.466667 0.500000
0.533333 0.566667 0.600000 0.633333 0.666667 0.700000 0.733333 0.766667 0.800000 0.833333 0.866667 0.900000 0.933333 0.966667 1.000000 1.033333
1.066667 1.100000 1.133333 1.166667 1.200000 1.233333 1.266667 1.300000 1.333333 1.366667 1.400000 1.433333 1.466667 1.500000 1.533333 1.566667
1.600000 1.633333 1.666667 1.700000 1.733333 1.766667 1.800000 1.833333 1.866667 1.900000 1.933333 1.966667 2.000000 2.033333 2.066667 2.100000
2.133333 2.166667 2.200000 2.233333 2.266667 2.300000 2.333333 2.366667 2.400000 2.433333 2.466667 2.500000 2.533333 2.566667 2.600000 2.633333
2.666667 2.700000 2.733333 2.766667 2.800000 2.833333 2.866667 2.900000 2.933333 2.966667 3.000000 3.033333 3.066667 3.100000 3.133333 3.166667
3.200000 3.233333 3.266667 3.300000 3.333333 3.366667 3.400000 3.433333 3.466667 3.500000 3.533333 3.566667 3.600000 3.633333 3.666667 3.700000
3.733333 3.766667 3.800000</float_array>
        <technique_common>
          <accessor source="#mixamorig10_Spine-Matrix-animation-input-array" count="115">
            <param name="TIME" type="float"/>
          </accessor>
        </technique_common>
      </source>
      <source id="mixamorig10_Spine-Matrix-animation-output-transform">
        <float_array id="mixamorig10_Spine-Matrix-animation-output-transform-array" count="1840">

0.998668 0.013124 -0.049906 -0.000000 -0.009630 0.997527 0.069620 10.067900 0.050696 -0.069047 0.996324 -1.090600 0.000000 0.000000 0.000000 1.000000
0.998626 0.008438 -0.051724 -0.000000 -0.004884 0.997642 0.068455 10.067900 0.052180 -0.068109 0.996312 -1.090600 0.000000 0.000000 0.000000 1.000000
0.998574 0.004536 -0.053184 0.000000 -0.000955 0.997742 0.067162 10.067900 0.053368 -0.067015 0.996324 -1.090600 0.000000 0.000000 0.000000 1.000000
0.998541 0.002586 -0.053931 0.000000 0.000986 0.997812 0.066109 10.067900 0.053984 -0.066065 0.996354 -1.090600 0.000000 0.000000 0.000000 1.000000
0.998471 0.001117 -0.055263 0.000000 0.002466 0.997900 0.064724 10.067900 0.055219 -0.064762 0.996372 -1.090600 0.000000 0.000000 0.000000 1.000000
0.998402 0.000091 -0.056519 0.000000 0.003499 0.997981 0.063420 10.067900 0.056410 -0.063516 0.996385 -1.090600 0.000000 0.000000 0.000000 1.000000
0.998388 0.000416 -0.056755 0.000000 0.003192 0.997979 0.063461 10.067900 0.056667 -0.063540 0.996369 -1.090600 0.000000 0.000000 0.000000 1.000000
0.998411 0.000612 -0.056354 0.000000 0.003018 0.997925 0.064310 10.067900 0.056276 -0.064378 0.996338 -1.090600 0.000000 0.000000 0.000000 1.000000
0.998421 -0.001037 -0.056157 0.000000 0.004695 0.997872 0.065038 10.067900 0.055970 -0.065199 0.996301 -1.090600 0.000000 0.000000 0.000000 1.000000
0.998421 -0.004399 -0.055993 0.000000 0.008080 0.997809 0.065672 10.067900 0.055582 -0.066021 0.996269 -1.090600 0.000000 0.000000 0.000000 1.000000
0.998464 -0.006072 -0.055074 0.000000 0.009766 0.997702 0.067050 10.067900 0.054540 -0.067485 0.996228 -1.090600 0.000000 0.000000 0.000000 1.000000
0.998527 -0.005285 -0.053999 0.000000 0.009014 0.997573 0.069044 10.067900 0.053503 -0.069429 0.996151 -1.090600 0.000000 0.000000 0.000000 1.000000
0.998541 -0.004527 -0.053814 0.000000 0.008340 0.997452 0.070848 10.067900 0.053357 -0.071194 0.996034 -1.090600 0.000000 0.000000 0.000000 1.000000
0.998558 -0.002597 -0.053622 -0.000000 0.006507 0.997321 0.072861 10.067900 0.053289 -0.073104 0.995900 -1.090600 0.000000 0.000000 0.000000 1.000000
0.998582 0.000873 -0.053236 0.000000 0.003118 0.997192 0.074828 10.067900 0.053151 -0.074887 0.995774 -1.090600 0.000000 0.000000 0.000000 1.000000
0.998648 0.004454 -0.051787 -0.000000 -0.000553 0.997177 0.075088 10.067900 0.051975 -0.074958 0.995831 -1.090600 0.000000 0.000000 0.000000 1.000000
0.998760 0.008141 -0.049119 0.000000 -0.004468 0.997216 0.074438 10.067900 0.049588 -0.074126 0.996015 -1.090600 0.000000 0.000000 0.000000 1.000000
0.998799 0.012037 -0.047490 0.000000 -0.008502 0.997225 0.073958 10.067900 0.048249 -0.073465 0.996130 -1.090600 0.000000 0.000000 0.000000 1.000000
0.998771 0.015712 -0.046999 -0.000000 -0.012286 0.997306 0.072318 10.067900 0.048009 -0.071651 0.996274 -1.090600 0.000000 0.000000 0.000000 1.000000
0.998779 0.017828 -0.046082 0.000000 -0.014582 0.997451 0.069844 10.067900 0.047210 -0.069087 0.996493 -1.090600 0.000000 0.000000 0.000000 1.000000
0.998804 0.018361 -0.045310 0.000000 -0.015255 0.997571 0.067965 10.067900 0.046448 -0.067192 0.996658 -1.090600 0.000000 0.000000 0.000000 1.000000
0.998795 0.018162 -0.045583 0.000000 -0.015068 0.997617 0.067324 10.067900 0.046697 -0.066556 0.996689 -1.090600 0.000000 0.000000 0.000000 1.000000
0.998757 0.019102 -0.046044 0.000000 -0.015954 0.997573 0.067783 10.067900 0.047227 -0.066964 0.996637 -1.090600 0.000000 0.000000 0.000000 1.000000
0.998708 0.021611 -0.045985 0.000000 -0.018383 0.997412 0.069507 10.067900 0.047368 -0.068572 0.996521 -1.090600 0.000000 0.000000 0.000000 1.000000
0.998685 0.023517 -0.045545 0.000000 -0.020218 0.997229 0.071591 10.067900 0.047102 -0.070576 0.996394 -1.090600 0.000000 0.000000 0.000000 1.000000
0.998693 0.023824 -0.045213 0.000000 -0.020471 0.997106 0.073221 10.067900 0.046827 -0.072199 0.996290 -1.090600 0.000000 0.000000 0.000000 1.000000
0.998674 0.023352 -0.045881 -0.000000 -0.019885 0.997015 0.074604 10.067900 0.047486 -0.073593 0.996157 -1.090600 0.000000 0.000000 0.000000 1.000000
0.998662 0.021486 -0.047040 -0.000000 -0.017873 0.996953 0.075930 10.067900 0.048528 -0.074988 0.996003 -1.090600 0.000000 0.000000 0.000000 1.000000
0.998698 0.016779 -0.048176 0.000000 -0.013047 0.996964 0.076769 10.067900 0.049318 -0.076040 0.995884 -1.090600 0.000000 0.000000 0.000000 1.000000
0.998717 0.011855 -0.049231 -0.000000 -0.008060 0.997031 0.076581 10.067900 0.049993 -0.076086 0.995847 -1.090600 0.000000 0.000000 0.000000 1.000000
0.998689 0.009162 -0.050358 0.000000 -0.005324 0.997106 0.075840 10.067900 0.050907 -0.075472 0.995848 -1.090600 0.000000 0.000000 0.000000 1.000000
0.998684 0.006502 -0.050866 -0.000000 -0.002697 0.997217 0.074507 10.067900 0.051209 -0.074272 0.995922 -1.090600 0.000000 0.000000 0.000000 1.000000
0.998683 0.003964 -0.051146 0.000000 -0.000215 0.997326 0.073080 10.067900 0.051299 -0.072973 0.996014 -1.090600 0.000000 0.000000 0.000000 1.000000
0.998676 0.002615 -0.051384 0.000000 0.001096 0.997400 0.072057 10.067900 0.051438 -0.072018 0.996076 -1.090600 0.000000 0.000000 0.000000 1.000000
0.998668 0.002763 -0.051531 0.000000 0.000907 0.997471 0.071068 10.067900 0.051597 -0.071020 0.996139 -1.090600 0.000000 0.000000 0.000000 1.000000
0.998712 0.003809 -0.050587 0.000000 -0.000215 0.997486 0.070869 10.067900 0.050730 -0.070767 0.996202 -1.090600 0.000000 0.000000 0.000000 1.000000
0.998761 0.003393 -0.049658 0.000000 0.000174 0.997430 0.071648 10.067900 0.049774 -0.071568 0.996193 -1.090600 0.000000 0.000000 0.000000 1.000000
0.998760 0.000559 -0.049787 0.000000 0.003041 0.997386 0.072197 10.067900 0.049697 -0.072259 0.996147 -1.090600 0.000000 0.000000 0.000000 1.000000
0.998712 -0.003456 -0.050626 0.000000 0.007130 0.997338 0.072563 10.067900 0.050240 -0.072830 0.996078 -1.090600 0.000000 0.000000 0.000000 1.000000
0.998663 -0.004608 -0.051481 -0.000000 0.008385 0.997268 0.073387 10.067900 0.051002 -0.073720 0.995974 -1.090600 0.000000 0.000000 0.000000 1.000000
0.998647 -0.002984 -0.051907 -0.000000 0.006859 0.997187 0.074636 10.067900 0.051538 -0.074891 0.995859 -1.090600 0.000000 0.000000 0.000000 1.000000
0.998683 -0.000658 -0.051293 0.000000 0.004555 0.997105 0.075901 10.067900 0.051095 -0.076035 0.995795 -1.090600 0.000000 0.000000 0.000000 1.000000
0.998714 0.002765 -0.050613 0.000000 0.001143 0.997028 0.077033 10.067900 0.050676 -0.076992 0.995743 -1.090600 0.000000 0.000000 0.000000 1.000000
0.998697 0.007378 -0.050496 0.000000 -0.003445 0.996983 0.077547 10.067900 0.050916 -0.077272 0.995709 -1.090600 0.000000 0.000000 0.000000 1.000000
0.998690 0.011350 -0.049891 -0.000000 -0.007498 0.997025 0.076714 10.067900 0.050613 -0.076239 0.995804 -1.090600 0.000000 0.000000 0.000000 1.000000
0.998719 0.015978 -0.048014 0.000000 -0.012297 0.997031 0.076015 10.067900 0.049086 -0.075327 0.995950 -1.090600 0.000000 0.000000 0.000000 1.000000
0.998700 0.019179 -0.047227 0.000000 -0.015605 0.997068 0.074912 10.067900 0.048525 -0.074078 0.996071 -1.090600 0.000000 0.000000 0.000000 1.000000
0.998647 0.020617 -0.047733 0.000000 -0.017102 0.997191 0.072916 10.067900 0.049102 -0.072002 0.996195 -1.090600 0.000000 0.000000 0.000000 1.000000
0.998631 0.020052 -0.048305 0.000000 -0.016584 0.997328 0.071142 10.067900 0.049602 -0.070243 0.996296 -1.090600 0.000000 0.000000 0.000000 1.000000
0.998642 0.019354 -0.048370 -0.000000 -0.015917 0.997388 0.070451 10.067900 0.049607 -0.069585 0.996342 -1.090600 0.000000 0.000000 0.000000 1.000000
0.998586 0.021452 -0.048636 0.000000 -0.017989 0.997346 0.070548 10.067900 0.050020 -0.069573 0.996322 -1.090600 0.000000 0.000000 0.000000 1.000000
0.998495 0.026382 -0.048070 0.000000 -0.022926 0.997208 0.071068 10.067900 0.049811 -0.069859 0.996312 -1.090600 0.000000 0.000000 0.000000 1.000000
0.998472 0.029609 -0.046668 0.000000 -0.026220 0.997087 0.071630 10.067900 0.048653 -0.070297 0.996339 -1.090600 0.000000 0.000000 0.000000 1.000000
0.998504 0.029441 -0.046083 0.000000 -0.026067 0.997051 0.072175 10.067900 0.048072 -0.070866 0.996327 -1.090600 0.000000 0.000000 0.000000 1.000000
0.998516 0.028085 -0.046669 0.000000 -0.024641 0.997042 0.072800 10.067900 0.048576 -0.071542 0.996254 -1.090600 0.000000 0.000000 0.000000 1.000000
0.998558 0.024189 -0.047932 -0.000000 -0.020701 0.997191 0.071986 10.067900 0.049538 -0.070890 0.996253 -1.090600 0.000000 0.000000 0.000000 1.000000
0.998556 0.018994 -0.050259 0.000000 -0.015498 0.997493 0.069048 10.067900 0.051445 -0.068169 0.996347 -1.090600 0.000000 0.000000 0.000000 1.000000
0.998466 0.016083 -0.052984 -0.000000 -0.012579 0.997752 0.065819 10.067900 0.053923 -0.065052 0.996424 -1.090600 0.000000 0.000000 0.000000 1.000000
0.998326 0.013782 -0.056174 0.000000 -0.010277 0.998011 0.062203 10.067900 0.056919 -0.061522 0.996481 -1.090600 0.000000 0.000000 0.000000 1.000000
0.998186 0.009914 -0.059384 0.000000 -0.006415 0.998248 0.058824 10.067900 0.059863 -0.058336 0.996501 -1.090600 0.000000 0.000000 0.000000 1.000000
0.998141 0.005132 -0.060728 0.000000 -0.001677 0.998384 0.056806 10.067900 0.060922 -0.056599 0.996537 -1.090600 0.000000 0.000000 0.000000 1.000000
0.998151 0.001367 -0.060764 0.000000 0.002050 0.998422 0.056125 10.067900 0.060744 -0.056146 0.996573 -1.090600 0.000000 0.000000 0.000000 1.000000
0.998179 0.000030 -0.060329 0.000000 0.003331 0.998447 0.055603 10.067900 0.060237 -0.055702 0.996629 -1.090600 0.000000 0.000000 0.000000 1.000000
0.998212 0.000204 -0.059775 0.000000 0.003121 0.998453 0.055520 10.067900 0.059694 -0.055607 0.996667 -1.090600 0.000000 0.000000 0.000000 1.000000
0.998227 0.000509 -0.059520 0.000000 0.002850 0.998408 0.056336 10.067900 0.059453 -0.056405 0.996636 -1.090600 0.000000 0.000000 0.000000 1.000000
0.998230 -0.000616 -0.059463 0.000000 0.004016 0.998362 0.057079 10.067900 0.059331 -0.057217 0.996597 -1.090600 0.000000 0.000000 0.000000 1.000000
0.998191 -0.002870 -0.060062 0.000000 0.006287 0.998367 0.056775 10.067900 0.059801 -0.057050 0.996579 -1.090600 0.000000 0.000000 0.000000 1.000000
0.998127 -0.003676 -0.061073 0.000000 0.007195 0.998320 0.057493 10.067900 0.060759 -0.057824 0.996476 -1.090600 0.000000 0.000000 0.000000 1.000000
0.998113 -0.002149 -0.061360 0.000000 0.005760 0.998257 0.058734 10.067900 0.061127 -0.058977 0.996386 -1.090600 0.000000 0.000000 0.000000 1.000000
0.998161 0.000427 -0.060610 0.000000 0.003226 0.998183 0.060164 10.067900 0.060526 -0.060249 0.996347 -1.090600 0.000000 0.000000 0.000000 1.000000
0.998247 0.003794 -0.059061 0.000000 -0.000185 0.998139 0.060986 10.067900 0.059183 -0.060868 0.996390 -1.090600 0.000000 0.000000 0.000000 1.000000
0.998330 0.007363 -0.057298 0.000000 -0.003797 0.998063 0.062095 10.067900 0.057644 -0.061774 0.996424 -1.090600 0.000000 0.000000 0.000000 1.000000
0.998363 0.010618 -0.056193 0.000000 -0.007063 0.997983 0.063090 10.067900 0.056750 -0.062590 0.996425 -1.090600 0.000000 0.000000 0.000000 1.000000
0.998358 0.014950 -0.055304 0.000000 -0.011500 0.997998 0.062184 10.067900 0.056123 -0.061446 0.996531 -1.090600 0.000000 0.000000 0.000000 1.000000
0.998326 0.018722 -0.054716 0.000000 -0.015361 0.998006 0.061222 10.067900 0.055753 -0.060279 0.996623 -1.090600 0.000000 0.000000 0.000000 1.000000
0.998249 0.021938 -0.054937 0.000000 -0.018665 0.998060 0.059404 10.067900 0.056134 -0.058274 0.996721 -1.090600 0.000000 0.000000 0.000000 1.000000
0.998204 0.023473 -0.055110 0.000000 -0.020261 0.998103 0.058137 10.067900 0.056370 -0.056916 0.996786 -1.090600 0.000000 0.000000 0.000000 1.000000
0.998202 0.023921 -0.054952 0.000000 -0.020746 0.998122 0.057631 10.067900 0.056228 -0.056387 0.996824 -1.090600 0.000000 0.000000 0.000000 1.000000
0.998199 0.023729 -0.055096 0.000000 -0.020522 0.998102 0.058065 10.067900 0.056369 -0.056829 0.996791 -1.090600 0.000000 0.000000 0.000000 1.000000
0.998171 0.024539 -0.055244 0.000000 -0.021281 0.998042 0.058821 10.067900 0.056579 -0.057537 0.996739 -1.090600 0.000000 0.000000 0.000000 1.000000
0.998082 0.028076 -0.055169 0.000000 -0.024727 0.997863 0.060481 10.067900 0.056749 -0.059001 0.996644 -1.090600 0.000000 0.000000 0.000000 1.000000
0.998054 0.031094 -0.054052 0.000000 -0.027743 0.997711 0.061667 10.067900 0.055846 -0.060048 0.996632 -1.090600 0.000000 0.000000 0.000000 1.000000
0.998080 0.031920 -0.053081 0.000000 -0.028595 0.997650 0.062271 10.067900 0.054944 -0.060634 0.996647 -1.090600 0.000000 0.000000 0.000000 1.000000
0.998081 0.031229 -0.053471 0.000000 -0.027834 0.997620 0.063090 10.067900 0.055314 -0.061481 0.996574 -1.090600 0.000000 0.000000 0.000000 1.000000
0.998156 0.027645 -0.054047 -0.000000 -0.024186 0.997680 0.063637 10.067900 0.055681 -0.062212 0.996509 -1.090600 0.000000 0.000000 0.000000 1.000000
0.998234 0.021832 -0.055251 0.000000 -0.018329 0.997837 0.063135 10.067900 0.056510 -0.062011 0.996474 -1.090600 0.000000 0.000000 0.000000 1.000000
0.998242 0.017843 -0.056518 -0.000000 -0.014333 0.997979 0.061907 10.067900 0.057508 -0.060988 0.996480 -1.090600 0.000000 0.000000 0.000000 1.000000
0.998255 0.013395 -0.057514 -0.000000 -0.009908 0.998119 0.060492 10.067900 0.058216 -0.059817 0.996510 -1.090600 0.000000 0.000000 0.000000 1.000000
0.998281 0.008630 -0.057974 0.000000 -0.005173 0.998214 0.059513 10.067900 0.058384 -0.059111 0.996543 -1.090600 0.000000 0.000000 0.000000 1.000000
0.998298 0.005739 -0.058030 0.000000 -0.002279 0.998225 0.059507 10.067900 0.058269 -0.059273 0.996540 -1.090600 0.000000 0.000000 0.000000 1.000000
0.998327 0.003655 -0.057699 0.000000 -0.000169 0.998181 0.060294 10.067900 0.057815 -0.060184 0.996512 -1.090600 0.000000 0.000000 0.000000 1.000000
0.998376 0.003277 -0.056877 0.000000 0.000170 0.998169 0.060489 10.067900 0.056971 -0.060401 0.996547 -1.090600 0.000000 0.000000 0.000000 1.000000
0.998436 0.003939 -0.055765 -0.000000 -0.000514 0.998119 0.061307 10.067900 0.055902 -0.061182 0.996560 -1.090600 0.000000 0.000000 0.000000 1.000000
0.998494 0.003110 -0.054766 -0.000000 0.000287 0.998081 0.061921 10.067900 0.054853 -0.061844 0.996577 -1.090600 0.000000 0.000000 0.000000 1.000000
0.998507 -0.000625 -0.054622 0.000000 0.004010 0.998076 0.061876 10.067900 0.054478 -0.062003 0.996588 -1.090600 0.000000 0.000000 0.000000 1.000000
0.998512 -0.004812 -0.054311 0.000000 0.008207 0.998014 0.062453 10.067900 0.053903 -0.062806 0.996569 -1.090600 0.000000 0.000000 0.000000 1.000000
0.998554 -0.006140 -0.053411 0.000000 0.009558 0.997906 0.063965 10.067900 0.052907 -0.064383 0.996522 -1.090600 0.000000 0.000000 0.000000 1.000000
0.998584 -0.005799 -0.052884 0.000000 0.009277 0.997792 0.065764 10.067900 0.052386 -0.066161 0.996433 -1.090600 0.000000 0.000000 0.000000 1.000000
0.998580 -0.004744 -0.053059 0.000000 0.008295 0.997724 0.066915 10.067900 0.052621 -0.067260 0.996347 -1.090600 0.000000 0.000000 0.000000 1.000000
0.998604 -0.001660 -0.052794 0.000000 0.005291 0.997623 0.068700 10.067900 0.052555 -0.068883 0.996239 -1.090600 0.000000 0.000000 0.000000 1.000000
0.998643 0.002599 -0.052018 0.000000 0.001046 0.997552 0.069923 10.067900 0.052073 -0.069883 0.996195 -1.090600 0.000000 0.000000 0.000000 1.000000
0.998749 0.006943 -0.049514 0.000000 -0.003472 0.997552 0.069836 10.067900 0.049878 -0.069577 0.996329 -1.090600 0.000000 0.000000 0.000000 1.000000
0.998837 0.010791 -0.046995 0.000000 -0.007492 0.997531 0.069822 10.067900 0.047632 -0.069388 0.996452 -1.090600 0.000000 0.000000 0.000000 1.000000
0.998826 0.014792 -0.046137 -0.000000 -0.011578 0.997538 0.069169 10.067900 0.047046 -0.068554 0.996538 -1.090600 0.000000 0.000000 0.000000 1.000000
0.998817 0.018086 -0.045137 0.000000 -0.015006 0.997594 0.067684 10.067900 0.046253 -0.066927 0.996685 -1.090600 0.000000 0.000000 0.000000 1.000000
0.998850 0.019063 -0.043983 0.000000 -0.016162 0.997728 0.065401 10.067900 0.045130 -0.064615 0.996889 -1.090600 0.000000 0.000000 0.000000 1.000000
0.998872 0.018533 -0.043711 0.000000 -0.015720 0.997836 0.063838 10.067900 0.044799 -0.063078 0.997003 -1.090600 0.000000 0.000000 0.000000 1.000000
0.998860 0.017533 -0.044404 0.000000 -0.014685 0.997863 0.063674 10.067900 0.045426 -0.062949 0.996982 -1.090600 0.000000 0.000000 0.000000 1.000000
0.998808 0.018389 -0.045205 0.000000 -0.015451 0.997797 0.064511 10.067900 0.046292 -0.063735 0.996893 -1.090600 0.000000 0.000000 0.000000 1.000000
0.998744 0.020665 -0.045641 0.000000 -0.017614 0.997646 0.066277 10.067900 0.046903 -0.065390 0.996757 -1.090600 0.000000 0.000000 0.000000 1.000000
0.998722 0.021788 -0.045604 0.000000 -0.018663 0.997520 0.067865 10.067900 0.046970 -0.066928 0.996652 -1.090600 0.000000 0.000000 0.000000 1.000000
0.998709 0.021986 -0.045793 0.000000 -0.018791 0.997434 0.069083 10.067900 0.047194 -0.068134 0.996559 -1.090600 0.000000 0.000000 0.000000 1.000000
0.998685 0.021023 -0.046765 0.000000 -0.017725 0.997401 0.069840 10.067900 0.048112 -0.068919 0.996461 -1.090600 0.000000 0.000000 0.000000 1.000000
0.998684 0.017808 -0.048092 0.000000 -0.014414 0.997441 0.070028 10.067900 0.049216 -0.069243 0.996385 -1.090600 0.000000 0.000000 0.000000 1.000000
0.998668 0.013124 -0.049906 -0.000000 -0.009630 0.997527 0.069620 10.067900 0.050696 -0.069047 0.996324 -1.090600 0.000000 0.000000 0.000000 1.000000</float_array>
        <technique_common>
