<?xml version="1.0" encoding="utf-8"?>
<COLLADA xmlns="http://www.collada.org/2005/11/COLLADASchema" version="1.4.1">
  <asset>
    <contributor>
      <author>Mixamo</author>
      <authoring_tool>COLLADA Mixamo exporter</authoring_tool>
      <comments/>
    </contributor>
    <created>2024-07-03T21:54:21Z</created>
    <modified>2024-07-03T21:54:21Z</modified>
    <revision/>
    <title/>
    <unit meter="0.010000"/>
    <up_axis>Y_UP</up_axis>
  </asset>
  <library_animations>
    <animation>
      <source id="mixamorig10_Hips-Matrix-animation-input">
        <float_array id="mixamorig10_Hips-Matrix-animation-input-array" count="115">

0.000000 0.033333 0.066667 0.100000 0.133333 0.166667 0.200000 0.233333 0.266667 0.300000 0.333333 0.366667 0.400000 0.433333 0.466667 0.500000
0.533333 0.566667 0.600000 0.633333 0.666667 0.700000 0.733333 0.766667 0.800000 0.833333 0.866667 0.900000 0.933333 0.966667 1.000000 1.033333
1.066667 1.100000 1.133333 1.166667 1.200000 1.233333 1.266667 1.300000 1.333333 1.366667 1.400000 1.433333 1.466667 1.500000 1.533333 1.566667
1.600000 1.633333 1.666667 1.700000 1.733333 1.766667 1.800000 1.833333 1.866667 1.900000 1.933333 1.966667 2.000000 2.033333 2.066667 2.100000
2.133333 2.166667 2.200000 2.233333 2.266667 2.300000 2.333333 2.366667 2.400000 2.433333 2.466667 2.500000 2.533333 2.566667 2.600000 2.633333
2.666667 2.700000 2.733333 2.766667 2.800000 2.833333 2.866667 2.900000 2.933333 2.966667 3.000000 3.033333 3.066667 3.100000 3.133333 3.166667
3.200000 3.233333 3.266667 3.300000 3.333333 3.366667 3.400000 3.433333 3.466667 3.500000 3.533333 3.566667 3.600000 3.633333 3.666667 3.700000
3.733333 3.766667 3.800000</float_array>
        <technique_common>
          <accessor source="#mixamorig10_Hips-Matrix-animation-input-array" count="115">
            <param name="TIME" type="float"/>
          </accessor>
        </technique_common>
      </source>
      <source id="mixamorig10_Hips-Matrix-animation-output-transform">
        <float_array id="mixamorig10_Hips-Matrix-animation-output-transform-array" count="1840">

0.528480 0.074376 -0.845682 -1.362704 -0.000031 0.996157 0.087590 96.003090 0.848946 -0.046263 0.526451 0.854300 0.000000 0.000000 0.000000 1.000000
0.515469 0.065754 -0.854382 -0.536048 0.014528 0.996238 0.085436 95.968903 0.856785 -0.056452 0.512574 1.997021 0.000000 0.000000 0.000000 1.000000
0.503270 0.060878 -0.861982 0.102268 0.024879 0.996081 0.084874 95.751152 0.863771 -0.064160 0.499783 3.020674 0.000000 0.000000 0.000000 1.000000
0.492579 0.057349 -0.868376 0.565115 0.030602 0.996068 0.083140 95.386597 0.869729 -0.067527 0.488887 3.884408 0.000000 0.000000 0.000000 1.000000
0.482551 0.057312 -0.873991 0.968180 0.032373 0.996008 0.083187 95.035065 0.875270 -0.068435 0.478769 4.604406 0.000000 0.000000 0.000000 1.000000
0.476619 0.063527 -0.876811 1.221543 0.030992 0.995551 0.088977 94.805267 0.878563 -0.069582 0.472530 5.153156 0.000000 0.000000 0.000000 1.000000
0.476702 0.068439 -0.876397 1.279348 0.029071 0.995192 0.093529 94.720963 0.878584 -0.070063 0.472421 5.508175 0.000000 0.000000 0.000000 1.000000
0.481131 0.070177 -0.873835 1.181398 0.028061 0.995047 0.095362 94.742645 0.876199 -0.070402 0.476779 5.676421 0.000000 0.000000 0.000000 1.000000
0.487332 0.069544 -0.870443 0.966369 0.030399 0.994868 0.096505 94.787308 0.872688 -0.073490 0.482717 5.670948 0.000000 0.000000 0.000000 1.000000
0.496165 0.065823 -0.865730 0.656097 0.036003 0.994705 0.096263 94.851265 0.867482 -0.078931 0.491168 5.454414 0.000000 0.000000 0.000000 1.000000
0.507174 0.060145 -0.859742 0.277019 0.040437 0.994803 0.093448 95.004478 0.860894 -0.082160 0.502106 5.074441 0.000000 0.000000 0.000000 1.000000
0.517492 0.055722 -0.853872 -0.092192 0.041978 0.995023 0.090374 95.254639 0.854658 -0.082612 0.512577 4.608680 0.000000 0.000000 0.000000 1.000000
0.525955 0.054324 -0.848776 -0.482538 0.039152 0.995354 0.087966 95.520256 0.849611 -0.079497 0.521385 3.978325 0.000000 0.000000 0.000000 1.000000
0.535000 0.053451 -0.843160 -0.856828 0.032317 0.995972 0.083644 95.733551 0.844234 -0.071998 0.531117 3.139636 0.000000 0.000000 0.000000 1.000000
0.544500 0.052301 -0.837129 -1.173693 0.023099 0.996741 0.077297 95.854248 0.838443 -0.061425 0.541517 2.061866 0.000000 0.000000 0.000000 1.000000
0.555573 0.053411 -0.829750 -1.455551 0.014337 0.997171 0.073787 95.837990 0.831344 -0.052890 0.553236 0.836384 0.000000 0.000000 0.000000 1.000000
0.569930 0.055932 -0.819787 -1.688811 0.004347 0.997461 0.071076 95.684868 0.821682 -0.044072 0.568240 -0.432281 0.000000 0.000000 0.000000 1.000000
0.582681 0.058775 -0.810573 -1.815670 -0.007842 0.997742 0.066710 95.409042 0.812663 -0.032514 0.581825 -1.675719 0.000000 0.000000 0.000000 1.000000
0.590112 0.062785 -0.804876 -1.860618 -0.017438 0.997730 0.065044 95.058640 0.807133 -0.024348 0.589868 -2.789287 0.000000 0.000000 0.000000 1.000000
0.595204 0.066248 -0.800839 -1.889520 -0.021421 0.997550 0.066599 94.770226 0.803289 -0.022485 0.595165 -3.623510 0.000000 0.000000 0.000000 1.000000
0.596833 0.068573 -0.799429 -1.979580 -0.021487 0.997350 0.069509 94.662766 0.802077 -0.024308 0.596725 -4.104386 0.000000 0.000000 0.000000 1.000000
0.592854 0.068599 -0.802383 -2.095426 -0.018593 0.997266 0.071523 94.728745 0.805095 -0.027484 0.592508 -4.288872 0.000000 0.000000 0.000000 1.000000
0.585026 0.066852 -0.808255 -2.189119 -0.015250 0.997327 0.071452 94.888458 0.810871 -0.029475 0.584482 -4.224939 0.000000 0.000000 0.000000 1.000000
0.575716 0.066504 -0.814941 -2.245231 -0.015269 0.997387 0.070606 95.076950 0.817507 -0.028206 0.575227 -3.889477 0.000000 0.000000 0.000000 1.000000
0.568225 0.068490 -0.820018 -2.245047 -0.018800 0.997351 0.070274 95.254646 0.822658 -0.024515 0.568007 -3.332942 0.000000 0.000000 0.000000 1.000000
0.562354 0.069221 -0.823994 -2.214064 -0.020587 0.997353 0.069734 95.449432 0.826640 -0.022252 0.562290 -2.616034 0.000000 0.000000 0.000000 1.000000
0.555807 0.067085 -0.828600 -2.141279 -0.016755 0.997440 0.069516 95.647400 0.831143 -0.024754 0.555508 -1.754292 0.000000 0.000000 0.000000 1.000000
0.550631 0.062288 -0.832421 -1.924252 -0.009567 0.997618 0.068321 95.806511 0.834694 -0.029655 0.549915 -0.786646 0.000000 0.000000 0.000000 1.000000
0.545806 0.056261 -0.836021 -1.511828 -0.003467 0.997886 0.064890 95.910881 0.837904 -0.032519 0.544848 0.202594 0.000000 0.000000 0.000000 1.000000
0.540907 0.050171 -0.839585 -1.022616 0.002800 0.998106 0.061447 95.870392 0.841078 -0.035588 0.539742 1.248256 0.000000 0.000000 0.000000 1.000000
0.535285 0.046406 -0.843396 -0.512414 0.007517 0.998188 0.059693 95.670074 0.844638 -0.038293 0.533967 2.286011 0.000000 0.000000 0.000000 1.000000
0.530768 0.043454 -0.846402 -0.021502 0.012070 0.998196 0.058816 95.382797 0.847431 -0.041434 0.529286 3.235712 0.000000 0.000000 0.000000 1.000000
0.527042 0.040183 -0.848889 0.439734 0.016226 0.998224 0.057326 95.083313 0.849684 -0.043987 0.525454 4.039403 0.000000 0.000000 0.000000 1.000000
0.524807 0.038424 -0.850354 0.805647 0.018606 0.998224 0.056589 94.871788 0.851018 -0.045520 0.523160 4.660009 0.000000 0.000000 0.000000 1.000000
0.524354 0.041660 -0.850481 0.972868 0.018416 0.998014 0.060241 94.819130 0.851301 -0.047251 0.522545 5.128217 0.000000 0.000000 0.000000 1.000000
0.528440 0.045082 -0.847773 0.977377 0.017546 0.997796 0.063997 94.875450 0.848789 -0.048693 0.526484 5.456067 0.000000 0.000000 0.000000 1.000000
0.534887 0.045503 -0.843697 0.844016 0.018288 0.997691 0.065402 94.962753 0.844726 -0.050412 0.532820 5.615710 0.000000 0.000000 0.000000 1.000000
0.542470 0.044668 -0.838887 0.581715 0.022255 0.997471 0.067504 95.030624 0.839780 -0.055289 0.540104 5.589458 0.000000 0.000000 0.000000 1.000000
0.549878 0.042514 -0.834162 0.188165 0.029469 0.997094 0.070244 95.118134 0.834725 -0.063207 0.547028 5.357690 0.000000 0.000000 0.000000 1.000000
0.555227 0.041925 -0.830641 -0.287003 0.033911 0.996757 0.072976 95.299522 0.831007 -0.068686 0.552005 4.968097 0.000000 0.000000 0.000000 1.000000
0.560608 0.043383 -0.826944 -0.748894 0.033095 0.996655 0.074723 95.545654 0.827420 -0.069258 0.557297 4.433134 0.000000 0.000000 0.000000 1.000000
0.570335 0.046910 -0.820072 -1.178032 0.028399 0.996645 0.076761 95.746109 0.820921 -0.067069 0.567089 3.726904 0.000000 0.000000 0.000000 1.000000
0.580845 0.050696 -0.812434 -1.553871 0.021173 0.996780 0.077336 95.849579 0.813739 -0.062122 0.577901 2.823750 0.000000 0.000000 0.000000 1.000000
0.587583 0.052893 -0.807434 -1.861088 0.012718 0.997134 0.074574 95.817825 0.809064 -0.054087 0.585226 1.715560 0.000000 0.000000 0.000000 1.000000
0.595866 0.056430 -0.801099 -2.081421 0.004173 0.997297 0.073354 95.624870 0.803073 -0.047053 0.594020 0.539932 0.000000 0.000000 0.000000 1.000000
0.608653 0.059667 -0.791190 -2.212191 -0.007109 0.997538 0.069760 95.316864 0.793405 -0.036835 0.607579 -0.580436 0.000000 0.000000 0.000000 1.000000
0.617954 0.061805 -0.783781 -2.268667 -0.015739 0.997678 0.066264 94.994385 0.786057 -0.028612 0.617492 -1.583236 0.000000 0.000000 0.000000 1.000000
0.618681 0.062086 -0.783185 -2.309330 -0.016831 0.997691 0.065795 94.796539 0.785462 -0.027525 0.618298 -2.353169 0.000000 0.000000 0.000000 1.000000
0.615645 0.061676 -0.785606 -2.326513 -0.013847 0.997625 0.067470 94.796219 0.787902 -0.030659 0.615037 -2.850625 0.000000 0.000000 0.000000 1.000000
0.613031 0.061087 -0.787694 -2.344354 -0.011146 0.997576 0.068689 94.896034 0.789981 -0.033329 0.612225 -3.072552 0.000000 0.000000 0.000000 1.000000
0.607575 0.061900 -0.791846 -2.365501 -0.009911 0.997472 0.070370 94.995552 0.794200 -0.034907 0.606653 -2.946115 0.000000 0.000000 0.000000 1.000000
0.600731 0.067310 -0.796613 -2.366582 -0.014233 0.997192 0.073526 95.089897 0.799325 -0.032831 0.600002 -2.602387 0.000000 0.000000 0.000000 1.000000
0.594666 0.072773 -0.800673 -2.333411 -0.020842 0.996956 0.075133 95.236961 0.803703 -0.027991 0.594372 -2.095580 0.000000 0.000000 0.000000 1.000000
0.589300 0.073283 -0.804584 -2.262942 -0.021974 0.996963 0.074711 95.416039 0.807616 -0.026347 0.589120 -1.403146 0.000000 0.000000 0.000000 1.000000
0.582131 0.071209 -0.809971 -2.080050 -0.016306 0.996980 0.075931 95.592117 0.812932 -0.030994 0.581534 -0.557736 0.000000 0.000000 0.000000 1.000000
0.572404 0.071636 -0.816836 -1.723650 -0.009811 0.996703 0.080535 95.735916 0.819913 -0.038085 0.571220 0.358498 0.000000 0.000000 0.000000 1.000000
0.559887 0.079365 -0.824759 -1.359718 -0.006851 0.995811 0.091175 95.742691 0.828541 -0.045397 0.558085 1.317892 0.000000 0.000000 0.000000 1.000000
0.544176 0.088532 -0.834287 -0.979379 -0.004760 0.994727 0.102453 95.577766 0.838957 -0.051781 0.541728 2.331882 0.000000 0.000000 0.000000 1.000000
0.522404 0.094017 -0.847499 -0.570075 0.000359 0.993879 0.110477 95.334602 0.852698 -0.058018 0.519172 3.294374 0.000000 0.000000 0.000000 1.000000
0.500498 0.097127 -0.860272 -0.093352 0.006513 0.993236 0.115928 95.102158 0.865713 -0.063625 0.496480 4.141918 0.000000 0.000000 0.000000 1.000000
0.487453 0.097219 -0.867720 0.404936 0.010612 0.993049 0.117223 94.933525 0.873085 -0.066349 0.483033 4.851377 0.000000 0.000000 0.000000 1.000000
0.479574 0.097301 -0.872090 0.790768 0.009962 0.993166 0.116288 94.845062 0.877445 -0.064457 0.475327 5.358186 0.000000 0.000000 0.000000 1.000000
0.474020 0.099750 -0.874846 1.008938 0.006645 0.993129 0.116837 94.834412 0.880489 -0.061196 0.470100 5.676503 0.000000 0.000000 0.000000 1.000000
0.469962 0.102057 -0.876767 1.083604 0.003875 0.993045 0.117669 94.886192 0.882678 -0.058697 0.466298 5.856041 0.000000 0.000000 0.000000 1.000000
0.467663 0.102998 -0.877885 1.016338 0.003362 0.992973 0.118291 94.977753 0.883900 -0.058271 0.464031 5.903726 0.000000 0.000000 0.000000 1.000000
0.467717 0.103483 -0.877799 0.825113 0.007454 0.992626 0.120991 95.045914 0.883847 -0.063133 0.463497 5.824896 0.000000 0.000000 0.000000 1.000000
0.470132 0.106555 -0.876140 0.495380 0.013360 0.991713 0.127779 95.105789 0.882495 -0.071778 0.464813 5.558031 0.000000 0.000000 0.000000 1.000000
0.473014 0.108039 -0.874406 0.097092 0.018019 0.991059 0.132200 95.211021 0.880871 -0.078288 0.466838 5.114392 0.000000 0.000000 0.000000 1.000000
0.478459 0.108397 -0.871393 -0.307740 0.019278 0.990816 0.133838 95.347092 0.877898 -0.080835 0.471975 4.477612 0.000000 0.000000 0.000000 1.000000
0.488875 0.107092 -0.865756 -0.619343 0.017220 0.991058 0.132316 95.451256 0.872184 -0.079594 0.482659 3.638814 0.000000 0.000000 0.000000 1.000000
0.504625 0.108788 -0.856457 -0.883179 0.011704 0.991076 0.132783 95.472267 0.863259 -0.077030 0.498848 2.595402 0.000000 0.000000 0.000000 1.000000
0.520762 0.106743 -0.847002 -1.063964 0.007016 0.991584 0.129278 95.448730 0.853673 -0.073266 0.515630 1.458889 0.000000 0.000000 0.000000 1.000000
0.534162 0.104397 -0.838911 -1.222122 0.001420 0.992233 0.124381 95.360725 0.845381 -0.067631 0.529865 0.277524 0.000000 0.000000 0.000000 1.000000
0.544009 0.109648 -0.831884 -1.424797 -0.008156 0.992069 0.125428 95.200302 0.839040 -0.061449 0.540589 -0.887790 0.000000 0.000000 0.000000 1.000000
0.550915 0.115154 -0.826579 -1.553754 -0.018769 0.991894 0.125675 95.016586 0.834350 -0.053722 0.548611 -1.994210 0.000000 0.000000 0.000000 1.000000
0.555152 0.122388 -0.822695 -1.637472 -0.028843 0.991353 0.128015 94.795494 0.831248 -0.047339 0.553882 -2.934217 0.000000 0.000000 0.000000 1.000000
0.558080 0.123632 -0.820526 -1.696505 -0.033573 0.991393 0.126543 94.648537 0.829108 -0.043074 0.557427 -3.637871 0.000000 0.000000 0.000000 1.000000
0.557945 0.122125 -0.820843 -1.791819 -0.033209 0.991606 0.124958 94.664726 0.829213 -0.042460 0.557317 -4.031174 0.000000 0.000000 0.000000 1.000000
0.553446 0.119820 -0.824221 -1.909697 -0.029724 0.991809 0.124224 94.841728 0.832355 -0.044252 0.552474 -4.153794 0.000000 0.000000 0.000000 1.000000
0.545563 0.116914 -0.829875 -2.008089 -0.024801 0.992040 0.123456 95.084213 0.837703 -0.046771 0.544120 -3.992780 0.000000 0.000000 0.000000 1.000000
0.533869 0.116792 -0.837462 -2.042365 -0.022974 0.992053 0.123705 95.264053 0.845255 -0.046803 0.532310 -3.501146 0.000000 0.000000 0.000000 1.000000
0.523013 0.120173 -0.843810 -2.022902 -0.025409 0.991769 0.125496 95.379326 0.851946 -0.044196 0.521762 -2.825339 0.000000 0.000000 0.000000 1.000000
0.513782 0.122294 -0.849160 -1.975703 -0.026360 0.991571 0.126854 95.464676 0.857516 -0.042792 0.512675 -2.052345 0.000000 0.000000 0.000000 1.000000
0.504626 0.120958 -0.854823 -1.861729 -0.021409 0.991585 0.127671 95.523079 0.863073 -0.046126 0.502969 -1.167647 0.000000 0.000000 0.000000 1.000000
0.495704 0.118745 -0.860335 -1.635157 -0.013716 0.991556 0.128953 95.579010 0.868383 -0.052122 0.493147 -0.211533 0.000000 0.000000 0.000000 1.000000
0.486309 0.116670 -0.865963 -1.281399 -0.005827 0.991457 0.130305 95.571114 0.873768 -0.058322 0.482834 0.789178 0.000000 0.000000 0.000000 1.000000
0.477486 0.116003 -0.870948 -0.880714 -0.000066 0.991251 0.131991 95.420128 0.878639 -0.062966 0.473316 1.805642 0.000000 0.000000 0.000000 1.000000
0.468742 0.115219 -0.875789 -0.461816 0.007024 0.990939 0.134127 95.189270 0.883307 -0.069023 0.463685 2.760407 0.000000 0.000000 0.000000 1.000000
0.460748 0.110572 -0.880616 -0.042411 0.015708 0.991038 0.132655 94.890213 0.887392 -0.074953 0.454882 3.594043 0.000000 0.000000 0.000000 1.000000
0.453979 0.101917 -0.885164 0.393740 0.021574 0.991888 0.125270 94.628365 0.890751 -0.075967 0.448098 4.276974 0.000000 0.000000 0.000000 1.000000
0.451144 0.092334 -0.887662 0.828019 0.024071 0.993013 0.115526 94.532036 0.892126 -0.073486 0.445769 4.796212 0.000000 0.000000 0.000000 1.000000
0.453666 0.092700 -0.886338 1.028951 0.022796 0.993043 0.115528 94.574089 0.890880 -0.072616 0.448396 5.168700 0.000000 0.000000 0.000000 1.000000
0.460238 0.094138 -0.882790 0.999422 0.020849 0.992942 0.116754 94.718811 0.887550 -0.072139 0.455027 5.387378 0.000000 0.000000 0.000000 1.000000
0.470155 0.096245 -0.877321 0.811442 0.020205 0.992602 0.119720 94.865089 0.882353 -0.074013 0.464732 5.440663 0.000000 0.000000 0.000000 1.000000
0.481326 0.095826 -0.871288 0.516419 0.023658 0.992224 0.122196 94.957680 0.876222 -0.079429 0.475316 5.333486 0.000000 0.000000 0.000000 1.000000
0.494236 0.090990 -0.864553 0.130201 0.028468 0.992280 0.120707 95.069016 0.868862 -0.084270 0.487830 5.009747 0.000000 0.000000 0.000000 1.000000
0.506963 0.084740 -0.857792 -0.260778 0.031658 0.992654 0.116773 95.251953 0.861386 -0.086356 0.500556 4.589005 0.000000 0.000000 0.000000 1.000000
0.517347 0.080705 -0.851962 -0.641995 0.031818 0.993041 0.113390 95.478195 0.855184 -0.085769 0.511179 4.071839 0.000000 0.000000 0.000000 1.000000
0.525051 0.081953 -0.847116 -1.082014 0.027127 0.993236 0.112903 95.667206 0.850638 -0.082260 0.519276 3.399967 0.000000 0.000000 0.000000 1.000000
0.533435 0.081589 -0.841897 -1.476680 0.018660 0.993960 0.108148 95.797722 0.845635 -0.073400 0.528691 2.506255 0.000000 0.000000 0.000000 1.000000
0.542125 0.080507 -0.836432 -1.799760 0.009980 0.994713 0.102210 95.825134 0.840239 -0.063759 0.538455 1.412457 0.000000 0.000000 0.000000 1.000000
0.555041 0.081512 -0.827819 -2.103132 0.001353 0.995097 0.098890 95.732185 0.831822 -0.056008 0.552210 0.215238 0.000000 0.000000 0.000000 1.000000
0.569780 0.084528 -0.817438 -2.352818 -0.010411 0.995359 0.095670 95.533134 0.821731 -0.046001 0.568016 -0.994143 0.000000 0.000000 0.000000 1.000000
0.579995 0.089217 -0.809720 -2.522879 -0.023084 0.995385 0.093139 95.227356 0.814293 -0.035328 0.579378 -2.148187 0.000000 0.000000 0.000000 1.000000
0.587561 0.092895 -0.803830 -2.611448 -0.031306 0.995254 0.092134 94.905701 0.808574 -0.028969 0.587681 -3.131628 0.000000 0.000000 0.000000 1.000000
0.593480 0.097151 -0.798963 -2.718466 -0.034233 0.994837 0.095540 94.701836 0.804120 -0.029351 0.593742 -3.796138 0.000000 0.000000 0.000000 1.000000
0.594576 0.100182 -0.797773 -2.874619 -0.033703 0.994441 0.099761 94.684837 0.803332 -0.032428 0.594647 -4.112142 0.000000 0.000000 0.000000 1.000000
0.589585 0.099137 -0.801600 -3.001950 -0.030076 0.994445 0.100866 94.798767 0.807146 -0.035360 0.589291 -4.185240 0.000000 0.000000 0.000000 1.000000
0.581048 0.098186 -0.807925 -3.088052 -0.027849 0.994513 0.100834 94.958374 0.813393 -0.036089 0.580594 -4.031252 0.000000 0.000000 0.000000 1.000000
0.571515 0.098511 -0.814657 -3.105214 -0.029821 0.994606 0.099350 95.138863 0.820049 -0.032486 0.571370 -3.614735 0.000000 0.000000 0.000000 1.000000
0.564771 0.099756 -0.819196 -3.060568 -0.033205 0.994610 0.098224 95.332916 0.824579 -0.028273 0.565040 -3.004115 0.000000 0.000000 0.000000 1.000000
0.558440 0.097212 -0.823829 -2.977508 -0.032831 0.994922 0.095146 95.560616 0.828895 -0.026086 0.558796 -2.246663 0.000000 0.000000 0.000000 1.000000
0.551145 0.093300 -0.829177 -2.794199 -0.026853 0.995197 0.094133 95.773674 0.833977 -0.029615 0.551003 -1.338761 0.000000 0.000000 0.000000 1.000000
0.540733 0.085783 -0.836809 -2.209052 -0.015522 0.995635 0.092034 95.920029 0.841051 -0.036777 0.539705 -0.286483 0.000000 0.000000 0.000000 1.000000
0.528480 0.074376 -0.845682 -1.362705 -0.000031 0.996157 0.087590 96.003105 0.848946 -0.046264 0.526451 0.854290 0.000000 0.000000 0.000000 1.000000</float_array>
        <technique_common>
          <accessor source="#mixamorig10_Hips-Matrix-animation-output-transform-array" count="115" stride="16">
            <param type="float4x4"/>
          </accessor>
        </technique_common>
      </source>
      <source id="mixamorig10_Hips-Interpolations">
        <Name_array id="mixamorig10_Hips-Interpolations-array" count="115">
 LINEAR LINEAR LINEAR LINEAR LINEAR LINEAR LINEAR LINEAR LINEAR LINEAR LINEAR
LINEAR LINEAR LINEAR LINEAR LINEAR LINEAR LINEAR LINEAR LINEAR LINEAR LINEAR LINEAR
LINEAR LINEAR LINEAR LINEAR LINEAR LINEAR LINEAR LINEAR LINEAR LINEAR LINEAR LINEAR
LINEAR LINEAR LINEAR LINEAR LINEAR LINEAR LINEAR LINEAR LINEAR LINEAR LINEAR LINEAR
LINEAR LINEAR LINEAR LINEAR LINEAR LINEAR LINEAR LINEAR LINEAR LINEAR LINEAR LINEAR
LINEAR LINEAR LINEAR LINEAR LINEAR LINEAR LINEAR LINEAR LINEAR LINEAR LINEAR LINEAR
LINEAR LINEAR LINEAR LINEAR LINEAR LINEAR LINEAR LINEAR LINEAR LINEAR LINEAR LINEAR
LINEAR LINEAR LINEAR LINEAR LINEAR LINEAR LINEAR LINEAR LINEAR LINEAR LINEAR LINEAR
LINEAR LINEAR LINEAR LINEAR LINEAR LINEAR LINEAR LINEAR LINEAR LINEAR LINEAR LINEAR
LINEAR LINEAR LINEAR LINEAR LINEAR LINEAR LINEAR LINEAR</Name_array>
        <technique_common>
          <accessor source="#mixamorig10_Hips-Interpolations-array" count="115">
            <param type="name"/>
          </accessor>
        </technique_common>
      </source>
      <sampler id="mixamorig10_Hips-Matrix-animation-transform">
        <input semantic="INPUT" source="#mixamorig10_Hips-Matrix-animation-input"/>
        <input semantic="OUTPUT" source="#mixamorig10_Hips-Matrix-animation-output-transform"/>
        <input semantic="INTERPOLATION" source="#mixamorig10_Hips-Interpolations"/>
      </sampler>
      <channel source="#mixamorig10_Hips-Matrix-animation-transform" target="mixamorig10_Hips/matrix"/>
      <source id="mixamorig10_Spine-Matrix-animation-input">
        <float_array id="mixamorig10_Spine-Matrix-animation-input-array" count="115">

0.000000 0.033333 0.066667 0.100000 0.133333 0.166667 0.200000 0.233333 0.266667 0.300000 0.333333 0.366667 0.400000 0.433333 0.466667 0.500000
0.533333 0.566667 0.600000 0.633333 0.666667 0.700000 0.733333 0.766667 0.800000 0.833333 0.866667 0.900000 0.933333 0.966667 1.000000 1.033333
1.066667 1.100000 1.133333 1.166667 1.200000 1.233333 1.266667 1.300000 1.333333 1.366667 1.400000 1.433333 1.466667 1.500000 1.533333 1.566667
1.600000 1.633333 1.666667 1.700000 1.733333 1.766667 1.800000 1.833333 1.866667 1.900000 1.933333 1.966667 2.000000 2.033333 2.066667 2.100000
2.133333 2.166667 2.200000 2.233333 2.266667 2.300000 2.333333 2.366667 2.400000 2.433333 2.466667 2.500000 2.533333 2.566667 2.600000 2.633333
2.666667 2.700000 2.733333 2.766667 2.800000 2.833333 2.866667 2.900000 2.933333 2.966667 3.000000 3.033333 3.066667 3.100000 3.133333 3.166667
3.200000 3.233333 3.266667 3.300000 3.333333 3.366667 3.400000 3.433333 3.466667 3.500000 3.533333 3.566667 3.600000 3.633333 3.666667 3.700000
3.733333 3.766667 3.800000</float_array>
        <technique_common>
          <accessor source="#mixamorig10_Spine-Matrix-animation-input-array" count="115">
            <param name="TIME" type="float"/>
          </accessor>
        </technique_common>
      </source>
      <source id="mixamorig10_Spine-Matrix-animation-output-transform">
        <float_array id="mixamorig10_Spine-Matrix-animation-output-transform-array" count="1840">

0.998668 -0.012718 0.049996 0.000000 0.009218 0.997531 0.069613 10.067900 -0.050758 -0.069060 0.996320 -1.090600 0.000000 0.000000 0.000000 1.000000
0.998624 -0.007965 0.051828 0.000000 0.004405 0.997645 0.068440 10.067900 -0.052251 -0.068118 0.996308 -1.090600 0.000000 0.000000 0.000000 1.000000
0.998571 -0.004085 0.053279 0.000000 0.000500 0.997743 0.067141 10.067900 -0.053433 -0.067018 0.996320 -1.090600 0.000000 0.000000 0.000000 1.000000
0.998537 -0.002088 0.054025 0.000000 -0.001488 0.997813 0.066077 10.067900 -0.054045 -0.066061 0.996351 -1.090600 0.000000 0.000000 0.000000 1.000000
0.998465 -0.000487 0.055382 0.000000 -0.003101 0.997902 0.064676 10.067900 -0.055297 -0.064748 0.996368 -1.090600 0.000000 0.000000 0.000000 1.000000
0.998394 0.000572 0.056648 0.000000 -0.004167 0.997982 0.063361 10.067900 -0.056498 -0.063495 0.996382 -1.090600 0.000000 0.000000 0.000000 1.000000
0.998380 0.000251 0.056891 0.000000 -0.003863 0.997981 0.063400 10.067900 -0.056760 -0.063518 0.996365 -1.090600 0.000000 0.000000 0.000000 1.000000
0.998403 0.000032 0.056486 0.000000 -0.003667 0.997927 0.064253 10.067900 -0.056367 -0.064358 0.996334 -1.090600 0.000000 0.000000 0.000000 1.000000
0.998414 0.001638 0.056283 0.000000 -0.005301 0.997872 0.064988 10.067900 -0.056057 -0.065183 0.996298 -1.090600 0.000000 0.000000 0.000000 1.000000
0.998412 0.004944 0.056109 0.000000 -0.008629 0.997807 0.065630 10.067900 -0.055661 -0.066010 0.996265 -1.090600 0.000000 0.000000 0.000000 1.000000
0.998456 0.006515 0.055167 0.000000 -0.010213 0.997699 0.067018 10.067900 -0.054603 -0.067478 0.996225 -1.090600 0.000000 0.000000 0.000000 1.000000
0.998520 0.005669 0.054082 -0.000000 -0.009402 0.997571 0.069019 10.067900 -0.053559 -0.069426 0.996148 -1.090600 0.000000 0.000000 0.000000 1.000000
0.998536 0.004844 0.053882 0.000000 -0.008661 0.997451 0.070829 10.067900 -0.053402 -0.071192 0.996032 -1.090600 0.000000 0.000000 0.000000 1.000000
0.998554 0.002867 0.053678 0.000000 -0.006780 0.997320 0.072844 10.067900 -0.053325 -0.073103 0.995898 -1.090600 0.000000 0.000000 0.000000 1.000000
0.998579 -0.000600 0.053292 0.000000 -0.003393 0.997192 0.074815 10.067900 -0.053187 -0.074889 0.995772 -1.090600 0.000000 0.000000 0.000000 1.000000
0.998646 -0.004071 0.051867 -0.000000 0.000166 0.997178 0.075078 10.067900 -0.052026 -0.074967 0.995828 -1.090600 0.000000 0.000000 0.000000 1.000000
0.998759 -0.007698 0.049205 0.000000 0.004019 0.997218 0.074435 10.067900 -0.049641 -0.074145 0.996011 -1.090600 0.000000 0.000000 0.000000 1.000000
0.998801 -0.011468 0.047585 -0.000000 0.007926 0.997229 0.073964 10.067900 -0.048301 -0.073498 0.996125 -1.090600 0.000000 0.000000 0.000000 1.000000
0.998777 -0.014996 0.047104 0.000000 0.011563 0.997313 0.072337 10.067900 -0.048062 -0.071704 0.996267 -1.090600 0.000000 0.000000 0.000000 1.000000
0.998788 -0.017010 0.046191 0.000000 0.013756 0.997461 0.069877 10.067900 -0.047263 -0.069157 0.996486 -1.090600 0.000000 0.000000 0.000000 1.000000
0.998814 -0.017515 0.045421 0.000000 0.014401 0.997581 0.068003 10.067900 -0.046502 -0.067268 0.996651 -1.090600 0.000000 0.000000 0.000000 1.000000
0.998805 -0.017349 0.045692 0.000000 0.014247 0.997627 0.067358 10.067900 -0.046752 -0.066627 0.996682 -1.090600 0.000000 0.000000 0.000000 1.000000
0.998766 -0.018366 0.046151 -0.000000 0.015211 0.997582 0.067809 10.067900 -0.047285 -0.067023 0.996630 -1.090600 0.000000 0.000000 0.000000 1.000000
0.998717 -0.020969 0.046085 0.000000 0.017734 0.997423 0.069524 10.067900 -0.047425 -0.068617 0.996515 -1.090600 0.000000 0.000000 0.000000 1.000000
0.998694 -0.022955 0.045641 0.000000 0.019650 0.997240 0.071599 10.067900 -0.047158 -0.070608 0.996389 -1.090600 0.000000 0.000000 0.000000 1.000000
0.998701 -0.023322 0.045303 0.000000 0.019963 0.997116 0.073224 10.067900 -0.046880 -0.072224 0.996286 -1.090600 0.000000 0.000000 0.000000 1.000000
0.998681 -0.022895 0.045967 0.000000 0.019423 0.997024 0.074605 10.067900 -0.047539 -0.073614 0.996153 -1.090600 0.000000 0.000000 0.000000 1.000000
0.998667 -0.021068 0.047122 0.000000 0.017449 0.996961 0.075929 10.067900 -0.048578 -0.075006 0.995999 -1.090600 0.000000 0.000000 0.000000 1.000000
0.998701 -0.016376 0.048258 0.000000 0.012639 0.996969 0.076763 10.067900 -0.049368 -0.076054 0.995881 -1.090600 0.000000 0.000000 0.000000 1.000000
0.998718 -0.011453 0.049314 0.000000 0.007653 0.997035 0.076568 10.067900 -0.050045 -0.076093 0.995844 -1.090600 0.000000 0.000000 0.000000 1.000000
0.998689 -0.008768 0.050435 0.000000 0.004925 0.997109 0.075822 10.067900 -0.050954 -0.075474 0.995845 -1.090600 0.000000 0.000000 0.000000 1.000000
0.998683 -0.006036 0.050949 0.000000 0.002227 0.997220 0.074481 10.067900 -0.051257 -0.074270 0.995920 -1.090600 0.000000 0.000000 0.000000 1.000000
0.998680 -0.003392 0.051243 0.000000 -0.000360 0.997329 0.073045 10.067900 -0.051354 -0.072967 0.996011 -1.090600 0.000000 0.000000 0.000000 1.000000
0.998671 -0.001927 0.051501 0.000000 -0.001789 0.997402 0.072012 10.067900 -0.051506 -0.072008 0.996073 -1.090600 0.000000 0.000000 0.000000 1.000000
0.998663 -0.002067 0.051655 0.000000 -0.001609 0.997473 0.071023 10.067900 -0.051671 -0.071011 0.996136 -1.090600 0.000000 0.000000 0.000000 1.000000
0.998708 -0.003164 0.050711 -0.000000 -0.000436 0.997488 0.070829 10.067900 -0.050808 -0.070760 0.996199 -1.090600 0.000000 0.000000 0.000000 1.000000
0.998756 -0.002781 0.049778 0.000000 -0.000792 0.997432 0.071612 10.067900 -0.049849 -0.071562 0.996190 -1.090600 0.000000 0.000000 0.000000 1.000000
0.998754 0.000010 0.049898 0.000000 -0.003615 0.997386 0.072163 10.067900 -0.049767 -0.072254 0.996144 -1.090600 0.000000 0.000000 0.000000 1.000000
0.998705 0.003967 0.050726 -0.000000 -0.007646 0.997337 0.072532 10.067900 -0.050303 -0.072826 0.996075 -1.090600 0.000000 0.000000 0.000000 1.000000
0.998657 0.005048 0.051569 -0.000000 -0.008830 0.997266 0.073361 10.067900 -0.051058 -0.073718 0.995971 -1.090600 0.000000 0.000000 0.000000 1.000000
0.998643 0.003345 0.051980 0.000000 -0.007224 0.997186 0.074616 10.067900 -0.051584 -0.074890 0.995857 -1.090600 0.000000 0.000000 0.000000 1.000000
0.998680 0.000954 0.051352 0.000000 -0.004854 0.997105 0.075886 10.067900 -0.051131 -0.076035 0.995793 -1.090600 0.000000 0.000000 0.000000 1.000000
0.998712 -0.002440 0.050681 0.000000 -0.001472 0.997028 0.077021 10.067900 -0.050718 -0.076996 0.995741 -1.090600 0.000000 0.000000 0.000000 1.000000
0.998696 -0.006961 0.050581 0.000000 0.003022 0.996985 0.077538 10.067900 -0.050968 -0.077284 0.995705 -1.090600 0.000000 0.000000 0.000000 1.000000
0.998691 -0.010846 0.049986 -0.000000 0.006988 0.997029 0.076713 10.067900 -0.050670 -0.076263 0.995799 -1.090600 0.000000 0.000000 0.000000 1.000000
0.998724 -0.015340 0.048121 0.000000 0.011651 0.997038 0.076026 10.067900 -0.049144 -0.075369 0.995944 -1.090600 0.000000 0.000000 0.000000 1.000000
0.998709 -0.018410 0.047338 0.000000 0.014828 0.997078 0.074940 10.067900 -0.048579 -0.074141 0.996064 -1.090600 0.000000 0.000000 0.000000 1.000000
0.998659 -0.019775 0.047845 0.000000 0.016251 0.997203 0.072954 10.067900 -0.049154 -0.072079 0.996187 -1.090600 0.000000 0.000000 0.000000 1.000000
0.998643 -0.019208 0.048414 0.000000 0.015732 0.997339 0.071180 10.067900 -0.049652 -0.070322 0.996288 -1.090600 0.000000 0.000000 0.000000 1.000000
0.998652 -0.018561 0.048478 0.000000 0.015116 0.997398 0.070483 10.067900 -0.049660 -0.069655 0.996334 -1.090600 0.000000 0.000000 0.000000 1.000000
0.998596 -0.020751 0.048743 0.000000 0.017281 0.997357 0.070567 10.067900 -0.050079 -0.069626 0.996315 -1.090600 0.000000 0.000000 0.000000 1.000000
0.998506 -0.025784 0.048173 0.000000 0.022322 0.997221 0.071076 10.067900 -0.049872 -0.069895 0.996307 -1.090600 0.000000 0.000000 0.000000 1.000000
0.998482 -0.029083 0.046765 0.000000 0.025688 0.997100 0.071632 10.067900 -0.048713 -0.070322 0.996334 -1.090600 0.000000 0.000000 0.000000 1.000000
0.998513 -0.028966 0.046175 0.000000 0.025587 0.997064 0.072175 10.067900 -0.048130 -0.070887 0.996323 -1.090600 0.000000 0.000000 0.000000 1.000000
0.998523 -0.027671 0.046752 0.000000 0.024222 0.997052 0.072799 10.067900 -0.048629 -0.071559 0.996250 -1.090600 0.000000 0.000000 0.000000 1.000000
0.998563 -0.023838 0.048006 0.000000 0.020345 0.997198 0.071981 10.067900 -0.049587 -0.070901 0.996250 -1.090600 0.000000 0.000000 0.000000 1.000000
0.998558 -0.018685 0.050326 0.000000 0.015186 0.997498 0.069038 10.067900 -0.051490 -0.068174 0.996344 -1.090600 0.000000 0.000000 0.000000 1.000000
0.998467 -0.015830 0.053038 0.000000 0.012324 0.997756 0.065807 10.067900 -0.053961 -0.065052 0.996422 -1.090600 0.000000 0.000000 0.000000 1.000000
0.998327 -0.013498 0.056229 0.000000 0.009991 0.998015 0.062183 10.067900 -0.056957 -0.061517 0.996480 -1.090600 0.000000 0.000000 0.000000 1.000000
0.998185 -0.009577 0.059453 0.000000 0.006075 0.998252 0.058795 10.067900 -0.059912 -0.058327 0.996498 -1.090600 0.000000 0.000000 0.000000 1.000000
0.998138 -0.004738 0.060810 -0.000000 0.001281 0.998387 0.056768 10.067900 -0.060981 -0.056584 0.996534 -1.090600 0.000000 0.000000 0.000000 1.000000
0.998146 -0.000919 0.060859 0.000000 -0.002500 0.998423 0.056079 10.067900 -0.060815 -0.056127 0.996570 -1.090600 0.000000 0.000000 0.000000 1.000000
0.998172 0.000440 0.060429 0.000000 -0.003803 0.998448 0.055555 10.067900 -0.060311 -0.055683 0.996625 -1.090600 0.000000 0.000000 0.000000 1.000000
0.998206 0.000264 0.059876 0.000000 -0.003591 0.998454 0.055474 10.067900 -0.059769 -0.055590 0.996663 -1.090600 0.000000 0.000000 0.000000 1.000000
0.998221 -0.000064 0.059617 0.000000 -0.003298 0.998409 0.056294 10.067900 -0.059526 -0.056391 0.996633 -1.090600 0.000000 0.000000 0.000000 1.000000
0.998224 0.001020 0.059555 0.000000 -0.004423 0.998362 0.057042 10.067900 -0.059400 -0.057204 0.996594 -1.090600 0.000000 0.000000 0.000000 1.000000
0.998185 0.003183 0.060131 0.000000 -0.006602 0.998367 0.056745 10.067900 -0.059853 -0.057039 0.996576 -1.090600 0.000000 0.000000 0.000000 1.000000
0.998123 0.003902 0.061123 0.000000 -0.007422 0.998320 0.057469 10.067900 -0.060796 -0.057815 0.996474 -1.090600 0.000000 0.000000 0.000000 1.000000
0.998112 0.002296 0.061383 0.000000 -0.005907 0.998257 0.058717 10.067900 -0.061142 -0.058969 0.996386 -1.090600 0.000000 0.000000 0.000000 1.000000
0.998161 -0.000318 0.060625 0.000000 -0.003336 0.998184 0.060152 10.067900 -0.060534 -0.060243 0.996347 -1.090600 0.000000 0.000000 0.000000 1.000000
0.998246 -0.003687 0.059080 -0.000000 0.000078 0.998139 0.060977 10.067900 -0.059195 -0.060866 0.996389 -1.090600 0.000000 0.000000 0.000000 1.000000
0.998329 -0.007251 0.057331 0.000000 0.003683 0.998064 0.062093 10.067900 -0.057670 -0.061778 0.996422 -1.090600 0.000000 0.000000 0.000000 1.000000
0.998362 -0.010450 0.056243 -0.000000 0.006892 0.997984 0.063092 10.067900 -0.056789 -0.062601 0.996422 -1.090600 0.000000 0.000000 0.000000 1.000000
0.998357 -0.014728 0.055368 0.000000 0.011274 0.998001 0.062192 10.067900 -0.056173 -0.061466 0.996527 -1.090600 0.000000 0.000000 0.000000 1.000000
0.998328 -0.018395 0.054799 0.000000 0.015027 0.998010 0.061234 10.067900 -0.055816 -0.060309 0.996618 -1.090600 0.000000 0.000000 0.000000 1.000000
0.998253 -0.021498 0.055038 -0.000000 0.018218 0.998067 0.059424 10.067900 -0.056209 -0.058317 0.996714 -1.090600 0.000000 0.000000 0.000000 1.000000
0.998211 -0.022935 0.055225 0.000000 0.019715 0.998112 0.058164 10.067900 -0.056454 -0.056971 0.996778 -1.090600 0.000000 0.000000 0.000000 1.000000
0.998210 -0.023342 0.055071 0.000000 0.020159 0.998133 0.057662 10.067900 -0.056314 -0.056448 0.996816 -1.090600 0.000000 0.000000 0.000000 1.000000
0.998206 -0.023181 0.055210 0.000000 0.019966 0.998112 0.058093 10.067900 -0.056452 -0.056886 0.996783 -1.090600 0.000000 0.000000 0.000000 1.000000
0.998177 -0.024075 0.055344 -0.000000 0.020810 0.998050 0.058842 10.067900 -0.056652 -0.057583 0.996732 -1.090600 0.000000 0.000000 0.000000 1.000000
0.998088 -0.027709 0.055256 0.000000 0.024354 0.997871 0.060494 10.067900 -0.056815 -0.059033 0.996638 -1.090600 0.000000 0.000000 0.000000 1.000000
0.998059 -0.030806 0.054128 0.000000 0.027451 0.997719 0.061674 10.067900 -0.055904 -0.060069 0.996628 -1.090600 0.000000 0.000000 0.000000 1.000000
0.998084 -0.031684 0.053145 0.000000 0.028355 0.997656 0.062276 10.067900 -0.054993 -0.060650 0.996643 -1.090600 0.000000 0.000000 0.000000 1.000000
0.998084 -0.031030 0.053530 0.000000 0.027632 0.997625 0.063096 10.067900 -0.055360 -0.061496 0.996571 -1.090600 0.000000 0.000000 0.000000 1.000000
0.998157 -0.027476 0.054099 0.000000 0.024014 0.997684 0.063639 10.067900 -0.055723 -0.062223 0.996506 -1.090600 0.000000 0.000000 0.000000 1.000000
0.998235 -0.021660 0.055305 0.000000 0.018153 0.997840 0.063133 10.067900 -0.056553 -0.062018 0.996472 -1.090600 0.000000 0.000000 0.000000 1.000000
0.998242 -0.017652 0.056575 0.000000 0.014139 0.997982 0.061899 10.067900 -0.057553 -0.060991 0.996478 -1.090600 0.000000 0.000000 0.000000 1.000000
0.998254 -0.013153 0.057580 0.000000 0.009662 0.998123 0.060478 10.067900 -0.058267 -0.059817 0.996507 -1.090600 0.000000 0.000000 0.000000 1.000000
0.998279 -0.008311 0.058053 0.000000 0.004851 0.998217 0.059490 10.067900 -0.058444 -0.059106 0.996539 -1.090600 0.000000 0.000000 0.000000 1.000000
0.998295 -0.005294 0.058137 -0.000000 0.001830 0.998228 0.059471 10.067900 -0.058348 -0.059263 0.996536 -1.090600 0.000000 0.000000 0.000000 1.000000
0.998322 -0.003086 0.057828 0.000000 -0.000404 0.998184 0.060243 10.067900 -0.057909 -0.060165 0.996507 -1.090600 0.000000 0.000000 0.000000 1.000000
0.998370 -0.002665 0.057013 0.000000 -0.000787 0.998172 0.060429 10.067900 -0.057070 -0.060375 0.996543 -1.090600 0.000000 0.000000 0.000000 1.000000
0.998431 -0.003334 0.055902 0.000000 -0.000096 0.998123 0.061247 10.067900 -0.056002 -0.061156 0.996556 -1.090600 0.000000 0.000000 0.000000 1.000000
0.998489 -0.002552 0.054894 0.000000 -0.000851 0.998084 0.061868 10.067900 -0.054947 -0.061821 0.996574 -1.090600 0.000000 0.000000 0.000000 1.000000
0.998500 0.001123 0.054738 0.000000 -0.004512 0.998076 0.061830 10.067900 -0.054563 -0.061985 0.996585 -1.090600 0.000000 0.000000 0.000000 1.000000
0.998505 0.005252 0.054410 0.000000 -0.008650 0.998013 0.062418 10.067900 -0.053974 -0.062795 0.996566 -1.090600 0.000000 0.000000 0.000000 1.000000
0.998547 0.006506 0.053496 0.000000 -0.009928 0.997904 0.063940 10.067900 -0.052968 -0.064378 0.996519 -1.090600 0.000000 0.000000 0.000000 1.000000
0.998578 0.006108 0.052954 0.000000 -0.009590 0.997790 0.065746 10.067900 -0.052435 -0.066161 0.996430 -1.090600 0.000000 0.000000 0.000000 1.000000
0.998576 0.004979 0.053113 0.000000 -0.008534 0.997723 0.066903 10.067900 -0.052659 -0.067261 0.996345 -1.090600 0.000000 0.000000 0.000000 1.000000
0.998601 0.001891 0.052852 0.000000 -0.005524 0.997623 0.068692 10.067900 -0.052596 -0.068888 0.996237 -1.090600 0.000000 0.000000 0.000000 1.000000
0.998640 -0.002331 0.052088 -0.000000 -0.001319 0.997552 0.069921 10.067900 -0.052124 -0.069895 0.996192 -1.090600 0.000000 0.000000 0.000000 1.000000
0.998748 -0.006636 0.049587 0.000000 0.003160 0.997553 0.069843 10.067900 -0.049929 -0.069599 0.996325 -1.090600 0.000000 0.000000 0.000000 1.000000
0.998837 -0.010408 0.047076 0.000000 0.007103 0.997533 0.069836 10.067900 -0.047687 -0.069420 0.996447 -1.090600 0.000000 0.000000 0.000000 1.000000
0.998828 -0.014293 0.046233 0.000000 0.011072 0.997542 0.069192 10.067900 -0.047108 -0.068599 0.996532 -1.090600 0.000000 0.000000 0.000000 1.000000
0.998823 -0.017468 0.045244 -0.000000 0.014379 0.997601 0.067716 10.067900 -0.046318 -0.066986 0.996678 -1.090600 0.000000 0.000000 0.000000 1.000000
0.998858 -0.018390 0.044093 0.000000 0.015480 0.997736 0.065440 10.067900 -0.045197 -0.064683 0.996882 -1.090600 0.000000 0.000000 0.000000 1.000000
0.998880 -0.017869 0.043821 0.000000 0.015048 0.997844 0.063876 10.067900 -0.044867 -0.063145 0.996995 -1.090600 0.000000 0.000000 0.000000 1.000000
0.998866 -0.016917 0.044512 -0.000000 0.014061 0.997870 0.063706 10.067900 -0.045495 -0.063008 0.996975 -1.090600 0.000000 0.000000 0.000000 1.000000
0.998814 -0.017854 0.045307 0.000000 0.014908 0.997804 0.064535 10.067900 -0.046359 -0.063783 0.996886 -1.090600 0.000000 0.000000 0.000000 1.000000
0.998749 -0.020203 0.045734 0.000000 0.017145 0.997653 0.066293 10.067900 -0.046966 -0.065426 0.996752 -1.090600 0.000000 0.000000 0.000000 1.000000
0.998727 -0.021380 0.045691 -0.000000 0.018249 0.997527 0.067874 10.067900 -0.047029 -0.066954 0.996647 -1.090600 0.000000 0.000000 0.000000 1.000000
0.998713 -0.021614 0.045874 0.000000 0.018413 0.997441 0.069088 10.067900 -0.047250 -0.068154 0.996555 -1.090600 0.000000 0.000000 0.000000 1.000000
0.998688 -0.020680 0.046841 -0.000000 0.017378 0.997407 0.069841 10.067900 -0.048164 -0.068936 0.996458 -1.090600 0.000000 0.000000 0.000000 1.000000
0.998687 -0.017452 0.048173 0.000000 0.014052 0.997446 0.070026 10.067900 -0.049272 -0.069257 0.996381 -1.090600 0.000000 0.000000 0.000000 1.000000
0.998668 -0.012717 0.049996 -0.000000 0.009218 0.997531 0.069613 10.067900 -0.050757 -0.069060 0.996320 -1.090600 0.000000 0.000000 0.000000 1.000000</float_array>
        <technique_common>
          <accessor source="#mixamorig10_Spine-Matrix-animation-output-transform-array" count="115" stride="16">
