<?xml version="1.0" encoding="utf-8"?>
<COLLADA xmlns="http://www.collada.org/2005/11/COLLADASchema" version="1.4.1">
  <asset>
    <contributor>
      <author>Mixamo</author>
      <authoring_tool>COLLADA Mixamo exporter</authoring_tool>
      <comments/>
    </contributor>
    <created>2024-06-29T02:58:13Z</created>
    <modified>2024-06-29T02:58:13Z</modified>
    <revision/>
    <title/>
    <unit meter="0.010000"/>
    <up_axis>Y_UP</up_axis>
  </asset>
  <library_animations>
    <animation>
      <source id="mixamorig10_Hips-Matrix-animation-input">
        <float_array id="mixamorig10_Hips-Matrix-animation-input-array" count="91">

0.000000 0.033333 0.066667 0.100000 0.133333 0.166667 0.200000 0.233333 0.266667 0.300000 0.333333 0.366667 0.400000 0.433333 0.466667 0.500000
0.533333 0.566667 0.600000 0.633333 0.666667 0.700000 0.733333 0.766667 0.800000 0.833333 0.866667 0.900000 0.933333 0.966667 1.000000 1.033333
1.066667 1.100000 1.133333 1.166667 1.200000 1.233333 1.266667 1.300000 1.333333 1.366667 1.400000 1.433333 1.466667 1.500000 1.533333 1.566667
1.600000 1.633333 1.666667 1.700000 1.733333 1.766667 1.800000 1.833333 1.866667 1.900000 1.933333 1.966667 2.000000 2.033333 2.066667 2.100000
2.133333 2.166667 2.200000 2.233333 2.266667 2.300000 2.333333 2.366667 2.400000 2.433333 2.466667 2.500000 2.533333 2.566667 2.600000 2.633333
2.666667 2.700000 2.733333 2.766667 2.800000 2.833333 2.866667 2.900000 2.933333 2.966667 3.000000</float_array>
        <technique_common>
          <accessor source="#mixamorig10_Hips-Matrix-animation-input-array" count="91">
            <param name="TIME" type="float"/>
          </accessor>
        </technique_common>
      </source>
      <source id="mixamorig10_Hips-Matrix-animation-output-transform">
        <float_array id="mixamorig10_Hips-Matrix-animation-output-transform-array" count="1456">

0.994080 0.059244 -0.091072 0.027390 -0.053412 0.996442 0.065192 95.914139 0.094610 -0.059942 0.993708 0.018731 0.000000 0.000000 0.000000 1.000000
0.994080 0.059218 -0.091091 0.028868 -0.053415 0.996463 0.064871 95.914795 0.094610 -0.059622 0.993727 0.019704 0.000000 0.000000 0.000000 1.000000
0.994060 0.059281 -0.091271 0.031893 -0.053490 0.996474 0.064640 95.915886 0.094781 -0.059374 0.993726 0.022759 0.000000 0.000000 0.000000 1.000000
0.994032 0.059344 -0.091534 0.036584 -0.053554 0.996482 0.064464 95.917419 0.095037 -0.059178 0.993713 0.027016 0.000000 0.000000 0.000000 1.000000
0.993989 0.059441 -0.091943 0.042182 -0.053635 0.996484 0.064372 95.919418 0.095446 -0.059054 0.993681 0.031410 0.000000 0.000000 0.000000 1.000000
0.993921 0.059563 -0.092594 0.048160 -0.053724 0.996482 0.064321 95.921509 0.096100 -0.058955 0.993624 0.035207 0.000000 0.000000 0.000000 1.000000
0.993835 0.059693 -0.093426 0.054949 -0.053812 0.996482 0.064247 95.923134 0.096933 -0.058824 0.993551 0.037598 0.000000 0.000000 0.000000 1.000000
0.993746 0.059828 -0.094287 0.062720 -0.053908 0.996484 0.064132 95.923805 0.097793 -0.058648 0.993477 0.038601 0.000000 0.000000 0.000000 1.000000
0.993656 0.059999 -0.095125 0.071111 -0.054036 0.996481 0.064075 95.923676 0.098635 -0.058528 0.993401 0.038690 0.000000 0.000000 0.000000 1.000000
0.993561 0.060203 -0.095982 0.080147 -0.054190 0.996473 0.064067 95.924255 0.099501 -0.058453 0.993319 0.038359 0.000000 0.000000 0.000000 1.000000
0.993463 0.060424 -0.096848 0.090296 -0.054368 0.996468 0.063995 95.926147 0.100373 -0.058311 0.993240 0.037405 0.000000 0.000000 0.000000 1.000000
0.993367 0.060626 -0.097702 0.101492 -0.054545 0.996474 0.063757 95.928200 0.101223 -0.058005 0.993171 0.035490 0.000000 0.000000 0.000000 1.000000
0.993274 0.060803 -0.098534 0.112873 -0.054706 0.996485 0.063446 95.928886 0.102045 -0.057629 0.993109 0.032400 0.000000 0.000000 0.000000 1.000000
0.993187 0.060986 -0.099299 0.123845 -0.054873 0.996493 0.063174 95.928108 0.102804 -0.057295 0.993050 0.028204 0.000000 0.000000 0.000000 1.000000
0.993104 0.061216 -0.099984 0.133796 -0.055084 0.996493 0.062985 95.927032 0.103489 -0.057043 0.992993 0.023086 0.000000 0.000000 0.000000 1.000000
0.993020 0.061508 -0.100639 0.141629 -0.055354 0.996487 0.062849 95.926186 0.104151 -0.056839 0.992936 0.016871 0.000000 0.000000 0.000000 1.000000
0.992940 0.061830 -0.101233 0.146995 -0.055661 0.996481 0.062666 95.925018 0.104751 -0.056589 0.992887 0.009246 0.000000 0.000000 0.000000 1.000000
0.992878 0.062118 -0.101658 0.151086 -0.055960 0.996485 0.062346 95.923225 0.105174 -0.056213 0.992864 0.000932 0.000000 0.000000 0.000000 1.000000
0.992835 0.062352 -0.101940 0.155329 -0.056223 0.996495 0.061933 95.921532 0.105444 -0.055758 0.992861 -0.006632 0.000000 0.000000 0.000000 1.000000
0.992792 0.062574 -0.102215 0.160058 -0.056470 0.996505 0.061560 95.920639 0.105709 -0.055345 0.992856 -0.013159 0.000000 0.000000 0.000000 1.000000
0.992747 0.062811 -0.102513 0.164485 -0.056720 0.996507 0.061287 95.920578 0.106005 -0.055028 0.992842 -0.019426 0.000000 0.000000 0.000000 1.000000
0.992711 0.063024 -0.102722 0.167796 -0.056953 0.996511 0.061007 95.920654 0.106209 -0.054712 0.992838 -0.025176 0.000000 0.000000 0.000000 1.000000
0.992693 0.063167 -0.102815 0.170263 -0.057137 0.996527 0.060572 95.920219 0.106284 -0.054254 0.992855 -0.029352 0.000000 0.000000 0.000000 1.000000
0.992672 0.063263 -0.102958 0.172979 -0.057285 0.996552 0.060020 95.919662 0.106401 -0.053682 0.992873 -0.031125 0.000000 0.000000 0.000000 1.000000
0.992631 0.063362 -0.103293 0.176551 -0.057418 0.996573 0.059545 95.920311 0.106712 -0.053175 0.992867 -0.029824 0.000000 0.000000 0.000000 1.000000
0.992585 0.063410 -0.103702 0.180989 -0.057477 0.996588 0.059237 95.922386 0.107105 -0.052837 0.992843 -0.025346 0.000000 0.000000 0.000000 1.000000
0.992554 0.063382 -0.104019 0.186256 -0.057451 0.996600 0.059056 95.924721 0.107409 -0.052640 0.992820 -0.018879 0.000000 0.000000 0.000000 1.000000
0.992542 0.063261 -0.104208 0.191780 -0.057324 0.996610 0.059015 95.925415 0.107588 -0.052601 0.992803 -0.012699 0.000000 0.000000 0.000000 1.000000
0.992546 0.063116 -0.104256 0.196683 -0.057172 0.996616 0.059053 95.924576 0.107631 -0.052652 0.992796 -0.007358 0.000000 0.000000 0.000000 1.000000
0.992555 0.062988 -0.104247 0.199940 -0.057022 0.996613 0.059255 95.923843 0.107626 -0.052869 0.992785 -0.001580 0.000000 0.000000 0.000000 1.000000
0.992561 0.062877 -0.104253 0.200567 -0.056878 0.996603 0.059554 95.924370 0.107644 -0.053182 0.992766 0.007497 0.000000 0.000000 0.000000 1.000000
0.992555 0.062797 -0.104364 0.198595 -0.056747 0.996586 0.059963 95.925491 0.107773 -0.053595 0.992730 0.020121 0.000000 0.000000 0.000000 1.000000
0.992534 0.062752 -0.104582 0.195327 -0.056637 0.996563 0.060458 95.926071 0.108017 -0.054084 0.992677 0.033482 0.000000 0.000000 0.000000 1.000000
0.992524 0.062717 -0.104705 0.192424 -0.056540 0.996538 0.060956 95.926018 0.108166 -0.054580 0.992633 0.045041 0.000000 0.000000 0.000000 1.000000
0.992528 0.062670 -0.104696 0.190060 -0.056442 0.996514 0.061431 95.925781 0.108181 -0.055062 0.992605 0.053956 0.000000 0.000000 0.000000 1.000000
0.992544 0.062595 -0.104585 0.187681 -0.056318 0.996490 0.061928 95.925308 0.108095 -0.055576 0.992586 0.060071 0.000000 0.000000 0.000000 1.000000
0.992583 0.062462 -0.104291 0.185102 -0.056141 0.996466 0.062482 95.924736 0.107825 -0.056163 0.992582 0.063698 0.000000 0.000000 0.000000 1.000000
0.992653 0.062254 -0.103749 0.182306 -0.055903 0.996444 0.063043 95.924225 0.107305 -0.056780 0.992603 0.065737 0.000000 0.000000 0.000000 1.000000
0.992751 0.061949 -0.102995 0.179723 -0.055586 0.996430 0.063543 95.924026 0.106564 -0.057357 0.992650 0.066718 0.000000 0.000000 0.000000 1.000000
0.992867 0.061557 -0.102106 0.177692 -0.055200 0.996425 0.063956 95.924072 0.105677 -0.057864 0.992716 0.065683 0.000000 0.000000 0.000000 1.000000
0.992998 0.061147 -0.101078 0.175545 -0.054814 0.996425 0.064289 95.923294 0.104648 -0.058299 0.992799 0.061538 0.000000 0.000000 0.000000 1.000000
0.993142 0.060794 -0.099863 0.171382 -0.054504 0.996425 0.064548 95.920784 0.103430 -0.058662 0.992905 0.055109 0.000000 0.000000 0.000000 1.000000
0.993296 0.060489 -0.098510 0.164435 -0.054256 0.996424 0.064767 95.916885 0.102075 -0.058988 0.993026 0.048066 0.000000 0.000000 0.000000 1.000000
0.993448 0.060181 -0.097161 0.155506 -0.054003 0.996422 0.065012 95.912788 0.100726 -0.059339 0.993143 0.041167 0.000000 0.000000 0.000000 1.000000
0.993587 0.059862 -0.095929 0.144650 -0.053729 0.996418 0.065296 95.909416 0.099494 -0.059723 0.993244 0.034407 0.000000 0.000000 0.000000 1.000000
0.993708 0.059564 -0.094848 0.131044 -0.053469 0.996416 0.065551 95.906555 0.098413 -0.060067 0.993331 0.028588 0.000000 0.000000 0.000000 1.000000
0.993812 0.059291 -0.093924 0.115044 -0.053234 0.996416 0.065734 95.903748 0.097485 -0.060327 0.993407 0.024643 0.000000 0.000000 0.000000 1.000000
0.993896 0.059046 -0.093191 0.098812 -0.053020 0.996419 0.065871 95.901703 0.096747 -0.060528 0.993467 0.021691 0.000000 0.000000 0.000000 1.000000
0.993958 0.058839 -0.092663 0.082136 -0.052832 0.996420 0.065992 95.901077 0.096214 -0.060698 0.993508 0.018952 0.000000 0.000000 0.000000 1.000000
0.994001 0.058682 -0.092297 0.064822 -0.052695 0.996426 0.066018 95.901001 0.095841 -0.060758 0.993541 0.015606 0.000000 0.000000 0.000000 1.000000
0.994033 0.058564 -0.092026 0.048443 -0.052599 0.996435 0.065966 95.900612 0.095561 -0.060732 0.993569 0.011203 0.000000 0.000000 0.000000 1.000000
0.994053 0.058452 -0.091881 0.034885 -0.052518 0.996454 0.065734 95.900230 0.095398 -0.060518 0.993598 0.007205 0.000000 0.000000 0.000000 1.000000
0.994052 0.058340 -0.091967 0.024001 -0.052427 0.996477 0.065456 95.900414 0.095462 -0.060245 0.993608 0.004523 0.000000 0.000000 0.000000 1.000000
0.994024 0.058240 -0.092323 0.015438 -0.052328 0.996498 0.065215 95.901764 0.095798 -0.059994 0.993591 0.003745 0.000000 0.000000 0.000000 1.000000
0.993981 0.058154 -0.092847 0.009990 -0.052229 0.996516 0.065020 95.904144 0.096305 -0.059780 0.993555 0.004594 0.000000 0.000000 0.000000 1.000000
0.993936 0.058055 -0.093386 0.007798 -0.052114 0.996534 0.064845 95.906876 0.096827 -0.059585 0.993516 0.005878 0.000000 0.000000 0.000000 1.000000
0.993892 0.057997 -0.093884 0.008135 -0.052043 0.996548 0.064674 95.909470 0.097311 -0.059393 0.993480 0.006506 0.000000 0.000000 0.000000 1.000000
0.993847 0.057961 -0.094387 0.010148 -0.051992 0.996561 0.064519 95.911789 0.097802 -0.059215 0.993443 0.006597 0.000000 0.000000 0.000000 1.000000
0.993796 0.057940 -0.094937 0.014319 -0.051950 0.996571 0.064396 95.913727 0.098342 -0.059065 0.993398 0.006603 0.000000 0.000000 0.000000 1.000000
0.993737 0.057936 -0.095557 0.020550 -0.051920 0.996580 0.064286 95.915466 0.098955 -0.058922 0.993346 0.006046 0.000000 0.000000 0.000000 1.000000
0.993669 0.057952 -0.096251 0.027861 -0.051906 0.996588 0.064178 95.916969 0.099642 -0.058775 0.993286 0.004491 0.000000 0.000000 0.000000 1.000000
0.993599 0.057988 -0.096943 0.035446 -0.051911 0.996594 0.064070 95.917885 0.100328 -0.058627 0.993226 0.002107 0.000000 0.000000 0.000000 1.000000
0.993539 0.058037 -0.097531 0.043024 -0.051938 0.996600 0.063956 95.918320 0.100911 -0.058477 0.993175 -0.000624 0.000000 0.000000 0.000000 1.000000
0.993484 0.058109 -0.098042 0.051422 -0.051991 0.996605 0.063846 95.919098 0.101419 -0.058333 0.993132 -0.003757 0.000000 0.000000 0.000000 1.000000
0.993421 0.058270 -0.098585 0.062447 -0.052129 0.996602 0.063767 95.920494 0.101965 -0.058209 0.993083 -0.008428 0.000000 0.000000 0.000000 1.000000
0.993358 0.058451 -0.099113 0.075792 -0.052279 0.996595 0.063764 95.922295 0.102502 -0.058159 0.993031 -0.014651 0.000000 0.000000 0.000000 1.000000
0.993312 0.058662 -0.099446 0.090067 -0.052468 0.996583 0.063789 95.924126 0.102848 -0.058145 0.992996 -0.020364 0.000000 0.000000 0.000000 1.000000
0.993289 0.058901 -0.099538 0.104170 -0.052700 0.996569 0.063827 95.925346 0.102956 -0.058153 0.992985 -0.025187 0.000000 0.000000 0.000000 1.000000
0.993274 0.059148 -0.099540 0.118541 -0.052940 0.996551 0.063896 95.925644 0.102976 -0.058196 0.992980 -0.031309 0.000000 0.000000 0.000000 1.000000
0.993265 0.059377 -0.099497 0.133459 -0.053167 0.996536 0.063948 95.925735 0.102950 -0.058227 0.992981 -0.039722 0.000000 0.000000 0.000000 1.000000
0.993263 0.059593 -0.099386 0.147819 -0.053384 0.996521 0.064003 95.925735 0.102854 -0.058266 0.992988 -0.049175 0.000000 0.000000 0.000000 1.000000
0.993283 0.059799 -0.099058 0.160009 -0.053602 0.996504 0.064080 95.925034 0.102544 -0.058340 0.993016 -0.057534 0.000000 0.000000 0.000000 1.000000
0.993326 0.059988 -0.098509 0.170180 -0.053808 0.996483 0.064241 95.923157 0.102016 -0.058512 0.993060 -0.064678 0.000000 0.000000 0.000000 1.000000
0.993381 0.060138 -0.097869 0.179850 -0.053971 0.996458 0.064484 95.920486 0.101400 -0.058775 0.993108 -0.072245 0.000000 0.000000 0.000000 1.000000
0.993439 0.060249 -0.097207 0.188763 -0.054094 0.996433 0.064766 95.917412 0.100762 -0.059083 0.993155 -0.081173 0.000000 0.000000 0.000000 1.000000
0.993504 0.060341 -0.096485 0.194913 -0.054203 0.996411 0.065019 95.914108 0.100062 -0.059366 0.993209 -0.090467 0.000000 0.000000 0.000000 1.000000
0.993576 0.060418 -0.095688 0.197155 -0.054309 0.996393 0.065210 95.910553 0.099283 -0.059594 0.993273 -0.098911 0.000000 0.000000 0.000000 1.000000
0.993659 0.060428 -0.094814 0.194919 -0.054360 0.996382 0.065325 95.907013 0.098419 -0.059756 0.993349 -0.105495 0.000000 0.000000 0.000000 1.000000
0.993751 0.060411 -0.093858 0.188843 -0.054404 0.996382 0.065300 95.904594 0.097463 -0.059785 0.993442 -0.108924 0.000000 0.000000 0.000000 1.000000
0.993843 0.060378 -0.092905 0.180845 -0.054437 0.996386 0.065199 95.904335 0.096506 -0.059740 0.993538 -0.109570 0.000000 0.000000 0.000000 1.000000
0.993919 0.060328 -0.092118 0.171911 -0.054456 0.996399 0.064982 95.905464 0.095707 -0.059570 0.993625 -0.107822 0.000000 0.000000 0.000000 1.000000
0.993969 0.060276 -0.091607 0.162392 -0.054453 0.996412 0.064789 95.906593 0.095183 -0.059410 0.993685 -0.103785 0.000000 0.000000 0.000000 1.000000
0.993995 0.060225 -0.091357 0.152945 -0.054424 0.996419 0.064704 95.907440 0.094927 -0.059344 0.993714 -0.097317 0.000000 0.000000 0.000000 1.000000
0.994008 0.060163 -0.091256 0.143031 -0.054370 0.996423 0.064697 95.908005 0.094822 -0.059348 0.993724 -0.088566 0.000000 0.000000 0.000000 1.000000
0.994023 0.060045 -0.091173 0.130157 -0.054251 0.996426 0.064745 95.908257 0.094735 -0.059412 0.993728 -0.077755 0.000000 0.000000 0.000000 1.000000
0.994043 0.059913 -0.091046 0.112834 -0.054121 0.996429 0.064805 95.908386 0.094603 -0.059491 0.993736 -0.065007 0.000000 0.000000 0.000000 1.000000
0.994066 0.059813 -0.090853 0.092729 -0.054028 0.996431 0.064858 95.908394 0.094408 -0.059565 0.993750 -0.050542 0.000000 0.000000 0.000000 1.000000
0.994084 0.059701 -0.090735 0.073498 -0.053916 0.996433 0.064916 95.908546 0.094287 -0.059640 0.993757 -0.035259 0.000000 0.000000 0.000000 1.000000
0.994095 0.059524 -0.090735 0.056904 -0.053733 0.996439 0.064985 95.909378 0.094280 -0.059726 0.993753 -0.019004 0.000000 0.000000 0.000000 1.000000
0.994095 0.059326 -0.090860 0.041901 -0.053518 0.996444 0.065080 95.911453 0.094398 -0.059833 0.993735 -0.000845 0.000000 0.000000 0.000000 1.000000
0.994084 0.059137 -0.091106 0.026846 -0.053309 0.996452 0.065127 95.914177 0.094634 -0.059885 0.993709 0.018937 0.000000 0.000000 0.000000 1.000000</float_array>
        <technique_common>
          <accessor source="#mixamorig10_Hips-Matrix-animation-output-transform-array" count="91" stride="16">
            <param type="float4x4"/>
          </accessor>
        </technique_common>
      </source>
      <source id="mixamorig10_Hips-Interpolations">
        <Name_array id="mixamorig10_Hips-Interpolations-array" count="91">
 LINEAR LINEAR LINEAR LINEAR LINEAR LINEAR LINEAR LINEAR LINEAR LINEAR LINEAR
LINEAR LINEAR LINEAR LINEAR LINEAR LINEAR LINEAR LINEAR LINEAR LINEAR LINEAR LINEAR
LINEAR LINEAR LINEAR LINEAR LINEAR LINEAR LINEAR LINEAR LINEAR LINEAR LINEAR LINEAR
LINEAR LINEAR LINEAR LINEAR LINEAR LINEAR LINEAR LINEAR LINEAR LINEAR LINEAR LINEAR
LINEAR LINEAR LINEAR LINEAR LINEAR LINEAR LINEAR LINEAR LINEAR LINEAR LINEAR LINEAR
LINEAR LINEAR LINEAR LINEAR LINEAR LINEAR LINEAR LINEAR LINEAR LINEAR LINEAR LINEAR
LINEAR LINEAR LINEAR LINEAR LINEAR LINEAR LINEAR LINEAR LINEAR LINEAR LINEAR LINEAR
LINEAR LINEAR LINEAR LINEAR LINEAR LINEAR LINEAR LINEAR</Name_array>
        <technique_common>
          <accessor source="#mixamorig10_Hips-Interpolations-array" count="91">
            <param type="name"/>
          </accessor>
        </technique_common>
      </source>
      <sampler id="mixamorig10_Hips-Matrix-animation-transform">
        <input semantic="INPUT" source="#mixamorig10_Hips-Matrix-animation-input"/>
        <input semantic="OUTPUT" source="#mixamorig10_Hips-Matrix-animation-output-transform"/>
        <input semantic="INTERPOLATION" source="#mixamorig10_Hips-Interpolations"/>
      </sampler>
      <channel source="#mixamorig10_Hips-Matrix-animation-transform" target="mixamorig10_Hips/matrix"/>
      <source id="mixamorig10_Spine-Matrix-animation-input">
        <float_array id="mixamorig10_Spine-Matrix-animation-input-array" count="91">

0.000000 0.033333 0.066667 0.100000 0.133333 0.166667 0.200000 0.233333 0.266667 0.300000 0.333333 0.366667 0.400000 0.433333 0.466667 0.500000
0.533333 0.566667 0.600000 0.633333 0.666667 0.700000 0.733333 0.766667 0.800000 0.833333 0.866667 0.900000 0.933333 0.966667 1.000000 1.033333
1.066667 1.100000 1.133333 1.166667 1.200000 1.233333 1.266667 1.300000 1.333333 1.366667 1.400000 1.433333 1.466667 1.500000 1.533333 1.566667
1.600000 1.633333 1.666667 1.700000 1.733333 1.766667 1.800000 1.833333 1.866667 1.900000 1.933333 1.966667 2.000000 2.033333 2.066667 2.100000
2.133333 2.166667 2.200000 2.233333 2.266667 2.300000 2.333333 2.366667 2.400000 2.433333 2.466667 2.500000 2.533333 2.566667 2.600000 2.633333
2.666667 2.700000 2.733333 2.766667 2.800000 2.833333 2.866667 2.900000 2.933333 2.966667 3.000000</float_array>
        <technique_common>
          <accessor source="#mixamorig10_Spine-Matrix-animation-input-array" count="91">
            <param name="TIME" type="float"/>
          </accessor>
        </technique_common>
      </source>
      <source id="mixamorig10_Spine-Matrix-animation-output-transform">
        <float_array id="mixamorig10_Spine-Matrix-animation-output-transform-array" count="1456">

0.998792 -0.043939 0.022017 0.000000 0.042790 0.997823 0.050177 10.067900 -0.024173 -0.049174 0.998498 -1.090600 0.000000 0.000000 0.000000 1.000000
0.998791 -0.043942 0.022016 -0.000000 0.042793 0.997823 0.050177 10.067900 -0.024173 -0.049174 0.998498 -1.090600 0.000000 0.000000 0.000000 1.000000
0.998797 -0.043939 0.021771 0.000000 0.042798 0.997813 0.050368 10.067900 -0.023937 -0.049376 0.998493 -1.090600 0.000000 0.000000 0.000000 1.000000
0.998812 -0.043760 0.021437 0.000000 0.042629 0.997807 0.050640 10.067900 -0.023606 -0.049666 0.998487 -1.090600 0.000000 0.000000 0.000000 1.000000
0.998830 -0.043552 0.021038 0.000000 0.042433 0.997798 0.050970 10.067900 -0.023211 -0.050017 0.998479 -1.090600 0.000000 0.000000 0.000000 1.000000
0.998848 -0.043337 0.020628 0.000000 0.042231 0.997789 0.051320 10.067900 -0.022806 -0.050390 0.998469 -1.090600 0.000000 0.000000 0.000000 1.000000
0.998864 -0.043139 0.020241 0.000000 0.042045 0.997779 0.051666 10.067900 -0.022425 -0.050756 0.998459 -1.090600 0.000000 0.000000 0.000000 1.000000
0.998879 -0.042961 0.019854 0.000000 0.041880 0.997769 0.051993 10.067900 -0.022043 -0.051103 0.998450 -1.090600 0.000000 0.000000 0.000000 1.000000
0.998894 -0.042802 0.019450 -0.000000 0.041735 0.997760 0.052280 10.067900 -0.021644 -0.051410 0.998443 -1.090600 0.000000 0.000000 0.000000 1.000000
0.998908 -0.042647 0.019093 0.000000 0.041593 0.997752 0.052553 10.067900 -0.021292 -0.051702 0.998436 -1.090600 0.000000 0.000000 0.000000 1.000000
0.998920 -0.042480 0.018836 0.000000 0.041433 0.997743 0.052847 10.067900 -0.021039 -0.052009 0.998425 -1.090600 0.000000 0.000000 0.000000 1.000000
0.998930 -0.042310 0.018650 -0.000000 0.041268 0.997735 0.053129 10.067900 -0.020855 -0.052302 0.998414 -1.090600 0.000000 0.000000 0.000000 1.000000
0.998940 -0.042163 0.018453 -0.000000 0.041125 0.997727 0.053389 10.067900 -0.020663 -0.052574 0.998403 -1.090600 0.000000 0.000000 0.000000 1.000000
0.998951 -0.042027 0.018206 0.000000 0.040999 0.997721 0.053588 10.067900 -0.020417 -0.052785 0.998397 -1.090600 0.000000 0.000000 0.000000 1.000000
0.998960 -0.041889 0.018016 0.000000 0.040869 0.997722 0.053667 10.067900 -0.020223 -0.052874 0.998396 -1.090600 0.000000 0.000000 0.000000 1.000000
0.998967 -0.041755 0.017951 0.000000 0.040739 0.997726 0.053690 10.067900 -0.020152 -0.052903 0.998396 -1.090600 0.000000 0.000000 0.000000 1.000000
0.998972 -0.041639 0.017940 0.000000 0.040623 0.997730 0.053709 10.067900 -0.020136 -0.052925 0.998395 -1.090600 0.000000 0.000000 0.000000 1.000000
0.998975 -0.041546 0.017952 0.000000 0.040528 0.997731 0.053753 10.067900 -0.020145 -0.052970 0.998393 -1.090600 0.000000 0.000000 0.000000 1.000000
0.998979 -0.041438 0.017988 0.000000 0.040417 0.997731 0.053844 10.067900 -0.020178 -0.053062 0.998387 -1.090600 0.000000 0.000000 0.000000 1.000000
0.998984 -0.041296 0.018054 -0.000000 0.040270 0.997734 0.053903 10.067900 -0.020239 -0.053121 0.998383 -1.090600 0.000000 0.000000 0.000000 1.000000
0.998987 -0.041203 0.018102 0.000000 0.040175 0.997738 0.053904 10.067900 -0.020282 -0.053122 0.998382 -1.090600 0.000000 0.000000 0.000000 1.000000
0.998988 -0.041167 0.018113 0.000000 0.040138 0.997740 0.053893 10.067900 -0.020291 -0.053111 0.998382 -1.090600 0.000000 0.000000 0.000000 1.000000
0.998989 -0.041141 0.018131 0.000000 0.040112 0.997741 0.053893 10.067900 -0.020308 -0.053111 0.998382 -1.090600 0.000000 0.000000 0.000000 1.000000
0.998988 -0.041131 0.018204 -0.000000 0.040097 0.997739 0.053930 10.067900 -0.020381 -0.053145 0.998379 -1.090600 0.000000 0.000000 0.000000 1.000000
0.998984 -0.041147 0.018385 0.000000 0.040100 0.997731 0.054076 10.067900 -0.020568 -0.053283 0.998368 -1.090600 0.000000 0.000000 0.000000 1.000000
0.998978 -0.041183 0.018652 -0.000000 0.040116 0.997716 0.054345 10.067900 -0.020847 -0.053541 0.998348 -1.090600 0.000000 0.000000 0.000000 1.000000
0.998970 -0.041229 0.018957 -0.000000 0.040140 0.997699 0.054640 10.067900 -0.021166 -0.053823 0.998326 -1.090600 0.000000 0.000000 0.000000 1.000000
0.998963 -0.041269 0.019249 0.000000 0.040159 0.997684 0.054892 10.067900 -0.021470 -0.054062 0.998307 -1.090600 0.000000 0.000000 0.000000 1.000000
0.998957 -0.041308 0.019454 0.000000 0.040182 0.997672 0.055092 10.067900 -0.021685 -0.054253 0.998292 -1.090600 0.000000 0.000000 0.000000 1.000000
0.998953 -0.041356 0.019564 0.000000 0.040221 0.997662 0.055248 10.067900 -0.021803 -0.054403 0.998281 -1.090600 0.000000 0.000000 0.000000 1.000000
0.998947 -0.041444 0.019687 0.000000 0.040298 0.997651 0.055386 10.067900 -0.021936 -0.054535 0.998271 -1.090600 0.000000 0.000000 0.000000 1.000000
0.998936 -0.041578 0.019950 0.000000 0.040415 0.997637 0.055554 10.067900 -0.022213 -0.054689 0.998256 -1.090600 0.000000 0.000000 0.000000 1.000000
0.998921 -0.041736 0.020347 0.000000 0.040545 0.997621 0.055762 10.067900 -0.022626 -0.054877 0.998237 -1.090600 0.000000 0.000000 0.000000 1.000000
0.998905 -0.041917 0.020774 0.000000 0.040698 0.997602 0.055985 10.067900 -0.023071 -0.055079 0.998215 -1.090600 0.000000 0.000000 0.000000 1.000000
0.998888 -0.042135 0.021173 -0.000000 0.040890 0.997584 0.056170 10.067900 -0.023488 -0.055242 0.998197 -1.090600 0.000000 0.000000 0.000000 1.000000
0.998868 -0.042397 0.021571 0.000000 0.041127 0.997568 0.056271 10.067900 -0.023904 -0.055320 0.998182 -1.090600 0.000000 0.000000 0.000000 1.000000
0.998846 -0.042701 0.021987 0.000000 0.041405 0.997553 0.056328 10.067900 -0.024338 -0.055353 0.998170 -1.090600 0.000000 0.000000 0.000000 1.000000
0.998824 -0.043007 0.022384 0.000000 0.041689 0.997540 0.056360 10.067900 -0.024753 -0.055361 0.998160 -1.090600 0.000000 0.000000 0.000000 1.000000
0.998805 -0.043267 0.022716 0.000000 0.041930 0.997530 0.056360 10.067900 -0.025098 -0.055340 0.998152 -1.090600 0.000000 0.000000 0.000000 1.000000
0.998791 -0.043467 0.022967 -0.000000 0.042116 0.997523 0.056333 10.067900 -0.025358 -0.055298 0.998148 -1.090600 0.000000 0.000000 0.000000 1.000000
0.998779 -0.043652 0.023148 0.000000 0.042293 0.997521 0.056241 10.067900 -0.025546 -0.055193 0.998149 -1.090600 0.000000 0.000000 0.000000 1.000000
0.998765 -0.043887 0.023286 0.000000 0.042525 0.997522 0.056041 10.067900 -0.025688 -0.054982 0.998157 -1.090600 0.000000 0.000000 0.000000 1.000000
0.998748 -0.044189 0.023439 0.000000 0.042826 0.997526 0.055750 10.067900 -0.025845 -0.054677 0.998170 -1.090600 0.000000 0.000000 0.000000 1.000000
0.998728 -0.044519 0.023684 -0.000000 0.043151 0.997531 0.055400 10.067900 -0.026091 -0.054307 0.998183 -1.090600 0.000000 0.000000 0.000000 1.000000
0.998705 -0.044829 0.024046 0.000000 0.043451 0.997538 0.055043 10.067900 -0.026454 -0.053927 0.998194 -1.090600 0.000000 0.000000 0.000000 1.000000
0.998683 -0.045100 0.024467 0.000000 0.043708 0.997544 0.054727 10.067900 -0.026876 -0.053586 0.998202 -1.090600 0.000000 0.000000 0.000000 1.000000
0.998663 -0.045320 0.024847 -0.000000 0.043914 0.997550 0.054454 10.067900 -0.027254 -0.053290 0.998207 -1.090600 0.000000 0.000000 0.000000 1.000000
0.998649 -0.045487 0.025125 0.000000 0.044074 0.997558 0.054189 10.067900 -0.027529 -0.053008 0.998215 -1.090600 0.000000 0.000000 0.000000 1.000000
0.998637 -0.045632 0.025320 0.000000 0.044217 0.997567 0.053897 10.067900 -0.027718 -0.052704 0.998225 -1.090600 0.000000 0.000000 0.000000 1.000000
0.998626 -0.045795 0.025481 0.000000 0.044380 0.997577 0.053582 10.067900 -0.027873 -0.052378 0.998238 -1.090600 0.000000 0.000000 0.000000 1.000000
0.998613 -0.045981 0.025645 -0.000000 0.044565 0.997585 0.053280 10.067900 -0.028032 -0.052063 0.998250 -1.090600 0.000000 0.000000 0.000000 1.000000
0.998602 -0.046125 0.025828 0.000000 0.044707 0.997592 0.053029 10.067900 -0.028212 -0.051800 0.998259 -1.090600 0.000000 0.000000 0.000000 1.000000
0.998595 -0.046173 0.025988 -0.000000 0.044752 0.997600 0.052844 10.067900 -0.028365 -0.051606 0.998265 -1.090600 0.000000 0.000000 0.000000 1.000000
0.998594 -0.046162 0.026054 0.000000 0.044742 0.997607 0.052702 10.067900 -0.028425 -0.051463 0.998270 -1.090600 0.000000 0.000000 0.000000 1.000000
0.998597 -0.046130 0.026021 0.000000 0.044714 0.997615 0.052580 10.067900 -0.028384 -0.051342 0.998278 -1.090600 0.000000 0.000000 0.000000 1.000000
0.998604 -0.046081 0.025815 0.000000 0.044680 0.997623 0.052455 10.067900 -0.028170 -0.051228 0.998290 -1.090600 0.000000 0.000000 0.000000 1.000000
0.998616 -0.046022 0.025443 0.000000 0.044644 0.997632 0.052322 10.067900 -0.027791 -0.051113 0.998306 -1.090600 0.000000 0.000000 0.000000 1.000000
0.998629 -0.045970 0.025029 0.000000 0.044617 0.997640 0.052185 10.067900 -0.027369 -0.050997 0.998324 -1.090600 0.000000 0.000000 0.000000 1.000000
0.998640 -0.045929 0.024660 -0.000000 0.044598 0.997648 0.052049 10.067900 -0.026993 -0.050879 0.998340 -1.090600 0.000000 0.000000 0.000000 1.000000
0.998649 -0.045890 0.024363 -0.000000 0.044578 0.997656 0.051915 10.067900 -0.026688 -0.050759 0.998354 -1.090600 0.000000 0.000000 0.000000 1.000000
0.998658 -0.045845 0.024087 -0.000000 0.044550 0.997664 0.051780 10.067900 -0.026405 -0.050637 0.998368 -1.090600 0.000000 0.000000 0.000000 1.000000
0.998669 -0.045787 0.023752 -0.000000 0.044513 0.997673 0.051640 10.067900 -0.026061 -0.050514 0.998383 -1.090600 0.000000 0.000000 0.000000 1.000000
0.998683 -0.045696 0.023331 0.000000 0.044447 0.997684 0.051494 10.067900 -0.025630 -0.050390 0.998401 -1.090600 0.000000 0.000000 0.000000 1.000000
0.998699 -0.045559 0.022894 0.000000 0.044336 0.997696 0.051345 10.067900 -0.025181 -0.050263 0.998419 -1.090600 0.000000 0.000000 0.000000 1.000000
0.998713 -0.045421 0.022558 0.000000 0.044219 0.997709 0.051206 10.067900 -0.024832 -0.050143 0.998433 -1.090600 0.000000 0.000000 0.000000 1.000000
0.998723 -0.045305 0.022358 0.000000 0.044116 0.997720 0.051083 10.067900 -0.024621 -0.050032 0.998444 -1.090600 0.000000 0.000000 0.000000 1.000000
0.998731 -0.045193 0.022221 0.000000 0.044014 0.997730 0.050970 10.067900 -0.024474 -0.049927 0.998453 -1.090600 0.000000 0.000000 0.000000 1.000000
0.998738 -0.045080 0.022144 0.000000 0.043908 0.997740 0.050862 10.067900 -0.024386 -0.049825 0.998460 -1.090600 0.000000 0.000000 0.000000 1.000000
0.998744 -0.044969 0.022117 0.000000 0.043800 0.997750 0.050754 10.067900 -0.024349 -0.049722 0.998466 -1.090600 0.000000 0.000000 0.000000 1.000000
0.998748 -0.044859 0.022117 0.000000 0.043693 0.997761 0.050644 10.067900 -0.024339 -0.049614 0.998472 -1.090600 0.000000 0.000000 0.000000 1.000000
0.998752 -0.044756 0.022145 0.000000 0.043592 0.997771 0.050527 10.067900 -0.024357 -0.049498 0.998477 -1.090600 0.000000 0.000000 0.000000 1.000000
0.998755 -0.044665 0.022220 0.000000 0.043500 0.997781 0.050398 10.067900 -0.024422 -0.049369 0.998482 -1.090600 0.000000 0.000000 0.000000 1.000000
0.998754 -0.044589 0.022396 -0.000000 0.043419 0.997792 0.050262 10.067900 -0.024588 -0.049227 0.998485 -1.090600 0.000000 0.000000 0.000000 1.000000
0.998751 -0.044530 0.022659 0.000000 0.043351 0.997803 0.050100 10.067900 -0.024840 -0.049055 0.998487 -1.090600 0.000000 0.000000 0.000000 1.000000
0.998747 -0.044490 0.022917 -0.000000 0.043304 0.997816 0.049872 10.067900 -0.025086 -0.048817 0.998493 -1.090600 0.000000 0.000000 0.000000 1.000000
0.998745 -0.044454 0.023060 -0.000000 0.043268 0.997831 0.049603 10.067900 -0.025215 -0.048543 0.998503 -1.090600 0.000000 0.000000 0.000000 1.000000
0.998746 -0.044414 0.023095 0.000000 0.043233 0.997846 0.049340 10.067900 -0.025237 -0.048279 0.998515 -1.090600 0.000000 0.000000 0.000000 1.000000
0.998748 -0.044367 0.023088 0.000000 0.043192 0.997858 0.049136 10.067900 -0.025219 -0.048078 0.998525 -1.090600 0.000000 0.000000 0.000000 1.000000
0.998751 -0.044320 0.023059 -0.000000 0.043149 0.997865 0.049033 10.067900 -0.025183 -0.047977 0.998531 -1.090600 0.000000 0.000000 0.000000 1.000000
0.998754 -0.044278 0.023032 0.000000 0.043109 0.997868 0.049002 10.067900 -0.025153 -0.047948 0.998533 -1.090600 0.000000 0.000000 0.000000 1.000000
0.998756 -0.044238 0.023029 -0.000000 0.043069 0.997870 0.048999 10.067900 -0.025148 -0.047946 0.998533 -1.090600 0.000000 0.000000 0.000000 1.000000
0.998755 -0.044219 0.023091 0.000000 0.043047 0.997870 0.049016 10.067900 -0.025209 -0.047961 0.998531 -1.090600 0.000000 0.000000 0.000000 1.000000
0.998750 -0.044224 0.023276 0.000000 0.043042 0.997869 0.049041 10.067900 -0.025395 -0.047978 0.998526 -1.090600 0.000000 0.000000 0.000000 1.000000
0.998745 -0.044229 0.023492 -0.000000 0.043036 0.997868 0.049074 10.067900 -0.025613 -0.048001 0.998519 -1.090600 0.000000 0.000000 0.000000 1.000000
0.998744 -0.044228 0.023537 0.000000 0.043031 0.997865 0.049122 10.067900 -0.025659 -0.048047 0.998515 -1.090600 0.000000 0.000000 0.000000 1.000000
0.998750 -0.044213 0.023297 0.000000 0.043026 0.997863 0.049173 10.067900 -0.025422 -0.048109 0.998519 -1.090600 0.000000 0.000000 0.000000 1.000000
0.998762 -0.044189 0.022865 0.000000 0.043022 0.997860 0.049249 10.067900 -0.024992 -0.048204 0.998525 -1.090600 0.000000 0.000000 0.000000 1.000000
0.998772 -0.044167 0.022462 -0.000000 0.043015 0.997853 0.049393 10.067900 -0.024595 -0.048366 0.998527 -1.090600 0.000000 0.000000 0.000000 1.000000
0.998778 -0.044151 0.022216 0.000000 0.043006 0.997843 0.049602 10.067900 -0.024358 -0.048586 0.998522 -1.090600 0.000000 0.000000 0.000000 1.000000
0.998781 -0.044142 0.022075 -0.000000 0.042998 0.997830 0.049864 10.067900 -0.024228 -0.048854 0.998512 -1.090600 0.000000 0.000000 0.000000 1.000000
0.998782 -0.044143 0.022061 0.000000 0.042992 0.997815 0.050170 10.067900 -0.024228 -0.049160 0.998497 -1.090600 0.000000 0.000000 0.000000 1.000000</float_array>
        <technique_common>
          <accessor source="#mixamorig10_Spine-Matrix-animation-output-transform-array" count="91" stride="16">
            <param type="float4x4"/>
          </accessor>
        </technique_common>
      </source>
      <source id="mixamorig10_Spine-Interpolations">
        <Name_array id="mixamorig10_Spine-Interpolations-array" count="91">
 LINEAR LINEAR LINEAR LINEAR LINEAR LINEAR LINEAR LINEAR LINEAR LINEAR LINEAR
LINEAR LINEAR LINEAR LINEAR LINEAR LINEAR LINEAR LINEAR LINEAR LINEAR LINEAR LINEAR
LINEAR LINEAR LINEAR LINEAR LINEAR LINEAR LINEAR LINEAR LINEAR LINEAR LINEAR LINEAR
LINEAR LINEAR LINEAR LINEAR LINEAR LINEAR LINEAR LINEAR LINEAR LINEAR LINEAR LINEAR
LINEAR LINEAR LINEAR LINEAR LINEAR LINEAR LINEAR LINEAR LINEAR LINEAR LINEAR LINEAR
LINEAR LINEAR LINEAR LINEAR LINEAR LINEAR LINEAR LINEAR LINEAR LINEAR LINEAR LINEAR
LINEAR LINEAR LINEAR LINEAR LINEAR LINEAR LINEAR LINEAR LINEAR LINEAR LINEAR LINEAR
LINEAR LINEAR LINEAR LINEAR LINEAR LINEAR LINEAR LINEAR</Name_array>
        <technique_common>
          <accessor source="#mixamorig10_Spine-Interpolations-array" count="91">
            <param type="name"/>
          </accessor>
        </technique_common>
      </source>
      <sampler id="mixamorig10_Spine-Matrix-animation-transform">
        <input semantic="INPUT" source="#mixamorig10_Spine-Matrix-animation-input"/>
        <input semantic="OUTPUT" source="#mixamorig10_Spine-Matrix-animation-output-transform"/>
        <input semantic="INTERPOLATION" source="#mixamorig10_Spine-Interpolations"/>
      </sampler>
      <channel source="#mixamorig10_Spine-Matrix-animation-transform" target="mixamorig10_Spine/matrix"/>
      <source id="mixamorig10_Spine1-Matrix-animation-input">
        <float_array id="mixamorig10_Spine1-Matrix-animation-input-array" count="91">

0.000000 0.033333 0.066667 0.100000 0.133333 0.166667 0.200000 0.233333 0.266667 0.300000 0.333333 0.366667 0.400000 0.433333 0.466667 0.500000
0.533333 0.566667 0.600000 0.633333 0.666667 0.700000 0.733333 0.766667 0.800000 0.833333 0.866667 0.900000 0.933333 0.966667 1.000000 1.033333
1.066667 1.100000 1.133333 1.166667 1.200000 1.233333 1.266667 1.300000 1.333333 1.366667 1.400000 1.433333 1.466667 1.500000 1.533333 1.566667
1.600000 1.633333 1.666667 1.700000 1.733333 1.766667 1.800000 1.833333 1.866667 1.900000 1.933333 1.966667 2.000000 2.033333 2.066667 2.100000
2.133333 2.166667 2.200000 2.233333 2.266667 2.300000 2.333333 2.366667 2.400000 2.433333 2.466667 2.500000 2.533333 2.566667 2.600000 2.633333
2.666667 2.700000 2.733333 2.766667 2.800000 2.833333 2.866667 2.900000 2.933333 2.966667 3.000000</float_array>
        <technique_common>
          <accessor source="#mixamorig10_Spine1-Matrix-animation-input-array" count="91">
            <param name="TIME" type="float"/>
          </accessor>
        </technique_common>
      </source>
      <source id="mixamorig10_Spine1-Matrix-animation-output-transform">
        <float_array id="mixamorig10_Spine1-Matrix-animation-output-transform-array" count="1456">

0.999620 -0.027413 0.002713 0.000000 0.027462 0.999424 -0.019943 11.814600 -0.002165 0.020009 0.999797 -0.000000 0.000000 0.000000 0.000000 1.000000
0.999620 -0.027413 0.002713 0.000000 0.027462 0.999424 -0.019943 11.814600 -0.002165 0.020010 0.999797 0.000000 0.000000 0.000000 0.000000 1.000000
0.999620 -0.027414 0.002711 0.000000 0.027462 0.999425 -0.019868 11.814600 -0.002165 0.019934 0.999799 0.000000 0.000000 0.000000 0.000000 1.000000
0.999620 -0.027414 0.002704 0.000000 0.027462 0.999430 -0.019614 11.814600 -0.002165 0.019681 0.999804 0.000000 0.000000 0.000000 0.000000 1.000000
0.999621 -0.027401 0.002535 0.000000 0.027445 0.999438 -0.019238 11.814600 -0.002006 0.019300 0.999812 0.000000 0.000000 0.000000 0.000000 1.000000
0.999622 -0.027388 0.002360 -0.000000 0.027427 0.999447 -0.018788 11.814600 -0.001844 0.018846 0.999821 0.000000 0.000000 0.000000 0.000000 1.000000
0.999623 -0.027375 0.002193 -0.000000 0.027411 0.999457 -0.018278 11.814600 -0.001691 0.018331 0.999831 0.000000 0.000000 0.000000 0.000000 1.000000
0.999624 -0.027363 0.002024 -0.000000 0.027394 0.999468 -0.017718 11.814600 -0.001538 0.017767 0.999841 0.000000 0.000000 0.000000 0.000000 1.000000
0.999624 -0.027349 0.001846 0.000000 0.027377 0.999479 -0.017115 11.814600 -0.001377 0.017159 0.999852 0.000000 0.000000 0.000000 0.000000 1.000000
0.999625 -0.027338 0.001690 0.000000 0.027362 0.999490 -0.016457 11.814600 -0.001239 0.016497 0.999863 0.000000 0.000000 0.000000 0.000000 1.000000
0.999625 -0.027330 0.001574 -0.000000 0.027352 0.999502 -0.015751 11.814600 -0.001143 0.015788 0.999875 0.000000 0.000000 0.000000 0.000000 1.000000
0.999626 -0.027324 0.001479 0.000000 0.027343 0.999513 -0.015004 11.814600 -0.001068 0.015039 0.999886 -0.000000 0.000000 0.000000 0.000000 1.000000
0.999626 -0.027321 0.001407 0.000000 0.027338 0.999525 -0.014222 11.814600 -0.001018 0.014255 0.999898 -0.000000 0.000000 0.000000 0.000000 1.000000
0.999626 -0.027319 0.001355 0.000000 0.027335 0.999536 -0.013410 11.814600 -0.000988 0.013442 0.999909 -0.000000 0.000000 0.000000 0.000000 1.000000
0.999626 -0.027318 0.001311 0.000000 0.027332 0.999547 -0.012601 11.814600 -0.000966 0.012632 0.999920 0.000000 0.000000 0.000000 0.000000 1.000000
0.999626 -0.027318 0.001274 -0.000000 0.027331 0.999557 -0.011800 11.814600 -0.000951 0.011831 0.999930 0.000000 0.000000 0.000000 0.000000 1.000000
0.999626 -0.027318 0.001242 -0.000000 0.027330 0.999566 -0.010963 11.814600 -0.000942 0.010993 0.999939 0.000000 0.000000 0.000000 0.000000 1.000000
0.999626 -0.027318 0.001213 0.000000 0.027329 0.999576 -0.010070 11.814600 -0.000937 0.010100 0.999949 0.000000 0.000000 0.000000 0.000000 1.000000
0.999626 -0.027331 0.001185 0.000000 0.027341 0.999584 -0.009141 11.814600 -0.000934 0.009170 0.999958 0.000000 0.000000 0.000000 0.000000 1.000000
0.999625 -0.027363 0.001156 0.000000 0.027371 0.999592 -0.008206 11.814600 -0.000931 0.008234 0.999966 0.000000 0.000000 0.000000 0.000000 1.000000
0.999624 -0.027397 0.001125 0.000000 0.027405 0.999598 -0.007280 11.814600 -0.000925 0.007308 0.999973 0.000000 0.000000 0.000000 0.000000 1.000000
0.999623 -0.027436 0.001103 0.000000 0.027442 0.999603 -0.006367 11.814600 -0.000927 0.006395 0.999979 -0.000000 0.000000 0.000000 0.000000 1.000000
0.999622 -0.027478 0.001108 0.000000 0.027484 0.999607 -0.005437 11.814600 -0.000958 0.005465 0.999985 0.000000 0.000000 0.000000 0.000000 1.000000
0.999620 -0.027528 0.001129 0.000000 0.027533 0.999611 -0.004452 11.814600 -0.001006 0.004482 0.999989 0.000000 0.000000 0.000000 0.000000 1.000000
0.999619 -0.027593 0.001165 0.000000 0.027597 0.999613 -0.003439 11.814600 -0.001070 0.003470 0.999993 0.000000 0.000000 0.000000 0.000000 1.000000
0.999616 -0.027667 0.001241 0.000000 0.027670 0.999614 -0.002417 11.814600 -0.001173 0.002450 0.999996 0.000000 0.000000 0.000000 0.000000 1.000000
0.999614 -0.027741 0.001351 0.000000 0.027743 0.999614 -0.001395 11.814600 -0.001312 0.001432 0.999998 0.000000 0.000000 0.000000 0.000000 1.000000
0.999612 -0.027814 0.001453 -0.000000 0.027814 0.999613 -0.000386 11.814600 -0.001442 0.000426 0.999999 -0.000000 0.000000 0.000000 0.000000 1.000000
0.999610 -0.027888 0.001516 -0.000000 0.027887 0.999611 0.000595 11.814600 -0.001532 -0.000553 0.999999 0.000000 0.000000 0.000000 0.000000 1.000000
0.999607 -0.027974 0.001549 -0.000000 0.027972 0.999608 0.001539 11.814600 -0.001592 -0.001495 0.999998 0.000000 0.000000 0.000000 0.000000 1.000000
0.999605 -0.028073 0.001590 -0.000000 0.028069 0.999603 0.002455 11.814600 -0.001658 -0.002409 0.999996 0.000000 0.000000 0.000000 0.000000 1.000000
0.999602 -0.028176 0.001671 0.000000 0.028170 0.999598 0.003349 11.814600 -0.001764 -0.003301 0.999993 0.000000 0.000000 0.000000 0.000000 1.000000
