<?xml version="1.0" encoding="utf-8"?>
<COLLADA xmlns="http://www.collada.org/2005/11/COLLADASchema" version="1.4.1">
  <asset>
    <contributor>
      <author>Mixamo</author>
      <authoring_tool>COLLADA Mixamo exporter</authoring_tool>
      <comments/>
    </contributor>
    <created>2024-06-27T09:48:25Z</created>
    <modified>2024-06-27T09:48:25Z</modified>
    <revision/>
    <title/>
    <unit meter="0.010000"/>
    <up_axis>Y_UP</up_axis>
  </asset>
  <library_animations>
    <animation>
      <source id="mixamorig_Hips-Matrix-animation-input">
        <float_array id="mixamorig_Hips-Matrix-animation-input-array" count="91">

0.000000 0.033333 0.066667 0.100000 0.133333 0.166667 0.200000 0.233333 0.266667 0.300000 0.333333 0.366667 0.400000 0.433333 0.466667 0.500000
0.533333 0.566667 0.600000 0.633333 0.666667 0.700000 0.733333 0.766667 0.800000 0.833333 0.866667 0.900000 0.933333 0.966667 1.000000 1.033333
1.066667 1.100000 1.133333 1.166667 1.200000 1.233333 1.266667 1.300000 1.333333 1.366667 1.400000 1.433333 1.466667 1.500000 1.533333 1.566667
1.600000 1.633333 1.666667 1.700000 1.733333 1.766667 1.800000 1.833333 1.866667 1.900000 1.933333 1.966667 2.000000 2.033333 2.066667 2.100000
2.133333 2.166667 2.200000 2.233333 2.266667 2.300000 2.333333 2.366667 2.400000 2.433333 2.466667 2.500000 2.533333 2.566667 2.600000 2.633333
2.666667 2.700000 2.733333 2.766667 2.800000 2.833333 2.866667 2.900000 2.933333 2.966667 3.000000</float_array>
        <technique_common>
          <accessor source="#mixamorig_Hips-Matrix-animation-input-array" count="91">
            <param name="TIME" type="float"/>
          </accessor>
        </technique_common>
      </source>
      <source id="mixamorig_Hips-Matrix-animation-output-transform">
        <float_array id="mixamorig_Hips-Matrix-animation-output-transform-array" count="1456">

0.993948 0.061504 -0.091016 0.010808 -0.055676 0.996315 0.065244 96.009315 0.094694 -0.059782 0.993710 0.789834 0.000000 0.000000 0.000000 1.000000
0.993947 0.061490 -0.091036 0.012403 -0.055691 0.996335 0.064923 96.009911 0.094694 -0.059460 0.993729 0.790944 0.000000 0.000000 0.000000 1.000000
0.993926 0.061571 -0.091216 0.015450 -0.055784 0.996345 0.064692 96.011337 0.094865 -0.059211 0.993728 0.794138 0.000000 0.000000 0.000000 1.000000
0.993897 0.061646 -0.091478 0.020031 -0.055860 0.996352 0.064517 96.013206 0.095121 -0.059013 0.993715 0.798475 0.000000 0.000000 0.000000 1.000000
0.993853 0.061754 -0.091887 0.025409 -0.055953 0.996353 0.064425 96.015656 0.095530 -0.058887 0.993683 0.802922 0.000000 0.000000 0.000000 1.000000
0.993784 0.061895 -0.092537 0.031060 -0.056060 0.996350 0.064374 96.018616 0.096183 -0.058786 0.993626 0.806770 0.000000 0.000000 0.000000 1.000000
0.993696 0.062049 -0.093368 0.037433 -0.056173 0.996348 0.064301 96.021301 0.097016 -0.058651 0.993553 0.809259 0.000000 0.000000 0.000000 1.000000
0.993606 0.062200 -0.094227 0.044702 -0.056285 0.996349 0.064186 96.022278 0.097876 -0.058472 0.993479 0.810320 0.000000 0.000000 0.000000 1.000000
0.993515 0.062379 -0.095064 0.052552 -0.056420 0.996345 0.064129 96.021736 0.098717 -0.058350 0.993403 0.810396 0.000000 0.000000 0.000000 1.000000
0.993419 0.062600 -0.095921 0.061143 -0.056593 0.996336 0.064122 96.022385 0.099583 -0.058271 0.993322 0.810114 0.000000 0.000000 0.000000 1.000000
0.993318 0.062860 -0.096785 0.071005 -0.056810 0.996328 0.064050 96.025604 0.100456 -0.058124 0.993242 0.809349 0.000000 0.000000 0.000000 1.000000
0.993219 0.063110 -0.097636 0.081976 -0.057034 0.996331 0.063814 96.029289 0.101305 -0.057812 0.993174 0.807685 0.000000 0.000000 0.000000 1.000000
0.993124 0.063310 -0.098468 0.092967 -0.057219 0.996340 0.063503 96.030212 0.102128 -0.057432 0.993112 0.804749 0.000000 0.000000 0.000000 1.000000
0.993036 0.063503 -0.099233 0.103524 -0.057396 0.996347 0.063231 96.028694 0.102886 -0.057095 0.993053 0.800641 0.000000 0.000000 0.000000 1.000000
0.992952 0.063746 -0.099918 0.113147 -0.057620 0.996346 0.063043 96.026894 0.103571 -0.056841 0.992997 0.795614 0.000000 0.000000 0.000000 1.000000
0.992865 0.064059 -0.100572 0.120756 -0.057911 0.996338 0.062907 96.025887 0.104233 -0.056634 0.992939 0.789531 0.000000 0.000000 0.000000 1.000000
0.992783 0.064400 -0.101165 0.125942 -0.058238 0.996330 0.062724 96.024376 0.104833 -0.056380 0.992890 0.782046 0.000000 0.000000 0.000000 1.000000
0.992720 0.064703 -0.101591 0.129952 -0.058552 0.996332 0.062405 96.021729 0.105256 -0.056002 0.992867 0.773892 0.000000 0.000000 0.000000 1.000000
0.992675 0.064948 -0.101873 0.134169 -0.058826 0.996342 0.061992 96.018982 0.105526 -0.055546 0.992864 0.766499 0.000000 0.000000 0.000000 1.000000
0.992631 0.065186 -0.102148 0.138908 -0.059089 0.996349 0.061620 96.017609 0.105792 -0.055130 0.992859 0.760144 0.000000 0.000000 0.000000 1.000000
0.992583 0.065444 -0.102446 0.143313 -0.059360 0.996350 0.061347 96.017395 0.106087 -0.054811 0.992845 0.754010 0.000000 0.000000 0.000000 1.000000
0.992547 0.065677 -0.102654 0.146667 -0.059613 0.996352 0.061067 96.017410 0.106290 -0.054493 0.992841 0.748394 0.000000 0.000000 0.000000 1.000000
0.992526 0.065836 -0.102746 0.149245 -0.059814 0.996366 0.060633 96.016571 0.106365 -0.054034 0.992858 0.744388 0.000000 0.000000 0.000000 1.000000
0.992504 0.065942 -0.102891 0.151983 -0.059971 0.996390 0.060082 96.015228 0.106482 -0.053461 0.992876 0.742795 0.000000 0.000000 0.000000 1.000000
0.992462 0.066066 -0.103225 0.155528 -0.060129 0.996409 0.059607 96.015640 0.106792 -0.052951 0.992870 0.744272 0.000000 0.000000 0.000000 1.000000
0.992414 0.066138 -0.103633 0.159823 -0.060213 0.996423 0.059299 96.017998 0.107184 -0.052610 0.992846 0.748854 0.000000 0.000000 0.000000 1.000000
0.992382 0.066126 -0.103948 0.164915 -0.060203 0.996434 0.059119 96.020859 0.107487 -0.052410 0.992824 0.755354 0.000000 0.000000 0.000000 1.000000
0.992372 0.065975 -0.104140 0.170064 -0.060046 0.996446 0.059078 96.020844 0.107667 -0.052374 0.992807 0.761455 0.000000 0.000000 0.000000 1.000000
0.992379 0.065786 -0.104191 0.174634 -0.059850 0.996455 0.059114 96.018715 0.107711 -0.052428 0.992799 0.766665 0.000000 0.000000 0.000000 1.000000
0.992390 0.065632 -0.104183 0.177716 -0.059673 0.996454 0.059316 96.017242 0.107707 -0.052648 0.992788 0.772335 0.000000 0.000000 0.000000 1.000000
0.992398 0.065502 -0.104189 0.178178 -0.059511 0.996446 0.059615 96.017319 0.107723 -0.052962 0.992769 0.781245 0.000000 0.000000 0.000000 1.000000
0.992393 0.065412 -0.104298 0.176030 -0.059369 0.996430 0.060024 96.018616 0.107852 -0.053376 0.992733 0.793702 0.000000 0.000000 0.000000 1.000000
0.992374 0.065354 -0.104515 0.172491 -0.059246 0.996407 0.060519 96.019035 0.108095 -0.053866 0.992680 0.806860 0.000000 0.000000 0.000000 1.000000
0.992364 0.065303 -0.104636 0.169391 -0.059134 0.996384 0.061016 96.018509 0.108243 -0.054363 0.992637 0.818211 0.000000 0.000000 0.000000 1.000000
0.992369 0.065240 -0.104627 0.166913 -0.059019 0.996361 0.061491 96.017754 0.108257 -0.054847 0.992609 0.826932 0.000000 0.000000 0.000000 1.000000
0.992388 0.065139 -0.104515 0.164405 -0.058870 0.996339 0.061988 96.016556 0.108170 -0.055363 0.992590 0.832804 0.000000 0.000000 0.000000 1.000000
0.992430 0.064973 -0.104220 0.161731 -0.058660 0.996317 0.062541 96.015259 0.107900 -0.055954 0.992586 0.836145 0.000000 0.000000 0.000000 1.000000
0.992502 0.064731 -0.103678 0.159007 -0.058387 0.996298 0.063102 96.014038 0.107379 -0.056575 0.992607 0.837907 0.000000 0.000000 0.000000 1.000000
0.992603 0.064394 -0.102925 0.156662 -0.058038 0.996286 0.063600 96.013481 0.106638 -0.057156 0.992654 0.838650 0.000000 0.000000 0.000000 1.000000
0.992722 0.063968 -0.102036 0.154924 -0.057618 0.996284 0.064013 96.013344 0.105752 -0.057668 0.992719 0.837397 0.000000 0.000000 0.000000 1.000000
0.992855 0.063522 -0.101009 0.153152 -0.057196 0.996287 0.064346 96.012161 0.104722 -0.058109 0.992802 0.833054 0.000000 0.000000 0.000000 1.000000
0.993003 0.063131 -0.099796 0.149535 -0.056848 0.996290 0.064604 96.008667 0.103504 -0.058478 0.992908 0.826469 0.000000 0.000000 0.000000 1.000000
0.993160 0.062792 -0.098445 0.143305 -0.056564 0.996292 0.064822 96.003250 0.102150 -0.058810 0.993029 0.819300 0.000000 0.000000 0.000000 1.000000
0.993314 0.062453 -0.097097 0.135135 -0.056280 0.996293 0.065066 95.997833 0.100801 -0.059167 0.993146 0.812275 0.000000 0.000000 0.000000 1.000000
0.993455 0.062108 -0.095866 0.124959 -0.055979 0.996291 0.065350 95.993637 0.099569 -0.059556 0.993247 0.805415 0.000000 0.000000 0.000000 1.000000
0.993579 0.061784 -0.094787 0.111930 -0.055694 0.996290 0.065605 95.990295 0.098488 -0.059904 0.993334 0.799478 0.000000 0.000000 0.000000 1.000000
0.993685 0.061486 -0.093864 0.096382 -0.055433 0.996293 0.065787 95.986954 0.097561 -0.060168 0.993409 0.795410 0.000000 0.000000 0.000000 1.000000
0.993770 0.061220 -0.093132 0.080505 -0.055198 0.996297 0.065924 95.984467 0.096823 -0.060372 0.993469 0.792369 0.000000 0.000000 0.000000 1.000000
0.993833 0.060996 -0.092604 0.064060 -0.054994 0.996300 0.066045 95.983742 0.096290 -0.060545 0.993510 0.789546 0.000000 0.000000 0.000000 1.000000
0.993878 0.060823 -0.092239 0.046847 -0.054839 0.996307 0.066070 95.983635 0.095917 -0.060607 0.993543 0.786112 0.000000 0.000000 0.000000 1.000000
0.993911 0.060693 -0.091968 0.030544 -0.054731 0.996316 0.066018 95.983253 0.095636 -0.060582 0.993571 0.781687 0.000000 0.000000 0.000000 1.000000
0.993931 0.060580 -0.091825 0.017059 -0.054649 0.996336 0.065786 95.983070 0.095474 -0.060369 0.993600 0.777739 0.000000 0.000000 0.000000 1.000000
0.993930 0.060469 -0.091911 0.006092 -0.054559 0.996359 0.065507 95.983528 0.095538 -0.060095 0.993610 0.775107 0.000000 0.000000 0.000000 1.000000
0.993903 0.060362 -0.092269 -0.002840 -0.054454 0.996381 0.065267 95.985107 0.095874 -0.059844 0.993593 0.774309 0.000000 0.000000 0.000000 1.000000
0.993860 0.060266 -0.092793 -0.008842 -0.054344 0.996400 0.065071 95.987724 0.096381 -0.059629 0.993557 0.775089 0.000000 0.000000 0.000000 1.000000
0.993816 0.060160 -0.093333 -0.011572 -0.054223 0.996418 0.064895 95.990868 0.096903 -0.059433 0.993518 0.776322 0.000000 0.000000 0.000000 1.000000
0.993772 0.060100 -0.093831 -0.011721 -0.054149 0.996433 0.064724 95.993996 0.097387 -0.059240 0.993482 0.776924 0.000000 0.000000 0.000000 1.000000
0.993727 0.060060 -0.094334 -0.010195 -0.054095 0.996446 0.064570 95.996696 0.097877 -0.059062 0.993444 0.776987 0.000000 0.000000 0.000000 1.000000
0.993676 0.060037 -0.094885 -0.006522 -0.054051 0.996456 0.064447 95.999008 0.098418 -0.058910 0.993400 0.776955 0.000000 0.000000 0.000000 1.000000
0.993617 0.060032 -0.095505 -0.000823 -0.054020 0.996465 0.064336 96.000992 0.099030 -0.058766 0.993348 0.776370 0.000000 0.000000 0.000000 1.000000
0.993549 0.060052 -0.096199 0.005946 -0.054010 0.996473 0.064228 96.002884 0.099717 -0.058618 0.993288 0.774808 0.000000 0.000000 0.000000 1.000000
0.993479 0.060096 -0.096891 0.013052 -0.054024 0.996479 0.064120 96.004257 0.100404 -0.058468 0.993227 0.772436 0.000000 0.000000 0.000000 1.000000
0.993418 0.060157 -0.097479 0.020270 -0.054063 0.996484 0.064007 96.005142 0.100987 -0.058315 0.993177 0.769740 0.000000 0.000000 0.000000 1.000000
0.993362 0.060245 -0.097990 0.028436 -0.054131 0.996487 0.063897 96.006401 0.101495 -0.058168 0.993134 0.766679 0.000000 0.000000 0.000000 1.000000
0.993298 0.060420 -0.098532 0.039152 -0.054283 0.996484 0.063818 96.008392 0.102042 -0.058042 0.993085 0.762071 0.000000 0.000000 0.000000 1.000000
0.993234 0.060615 -0.099060 0.052202 -0.054448 0.996475 0.063815 96.010979 0.102579 -0.057990 0.993033 0.755897 0.000000 0.000000 0.000000 1.000000
0.993186 0.060847 -0.099392 0.066393 -0.054659 0.996462 0.063841 96.013901 0.102925 -0.057973 0.992998 0.750264 0.000000 0.000000 0.000000 1.000000
0.993161 0.061113 -0.099483 0.080660 -0.054917 0.996445 0.063879 96.016396 0.103033 -0.057979 0.992987 0.745555 0.000000 0.000000 0.000000 1.000000
0.993144 0.061387 -0.099485 0.095272 -0.055184 0.996426 0.063948 96.017632 0.103055 -0.058020 0.992982 0.739564 0.000000 0.000000 0.000000 1.000000
0.993133 0.061637 -0.099441 0.110434 -0.055432 0.996409 0.064001 96.018204 0.103028 -0.058049 0.992983 0.731276 0.000000 0.000000 0.000000 1.000000
0.993129 0.061869 -0.099329 0.125051 -0.055665 0.996393 0.064056 96.018539 0.102934 -0.058087 0.992991 0.721934 0.000000 0.000000 0.000000 1.000000
0.993148 0.062090 -0.099001 0.137654 -0.055899 0.996375 0.064134 96.018135 0.102624 -0.058160 0.993018 0.713681 0.000000 0.000000 0.000000 1.000000
0.993190 0.062292 -0.098452 0.148398 -0.056117 0.996352 0.064295 96.016350 0.102097 -0.058332 0.993063 0.706623 0.000000 0.000000 0.000000 1.000000
0.993244 0.062450 -0.097811 0.158685 -0.056288 0.996326 0.064538 96.013565 0.101482 -0.058596 0.993110 0.699115 0.000000 0.000000 0.000000 1.000000
0.993301 0.062569 -0.097149 0.168206 -0.056418 0.996301 0.064820 96.010300 0.100845 -0.058905 0.993157 0.690232 0.000000 0.000000 0.000000 1.000000
0.993365 0.062665 -0.096427 0.174993 -0.056532 0.996278 0.065073 96.006699 0.100146 -0.059190 0.993211 0.680980 0.000000 0.000000 0.000000 1.000000
0.993438 0.062744 -0.095630 0.177909 -0.056639 0.996259 0.065264 96.002609 0.099367 -0.059419 0.993275 0.672582 0.000000 0.000000 0.000000 1.000000
0.993521 0.062750 -0.094757 0.176365 -0.056687 0.996249 0.065379 95.998329 0.098504 -0.059584 0.993351 0.666033 0.000000 0.000000 0.000000 1.000000
0.993613 0.062728 -0.093801 0.171011 -0.056725 0.996249 0.065354 95.995361 0.097549 -0.059615 0.993444 0.662648 0.000000 0.000000 0.000000 1.000000
0.993704 0.062697 -0.092849 0.163756 -0.056761 0.996253 0.065252 95.995422 0.096593 -0.059571 0.993540 0.662109 0.000000 0.000000 0.000000 1.000000
0.993780 0.062657 -0.092063 0.155485 -0.056789 0.996266 0.065036 95.997406 0.095794 -0.059403 0.993627 0.663992 0.000000 0.000000 0.000000 1.000000
0.993830 0.062612 -0.091551 0.146398 -0.056793 0.996278 0.064843 95.999313 0.095271 -0.059244 0.993687 0.668110 0.000000 0.000000 0.000000 1.000000
0.993856 0.062563 -0.091302 0.137126 -0.056767 0.996285 0.064758 96.000702 0.095014 -0.059177 0.993715 0.674607 0.000000 0.000000 0.000000 1.000000
0.993869 0.062498 -0.091201 0.127212 -0.056709 0.996289 0.064751 96.001556 0.094909 -0.059182 0.993725 0.683314 0.000000 0.000000 0.000000 1.000000
0.993885 0.062372 -0.091118 0.114305 -0.056582 0.996293 0.064799 96.001900 0.094822 -0.059247 0.993730 0.694040 0.000000 0.000000 0.000000 1.000000
0.993905 0.062233 -0.090991 0.096994 -0.056445 0.996297 0.064858 96.002243 0.094690 -0.059327 0.993737 0.706717 0.000000 0.000000 0.000000 1.000000
0.993930 0.062124 -0.090797 0.076927 -0.056342 0.996299 0.064911 96.002365 0.094494 -0.059401 0.993752 0.721097 0.000000 0.000000 0.000000 1.000000
0.993948 0.061998 -0.090680 0.057656 -0.056217 0.996302 0.064969 96.002495 0.094373 -0.059478 0.993759 0.736268 0.000000 0.000000 0.000000 1.000000
0.993960 0.061807 -0.090680 0.040908 -0.056019 0.996309 0.065037 96.003403 0.094366 -0.059565 0.993754 0.752379 0.000000 0.000000 0.000000 1.000000
0.993962 0.061596 -0.090805 0.025660 -0.055792 0.996316 0.065132 96.005936 0.094482 -0.059673 0.993737 0.770390 0.000000 0.000000 0.000000 1.000000
0.993952 0.061398 -0.091051 0.010268 -0.055574 0.996325 0.065179 96.009323 0.094718 -0.059725 0.993711 0.790028 0.000000 0.000000 0.000000 1.000000</float_array>
        <technique_common>
          <accessor source="#mixamorig_Hips-Matrix-animation-output-transform-array" count="91" stride="16">
            <param type="float4x4"/>
          </accessor>
        </technique_common>
      </source>
      <source id="mixamorig_Hips-Interpolations">
        <Name_array id="mixamorig_Hips-Interpolations-array" count="91">
 LINEAR LINEAR LINEAR LINEAR LINEAR LINEAR LINEAR LINEAR LINEAR LINEAR LINEAR
LINEAR LINEAR LINEAR LINEAR LINEAR LINEAR LINEAR LINEAR LINEAR LINEAR LINEAR LINEAR
LINEAR LINEAR LINEAR LINEAR LINEAR LINEAR LINEAR LINEAR LINEAR LINEAR LINEAR LINEAR
LINEAR LINEAR LINEAR LINEAR LINEAR LINEAR LINEAR LINEAR LINEAR LINEAR LINEAR LINEAR
LINEAR LINEAR LINEAR LINEAR LINEAR LINEAR LINEAR LINEAR LINEAR LINEAR LINEAR LINEAR
LINEAR LINEAR LINEAR LINEAR LINEAR LINEAR LINEAR LINEAR LINEAR LINEAR LINEAR LINEAR
LINEAR LINEAR LINEAR LINEAR LINEAR LINEAR LINEAR LINEAR LINEAR LINEAR LINEAR LINEAR
LINEAR LINEAR LINEAR LINEAR LINEAR LINEAR LINEAR LINEAR</Name_array>
        <technique_common>
          <accessor source="#mixamorig_Hips-Interpolations-array" count="91">
            <param type="name"/>
          </accessor>
        </technique_common>
      </source>
      <sampler id="mixamorig_Hips-Matrix-animation-transform">
        <input semantic="INPUT" source="#mixamorig_Hips-Matrix-animation-input"/>
        <input semantic="OUTPUT" source="#mixamorig_Hips-Matrix-animation-output-transform"/>
        <input semantic="INTERPOLATION" source="#mixamorig_Hips-Interpolations"/>
      </sampler>
      <channel source="#mixamorig_Hips-Matrix-animation-transform" target="mixamorig_Hips/matrix"/>
      <source id="mixamorig_Spine-Matrix-animation-input">
        <float_array id="mixamorig_Spine-Matrix-animation-input-array" count="91">

0.000000 0.033333 0.066667 0.100000 0.133333 0.166667 0.200000 0.233333 0.266667 0.300000 0.333333 0.366667 0.400000 0.433333 0.466667 0.500000
0.533333 0.566667 0.600000 0.633333 0.666667 0.700000 0.733333 0.766667 0.800000 0.833333 0.866667 0.900000 0.933333 0.966667 1.000000 1.033333
1.066667 1.100000 1.133333 1.166667 1.200000 1.233333 1.266667 1.300000 1.333333 1.366667 1.400000 1.433333 1.466667 1.500000 1.533333 1.566667
1.600000 1.633333 1.666667 1.700000 1.733333 1.766667 1.800000 1.833333 1.866667 1.900000 1.933333 1.966667 2.000000 2.033333 2.066667 2.100000
2.133333 2.166667 2.200000 2.233333 2.266667 2.300000 2.333333 2.366667 2.400000 2.433333 2.466667 2.500000 2.533333 2.566667 2.600000 2.633333
2.666667 2.700000 2.733333 2.766667 2.800000 2.833333 2.866667 2.900000 2.933333 2.966667 3.000000</float_array>
        <technique_common>
          <accessor source="#mixamorig_Spine-Matrix-animation-input-array" count="91">
            <param name="TIME" type="float"/>
          </accessor>
        </technique_common>
      </source>
      <source id="mixamorig_Spine-Matrix-animation-output-transform">
        <float_array id="mixamorig_Spine-Matrix-animation-output-transform-array" count="1456">

0.998693 -0.045991 0.022286 0.000000 0.045057 0.998153 0.040742 10.369300 -0.024118 -0.039684 0.998921 -1.024300 0.000000 0.000000 0.000000 1.000000
0.998693 -0.046006 0.022286 0.000000 0.045072 0.998153 0.040742 10.369300 -0.024119 -0.039684 0.998921 -1.024300 0.000000 0.000000 0.000000 1.000000
0.998697 -0.046024 0.022039 0.000000 0.045095 0.998144 0.040933 10.369300 -0.023882 -0.039886 0.998919 -1.024300 0.000000 0.000000 0.000000 1.000000
0.998712 -0.045860 0.021702 0.000000 0.044939 0.998140 0.041204 10.369300 -0.023551 -0.040175 0.998915 -1.024300 0.000000 0.000000 0.000000 1.000000
0.998730 -0.045667 0.021298 0.000000 0.044754 0.998134 0.041533 10.369300 -0.023155 -0.040527 0.998910 -1.024300 0.000000 0.000000 0.000000 1.000000
0.998747 -0.045475 0.020884 0.000000 0.044571 0.998128 0.041882 10.369300 -0.022749 -0.040899 0.998904 -1.024300 0.000000 0.000000 0.000000 1.000000
0.998763 -0.045305 0.020492 0.000000 0.044410 0.998121 0.042227 10.369300 -0.022367 -0.041265 0.998898 -1.024300 0.000000 0.000000 0.000000 1.000000
0.998778 -0.045147 0.020101 -0.000000 0.044261 0.998113 0.042553 10.369300 -0.021984 -0.041611 0.998892 -1.024300 0.000000 0.000000 0.000000 1.000000
0.998793 -0.044999 0.019693 0.000000 0.044123 0.998107 0.042839 10.369300 -0.021584 -0.041918 0.998888 -1.024300 0.000000 0.000000 0.000000 1.000000
0.998806 -0.044864 0.019333 0.000000 0.043998 0.998101 0.043112 10.369300 -0.021231 -0.042210 0.998883 -1.024300 0.000000 0.000000 0.000000 1.000000
0.998817 -0.044740 0.019070 0.000000 0.043879 0.998094 0.043405 10.369300 -0.020976 -0.042516 0.998876 -1.024300 0.000000 0.000000 0.000000 1.000000
0.998826 -0.044619 0.018878 -0.000000 0.043761 0.998086 0.043686 10.369300 -0.020791 -0.042809 0.998867 -1.024300 0.000000 0.000000 0.000000 1.000000
0.998835 -0.044497 0.018678 -0.000000 0.043642 0.998080 0.043946 10.369300 -0.020597 -0.043080 0.998859 -1.024300 0.000000 0.000000 0.000000 1.000000
0.998845 -0.044374 0.018428 0.000000 0.043526 0.998077 0.044144 10.369300 -0.020352 -0.043291 0.998855 -1.024300 0.000000 0.000000 0.000000 1.000000
0.998854 -0.044251 0.018236 -0.000000 0.043409 0.998078 0.044222 10.369300 -0.020157 -0.043380 0.998855 -1.024300 0.000000 0.000000 0.000000 1.000000
0.998860 -0.044139 0.018168 0.000000 0.043300 0.998082 0.044245 10.369300 -0.020086 -0.043408 0.998855 -1.024300 0.000000 0.000000 0.000000 1.000000
0.998865 -0.044042 0.018155 0.000000 0.043204 0.998085 0.044264 10.369300 -0.020070 -0.043429 0.998855 -1.024300 0.000000 0.000000 0.000000 1.000000
0.998868 -0.043964 0.018165 -0.000000 0.043124 0.998087 0.044307 10.369300 -0.020078 -0.043474 0.998853 -1.024300 0.000000 0.000000 0.000000 1.000000
0.998872 -0.043867 0.018200 0.000000 0.043024 0.998087 0.044398 10.369300 -0.020113 -0.043565 0.998848 -1.024300 0.000000 0.000000 0.000000 1.000000
0.998876 -0.043741 0.018264 0.000000 0.042893 0.998090 0.044458 10.369300 -0.020174 -0.043624 0.998844 -1.024300 0.000000 0.000000 0.000000 1.000000
0.998878 -0.043668 0.018309 0.000000 0.042819 0.998093 0.044459 10.369300 -0.020215 -0.043625 0.998843 -1.024300 0.000000 0.000000 0.000000 1.000000
0.998879 -0.043652 0.018319 -0.000000 0.042803 0.998094 0.044447 10.369300 -0.020224 -0.043613 0.998844 -1.024300 0.000000 0.000000 0.000000 1.000000
0.998879 -0.043642 0.018336 0.000000 0.042792 0.998095 0.044447 10.369300 -0.020241 -0.043612 0.998843 -1.024300 0.000000 0.000000 0.000000 1.000000
0.998878 -0.043641 0.018409 -0.000000 0.042787 0.998093 0.044484 10.369300 -0.020315 -0.043646 0.998840 -1.024300 0.000000 0.000000 0.000000 1.000000
0.998873 -0.043680 0.018587 -0.000000 0.042815 0.998086 0.044630 10.369300 -0.020501 -0.043784 0.998831 -1.024300 0.000000 0.000000 0.000000 1.000000
0.998865 -0.043738 0.018851 0.000000 0.042856 0.998072 0.044901 10.369300 -0.020779 -0.044042 0.998814 -1.024300 0.000000 0.000000 0.000000 1.000000
0.998857 -0.043797 0.019154 0.000000 0.042896 0.998057 0.045197 10.369300 -0.021096 -0.044323 0.998794 -1.024300 0.000000 0.000000 0.000000 1.000000
0.998851 -0.043805 0.019449 0.000000 0.042885 0.998046 0.045449 10.369300 -0.021402 -0.044563 0.998777 -1.024300 0.000000 0.000000 0.000000 1.000000
0.998847 -0.043798 0.019660 -0.000000 0.042865 0.998037 0.045650 10.369300 -0.021621 -0.044754 0.998764 -1.024300 0.000000 0.000000 0.000000 1.000000
0.998844 -0.043818 0.019772 0.000000 0.042876 0.998030 0.045806 10.369300 -0.021740 -0.044906 0.998755 -1.024300 0.000000 0.000000 0.000000 1.000000
0.998838 -0.043886 0.019896 -0.000000 0.042935 0.998021 0.045945 10.369300 -0.021873 -0.045037 0.998746 -1.024300 0.000000 0.000000 0.000000 1.000000
0.998828 -0.044008 0.020159 0.000000 0.043041 0.998009 0.046113 10.369300 -0.022148 -0.045192 0.998733 -1.024300 0.000000 0.000000 0.000000 1.000000
0.998813 -0.044148 0.020556 0.000000 0.043159 0.997994 0.046322 10.369300 -0.022560 -0.045380 0.998715 -1.024300 0.000000 0.000000 0.000000 1.000000
0.998797 -0.044310 0.020983 -0.000000 0.043295 0.997977 0.046547 10.369300 -0.023003 -0.045582 0.998696 -1.024300 0.000000 0.000000 0.000000 1.000000
0.998780 -0.044508 0.021383 0.000000 0.043471 0.997961 0.046733 10.369300 -0.023419 -0.045746 0.998679 -1.024300 0.000000 0.000000 0.000000 1.000000
0.998761 -0.044740 0.021784 -0.000000 0.043682 0.997947 0.046835 10.369300 -0.023835 -0.045825 0.998665 -1.024300 0.000000 0.000000 0.000000 1.000000
0.998740 -0.045006 0.022204 0.000000 0.043927 0.997934 0.046893 10.369300 -0.024269 -0.045859 0.998653 -1.024300 0.000000 0.000000 0.000000 1.000000
0.998719 -0.045275 0.022606 0.000000 0.044176 0.997921 0.046926 10.369300 -0.024684 -0.045867 0.998643 -1.024300 0.000000 0.000000 0.000000 1.000000
0.998701 -0.045499 0.022942 0.000000 0.044385 0.997912 0.046927 10.369300 -0.025029 -0.045847 0.998635 -1.024300 0.000000 0.000000 0.000000 1.000000
0.998688 -0.045662 0.023197 0.000000 0.044537 0.997906 0.046900 10.369300 -0.025290 -0.045806 0.998630 -1.024300 0.000000 0.000000 0.000000 1.000000
0.998676 -0.045809 0.023383 0.000000 0.044678 0.997904 0.046809 10.369300 -0.025478 -0.045702 0.998630 -1.024300 0.000000 0.000000 0.000000 1.000000
0.998664 -0.046005 0.023527 0.000000 0.044872 0.997905 0.046609 10.369300 -0.025622 -0.045491 0.998636 -1.024300 0.000000 0.000000 0.000000 1.000000
0.998648 -0.046270 0.023687 0.000000 0.045137 0.997906 0.046318 10.369300 -0.025780 -0.045187 0.998646 -1.024300 0.000000 0.000000 0.000000 1.000000
0.998628 -0.046567 0.023937 -0.000000 0.045432 0.997909 0.045969 10.369300 -0.026028 -0.044818 0.998656 -1.024300 0.000000 0.000000 0.000000 1.000000
0.998606 -0.046847 0.024306 0.000000 0.045704 0.997913 0.045612 10.369300 -0.026392 -0.044438 0.998663 -1.024300 0.000000 0.000000 0.000000 1.000000
0.998584 -0.047089 0.024733 0.000000 0.045935 0.997917 0.045297 10.369300 -0.026814 -0.044097 0.998667 -1.024300 0.000000 0.000000 0.000000 1.000000
0.998566 -0.047279 0.025118 0.000000 0.046116 0.997921 0.045025 10.369300 -0.027194 -0.043802 0.998670 -1.024300 0.000000 0.000000 0.000000 1.000000
0.998552 -0.047423 0.025400 0.000000 0.046255 0.997926 0.044760 10.369300 -0.027470 -0.043521 0.998675 -1.024300 0.000000 0.000000 0.000000 1.000000
0.998541 -0.047550 0.025598 0.000000 0.046381 0.997934 0.044469 10.369300 -0.027660 -0.043217 0.998683 -1.024300 0.000000 0.000000 0.000000 1.000000
0.998530 -0.047694 0.025763 0.000000 0.046527 0.997941 0.044154 10.369300 -0.027816 -0.042891 0.998692 -1.024300 0.000000 0.000000 0.000000 1.000000
0.998517 -0.047866 0.025930 -0.000000 0.046700 0.997946 0.043852 10.369300 -0.027976 -0.042576 0.998701 -1.024300 0.000000 0.000000 0.000000 1.000000
0.998505 -0.048008 0.026117 -0.000000 0.046841 0.997950 0.043602 10.369300 -0.028156 -0.042313 0.998708 -1.024300 0.000000 0.000000 0.000000 1.000000
0.998499 -0.048055 0.026278 0.000000 0.046886 0.997956 0.043417 10.369300 -0.028310 -0.042119 0.998711 -1.024300 0.000000 0.000000 0.000000 1.000000
0.998498 -0.048038 0.026345 0.000000 0.046870 0.997963 0.043276 10.369300 -0.028370 -0.041976 0.998716 -1.024300 0.000000 0.000000 0.000000 1.000000
0.998501 -0.047995 0.026313 0.000000 0.046833 0.997970 0.043153 10.369300 -0.028331 -0.041856 0.998722 -1.024300 0.000000 0.000000 0.000000 1.000000
0.998509 -0.047942 0.026108 0.000000 0.046792 0.997978 0.043028 10.369300 -0.028118 -0.041742 0.998733 -1.024300 0.000000 0.000000 0.000000 1.000000
0.998521 -0.047884 0.025737 0.000000 0.046752 0.997985 0.042894 10.369300 -0.027739 -0.041627 0.998748 -1.024300 0.000000 0.000000 0.000000 1.000000
0.998534 -0.047833 0.025323 -0.000000 0.046723 0.997992 0.042756 10.369300 -0.027317 -0.041510 0.998765 -1.024300 0.000000 0.000000 0.000000 1.000000
0.998546 -0.047793 0.024955 0.000000 0.046701 0.997999 0.042620 10.369300 -0.026942 -0.041392 0.998780 -1.024300 0.000000 0.000000 0.000000 1.000000
0.998555 -0.047756 0.024657 -0.000000 0.046680 0.998006 0.042485 10.369300 -0.026637 -0.041272 0.998793 -1.024300 0.000000 0.000000 0.000000 1.000000
0.998563 -0.047717 0.024381 0.000000 0.046657 0.998013 0.042349 10.369300 -0.026353 -0.041151 0.998805 -1.024300 0.000000 0.000000 0.000000 1.000000
0.998574 -0.047671 0.024045 -0.000000 0.046629 0.998020 0.042209 10.369300 -0.026010 -0.041028 0.998819 -1.024300 0.000000 0.000000 0.000000 1.000000
0.998587 -0.047596 0.023623 -0.000000 0.046574 0.998029 0.042062 10.369300 -0.025579 -0.040902 0.998836 -1.024300 0.000000 0.000000 0.000000 1.000000
0.998603 -0.047479 0.023184 0.000000 0.046480 0.998040 0.041912 10.369300 -0.025129 -0.040776 0.998852 -1.024300 0.000000 0.000000 0.000000 1.000000
0.998617 -0.047358 0.022846 -0.000000 0.046376 0.998050 0.041772 10.369300 -0.024780 -0.040655 0.998866 -1.024300 0.000000 0.000000 0.000000 1.000000
0.998626 -0.047259 0.022644 0.000000 0.046288 0.998060 0.041649 10.369300 -0.024569 -0.040543 0.998876 -1.024300 0.000000 0.000000 0.000000 1.000000
0.998633 -0.047170 0.022505 0.000000 0.046207 0.998068 0.041535 10.369300 -0.024421 -0.040439 0.998884 -1.024300 0.000000 0.000000 0.000000 1.000000
0.998639 -0.047085 0.022425 0.000000 0.046128 0.998076 0.041427 10.369300 -0.024332 -0.040336 0.998890 -1.024300 0.000000 0.000000 0.000000 1.000000
0.998644 -0.046999 0.022395 0.000000 0.046046 0.998084 0.041319 10.369300 -0.024294 -0.040232 0.998895 -1.024300 0.000000 0.000000 0.000000 1.000000
0.998648 -0.046911 0.022393 -0.000000 0.045961 0.998093 0.041209 10.369300 -0.024283 -0.040124 0.998900 -1.024300 0.000000 0.000000 0.000000 1.000000
0.998652 -0.046825 0.022419 0.000000 0.045876 0.998102 0.041092 10.369300 -0.024301 -0.040008 0.998904 -1.024300 0.000000 0.000000 0.000000 1.000000
0.998653 -0.046748 0.022493 0.000000 0.045800 0.998110 0.040963 10.369300 -0.024365 -0.039878 0.998907 -1.024300 0.000000 0.000000 0.000000 1.000000
0.998653 -0.046682 0.022668 0.000000 0.045730 0.998119 0.040828 10.369300 -0.024531 -0.039736 0.998909 -1.024300 0.000000 0.000000 0.000000 1.000000
0.998649 -0.046630 0.022930 0.000000 0.045672 0.998128 0.040666 10.369300 -0.024783 -0.039564 0.998910 -1.024300 0.000000 0.000000 0.000000 1.000000
0.998645 -0.046595 0.023187 0.000000 0.045632 0.998139 0.040439 10.369300 -0.025028 -0.039326 0.998913 -1.024300 0.000000 0.000000 0.000000 1.000000
0.998643 -0.046562 0.023330 0.000000 0.045601 0.998152 0.040170 10.369300 -0.025158 -0.039051 0.998920 -1.024300 0.000000 0.000000 0.000000 1.000000
0.998644 -0.046523 0.023366 0.000000 0.045567 0.998164 0.039906 10.369300 -0.025180 -0.038787 0.998930 -1.024300 0.000000 0.000000 0.000000 1.000000
0.998646 -0.046472 0.023360 0.000000 0.045522 0.998174 0.039703 10.369300 -0.025162 -0.038586 0.998938 -1.024300 0.000000 0.000000 0.000000 1.000000
0.998649 -0.046421 0.023331 0.000000 0.045474 0.998180 0.039600 10.369300 -0.025127 -0.038485 0.998943 -1.024300 0.000000 0.000000 0.000000 1.000000
0.998652 -0.046381 0.023304 -0.000000 0.045436 0.998183 0.039568 10.369300 -0.025097 -0.038456 0.998945 -1.024300 0.000000 0.000000 0.000000 1.000000
0.998653 -0.046351 0.023301 0.000000 0.045406 0.998185 0.039565 10.369300 -0.025093 -0.038454 0.998945 -1.024300 0.000000 0.000000 0.000000 1.000000
0.998653 -0.046338 0.023363 -0.000000 0.045390 0.998185 0.039582 10.369300 -0.025154 -0.038469 0.998943 -1.024300 0.000000 0.000000 0.000000 1.000000
0.998648 -0.046344 0.023548 0.000000 0.045388 0.998184 0.039608 10.369300 -0.025341 -0.038486 0.998938 -1.024300 0.000000 0.000000 0.000000 1.000000
0.998643 -0.046343 0.023764 0.000000 0.045379 0.998183 0.039642 10.369300 -0.025558 -0.038509 0.998931 -1.024300 0.000000 0.000000 0.000000 1.000000
0.998642 -0.046333 0.023809 0.000000 0.045365 0.998182 0.039690 10.369300 -0.025605 -0.038556 0.998928 -1.024300 0.000000 0.000000 0.000000 1.000000
0.998649 -0.046313 0.023570 -0.000000 0.045354 0.998180 0.039740 10.369300 -0.025367 -0.038617 0.998932 -1.024300 0.000000 0.000000 0.000000 1.000000
0.998660 -0.046284 0.023137 0.000000 0.045339 0.998178 0.039815 10.369300 -0.024937 -0.038713 0.998939 -1.024300 0.000000 0.000000 0.000000 1.000000
0.998671 -0.046253 0.022734 0.000000 0.045320 0.998173 0.039959 10.369300 -0.024541 -0.038875 0.998943 -1.024300 0.000000 0.000000 0.000000 1.000000
0.998678 -0.046224 0.022488 0.000000 0.045295 0.998166 0.040168 10.369300 -0.024304 -0.039096 0.998940 -1.024300 0.000000 0.000000 0.000000 1.000000
0.998682 -0.046205 0.022346 -0.000000 0.045276 0.998156 0.040429 10.369300 -0.024173 -0.039364 0.998932 -1.024300 0.000000 0.000000 0.000000 1.000000
0.998683 -0.046197 0.022332 -0.000000 0.045261 0.998144 0.040735 10.369300 -0.024173 -0.039671 0.998920 -1.024300 0.000000 0.000000 0.000000 1.000000</float_array>
        <technique_common>
          <accessor source="#mixamorig_Spine-Matrix-animation-output-transform-array" count="91" stride="16">
            <param type="float4x4"/>
          </accessor>
        </technique_common>
      </source>
      <source id="mixamorig_Spine-Interpolations">
        <Name_array id="mixamorig_Spine-Interpolations-array" count="91">
 LINEAR LINEAR LINEAR LINEAR LINEAR LINEAR LINEAR LINEAR LINEAR LINEAR LINEAR
LINEAR LINEAR LINEAR LINEAR LINEAR LINEAR LINEAR LINEAR LINEAR LINEAR LINEAR LINEAR
LINEAR LINEAR LINEAR LINEAR LINEAR LINEAR LINEAR LINEAR LINEAR LINEAR LINEAR LINEAR
LINEAR LINEAR LINEAR LINEAR LINEAR LINEAR LINEAR LINEAR LINEAR LINEAR LINEAR LINEAR
LINEAR LINEAR LINEAR LINEAR LINEAR LINEAR LINEAR LINEAR LINEAR LINEAR LINEAR LINEAR
LINEAR LINEAR LINEAR LINEAR LINEAR LINEAR LINEAR LINEAR LINEAR LINEAR LINEAR LINEAR
LINEAR LINEAR LINEAR LINEAR LINEAR LINEAR LINEAR LINEAR LINEAR LINEAR LINEAR LINEAR
LINEAR LINEAR LINEAR LINEAR LINEAR LINEAR LINEAR LINEAR</Name_array>
        <technique_common>
          <accessor source="#mixamorig_Spine-Interpolations-array" count="91">
            <param type="name"/>
          </accessor>
        </technique_common>
      </source>
      <sampler id="mixamorig_Spine-Matrix-animation-transform">
        <input semantic="INPUT" source="#mixamorig_Spine-Matrix-animation-input"/>
        <input semantic="OUTPUT" source="#mixamorig_Spine-Matrix-animation-output-transform"/>
        <input semantic="INTERPOLATION" source="#mixamorig_Spine-Interpolations"/>
      </sampler>
      <channel source="#mixamorig_Spine-Matrix-animation-transform" target="mixamorig_Spine/matrix"/>
      <source id="mixamorig_Spine1-Matrix-animation-input">
        <float_array id="mixamorig_Spine1-Matrix-animation-input-array" count="91">

0.000000 0.033333 0.066667 0.100000 0.133333 0.166667 0.200000 0.233333 0.266667 0.300000 0.333333 0.366667 0.400000 0.433333 0.466667 0.500000
0.533333 0.566667 0.600000 0.633333 0.666667 0.700000 0.733333 0.766667 0.800000 0.833333 0.866667 0.900000 0.933333 0.966667 1.000000 1.033333
1.066667 1.100000 1.133333 1.166667 1.200000 1.233333 1.266667 1.300000 1.333333 1.366667 1.400000 1.433333 1.466667 1.500000 1.533333 1.566667
1.600000 1.633333 1.666667 1.700000 1.733333 1.766667 1.800000 1.833333 1.866667 1.900000 1.933333 1.966667 2.000000 2.033333 2.066667 2.100000
2.133333 2.166667 2.200000 2.233333 2.266667 2.300000 2.333333 2.366667 2.400000 2.433333 2.466667 2.500000 2.533333 2.566667 2.600000 2.633333
2.666667 2.700000 2.733333 2.766667 2.800000 2.833333 2.866667 2.900000 2.933333 2.966667 3.000000</float_array>
        <technique_common>
          <accessor source="#mixamorig_Spine1-Matrix-animation-input-array" count="91">
            <param name="TIME" type="float"/>
          </accessor>
        </technique_common>
      </source>
      <source id="mixamorig_Spine1-Matrix-animation-output-transform">
        <float_array id="mixamorig_Spine1-Matrix-animation-output-transform-array" count="1456">

0.999620 -0.027387 0.002972 0.000000 0.027441 0.999425 -0.019939 12.156400 -0.002425 0.020013 0.999797 0.000000 0.000000 0.000000 0.000000 1.000000
0.999620 -0.027387 0.002972 0.000000 0.027441 0.999425 -0.019939 12.156400 -0.002424 0.020013 0.999797 -0.000000 0.000000 0.000000 0.000000 1.000000
0.999620 -0.027387 0.002970 0.000000 0.027440 0.999426 -0.019864 12.156400 -0.002425 0.019938 0.999798 0.000000 0.000000 0.000000 0.000000 1.000000
0.999620 -0.027388 0.002963 -0.000000 0.027441 0.999431 -0.019611 12.156400 -0.002425 0.019684 0.999803 0.000000 0.000000 0.000000 0.000000 1.000000
0.999621 -0.027376 0.002794 0.000000 0.027425 0.999439 -0.019234 12.156400 -0.002266 0.019303 0.999811 -0.000000 0.000000 0.000000 0.000000 1.000000
0.999622 -0.027364 0.002619 -0.000000 0.027409 0.999448 -0.018785 12.156400 -0.002104 0.018849 0.999820 0.000000 0.000000 0.000000 0.000000 1.000000
0.999623 -0.027353 0.002451 0.000000 0.027394 0.999458 -0.018275 12.156400 -0.001950 0.018335 0.999830 0.000000 0.000000 0.000000 0.000000 1.000000
0.999624 -0.027342 0.002282 -0.000000 0.027379 0.999468 -0.017715 12.156400 -0.001797 0.017771 0.999840 0.000000 0.000000 0.000000 0.000000 1.000000
0.999624 -0.027331 0.002105 -0.000000 0.027363 0.999479 -0.017111 12.156400 -0.001636 0.017162 0.999851 0.000000 0.000000 0.000000 0.000000 1.000000
0.999625 -0.027321 0.001948 0.000000 0.027349 0.999491 -0.016454 12.156400 -0.001498 0.016501 0.999863 -0.000000 0.000000 0.000000 0.000000 1.000000
0.999625 -0.027314 0.001832 0.000000 0.027340 0.999502 -0.015747 12.156400 -0.001401 0.015791 0.999874 0.000000 0.000000 0.000000 0.000000 1.000000
0.999626 -0.027309 0.001737 -0.000000 0.027332 0.999514 -0.015000 12.156400 -0.001326 0.015042 0.999886 0.000000 0.000000 0.000000 0.000000 1.000000
0.999626 -0.027306 0.001665 0.000000 0.027327 0.999525 -0.014218 12.156400 -0.001276 0.014259 0.999898 0.000000 0.000000 0.000000 0.000000 1.000000
0.999626 -0.027305 0.001613 0.000000 0.027324 0.999537 -0.013407 12.156400 -0.001246 0.013446 0.999909 0.000000 0.000000 0.000000 0.000000 1.000000
0.999626 -0.027304 0.001569 -0.000000 0.027322 0.999547 -0.012598 12.156400 -0.001224 0.012636 0.999919 0.000000 0.000000 0.000000 0.000000 1.000000
0.999626 -0.027304 0.001532 -0.000000 0.027321 0.999557 -0.011797 12.156400 -0.001209 0.011834 0.999929 0.000000 0.000000 0.000000 0.000000 1.000000
0.999626 -0.027305 0.001500 0.000000 0.027320 0.999567 -0.010960 12.156400 -0.001200 0.010997 0.999939 0.000000 0.000000 0.000000 0.000000 1.000000
0.999626 -0.027306 0.001471 -0.000000 0.027319 0.999576 -0.010067 12.156400 -0.001195 0.010103 0.999948 0.000000 0.000000 0.000000 0.000000 1.000000
0.999626 -0.027319 0.001443 -0.000000 0.027331 0.999585 -0.009137 12.156400 -0.001193 0.009173 0.999957 0.000000 0.000000 0.000000 0.000000 1.000000
0.999625 -0.027350 0.001414 0.000000 0.027361 0.999592 -0.008202 12.156400 -0.001190 0.008238 0.999965 0.000000 0.000000 0.000000 0.000000 1.000000
0.999624 -0.027386 0.001384 0.000000 0.027395 0.999598 -0.007276 12.156400 -0.001184 0.007312 0.999973 0.000000 0.000000 0.000000 0.000000 1.000000
0.999623 -0.027424 0.001362 0.000000 0.027432 0.999603 -0.006364 12.156400 -0.001187 0.006398 0.999979 0.000000 0.000000 0.000000 0.000000 1.000000
0.999622 -0.027466 0.001368 -0.000000 0.027473 0.999608 -0.005433 12.156400 -0.001218 0.005469 0.999984 0.000000 0.000000 0.000000 0.000000 1.000000
0.999620 -0.027516 0.001389 0.000000 0.027522 0.999611 -0.004449 12.156400 -0.001267 0.004485 0.999989 -0.000000 0.000000 0.000000 0.000000 1.000000
0.999619 -0.027580 0.001426 -0.000000 0.027585 0.999614 -0.003435 12.156400 -0.001331 0.003473 0.999993 0.000000 0.000000 0.000000 0.000000 1.000000
0.999616 -0.027654 0.001502 -0.000000 0.027658 0.999615 -0.002413 12.156400 -0.001435 0.002454 0.999996 0.000000 0.000000 0.000000 0.000000 1.000000
0.999614 -0.027727 0.001613 0.000000 0.027729 0.999615 -0.001391 12.156400 -0.001574 0.001435 0.999998 -0.000000 0.000000 0.000000 0.000000 1.000000
0.999612 -0.027799 0.001716 0.000000 0.027800 0.999613 -0.000382 12.156400 -0.001705 0.000430 0.999998 0.000000 0.000000 0.000000 0.000000 1.000000
0.999610 -0.027873 0.001780 0.000000 0.027872 0.999611 0.000599 12.156400 -0.001796 -0.000549 0.999998 0.000000 0.000000 0.000000 0.000000 1.000000
0.999607 -0.027959 0.001813 -0.000000 0.027956 0.999608 0.001542 12.156400 -0.001856 -0.001491 0.999997 0.000000 0.000000 0.000000 0.000000 1.000000
0.999605 -0.028057 0.001855 -0.000000 0.028052 0.999603 0.002459 12.156400 -0.001923 -0.002406 0.999995 -0.000000 0.000000 0.000000 0.000000 1.000000
0.999602 -0.028159 0.001937 0.000000 0.028152 0.999598 0.003353 12.156400 -0.002030 -0.003297 0.999993 0.000000 0.000000 0.000000 0.000000 1.000000
0.999598 -0.028272 0.002078 -0.000000 0.028263 0.999592 0.004217 12.156400 -0.002197 -0.004156 0.999989 0.000000 0.000000 0.000000 0.000000 1.000000
