<?xml version="1.0" encoding="utf-8"?>
<COLLADA xmlns="http://www.collada.org/2005/11/COLLADASchema" version="1.4.1">
  <asset>
    <contributor>
      <author>Mixamo</author>
      <authoring_tool>COLLADA Mixamo exporter</authoring_tool>
      <comments/>
    </contributor>
    <created>2024-05-14T08:58:33Z</created>
    <modified>2024-05-14T08:58:33Z</modified>
    <revision/>
    <title/>
    <unit meter="0.010000"/>
    <up_axis>Y_UP</up_axis>
  </asset>
  <library_animations>
    <animation>
      <source id="Armature.001-Matrix-animation-input">
        <float_array id="Armature.001-Matrix-animation-input-array" count="32">

0.000000 0.033333 0.066667 0.100000 0.133333 0.166667 0.200000 0.233333 0.266667 0.300000 0.333333 0.366667 0.400000 0.433333 0.466667 0.500000
0.533333 0.566667 0.600000 0.633333 0.666667 0.700000 0.733333 0.766667 0.800000 0.833333 0.866667 0.900000 0.933333 0.966667 1.000000 1.033333</float_array>
        <technique_common>
          <accessor source="#Armature.001-Matrix-animation-input-array" count="32">
            <param name="TIME" type="float"/>
          </accessor>
        </technique_common>
      </source>
      <source id="Armature.001-Matrix-animation-output-transform">
        <float_array id="Armature.001-Matrix-animation-output-transform-array" count="512">

100.000000 0.000000 0.000000 0.000000 0.000000 0.000000 100.000000 0.000000 0.000000 -100.000000 0.000000 0.000000 0.000000 0.000000 0.000000 1.000000
100.000000 0.000000 0.000000 0.000000 0.000000 0.000000 100.000000 0.000000 0.000000 -100.000000 0.000000 0.000000 0.000000 0.000000 0.000000 1.000000
100.000000 0.000000 0.000000 0.000000 0.000000 0.000000 100.000000 0.000000 0.000000 -100.000000 0.000000 0.000000 0.000000 0.000000 0.000000 1.000000
100.000000 0.000000 0.000000 0.000000 0.000000 0.000000 100.000000 0.000000 0.000000 -100.000000 0.000000 0.000000 0.000000 0.000000 0.000000 1.000000
100.000000 0.000000 0.000000 0.000000 0.000000 0.000000 100.000000 0.000000 0.000000 -100.000000 0.000000 0.000000 0.000000 0.000000 0.000000 1.000000
100.000000 0.000000 0.000000 0.000000 0.000000 0.000000 100.000000 0.000000 0.000000 -100.000000 0.000000 0.000000 0.000000 0.000000 0.000000 1.000000
100.000000 0.000000 0.000000 0.000000 0.000000 0.000000 100.000000 0.000000 0.000000 -100.000000 0.000000 0.000000 0.000000 0.000000 0.000000 1.000000
100.000000 0.000000 0.000000 0.000000 0.000000 0.000000 100.000000 0.000000 0.000000 -100.000000 0.000000 0.000000 0.000000 0.000000 0.000000 1.000000
100.000000 0.000000 0.000000 0.000000 0.000000 0.000000 100.000000 0.000000 0.000000 -100.000000 0.000000 0.000000 0.000000 0.000000 0.000000 1.000000
100.000000 0.000000 0.000000 0.000000 0.000000 0.000000 100.000000 0.000000 0.000000 -100.000000 0.000000 0.000000 0.000000 0.000000 0.000000 1.000000
100.000000 0.000000 0.000000 0.000000 0.000000 0.000000 100.000000 0.000000 0.000000 -100.000000 0.000000 0.000000 0.000000 0.000000 0.000000 1.000000
100.000000 0.000000 0.000000 0.000000 0.000000 0.000000 100.000000 0.000000 0.000000 -100.000000 0.000000 0.000000 0.000000 0.000000 0.000000 1.000000
100.000000 0.000000 0.000000 0.000000 0.000000 0.000000 100.000000 0.000000 0.000000 -100.000000 0.000000 0.000000 0.000000 0.000000 0.000000 1.000000
100.000000 0.000000 0.000000 0.000000 0.000000 0.000000 100.000000 0.000000 0.000000 -100.000000 0.000000 0.000000 0.000000 0.000000 0.000000 1.000000
100.000000 0.000000 0.000000 0.000000 0.000000 0.000000 100.000000 0.000000 0.000000 -100.000000 0.000000 0.000000 0.000000 0.000000 0.000000 1.000000
100.000000 0.000000 0.000000 0.000000 0.000000 0.000000 100.000000 0.000000 0.000000 -100.000000 0.000000 0.000000 0.000000 0.000000 0.000000 1.000000
100.000000 0.000000 0.000000 0.000000 0.000000 0.000000 100.000000 0.000000 0.000000 -100.000000 0.000000 0.000000 0.000000 0.000000 0.000000 1.000000
100.000000 0.000000 0.000000 0.000000 0.000000 0.000000 100.000000 0.000000 0.000000 -100.000000 0.000000 0.000000 0.000000 0.000000 0.000000 1.000000
100.000000 0.000000 0.000000 0.000000 0.000000 0.000000 100.000000 0.000000 0.000000 -100.000000 0.000000 0.000000 0.000000 0.000000 0.000000 1.000000
100.000000 0.000000 0.000000 0.000000 0.000000 0.000000 100.000000 0.000000 0.000000 -100.000000 0.000000 0.000000 0.000000 0.000000 0.000000 1.000000
100.000000 0.000000 0.000000 0.000000 0.000000 0.000000 100.000000 0.000000 0.000000 -100.000000 0.000000 0.000000 0.000000 0.000000 0.000000 1.000000
100.000000 0.000000 0.000000 0.000000 0.000000 0.000000 100.000000 0.000000 0.000000 -100.000000 0.000000 0.000000 0.000000 0.000000 0.000000 1.000000
100.000000 0.000000 0.000000 0.000000 0.000000 0.000000 100.000000 0.000000 0.000000 -100.000000 0.000000 0.000000 0.000000 0.000000 0.000000 1.000000
100.000000 0.000000 0.000000 0.000000 0.000000 0.000000 100.000000 0.000000 0.000000 -100.000000 0.000000 0.000000 0.000000 0.000000 0.000000 1.000000
100.000000 0.000000 0.000000 0.000000 0.000000 0.000000 100.000000 0.000000 0.000000 -100.000000 0.000000 0.000000 0.000000 0.000000 0.000000 1.000000
100.000000 0.000000 0.000000 0.000000 0.000000 0.000000 100.000000 0.000000 0.000000 -100.000000 0.000000 0.000000 0.000000 0.000000 0.000000 1.000000
100.000000 0.000000 0.000000 0.000000 0.000000 0.000000 100.000000 0.000000 0.000000 -100.000000 0.000000 0.000000 0.000000 0.000000 0.000000 1.000000
100.000000 0.000000 0.000000 0.000000 0.000000 0.000000 100.000000 0.000000 0.000000 -100.000000 0.000000 0.000000 0.000000 0.000000 0.000000 1.000000
100.000000 0.000000 0.000000 0.000000 0.000000 0.000000 100.000000 0.000000 0.000000 -100.000000 0.000000 0.000000 0.000000 0.000000 0.000000 1.000000
100.000000 0.000000 0.000000 0.000000 0.000000 0.000000 100.000000 0.000000 0.000000 -100.000000 0.000000 0.000000 0.000000 0.000000 0.000000 1.000000
100.000000 0.000000 0.000000 0.000000 0.000000 0.000000 100.000000 0.000000 0.000000 -100.000000 0.000000 0.000000 0.000000 0.000000 0.000000 1.000000
100.000000 0.000000 0.000000 0.000000 0.000000 0.000000 100.000000 0.000000 0.000000 -100.000000 0.000000 0.000000 0.000000 0.000000 0.000000 1.000000</float_array>
        <technique_common>
          <accessor source="#Armature.001-Matrix-animation-output-transform-array" count="32" stride="16">
            <param type="float4x4"/>
          </accessor>
        </technique_common>
      </source>
      <source id="Armature.001-Interpolations">
        <Name_array id="Armature.001-Interpolations-array" count="32">
 LINEAR LINEAR LINEAR LINEAR LINEAR LINEAR LINEAR LINEAR LINEAR LINEAR LINEAR
LINEAR LINEAR LINEAR LINEAR LINEAR LINEAR LINEAR LINEAR LINEAR LINEAR LINEAR LINEAR
LINEAR LINEAR LINEAR LINEAR LINEAR LINEAR LINEAR LINEAR LINEAR</Name_array>
        <technique_common>
          <accessor source="#Armature.001-Interpolations-array" count="32">
            <param type="name"/>
          </accessor>
        </technique_common>
      </source>
      <sampler id="Armature.001-Matrix-animation-transform">
        <input semantic="INPUT" source="#Armature.001-Matrix-animation-input"/>
        <input semantic="OUTPUT" source="#Armature.001-Matrix-animation-output-transform"/>
        <input semantic="INTERPOLATION" source="#Armature.001-Interpolations"/>
      </sampler>
      <channel source="#Armature.001-Matrix-animation-transform" target="Armature.001/matrix"/>
      <source id="mixamorig_Hips-Matrix-animation-input">
        <float_array id="mixamorig_Hips-Matrix-animation-input-array" count="32">

0.000000 0.033333 0.066667 0.100000 0.133333 0.166667 0.200000 0.233333 0.266667 0.300000 0.333333 0.366667 0.400000 0.433333 0.466667 0.500000
0.533333 0.566667 0.600000 0.633333 0.666667 0.700000 0.733333 0.766667 0.800000 0.833333 0.866667 0.900000 0.933333 0.966667 1.000000 1.033333</float_array>
        <technique_common>
          <accessor source="#mixamorig_Hips-Matrix-animation-input-array" count="32">
            <param name="TIME" type="float"/>
          </accessor>
        </technique_common>
      </source>
      <source id="mixamorig_Hips-Matrix-animation-output-transform">
        <float_array id="mixamorig_Hips-Matrix-animation-output-transform-array" count="512">

0.690782 0.000453 0.723063 -0.006236 0.719791 0.094586 -0.687716 0.007261 -0.068703 0.995517 0.065012 0.794511 0.000000 0.000000 0.000000 1.000000
0.703314 -0.013416 0.710753 -0.003077 0.707124 0.115843 -0.697536 0.013884 -0.072978 0.993177 0.090961 0.779582 0.000000 0.000000 0.000000 1.000000
0.710254 -0.030951 0.703265 -0.000416 0.699369 0.144754 -0.699949 0.015321 -0.080137 0.988983 0.124458 0.767320 0.000000 0.000000 0.000000 1.000000
0.708420 -0.048467 0.704125 -0.002099 0.699844 0.177469 -0.691898 0.008540 -0.091427 0.982932 0.159642 0.759776 0.000000 0.000000 0.000000 1.000000
0.689106 -0.064454 0.721789 -0.007006 0.716109 0.213139 -0.664650 -0.009216 -0.111002 0.974894 0.193031 0.760682 0.000000 0.000000 0.000000 1.000000
0.637263 -0.082739 0.766192 -0.015153 0.757974 0.246851 -0.603772 -0.039169 -0.139180 0.965515 0.220023 0.769040 0.000000 0.000000 0.000000 1.000000
0.550353 -0.103960 0.828435 -0.026622 0.818019 0.265841 -0.510072 -0.074653 -0.167205 0.958395 0.231348 0.784065 0.000000 0.000000 0.000000 1.000000
0.414875 -0.127596 0.900887 -0.041945 0.893241 0.245595 -0.376569 -0.109008 -0.173204 0.960938 0.215865 0.804929 0.000000 0.000000 0.000000 1.000000
0.269545 -0.139662 0.952806 -0.058591 0.949795 0.201775 -0.239117 -0.140744 -0.158857 0.969423 0.187038 0.823583 0.000000 0.000000 0.000000 1.000000
0.224885 -0.174119 0.958702 -0.074642 0.965925 0.169214 -0.195846 -0.171521 -0.128125 0.970077 0.206240 0.830178 0.000000 0.000000 0.000000 1.000000
0.229399 -0.213301 0.949673 -0.088296 0.967888 0.153042 -0.199425 -0.203532 -0.102802 0.964925 0.241559 0.822345 0.000000 0.000000 0.000000 1.000000
0.182092 -0.221559 0.957995 -0.099430 0.980803 0.110062 -0.160973 -0.240255 -0.069774 0.968916 0.237347 0.803788 0.000000 0.000000 0.000000 1.000000
0.111090 -0.239406 0.964543 -0.107737 0.993620 0.045730 -0.103088 -0.269294 -0.019429 0.969842 0.242958 0.785129 0.000000 0.000000 0.000000 1.000000
0.122129 -0.261946 0.957324 -0.116119 0.992467 0.022845 -0.120361 -0.285443 0.009658 0.964812 0.262763 0.771362 0.000000 0.000000 0.000000 1.000000
0.156384 -0.275287 0.948557 -0.118535 0.987261 0.015051 -0.158397 -0.290769 0.029328 0.961244 0.274134 0.760307 0.000000 0.000000 0.000000 1.000000
0.177736 -0.283380 0.942394 -0.115763 0.983198 0.010634 -0.182234 -0.287373 0.041620 0.958949 0.280508 0.753749 0.000000 0.000000 0.000000 1.000000
0.211416 -0.284786 0.934986 -0.111695 0.976110 0.012466 -0.216918 -0.277276 0.050119 0.958510 0.280619 0.752903 0.000000 0.000000 0.000000 1.000000
0.248256 -0.281206 0.926980 -0.104478 0.967174 0.018350 -0.253454 -0.260967 0.054263 0.959472 0.276531 0.759354 0.000000 0.000000 0.000000 1.000000
0.276139 -0.270738 0.922197 -0.093769 0.959666 0.024949 -0.280034 -0.239324 0.052808 0.962330 0.266708 0.770820 0.000000 0.000000 0.000000 1.000000
0.307893 -0.253020 0.917160 -0.082035 0.950373 0.036548 -0.308959 -0.212703 0.044652 0.966770 0.251716 0.785814 0.000000 0.000000 0.000000 1.000000
0.360102 -0.224793 0.905425 -0.069083 0.932348 0.052941 -0.357665 -0.181970 0.032467 0.972967 0.228650 0.802812 0.000000 0.000000 0.000000 1.000000
0.427253 -0.187526 0.884471 -0.054664 0.903912 0.066995 -0.422440 -0.147859 0.019963 0.979972 0.198131 0.817278 0.000000 0.000000 0.000000 1.000000
0.498090 -0.147899 0.854419 -0.041150 0.867078 0.074657 -0.492547 -0.114376 0.009059 0.986181 0.165426 0.825804 0.000000 0.000000 0.000000 1.000000
0.566202 -0.112006 0.816621 -0.030672 0.824221 0.087334 -0.559493 -0.083554 -0.008652 0.989862 0.141767 0.829000 0.000000 0.000000 0.000000 1.000000
0.623468 -0.086963 0.776997 -0.021878 0.781619 0.093416 -0.616721 -0.058490 -0.018952 0.991822 0.126214 0.825747 0.000000 0.000000 0.000000 1.000000
0.678037 -0.064879 0.732158 -0.014305 0.734471 0.098556 -0.671445 -0.034950 -0.028596 0.993014 0.114477 0.823146 0.000000 0.000000 0.000000 1.000000
0.714229 -0.049098 0.698188 -0.008769 0.699216 0.094513 -0.708635 -0.017209 -0.031196 0.994312 0.101834 0.818776 0.000000 0.000000 0.000000 1.000000
0.728196 -0.034082 0.684521 -0.005522 0.684348 0.090653 -0.723498 -0.005464 -0.037396 0.995299 0.089337 0.814548 0.000000 0.000000 0.000000 1.000000
0.722145 -0.019400 0.691469 -0.004153 0.690005 0.090983 -0.718063 0.002374 -0.048981 0.995663 0.079089 0.812272 0.000000 0.000000 0.000000 1.000000
0.710552 -0.010103 0.703572 -0.003670 0.701452 0.089031 -0.707134 0.004429 -0.055495 0.995978 0.070348 0.806006 0.000000 0.000000 0.000000 1.000000
0.697625 -0.004534 0.716449 -0.004887 0.713800 0.090534 -0.694473 0.005177 -0.061715 0.995883 0.066395 0.798643 0.000000 0.000000 0.000000 1.000000
0.690782 0.000453 0.723063 -0.006236 0.719792 0.094587 -0.687716 0.007261 -0.068704 0.995517 0.065012 0.794511 0.000000 0.000000 0.000000 1.000000</float_array>
        <technique_common>
          <accessor source="#mixamorig_Hips-Matrix-animation-output-transform-array" count="32" stride="16">
            <param type="float4x4"/>
          </accessor>
        </technique_common>
      </source>
      <source id="mixamorig_Hips-Interpolations">
        <Name_array id="mixamorig_Hips-Interpolations-array" count="32">
 LINEAR LINEAR LINEAR LINEAR LINEAR LINEAR LINEAR LINEAR LINEAR LINEAR LINEAR
LINEAR LINEAR LINEAR LINEAR LINEAR LINEAR LINEAR LINEAR LINEAR LINEAR LINEAR LINEAR
LINEAR LINEAR LINEAR LINEAR LINEAR LINEAR LINEAR LINEAR LINEAR</Name_array>
        <technique_common>
          <accessor source="#mixamorig_Hips-Interpolations-array" count="32">
            <param type="name"/>
          </accessor>
        </technique_common>
      </source>
      <sampler id="mixamorig_Hips-Matrix-animation-transform">
        <input semantic="INPUT" source="#mixamorig_Hips-Matrix-animation-input"/>
        <input semantic="OUTPUT" source="#mixamorig_Hips-Matrix-animation-output-transform"/>
        <input semantic="INTERPOLATION" source="#mixamorig_Hips-Interpolations"/>
      </sampler>
      <channel source="#mixamorig_Hips-Matrix-animation-transform" target="mixamorig_Hips/matrix"/>
      <source id="mixamorig_Spine-Matrix-animation-input">
        <float_array id="mixamorig_Spine-Matrix-animation-input-array" count="32">

0.000000 0.033333 0.066667 0.100000 0.133333 0.166667 0.200000 0.233333 0.266667 0.300000 0.333333 0.366667 0.400000 0.433333 0.466667 0.500000
0.533333 0.566667 0.600000 0.633333 0.666667 0.700000 0.733333 0.766667 0.800000 0.833333 0.866667 0.900000 0.933333 0.966667 1.000000 1.033333</float_array>
        <technique_common>
          <accessor source="#mixamorig_Spine-Matrix-animation-input-array" count="32">
            <param name="TIME" type="float"/>
          </accessor>
        </technique_common>
      </source>
      <source id="mixamorig_Spine-Matrix-animation-output-transform">
        <float_array id="mixamorig_Spine-Matrix-animation-output-transform-array" count="512">

0.991520 -0.018276 -0.128659 0.000000 0.012118 0.998751 -0.048482 0.069300 0.129384 0.046512 0.990503 -0.008100 0.000000 0.000000 0.000000 1.000000
0.991278 -0.013319 -0.131111 0.000000 0.004325 0.997632 -0.068644 0.069300 0.131715 0.067478 0.988988 -0.008100 0.000000 0.000000 0.000000 1.000000
0.990564 -0.005514 -0.136943 0.000000 -0.006495 0.996179 -0.087092 0.069300 0.136900 0.087160 0.986743 -0.008100 0.000000 0.000000 0.000000 1.000000
0.989308 0.008712 -0.145584 -0.000000 -0.024544 0.993923 -0.107307 0.069300 0.143764 0.109732 0.983509 -0.008100 0.000000 0.000000 0.000000 1.000000
0.986125 0.014487 -0.165373 0.000000 -0.035359 0.991655 -0.123978 0.069300 0.162197 0.128105 0.978407 -0.008100 0.000000 0.000000 0.000000 1.000000
0.980818 0.016975 -0.194183 0.000000 -0.043034 0.990477 -0.130781 0.069300 0.190113 0.136629 0.972209 -0.008100 0.000000 0.000000 0.000000 1.000000
0.977856 0.016313 -0.208642 0.000000 -0.045822 0.989456 -0.137396 0.069300 0.204201 0.143914 0.968293 -0.008100 0.000000 0.000000 0.000000 1.000000
0.980643 0.001712 -0.195799 0.000000 -0.033040 0.987069 -0.156852 0.069300 0.192998 0.160285 0.968019 -0.008100 0.000000 0.000000 0.000000 1.000000
0.984344 -0.036870 -0.172359 0.000000 0.008990 0.987106 -0.159817 0.069300 0.176029 0.155765 0.971983 -0.008100 0.000000 0.000000 0.000000 1.000000
0.989025 -0.038095 -0.142754 0.000000 0.011496 0.983100 -0.182706 0.069300 0.147301 0.179059 0.972749 -0.008100 0.000000 0.000000 0.000000 1.000000
0.995544 -0.045152 -0.082790 0.000000 0.025987 0.975287 -0.219408 0.069300 0.090651 0.216279 0.972114 -0.008100 0.000000 0.000000 0.000000 1.000000
0.998629 -0.051079 -0.011464 0.000000 0.047613 0.977243 -0.206712 0.069300 0.021761 0.205882 0.978335 -0.008100 0.000000 0.000000 0.000000 1.000000
0.999412 -0.032469 -0.010983 -0.000000 0.029106 0.973141 -0.228362 0.069300 0.018102 0.227908 0.973514 -0.008100 0.000000 0.000000 0.000000 1.000000
0.999205 -0.035093 -0.018927 -0.000000 0.028412 0.959725 -0.279500 0.069300 0.027973 0.278740 0.959959 -0.008100 0.000000 0.000000 0.000000 1.000000
0.998693 -0.042742 -0.028010 0.000000 0.032316 0.952834 -0.301767 0.069300 0.039587 0.300467 0.952970 -0.008100 0.000000 0.000000 0.000000 1.000000
0.996407 -0.054610 -0.064745 0.000000 0.033396 0.955774 -0.292202 0.069300 0.077838 0.288989 0.954163 -0.008100 0.000000 0.000000 0.000000 1.000000
0.994616 -0.055565 -0.087478 0.000000 0.028891 0.959314 -0.280860 0.069300 0.099525 0.276820 0.955754 -0.008100 0.000000 0.000000 0.000000 1.000000
0.993438 -0.054236 -0.100695 0.000000 0.026395 0.965369 -0.259549 0.069300 0.111284 0.255188 0.960466 -0.008100 0.000000 0.000000 0.000000 1.000000
0.992777 -0.054310 -0.106982 0.000000 0.028674 0.973242 -0.227987 0.069300 0.116501 0.223273 0.967769 -0.008100 0.000000 0.000000 0.000000 1.000000
0.992484 -0.053518 -0.110056 0.000000 0.031459 0.980659 -0.193178 0.069300 0.118266 0.188264 0.974972 -0.008100 0.000000 0.000000 0.000000 1.000000
0.992451 -0.051902 -0.111115 0.000000 0.033725 0.986602 -0.159624 0.069300 0.117911 0.154672 0.980904 -0.008100 0.000000 0.000000 0.000000 1.000000
0.991203 -0.051483 -0.121924 -0.000000 0.036527 0.991874 -0.121868 0.069300 0.127208 0.116342 0.985029 -0.008100 0.000000 0.000000 0.000000 1.000000
0.990158 -0.046859 -0.131877 -0.000000 0.035151 0.995344 -0.089753 0.069300 0.135469 0.084234 0.987194 -0.008100 0.000000 0.000000 0.000000 1.000000
0.989936 -0.049018 -0.132753 0.000000 0.039008 0.996269 -0.076978 0.069300 0.136031 0.071025 0.988155 -0.008100 0.000000 0.000000 0.000000 1.000000
0.990026 -0.047539 -0.132622 -0.000000 0.037826 0.996479 -0.074819 0.069300 0.135712 0.069056 0.988339 -0.008100 0.000000 0.000000 0.000000 1.000000
0.990566 -0.043753 -0.129862 0.000000 0.034209 0.996609 -0.074829 0.069300 0.132696 0.069680 0.988704 -0.008100 0.000000 0.000000 0.000000 1.000000
0.991325 -0.031617 -0.127574 0.000000 0.022758 0.997266 -0.070307 0.069300 0.129448 0.066794 0.989334 -0.008100 0.000000 0.000000 0.000000 1.000000
0.991446 -0.024328 -0.128228 -0.000000 0.016420 0.997918 -0.062374 0.069300 0.129479 0.059735 0.989781 -0.008100 0.000000 0.000000 0.000000 1.000000
0.990799 -0.020125 -0.133834 0.000000 0.014048 0.998833 -0.046201 0.069300 0.134607 0.043896 0.989926 -0.008100 0.000000 0.000000 0.000000 1.000000
0.990832 -0.009394 -0.134776 0.000000 0.005462 0.999549 -0.029520 0.069300 0.134992 0.028513 0.990436 -0.008100 0.000000 0.000000 0.000000 1.000000
0.991327 -0.009316 -0.131091 0.000000 0.004708 0.999362 -0.035411 0.069300 0.131337 0.034487 0.990738 -0.008100 0.000000 0.000000 0.000000 1.000000
0.991520 -0.018277 -0.128659 -0.000000 0.012119 0.998751 -0.048482 0.069300 0.129384 0.046512 0.990503 -0.008100 0.000000 0.000000 0.000000 1.000000</float_array>
        <technique_common>
          <accessor source="#mixamorig_Spine-Matrix-animation-output-transform-array" count="32" stride="16">
            <param type="float4x4"/>
          </accessor>
        </technique_common>
      </source>
      <source id="mixamorig_Spine-Interpolations">
        <Name_array id="mixamorig_Spine-Interpolations-array" count="32">
 LINEAR LINEAR LINEAR LINEAR LINEAR LINEAR LINEAR LINEAR LINEAR LINEAR LINEAR
LINEAR LINEAR LINEAR LINEAR LINEAR LINEAR LINEAR LINEAR LINEAR LINEAR LINEAR LINEAR
LINEAR LINEAR LINEAR LINEAR LINEAR LINEAR LINEAR LINEAR LINEAR</Name_array>
        <technique_common>
          <accessor source="#mixamorig_Spine-Interpolations-array" count="32">
            <param type="name"/>
          </accessor>
        </technique_common>
      </source>
      <sampler id="mixamorig_Spine-Matrix-animation-transform">
        <input semantic="INPUT" source="#mixamorig_Spine-Matrix-animation-input"/>
        <input semantic="OUTPUT" source="#mixamorig_Spine-Matrix-animation-output-transform"/>
        <input semantic="INTERPOLATION" source="#mixamorig_Spine-Interpolations"/>
      </sampler>
      <channel source="#mixamorig_Spine-Matrix-animation-transform" target="mixamorig_Spine/matrix"/>
      <source id="mixamorig_Spine1-Matrix-animation-input">
        <float_array id="mixamorig_Spine1-Matrix-animation-input-array" count="32">

0.000000 0.033333 0.066667 0.100000 0.133333 0.166667 0.200000 0.233333 0.266667 0.300000 0.333333 0.366667 0.400000 0.433333 0.466667 0.500000
0.533333 0.566667 0.600000 0.633333 0.666667 0.700000 0.733333 0.766667 0.800000 0.833333 0.866667 0.900000 0.933333 0.966667 1.000000 1.033333</float_array>
        <technique_common>
          <accessor source="#mixamorig_Spine1-Matrix-animation-input-array" count="32">
            <param name="TIME" type="float"/>
          </accessor>
        </technique_common>
      </source>
      <source id="mixamorig_Spine1-Matrix-animation-output-transform">
        <float_array id="mixamorig_Spine1-Matrix-animation-output-transform-array" count="512">

0.999723 -0.013875 -0.019007 -0.000000 0.013141 0.999185 -0.038166 0.081400 0.019521 0.037905 0.999091 0.000000 0.000000 0.000000 0.000000 1.000000
0.999720 -0.013744 -0.019268 0.000000 0.012989 0.999163 -0.038788 0.081400 0.019785 0.038527 0.999062 0.000000 0.000000 0.000000 0.000000 1.000000
0.999641 -0.017675 -0.020121 -0.000000 0.016728 0.998788 -0.046280 0.081400 0.020914 0.045927 0.998726 -0.000000 0.000000 0.000000 0.000000 1.000000
0.999446 -0.025418 -0.021489 -0.000000 0.024186 0.998152 -0.055739 0.081400 0.022866 0.055189 0.998214 0.000000 0.000000 0.000000 0.000000 1.000000
0.999340 -0.027518 -0.023715 0.000000 0.025661 0.996828 -0.075330 0.081400 0.025713 0.074672 0.996877 0.000000 0.000000 0.000000 0.000000 1.000000
0.999269 -0.027049 -0.026999 -0.000000 0.024175 0.994527 -0.101646 0.081400 0.029601 0.100919 0.994454 0.000000 0.000000 0.000000 0.000000 1.000000
0.999303 -0.024791 -0.027927 0.000000 0.021243 0.992439 -0.120887 0.081400 0.030712 0.120209 0.992273 -0.000000 0.000000 0.000000 0.000000 1.000000
0.999325 -0.027403 -0.024480 0.000000 0.023800 0.990285 -0.136999 0.081400 0.027996 0.136324 0.990269 -0.000000 0.000000 0.000000 0.000000 1.000000
0.999572 -0.021952 -0.019312 0.000000 0.018449 0.985980 -0.165838 0.081400 0.022682 0.165411 0.985964 0.000000 0.000000 0.000000 0.000000 1.000000
0.999903 -0.001780 -0.013779 -0.000000 -0.000882 0.981628 -0.190801 0.081400 0.013865 0.190795 0.981532 -0.000000 0.000000 0.000000 0.000000 1.000000
0.999946 0.009634 -0.003922 0.000000 -0.010237 0.978362 -0.206648 0.081400 0.001846 0.206677 0.978408 0.000000 0.000000 0.000000 0.000000 1.000000
0.999952 0.006288 0.007554 0.000000 -0.004391 0.973417 -0.228996 0.081400 -0.008793 0.228952 0.973398 0.000000 0.000000 0.000000 0.000000 1.000000
0.999946 -0.005369 0.008889 0.000000 0.007305 0.972079 -0.234541 0.081400 -0.007382 0.234594 0.972066 0.000000 0.000000 0.000000 0.000000 1.000000
0.999847 -0.015270 0.008504 0.000000 0.016839 0.971946 -0.234602 0.081400 -0.004683 0.234710 0.972054 0.000000 0.000000 0.000000 0.000000 1.000000
0.999805 -0.018467 0.006935 0.000000 0.019555 0.974113 -0.225214 0.081400 -0.002596 0.225306 0.974285 0.000000 0.000000 0.000000 0.000000 1.000000
0.999905 -0.013766 0.000151 -0.000000 0.013456 0.974968 -0.221938 0.081400 0.002908 0.221919 0.975061 0.000000 0.000000 0.000000 0.000000 1.000000
0.999912 -0.012660 -0.004033 0.000000 0.011520 0.977286 -0.211612 0.081400 0.006621 0.211547 0.977345 0.000000 0.000000 0.000000 0.000000 1.000000
0.999914 -0.011239 -0.006741 0.000000 0.009652 0.979476 -0.201328 0.081400 0.008866 0.201245 0.979501 -0.000000 0.000000 0.000000 0.000000 1.000000
0.999880 -0.013033 -0.008335 0.000000 0.011221 0.981886 -0.189138 0.081400 0.010649 0.189022 0.981915 -0.000000 0.000000 0.000000 0.000000 1.000000
0.999806 -0.017302 -0.009395 -0.000000 0.015380 0.984277 -0.175960 0.081400 0.012292 0.175781 0.984353 0.000000 0.000000 0.000000 0.000000 1.000000
0.999698 -0.022431 -0.010067 -0.000000 0.020464 0.986082 -0.164995 0.081400 0.013628 0.164739 0.986243 0.000000 0.000000 0.000000 0.000000 1.000000
0.999637 -0.024097 -0.012050 0.000000 0.021879 0.987055 -0.158881 0.081400 0.015723 0.158559 0.987224 0.000000 0.000000 0.000000 0.000000 1.000000
0.999578 -0.025552 -0.013844 0.000000 0.023187 0.988397 -0.150112 0.081400 0.017519 0.149728 0.988572 0.000000 0.000000 0.000000 0.000000 1.000000
0.999536 -0.026779 -0.014546 0.000000 0.024549 0.990362 -0.136313 0.081400 0.018056 0.135892 0.990559 0.000000 0.000000 0.000000 0.000000 1.000000
0.999604 -0.023562 -0.015388 0.000000 0.021617 0.992990 -0.116202 0.081400 0.018018 0.115823 0.993106 0.000000 0.000000 0.000000 0.000000 1.000000
0.999678 -0.019808 -0.015886 0.000000 0.018186 0.995170 -0.096472 0.081400 0.017720 0.096152 0.995209 0.000000 0.000000 0.000000 0.000000 1.000000
0.999741 -0.015720 -0.016461 -0.000000 0.014409 0.996930 -0.076963 0.081400 0.017620 0.076706 0.996898 0.000000 0.000000 0.000000 0.000000 1.000000
0.999788 -0.011227 -0.017244 0.000000 0.010168 0.998125 -0.060365 0.081400 0.017889 0.060177 0.998027 0.000000 0.000000 0.000000 0.000000 1.000000
0.999756 -0.011479 -0.018852 0.000000 0.010442 0.998475 -0.054214 0.081400 0.019446 0.054004 0.998351 0.000000 0.000000 0.000000 0.000000 1.000000
0.999706 -0.013956 -0.019838 0.000000 0.012958 0.998686 -0.049586 0.081400 0.020504 0.049314 0.998573 0.000000 0.000000 0.000000 0.000000 1.000000
0.999680 -0.015920 -0.019680 0.000000 0.015083 0.999006 -0.041957 0.081400 0.020328 0.041647 0.998926 -0.000000 0.000000 0.000000 0.000000 1.000000
0.999723 -0.013875 -0.019006 0.000000 0.013141 0.999185 -0.038166 0.081400 0.019520 0.037905 0.999091 -0.000000 0.000000 0.000000 0.000000 1.000000</float_array>
        <technique_common>
          <accessor source="#mixamorig_Spine1-Matrix-animation-output-transform-array" count="32" stride="16">
            <param type="float4x4"/>
          </accessor>
        </technique_common>
      </source>
      <source id="mixamorig_Spine1-Interpolations">
        <Name_array id="mixamorig_Spine1-Interpolations-array" count="32">
 LINEAR LINEAR LINEAR LINEAR LINEAR LINEAR LINEAR LINEAR LINEAR LINEAR LINEAR
LINEAR LINEAR LINEAR LINEAR LINEAR LINEAR LINEAR LINEAR LINEAR LINEAR LINEAR LINEAR
LINEAR LINEAR LINEAR LINEAR LINEAR LINEAR LINEAR LINEAR LINEAR</Name_array>
        <technique_common>
          <accessor source="#mixamorig_Spine1-Interpolations-array" count="32">
            <param type="name"/>
          </accessor>
        </technique_common>
      </source>
      <sampler id="mixamorig_Spine1-Matrix-animation-transform">
        <input semantic="INPUT" source="#mixamorig_Spine1-Matrix-animation-input"/>
        <input semantic="OUTPUT" source="#mixamorig_Spine1-Matrix-animation-output-transform"/>
        <input semantic="INTERPOLATION" source="#mixamorig_Spine1-Interpolations"/>
      </sampler>
      <channel source="#mixamorig_Spine1-Matrix-animation-transform" target="mixamorig_Spine1/matrix"/>
      <source id="mixamorig_Spine2-Matrix-animation-input">
        <float_array id="mixamorig_Spine2-Matrix-animation-input-array" count="32">

0.000000 0.033333 0.066667 0.100000 0.133333 0.166667 0.200000 0.233333 0.266667 0.300000 0.333333 0.366667 0.400000 0.433333 0.466667 0.500000
0.533333 0.566667 0.600000 0.633333 0.666667 0.700000 0.733333 0.766667 0.800000 0.833333 0.866667 0.900000 0.933333 0.966667 1.000000 1.033333</float_array>
        <technique_common>
          <accessor source="#mixamorig_Spine2-Matrix-animation-input-array" count="32">
            <param name="TIME" type="float"/>
          </accessor>
        </technique_common>
      </source>
      <source id="mixamorig_Spine2-Matrix-animation-output-transform">
        <float_array id="mixamorig_Spine2-Matrix-animation-output-transform-array" count="512">

0.999732 -0.013431 -0.018848 0.000000 0.012699 0.999181 -0.038418 0.093100 0.019348 0.038168 0.999084 0.000000 0.000000 0.000000 0.000000 1.000000
0.999731 -0.013437 -0.018909 0.000000 0.012691 0.999156 -0.039061 0.093100 0.019418 0.038810 0.999058 0.000000 0.000000 0.000000 0.000000 1.000000
0.999660 -0.017452 -0.019376 0.000000 0.016532 0.998775 -0.046648 0.093100 0.020166 0.046312 0.998723 -0.000000 0.000000 0.000000 0.000000 1.000000
0.999470 -0.025298 -0.020468 0.000000 0.024112 0.998125 -0.056258 0.093100 0.021853 0.055735 0.998206 0.000000 0.000000 0.000000 0.000000 1.000000
0.999375 -0.027482 -0.022219 0.000000 0.025722 0.996780 -0.075952 0.093100 0.024235 0.075333 0.996864 0.000000 0.000000 0.000000 0.000000 1.000000
0.999319 -0.027033 -0.025128 0.000000 0.024327 0.994451 -0.102353 0.093100 0.027756 0.101672 0.994431 0.000000 0.000000 0.000000 0.000000 1.000000
0.999354 -0.024813 -0.025982 0.000000 0.021479 0.992351 -0.121563 0.093100 0.028800 0.120926 0.992244 -0.000000 0.000000 0.000000 0.000000 1.000000
0.999371 -0.027371 -0.022550 0.000000 0.024015 0.990194 -0.137619 0.093100 0.026095 0.136991 0.990229 0.000000 0.000000 0.000000 0.000000 1.000000
0.999611 -0.021548 -0.017734 0.000000 0.018305 0.985926 -0.166179 0.093100 0.021065 0.165790 0.985936 -0.000000 0.000000 0.000000 0.000000 1.000000
0.999919 -0.001124 -0.012699 0.000000 -0.001319 0.981639 -0.190743 0.093100 0.012681 0.190745 0.981558 0.000000 0.000000 0.000000 0.000000 1.000000
0.999939 0.010615 -0.003079 0.000000 -0.011022 0.978416 -0.206349 0.093100 0.000823 0.206371 0.978474 -0.000000 0.000000 0.000000 0.000000 1.000000
0.999934 0.007678 0.008592 -0.000000 -0.005510 0.973505 -0.228600 0.093100 -0.010119 0.228538 0.973483 0.000000 0.000000 0.000000 0.000000 1.000000
0.999939 -0.003904 0.010285 -0.000000 0.006203 0.972196 -0.234088 0.093100 -0.009085 0.234138 0.972161 0.000000 0.000000 0.000000 0.000000 1.000000
0.999852 -0.013762 0.010325 0.000000 0.015797 0.972074 -0.234141 0.093100 -0.006814 0.234270 0.972148 0.000000 0.000000 0.000000 0.000000 1.000000
0.999816 -0.016997 0.008919 -0.000000 0.018567 0.974232 -0.224783 0.093100 -0.004868 0.224907 0.974368 0.000000 0.000000 0.000000 0.000000 1.000000
0.999918 -0.012653 0.001963 0.000000 0.012773 0.975041 -0.221657 0.093100 0.000891 0.221664 0.975123 0.000000 0.000000 0.000000 0.000000 1.000000
0.999928 -0.011770 -0.002318 0.000000 0.011014 0.977334 -0.211415 0.093100 0.004753 0.211374 0.977394 -0.000000 0.000000 0.000000 0.000000 1.000000
0.999932 -0.010460 -0.005157 -0.000000 0.009209 0.979512 -0.201177 0.093100 0.007156 0.201116 0.979541 0.000000 0.000000 0.000000 0.000000 1.000000
0.999901 -0.012289 -0.006812 0.000000 0.010781 0.981912 -0.189033 0.093100 0.009012 0.188941 0.981947 0.000000 0.000000 0.000000 0.000000 1.000000
0.999832 -0.016561 -0.007880 0.000000 0.014917 0.984294 -0.175904 0.093100 0.010670 0.175757 0.984376 0.000000 0.000000 0.000000 0.000000 1.000000
0.999729 -0.021657 -0.008545 0.000000 0.019951 0.986096 -0.164976 0.093100 0.011999 0.164761 0.986261 0.000000 0.000000 0.000000 0.000000 1.000000
0.999671 -0.023297 -0.010688 0.000000 0.021304 0.987062 -0.158918 0.093100 0.014252 0.158638 0.987234 -0.000000 0.000000 0.000000 0.000000 1.000000
0.999614 -0.024739 -0.012674 -0.000000 0.022557 0.988393 -0.150234 0.093100 0.016244 0.149890 0.988569 0.000000 0.000000 0.000000 0.000000 1.000000
0.999571 -0.025983 -0.013507 -0.000000 0.023899 0.990354 -0.136485 0.093100 0.016923 0.136104 0.990550 0.000000 0.000000 0.000000 0.000000 1.000000
0.999634 -0.022854 -0.014464 0.000000 0.021018 0.992985 -0.116358 0.093100 0.017022 0.116012 0.993102 -0.000000 0.000000 0.000000 0.000000 1.000000
0.999701 -0.019203 -0.015139 0.000000 0.017653 0.995167 -0.096595 0.093100 0.016920 0.096299 0.995209 -0.000000 0.000000 0.000000 0.000000 1.000000
0.999760 -0.015196 -0.015785 -0.000000 0.013936 0.996930 -0.077054 0.093100 0.016907 0.076815 0.996902 -0.000000 0.000000 0.000000 0.000000 1.000000
0.999801 -0.010779 -0.016781 -0.000000 0.009746 0.998124 -0.060444 0.093100 0.017401 0.060268 0.998031 0.000000 0.000000 0.000000 0.000000 1.000000
0.999767 -0.011023 -0.018578 0.000000 0.009998 0.998469 -0.054404 0.093100 0.019150 0.054206 0.998346 0.000000 0.000000 0.000000 0.000000 1.000000
0.999716 -0.013483 -0.019652 0.000000 0.012489 0.998677 -0.049886 0.093100 0.020299 0.049626 0.998562 0.000000 0.000000 0.000000 0.000000 1.000000
0.999690 -0.015519 -0.019489 -0.000000 0.014684 0.998998 -0.042273 0.093100 0.020126 0.041974 0.998916 0.000000 0.000000 0.000000 0.000000 1.000000
0.999731 -0.013517 -0.018840 0.000000 0.012785 0.999180 -0.038422 0.093100 0.019344 0.038171 0.999084 0.000000 0.000000 0.000000 0.000000 1.000000</float_array>
        <technique_common>
          <accessor source="#mixamorig_Spine2-Matrix-animation-output-transform-array" count="32" stride="16">
            <param type="float4x4"/>
          </accessor>
        </technique_common>
      </source>
      <source id="mixamorig_Spine2-Interpolations">
        <Name_array id="mixamorig_Spine2-Interpolations-array" count="32">
 LINEAR LINEAR LINEAR LINEAR LINEAR LINEAR LINEAR LINEAR LINEAR LINEAR LINEAR
LINEAR LINEAR LINEAR LINEAR LINEAR LINEAR LINEAR LINEAR LINEAR LINEAR LINEAR LINEAR
LINEAR LINEAR LINEAR LINEAR LINEAR LINEAR LINEAR LINEAR LINEAR</Name_array>
        <technique_common>
          <accessor source="#mixamorig_Spine2-Interpolations-array" count="32">
            <param type="name"/>
          </accessor>
        </technique_common>
      </source>
      <sampler id="mixamorig_Spine2-Matrix-animation-transform">
        <input semantic="INPUT" source="#mixamorig_Spine2-Matrix-animation-input"/>
        <input semantic="OUTPUT" source="#mixamorig_Spine2-Matrix-animation-output-transform"/>
        <input semantic="INTERPOLATION" source="#mixamorig_Spine2-Interpolations"/>
      </sampler>
      <channel source="#mixamorig_Spine2-Matrix-animation-transform" target="mixamorig_Spine2/matrix"/>
      <source id="mixamorig_Neck-Matrix-animation-input">
        <float_array id="mixamorig_Neck-Matrix-animation-input-array" count="32">

0.000000 0.033333 0.066667 0.100000 0.133333 0.166667 0.200000 0.233333 0.266667 0.300000 0.333333 0.366667 0.400000 0.433333 0.466667 0.500000
0.533333 0.566667 0.600000 0.633333 0.666667 0.700000 0.733333 0.766667 0.800000 0.833333 0.866667 0.900000 0.933333 0.966667 1.000000 1.033333</float_array>
        <technique_common>
          <accessor source="#mixamorig_Neck-Matrix-animation-input-array" count="32">
            <param name="TIME" type="float"/>
          </accessor>
        </technique_common>
      </source>
      <source id="mixamorig_Neck-Matrix-animation-output-transform">
        <float_array id="mixamorig_Neck-Matrix-animation-output-transform-array" count="512">

0.970436 -0.003225 -0.241335 0.000000 -0.105231 0.894212 -0.435098 0.104700 0.217208 0.447631 0.867437 0.000000 0.000000 0.000000 0.000000 1.000000
0.970796 -0.000195 -0.239908 -0.000000 -0.106772 0.895153 -0.432782 0.104700 0.214839 0.445759 0.868990 0.000000 0.000000 0.000000 0.000000 1.000000
0.970914 0.005065 -0.239377 0.000000 -0.111552 0.894205 -0.433536 0.104700 0.211856 0.447629 0.868761 0.000000 0.000000 0.000000 0.000000 1.000000
0.970730 0.012656 -0.239842 0.000000 -0.118969 0.892829 -0.434399 0.104700 0.208640 0.450218 0.868201 0.000000 0.000000 0.000000 0.000000 1.000000
0.970558 0.014766 -0.240414 0.000000 -0.120876 0.893196 -0.433117 0.104700 0.208342 0.449426 0.868683 0.000000 0.000000 0.000000 0.000000 1.000000
0.970296 0.017550 -0.241284 0.000000 -0.124175 0.892086 -0.434468 0.104700 0.207621 0.451524 0.867767 0.000000 0.000000 0.000000 0.000000 1.000000
0.969402 0.017042 -0.244884 0.000000 -0.128447 0.885335 -0.446859 0.104700 0.209189 0.464641 0.860435 0.000000 0.000000 0.000000 0.000000 1.000000
0.965502 0.021431 -0.259513 0.000000 -0.138355 0.886515 -0.441530 0.104700 0.220599 0.462203 0.858897 0.000000 0.000000 0.000000 0.000000 1.000000
0.956553 0.015794 -0.291130 0.000000 -0.145622 0.890946 -0.430128 0.104700 0.252588 0.453835 0.854537 0.000000 0.000000 0.000000 0.000000 1.000000
0.953788 -0.032458 -0.298723 0.000000 -0.106933 0.892402 -0.438387 0.104700 0.280811 0.450072 0.847692 0.000000 0.000000 0.000000 0.000000 1.000000
0.945923 -0.068844 -0.317003 0.000000 -0.077047 0.901578 -0.425700 0.104700 0.315110 0.427103 0.847519 -0.000000 0.000000 0.000000 0.000000 1.000000
0.933964 -0.091792 -0.345377 0.000000 -0.051551 0.921736 -0.384376 0.104700 0.353629 0.376798 0.856136 -0.000000 0.000000 0.000000 0.000000 1.000000
0.928181 -0.092480 -0.360454 0.000000 -0.042831 0.935641 -0.350346 0.104700 0.369656 0.340623 0.864483 0.000000 0.000000 0.000000 0.000000 1.000000
0.927052 -0.061392 -0.369873 0.000000 -0.064906 0.945331 -0.319587 0.104700 0.369273 0.320280 0.872386 0.000000 0.000000 0.000000 0.000000 1.000000
0.925178 -0.042772 -0.377116 0.000000 -0.087551 0.942779 -0.321717 0.104700 0.369298 0.330663 0.868494 0.000000 0.000000 0.000000 0.000000 1.000000
0.923407 -0.046553 -0.380989 0.000000 -0.088649 0.939912 -0.329707 0.104700 0.373445 0.338228 0.863795 -0.000000 0.000000 0.000000 0.000000 1.000000
0.924340 -0.041992 -0.379253 0.000000 -0.091725 0.940327 -0.327676 0.104700 0.370382 0.337671 0.865330 -0.000000 0.000000 0.000000 0.000000 1.000000
0.927656 -0.037239 -0.371575 0.000000 -0.093324 0.940326 -0.327228 0.104700 0.361587 0.338232 0.868823 -0.000000 0.000000 0.000000 0.000000 1.000000
0.931851 -0.032782 -0.361357 0.000000 -0.096210 0.937938 -0.333190 0.104700 0.349853 0.345250 0.870865 0.000000 0.000000 0.000000 0.000000 1.000000
0.936994 -0.028388 -0.348191 0.000000 -0.099637 0.933580 -0.344241 0.104700 0.334836 0.357244 0.871930 0.000000 0.000000 0.000000 0.000000 1.000000
0.942570 -0.029916 -0.332666 0.000000 -0.097958 0.927425 -0.360953 0.104700 0.319321 0.372811 0.871233 -0.000000 0.000000 0.000000 0.000000 1.000000
0.948145 -0.037264 -0.315646 0.000000 -0.090761 0.920010 -0.381241 0.104700 0.304604 0.390120 0.868920 -0.000000 0.000000 0.000000 0.000000 1.000000
0.953430 -0.043309 -0.298490 0.000000 -0.083183 0.913499 -0.398246 0.104700 0.289918 0.404529 0.867355 -0.000000 0.000000 0.000000 0.000000 1.000000
0.957302 -0.048354 -0.285018 0.000000 -0.075413 0.910006 -0.407678 0.104700 0.279081 0.411765 0.867504 0.000000 0.000000 0.000000 0.000000 1.000000
0.961676 -0.045641 -0.270364 -0.000000 -0.074033 0.906202 -0.416314 0.104700 0.264005 0.420375 0.868093 0.000000 0.000000 0.000000 0.000000 1.000000
0.966268 -0.041064 -0.254243 -0.000000 -0.073809 0.901639 -0.426146 0.104700 0.246735 0.430537 0.868194 0.000000 0.000000 0.000000 0.000000 1.000000
0.969426 -0.035351 -0.242826 -0.000000 -0.075983 0.897687 -0.434033 0.104700 0.233325 0.439214 0.867554 0.000000 0.000000 0.000000 0.000000 1.000000
0.971274 -0.029985 -0.236069 0.000000 -0.079228 0.894685 -0.439615 0.104700 0.224389 0.445689 0.866609 -0.000000 0.000000 0.000000 0.000000 1.000000
0.971797 -0.022875 -0.234708 0.000000 -0.085631 0.893117 -0.441598 0.104700 0.219723 0.449242 0.865969 -0.000000 0.000000 0.000000 0.000000 1.000000
