<?xml version="1.0" encoding="utf-8"?>
<COLLADA xmlns="http://www.collada.org/2005/11/COLLADASchema" version="1.4.1">
  <asset>
    <contributor>
      <author>Mixamo</author>
      <authoring_tool>COLLADA Mixamo exporter</authoring_tool>
      <comments/>
    </contributor>
    <created>2024-05-14T08:58:13Z</created>
    <modified>2024-05-14T08:58:13Z</modified>
    <revision/>
    <title/>
    <unit meter="0.010000"/>
    <up_axis>Y_UP</up_axis>
  </asset>
  <library_animations>
    <animation>
      <source id="Armature.001-Matrix-animation-input">
        <float_array id="Armature.001-Matrix-animation-input-array" count="32">

0.000000 0.033333 0.066667 0.100000 0.133333 0.166667 0.200000 0.233333 0.266667 0.300000 0.333333 0.366667 0.400000 0.433333 0.466667 0.500000
0.533333 0.566667 0.600000 0.633333 0.666667 0.700000 0.733333 0.766667 0.800000 0.833333 0.866667 0.900000 0.933333 0.966667 1.000000 1.033333</float_array>
        <technique_common>
          <accessor source="#Armature.001-Matrix-animation-input-array" count="32">
            <param name="TIME" type="float"/>
          </accessor>
        </technique_common>
      </source>
      <source id="Armature.001-Matrix-animation-output-transform">
        <float_array id="Armature.001-Matrix-animation-output-transform-array" count="512">

100.000000 0.000000 0.000000 0.000000 0.000000 0.000000 100.000000 0.000000 0.000000 -100.000000 0.000000 0.000000 0.000000 0.000000 0.000000 1.000000
100.000000 0.000000 0.000000 0.000000 0.000000 0.000000 100.000000 0.000000 0.000000 -100.000000 0.000000 0.000000 0.000000 0.000000 0.000000 1.000000
100.000000 0.000000 0.000000 0.000000 0.000000 0.000000 100.000000 0.000000 0.000000 -100.000000 0.000000 0.000000 0.000000 0.000000 0.000000 1.000000
100.000000 0.000000 0.000000 0.000000 0.000000 0.000000 100.000000 0.000000 0.000000 -100.000000 0.000000 0.000000 0.000000 0.000000 0.000000 1.000000
100.000000 0.000000 0.000000 0.000000 0.000000 0.000000 100.000000 0.000000 0.000000 -100.000000 0.000000 0.000000 0.000000 0.000000 0.000000 1.000000
100.000000 0.000000 0.000000 0.000000 0.000000 0.000000 100.000000 0.000000 0.000000 -100.000000 0.000000 0.000000 0.000000 0.000000 0.000000 1.000000
100.000000 0.000000 0.000000 0.000000 0.000000 0.000000 100.000000 0.000000 0.000000 -100.000000 0.000000 0.000000 0.000000 0.000000 0.000000 1.000000
100.000000 0.000000 0.000000 0.000000 0.000000 0.000000 100.000000 0.000000 0.000000 -100.000000 0.000000 0.000000 0.000000 0.000000 0.000000 1.000000
100.000000 0.000000 0.000000 0.000000 0.000000 0.000000 100.000000 0.000000 0.000000 -100.000000 0.000000 0.000000 0.000000 0.000000 0.000000 1.000000
100.000000 0.000000 0.000000 0.000000 0.000000 0.000000 100.000000 0.000000 0.000000 -100.000000 0.000000 0.000000 0.000000 0.000000 0.000000 1.000000
100.000000 0.000000 0.000000 0.000000 0.000000 0.000000 100.000000 0.000000 0.000000 -100.000000 0.000000 0.000000 0.000000 0.000000 0.000000 1.000000
100.000000 0.000000 0.000000 0.000000 0.000000 0.000000 100.000000 0.000000 0.000000 -100.000000 0.000000 0.000000 0.000000 0.000000 0.000000 1.000000
100.000000 0.000000 0.000000 0.000000 0.000000 0.000000 100.000000 0.000000 0.000000 -100.000000 0.000000 0.000000 0.000000 0.000000 0.000000 1.000000
100.000000 0.000000 0.000000 0.000000 0.000000 0.000000 100.000000 0.000000 0.000000 -100.000000 0.000000 0.000000 0.000000 0.000000 0.000000 1.000000
100.000000 0.000000 0.000000 0.000000 0.000000 0.000000 100.000000 0.000000 0.000000 -100.000000 0.000000 0.000000 0.000000 0.000000 0.000000 1.000000
100.000000 0.000000 0.000000 0.000000 0.000000 0.000000 100.000000 0.000000 0.000000 -100.000000 0.000000 0.000000 0.000000 0.000000 0.000000 1.000000
100.000000 0.000000 0.000000 0.000000 0.000000 0.000000 100.000000 0.000000 0.000000 -100.000000 0.000000 0.000000 0.000000 0.000000 0.000000 1.000000
100.000000 0.000000 0.000000 0.000000 0.000000 0.000000 100.000000 0.000000 0.000000 -100.000000 0.000000 0.000000 0.000000 0.000000 0.000000 1.000000
100.000000 0.000000 0.000000 0.000000 0.000000 0.000000 100.000000 0.000000 0.000000 -100.000000 0.000000 0.000000 0.000000 0.000000 0.000000 1.000000
100.000000 0.000000 0.000000 0.000000 0.000000 0.000000 100.000000 0.000000 0.000000 -100.000000 0.000000 0.000000 0.000000 0.000000 0.000000 1.000000
100.000000 0.000000 0.000000 0.000000 0.000000 0.000000 100.000000 0.000000 0.000000 -100.000000 0.000000 0.000000 0.000000 0.000000 0.000000 1.000000
100.000000 0.000000 0.000000 0.000000 0.000000 0.000000 100.000000 0.000000 0.000000 -100.000000 0.000000 0.000000 0.000000 0.000000 0.000000 1.000000
100.000000 0.000000 0.000000 0.000000 0.000000 0.000000 100.000000 0.000000 0.000000 -100.000000 0.000000 0.000000 0.000000 0.000000 0.000000 1.000000
100.000000 0.000000 0.000000 0.000000 0.000000 0.000000 100.000000 0.000000 0.000000 -100.000000 0.000000 0.000000 0.000000 0.000000 0.000000 1.000000
100.000000 0.000000 0.000000 0.000000 0.000000 0.000000 100.000000 0.000000 0.000000 -100.000000 0.000000 0.000000 0.000000 0.000000 0.000000 1.000000
100.000000 0.000000 0.000000 0.000000 0.000000 0.000000 100.000000 0.000000 0.000000 -100.000000 0.000000 0.000000 0.000000 0.000000 0.000000 1.000000
100.000000 0.000000 0.000000 0.000000 0.000000 0.000000 100.000000 0.000000 0.000000 -100.000000 0.000000 0.000000 0.000000 0.000000 0.000000 1.000000
100.000000 0.000000 0.000000 0.000000 0.000000 0.000000 100.000000 0.000000 0.000000 -100.000000 0.000000 0.000000 0.000000 0.000000 0.000000 1.000000
100.000000 0.000000 0.000000 0.000000 0.000000 0.000000 100.000000 0.000000 0.000000 -100.000000 0.000000 0.000000 0.000000 0.000000 0.000000 1.000000
100.000000 0.000000 0.000000 0.000000 0.000000 0.000000 100.000000 0.000000 0.000000 -100.000000 0.000000 0.000000 0.000000 0.000000 0.000000 1.000000
100.000000 0.000000 0.000000 0.000000 0.000000 0.000000 100.000000 0.000000 0.000000 -100.000000 0.000000 0.000000 0.000000 0.000000 0.000000 1.000000
100.000000 0.000000 0.000000 0.000000 0.000000 0.000000 100.000000 0.000000 0.000000 -100.000000 0.000000 0.000000 0.000000 0.000000 0.000000 1.000000</float_array>
        <technique_common>
          <accessor source="#Armature.001-Matrix-animation-output-transform-array" count="32" stride="16">
            <param type="float4x4"/>
          </accessor>
        </technique_common>
      </source>
      <source id="Armature.001-Interpolations">
        <Name_array id="Armature.001-Interpolations-array" count="32">
 LINEAR LINEAR LINEAR LINEAR LINEAR LINEAR LINEAR LINEAR LINEAR LINEAR LINEAR
LINEAR LINEAR LINEAR LINEAR LINEAR LINEAR LINEAR LINEAR LINEAR LINEAR LINEAR LINEAR
LINEAR LINEAR LINEAR LINEAR LINEAR LINEAR LINEAR LINEAR LINEAR</Name_array>
        <technique_common>
          <accessor source="#Armature.001-Interpolations-array" count="32">
            <param type="name"/>
          </accessor>
        </technique_common>
      </source>
      <sampler id="Armature.001-Matrix-animation-transform">
        <input semantic="INPUT" source="#Armature.001-Matrix-animation-input"/>
        <input semantic="OUTPUT" source="#Armature.001-Matrix-animation-output-transform"/>
        <input semantic="INTERPOLATION" source="#Armature.001-Interpolations"/>
      </sampler>
      <channel source="#Armature.001-Matrix-animation-transform" target="Armature.001/matrix"/>
      <source id="mixamorig_Hips-Matrix-animation-input">
        <float_array id="mixamorig_Hips-Matrix-animation-input-array" count="32">

0.000000 0.033333 0.066667 0.100000 0.133333 0.166667 0.200000 0.233333 0.266667 0.300000 0.333333 0.366667 0.400000 0.433333 0.466667 0.500000
0.533333 0.566667 0.600000 0.633333 0.666667 0.700000 0.733333 0.766667 0.800000 0.833333 0.866667 0.900000 0.933333 0.966667 1.000000 1.033333</float_array>
        <technique_common>
          <accessor source="#mixamorig_Hips-Matrix-animation-input-array" count="32">
            <param name="TIME" type="float"/>
          </accessor>
        </technique_common>
      </source>
      <source id="mixamorig_Hips-Matrix-animation-output-transform">
        <float_array id="mixamorig_Hips-Matrix-animation-output-transform-array" count="512">

0.690791 0.000452 -0.723055 0.006427 -0.719909 0.093610 -0.687727 0.006908 0.067374 0.995609 0.064991 0.794401 0.000000 0.000000 0.000000 1.000000
0.703309 0.014336 -0.710740 0.003270 -0.707263 0.114892 -0.697552 0.013513 0.071658 0.993275 0.090944 0.779458 0.000000 0.000000 0.000000 1.000000
0.710236 0.031833 -0.703244 0.000601 -0.699528 0.143878 -0.699971 0.014946 0.078899 0.989083 0.124455 0.767179 0.000000 0.000000 0.000000 1.000000
0.708380 0.049317 -0.704106 0.002273 -0.700034 0.176678 -0.691908 0.008152 0.090277 0.983032 0.159679 0.759595 0.000000 0.000000 0.000000 1.000000
0.689039 0.065275 -0.721779 0.007162 -0.716338 0.212415 -0.664635 -0.009625 0.109933 0.974997 0.193121 0.760447 0.000000 0.000000 0.000000 1.000000
0.637170 0.083497 -0.766187 0.015286 -0.758234 0.246152 -0.603731 -0.039597 0.138189 0.965628 0.220151 0.768764 0.000000 0.000000 0.000000 1.000000
0.550245 0.104630 -0.828422 0.026745 -0.818276 0.265152 -0.510018 -0.075085 0.166295 0.958513 0.231515 0.783775 0.000000 0.000000 0.000000 1.000000
0.414765 0.128224 -0.900849 0.042090 -0.893469 0.244843 -0.376517 -0.109448 0.172288 0.961046 0.216116 0.804686 0.000000 0.000000 0.000000 1.000000
0.269393 0.140249 -0.952763 0.058763 -0.950003 0.200878 -0.239043 -0.141201 0.157864 0.969525 0.187352 0.823411 0.000000 0.000000 0.000000 1.000000
0.224697 0.174654 -0.958649 0.074792 -0.966086 0.168394 -0.195761 -0.171952 0.127240 0.970123 0.206568 0.830018 0.000000 0.000000 0.000000 1.000000
0.229189 0.213737 -0.949626 0.088423 -0.968013 0.152373 -0.199331 -0.203925 0.102093 0.964935 0.241822 0.822208 0.000000 0.000000 0.000000 1.000000
0.181851 0.221933 -0.957954 0.099583 -0.980889 0.109491 -0.160838 -0.240637 0.069192 0.968895 0.237602 0.803713 0.000000 0.000000 0.000000 1.000000
0.110806 0.239776 -0.964484 0.107901 -0.993663 0.045158 -0.102932 -0.269675 0.018873 0.969777 0.243260 0.785079 0.000000 0.000000 0.000000 1.000000
0.121883 0.262365 -0.957240 0.116255 -0.992493 0.022409 -0.120229 -0.285781 -0.010093 0.964708 0.263127 0.771216 0.000000 0.000000 0.000000 1.000000
0.156148 0.275743 -0.948464 0.118653 -0.987286 0.014674 -0.158274 -0.291096 -0.029725 0.961120 0.274528 0.760104 0.000000 0.000000 0.000000 1.000000
0.177494 0.283839 -0.942301 0.115879 -0.983225 0.010285 -0.182104 -0.287702 -0.041997 0.958817 0.280903 0.753536 0.000000 0.000000 0.000000 1.000000
0.211169 0.285244 -0.934903 0.111812 -0.976144 0.012118 -0.216787 -0.277614 -0.050508 0.958378 0.280998 0.752692 0.000000 0.000000 0.000000 1.000000
0.248006 0.281652 -0.926912 0.104598 -0.967215 0.017993 -0.253322 -0.261317 -0.054671 0.959348 0.276880 0.759157 0.000000 0.000000 0.000000 1.000000
0.275895 0.271149 -0.922150 0.093886 -0.959716 0.024632 -0.279891 -0.239663 -0.053178 0.962222 0.267022 0.770633 0.000000 0.000000 0.000000 1.000000
0.307660 0.253395 -0.917135 0.082145 -0.950431 0.036242 -0.308816 -0.213034 -0.045014 0.966684 0.251985 0.785635 0.000000 0.000000 0.000000 1.000000
0.359879 0.225178 -0.905418 0.069183 -0.932419 0.052589 -0.357532 -0.182304 -0.032893 0.972897 0.228886 0.802608 0.000000 0.000000 0.000000 1.000000
0.427024 0.187978 -0.884486 0.054759 -0.904008 0.066553 -0.422304 -0.148216 -0.020518 0.979916 0.198353 0.817033 0.000000 0.000000 0.000000 1.000000
0.497851 0.148466 -0.854460 0.041246 -0.867208 0.074112 -0.492400 -0.114765 -0.009779 0.986137 0.165648 0.825524 0.000000 0.000000 0.000000 1.000000
0.565977 0.112690 -0.816683 0.030783 -0.824384 0.086716 -0.559348 -0.083962 0.007786 0.989839 0.141979 0.828710 0.000000 0.000000 0.000000 1.000000
0.623273 0.087751 -0.777065 0.022006 -0.781798 0.092736 -0.616597 -0.058907 0.017955 0.991816 0.126404 0.825459 0.000000 0.000000 0.000000 1.000000
0.677882 0.065776 -0.732222 0.014451 -0.734656 0.097847 -0.671346 -0.035364 0.027488 0.993025 0.114651 0.822859 0.000000 0.000000 0.000000 1.000000
0.714111 0.050095 -0.698238 0.008930 -0.699390 0.093772 -0.708562 -0.017615 0.029979 0.994333 0.102000 0.818492 0.000000 0.000000 0.000000 1.000000
0.728121 0.035127 -0.684548 0.005694 -0.684497 0.089869 -0.723455 -0.005853 0.036106 0.995334 0.089480 0.814287 0.000000 0.000000 0.000000 1.000000
0.722110 0.020421 -0.691476 0.004328 -0.690133 0.090146 -0.718046 0.002007 0.047671 0.995719 0.079189 0.812059 0.000000 0.000000 0.000000 1.000000
0.710541 0.011054 -0.703569 0.003852 -0.701565 0.088148 -0.707133 0.004077 0.054201 0.996046 0.070388 0.805846 0.000000 0.000000 0.000000 1.000000
0.697627 0.005434 -0.716440 0.005074 -0.713909 0.089605 -0.694482 0.004830 0.060423 0.995963 0.066391 0.798520 0.000000 0.000000 0.000000 1.000000
0.690791 0.000451 -0.723055 0.006427 -0.719909 0.093611 -0.687727 0.006908 0.067376 0.995609 0.064991 0.794401 0.000000 0.000000 0.000000 1.000000</float_array>
        <technique_common>
          <accessor source="#mixamorig_Hips-Matrix-animation-output-transform-array" count="32" stride="16">
            <param type="float4x4"/>
          </accessor>
        </technique_common>
      </source>
      <source id="mixamorig_Hips-Interpolations">
        <Name_array id="mixamorig_Hips-Interpolations-array" count="32">
 LINEAR LINEAR LINEAR LINEAR LINEAR LINEAR LINEAR LINEAR LINEAR LINEAR LINEAR
LINEAR LINEAR LINEAR LINEAR LINEAR LINEAR LINEAR LINEAR LINEAR LINEAR LINEAR LINEAR
LINEAR LINEAR LINEAR LINEAR LINEAR LINEAR LINEAR LINEAR LINEAR</Name_array>
        <technique_common>
          <accessor source="#mixamorig_Hips-Interpolations-array" count="32">
            <param type="name"/>
          </accessor>
        </technique_common>
      </source>
      <sampler id="mixamorig_Hips-Matrix-animation-transform">
        <input semantic="INPUT" source="#mixamorig_Hips-Matrix-animation-input"/>
        <input semantic="OUTPUT" source="#mixamorig_Hips-Matrix-animation-output-transform"/>
        <input semantic="INTERPOLATION" source="#mixamorig_Hips-Interpolations"/>
      </sampler>
      <channel source="#mixamorig_Hips-Matrix-animation-transform" target="mixamorig_Hips/matrix"/>
      <source id="mixamorig_Spine-Matrix-animation-input">
        <float_array id="mixamorig_Spine-Matrix-animation-input-array" count="32">

0.000000 0.033333 0.066667 0.100000 0.133333 0.166667 0.200000 0.233333 0.266667 0.300000 0.333333 0.366667 0.400000 0.433333 0.466667 0.500000
0.533333 0.566667 0.600000 0.633333 0.666667 0.700000 0.733333 0.766667 0.800000 0.833333 0.866667 0.900000 0.933333 0.966667 1.000000 1.033333</float_array>
        <technique_common>
          <accessor source="#mixamorig_Spine-Matrix-animation-input-array" count="32">
            <param name="TIME" type="float"/>
          </accessor>
        </technique_common>
      </source>
      <source id="mixamorig_Spine-Matrix-animation-output-transform">
        <float_array id="mixamorig_Spine-Matrix-animation-output-transform-array" count="512">

0.991537 0.016943 0.128711 0.000000 -0.010798 0.998775 -0.048289 0.069300 -0.129372 0.046490 0.990506 -0.008100 0.000000 0.000000 0.000000 1.000000
0.991286 0.011994 0.131182 0.000000 -0.003012 0.997650 -0.068452 0.069300 -0.131695 0.067460 0.988992 -0.008100 0.000000 0.000000 0.000000 1.000000
0.990559 0.004268 0.137023 0.000000 0.007730 0.996186 -0.086916 0.069300 -0.136871 0.087155 0.986747 -0.008100 0.000000 0.000000 0.000000 1.000000
0.989282 -0.009873 0.145685 0.000000 0.025702 0.993908 -0.107171 0.069300 -0.143740 0.109767 0.983509 -0.008100 0.000000 0.000000 0.000000 1.000000
0.986086 -0.015573 0.165503 0.000000 0.036454 0.991627 -0.123886 0.069300 -0.162188 0.128196 0.978397 -0.008100 0.000000 0.000000 0.000000 1.000000
0.980772 -0.017993 0.194328 0.000000 0.044069 0.990441 -0.130711 0.069300 -0.190118 0.136761 0.972189 -0.008100 0.000000 0.000000 0.000000 1.000000
0.977810 -0.017253 0.208782 0.000000 0.046789 0.989414 -0.137368 0.069300 -0.204202 0.144089 0.968266 -0.008100 0.000000 0.000000 0.000000 1.000000
0.980613 -0.002652 0.195936 0.000000 0.034023 0.987026 -0.156916 0.069300 -0.192978 0.160541 0.967981 -0.008100 0.000000 0.000000 0.000000 1.000000
0.984351 0.035859 0.172532 0.000000 -0.007923 0.987092 -0.159957 0.069300 -0.176041 0.156087 0.971929 -0.008100 0.000000 0.000000 0.000000 1.000000
0.989031 0.037198 0.142951 0.000000 -0.010537 0.983074 -0.182907 0.069300 -0.147335 0.179395 0.972682 -0.008100 0.000000 0.000000 0.000000 1.000000
0.995558 0.044434 0.083005 0.000000 -0.025217 0.975260 -0.219616 0.069300 -0.090710 0.216547 0.972049 -0.008100 0.000000 0.000000 0.000000 1.000000
0.998656 0.050489 0.011698 0.000000 -0.046981 0.977219 -0.206970 0.069300 -0.021881 0.206142 0.978277 -0.008100 0.000000 0.000000 0.000000 1.000000
0.999427 0.031909 0.011262 0.000000 -0.028492 0.973089 -0.228662 0.069300 -0.018255 0.228210 0.973441 -0.008100 0.000000 0.000000 0.000000 1.000000
0.999215 0.034663 0.019184 0.000000 -0.027917 0.959637 -0.279852 0.069300 -0.028110 0.279097 0.959851 -0.008100 0.000000 0.000000 0.000000 1.000000
0.998703 0.042352 0.028259 0.000000 -0.031853 0.952731 -0.302141 0.069300 -0.039719 0.300849 0.952844 -0.008100 0.000000 0.000000 0.000000 1.000000
0.996411 0.054235 0.064992 0.000000 -0.032935 0.955680 -0.292560 0.069300 -0.077979 0.289370 0.954036 -0.008100 0.000000 0.000000 0.000000 1.000000
0.994615 0.055175 0.087726 0.000000 -0.028411 0.959231 -0.281192 0.069300 -0.099664 0.277186 0.955633 -0.008100 0.000000 0.000000 0.000000 1.000000
0.993436 0.053822 0.100940 0.000000 -0.025895 0.965303 -0.259846 0.069300 -0.111423 0.255526 0.960360 -0.008100 0.000000 0.000000 0.000000 1.000000
0.992772 0.053930 0.107213 0.000000 -0.028216 0.973193 -0.228250 0.069300 -0.116649 0.223576 0.967681 -0.008100 0.000000 0.000000 0.000000 1.000000
0.992480 0.053142 0.110271 0.000000 -0.031019 0.980630 -0.193397 0.069300 -0.118413 0.188522 0.974904 -0.008100 0.000000 0.000000 0.000000 1.000000
0.992452 0.051460 0.111317 0.000000 -0.033232 0.986589 -0.159806 0.069300 -0.118048 0.154901 0.980852 -0.008100 0.000000 0.000000 0.000000 1.000000
0.991208 0.050910 0.122128 0.000000 -0.035911 0.991878 -0.122017 0.069300 -0.127348 0.116558 0.984986 -0.008100 0.000000 0.000000 0.000000 1.000000
0.990164 0.046120 0.132093 0.000000 -0.034373 0.995360 -0.089874 0.069300 -0.135625 0.084450 0.987155 -0.008100 0.000000 0.000000 0.000000 1.000000
0.989950 0.048136 0.132973 0.000000 -0.038092 0.996298 -0.077072 0.069300 -0.136190 0.071232 0.988119 -0.008100 0.000000 0.000000 0.000000 1.000000
0.990046 0.046529 0.132834 0.000000 -0.036787 0.996514 -0.074875 0.069300 -0.135855 0.069243 0.988306 -0.008100 0.000000 0.000000 0.000000 1.000000
0.990590 0.042636 0.130055 0.000000 -0.033068 0.996646 -0.074859 0.069300 -0.132810 0.069854 0.988677 -0.008100 0.000000 0.000000 0.000000 1.000000
0.991342 0.030394 0.127742 0.000000 -0.021516 0.997293 -0.070317 0.069300 -0.129533 0.066960 0.989312 -0.008100 0.000000 0.000000 0.000000 1.000000
0.991461 0.023035 0.128353 0.000000 -0.015113 0.997940 -0.062351 0.069300 -0.129525 0.059879 0.989767 -0.008100 0.000000 0.000000 0.000000 1.000000
0.990815 0.018810 0.133908 0.000000 -0.012729 0.998855 -0.046124 0.069300 -0.134622 0.043996 0.989920 -0.008100 0.000000 0.000000 0.000000 1.000000
0.990838 0.008095 0.134810 0.000000 -0.004169 0.999559 -0.029384 0.069300 -0.134988 0.028553 0.990436 -0.008100 0.000000 0.000000 0.000000 1.000000
0.991333 0.008020 0.131125 0.000000 -0.003424 0.999373 -0.035236 0.069300 -0.131325 0.034482 0.990740 -0.008100 0.000000 0.000000 0.000000 1.000000
0.991537 0.016945 0.128712 -0.000000 -0.010800 0.998775 -0.048289 0.069300 -0.129372 0.046490 0.990506 -0.008100 0.000000 0.000000 0.000000 1.000000</float_array>
        <technique_common>
          <accessor source="#mixamorig_Spine-Matrix-animation-output-transform-array" count="32" stride="16">
            <param type="float4x4"/>
          </accessor>
        </technique_common>
      </source>
      <source id="mixamorig_Spine-Interpolations">
        <Name_array id="mixamorig_Spine-Interpolations-array" count="32">
 LINEAR LINEAR LINEAR LINEAR LINEAR LINEAR LINEAR LINEAR LINEAR LINEAR LINEAR
LINEAR LINEAR LINEAR LINEAR LINEAR LINEAR LINEAR LINEAR LINEAR LINEAR LINEAR LINEAR
LINEAR LINEAR LINEAR LINEAR LINEAR LINEAR LINEAR LINEAR LINEAR</Name_array>
        <technique_common>
          <accessor source="#mixamorig_Spine-Interpolations-array" count="32">
            <param type="name"/>
          </accessor>
        </technique_common>
      </source>
      <sampler id="mixamorig_Spine-Matrix-animation-transform">
        <input semantic="INPUT" source="#mixamorig_Spine-Matrix-animation-input"/>
        <input semantic="OUTPUT" source="#mixamorig_Spine-Matrix-animation-output-transform"/>
        <input semantic="INTERPOLATION" source="#mixamorig_Spine-Interpolations"/>
      </sampler>
      <channel source="#mixamorig_Spine-Matrix-animation-transform" target="mixamorig_Spine/matrix"/>
      <source id="mixamorig_Spine1-Matrix-animation-input">
        <float_array id="mixamorig_Spine1-Matrix-animation-input-array" count="32">

0.000000 0.033333 0.066667 0.100000 0.133333 0.166667 0.200000 0.233333 0.266667 0.300000 0.333333 0.366667 0.400000 0.433333 0.466667 0.500000
0.533333 0.566667 0.600000 0.633333 0.666667 0.700000 0.733333 0.766667 0.800000 0.833333 0.866667 0.900000 0.933333 0.966667 1.000000 1.033333</float_array>
        <technique_common>
          <accessor source="#mixamorig_Spine1-Matrix-animation-input-array" count="32">
            <param name="TIME" type="float"/>
          </accessor>
        </technique_common>
      </source>
      <source id="mixamorig_Spine1-Matrix-animation-output-transform">
        <float_array id="mixamorig_Spine1-Matrix-animation-output-transform-array" count="512">

0.999723 0.013875 0.019007 -0.000000 -0.013141 0.999185 -0.038166 0.081400 -0.019521 0.037905 0.999091 0.000000 0.000000 0.000000 0.000000 1.000000
0.999720 0.013744 0.019268 0.000000 -0.012989 0.999163 -0.038788 0.081400 -0.019785 0.038527 0.999062 0.000000 0.000000 0.000000 0.000000 1.000000
0.999641 0.017675 0.020121 0.000000 -0.016728 0.998788 -0.046280 0.081400 -0.020914 0.045927 0.998726 0.000000 0.000000 0.000000 0.000000 1.000000
0.999446 0.025418 0.021490 -0.000000 -0.024186 0.998152 -0.055739 0.081400 -0.022867 0.055189 0.998214 -0.000000 0.000000 0.000000 0.000000 1.000000
0.999340 0.027518 0.023715 0.000000 -0.025661 0.996828 -0.075330 0.081400 -0.025713 0.074672 0.996877 0.000000 0.000000 0.000000 0.000000 1.000000
0.999269 0.027049 0.026999 0.000000 -0.024175 0.994527 -0.101646 0.081400 -0.029601 0.100919 0.994454 0.000000 0.000000 0.000000 0.000000 1.000000
0.999303 0.024791 0.027927 0.000000 -0.021243 0.992439 -0.120887 0.081400 -0.030712 0.120209 0.992273 0.000000 0.000000 0.000000 0.000000 1.000000
0.999325 0.027403 0.024480 0.000000 -0.023800 0.990285 -0.136999 0.081400 -0.027996 0.136324 0.990269 0.000000 0.000000 0.000000 0.000000 1.000000
0.999572 0.021952 0.019313 0.000000 -0.018449 0.985980 -0.165838 0.081400 -0.022683 0.165411 0.985964 -0.000000 0.000000 0.000000 0.000000 1.000000
0.999903 0.001780 0.013779 0.000000 0.000882 0.981628 -0.190801 0.081400 -0.013865 0.190795 0.981532 -0.000000 0.000000 0.000000 0.000000 1.000000
0.999946 -0.009634 0.003922 -0.000000 0.010237 0.978362 -0.206648 0.081400 -0.001846 0.206677 0.978408 0.000000 0.000000 0.000000 0.000000 1.000000
0.999952 -0.006288 -0.007555 0.000000 0.004391 0.973417 -0.228996 0.081400 0.008794 0.228952 0.973398 0.000000 0.000000 0.000000 0.000000 1.000000
0.999946 0.005369 -0.008889 0.000000 -0.007305 0.972079 -0.234541 0.081400 0.007381 0.234594 0.972066 0.000000 0.000000 0.000000 0.000000 1.000000
0.999847 0.015270 -0.008504 0.000000 -0.016839 0.971946 -0.234602 0.081400 0.004683 0.234710 0.972054 0.000000 0.000000 0.000000 0.000000 1.000000
0.999805 0.018467 -0.006935 0.000000 -0.019555 0.974113 -0.225214 0.081400 0.002597 0.225306 0.974285 0.000000 0.000000 0.000000 0.000000 1.000000
0.999905 0.013766 -0.000151 0.000000 -0.013456 0.974968 -0.221937 0.081400 -0.002908 0.221918 0.975061 0.000000 0.000000 0.000000 0.000000 1.000000
0.999912 0.012660 0.004033 0.000000 -0.011520 0.977286 -0.211612 0.081400 -0.006620 0.211547 0.977345 0.000000 0.000000 0.000000 0.000000 1.000000
0.999914 0.011239 0.006741 0.000000 -0.009652 0.979476 -0.201328 0.081400 -0.008865 0.201245 0.979501 0.000000 0.000000 0.000000 0.000000 1.000000
0.999880 0.013033 0.008334 0.000000 -0.011222 0.981886 -0.189138 0.081400 -0.010648 0.189022 0.981915 -0.000000 0.000000 0.000000 0.000000 1.000000
0.999806 0.017302 0.009394 0.000000 -0.015380 0.984277 -0.175960 0.081400 -0.012291 0.175781 0.984353 0.000000 0.000000 0.000000 0.000000 1.000000
0.999698 0.022431 0.010067 0.000000 -0.020464 0.986082 -0.164995 0.081400 -0.013628 0.164739 0.986243 0.000000 0.000000 0.000000 0.000000 1.000000
0.999637 0.024097 0.012050 -0.000000 -0.021879 0.987055 -0.158881 0.081400 -0.015723 0.158559 0.987224 -0.000000 0.000000 0.000000 0.000000 1.000000
0.999578 0.025552 0.013844 -0.000000 -0.023187 0.988397 -0.150112 0.081400 -0.017519 0.149728 0.988572 0.000000 0.000000 0.000000 0.000000 1.000000
0.999536 0.026779 0.014545 0.000000 -0.024549 0.990362 -0.136313 0.081400 -0.018055 0.135892 0.990559 0.000000 0.000000 0.000000 0.000000 1.000000
0.999604 0.023562 0.015388 0.000000 -0.021617 0.992990 -0.116202 0.081400 -0.018018 0.115823 0.993106 0.000000 0.000000 0.000000 0.000000 1.000000
0.999678 0.019808 0.015886 0.000000 -0.018186 0.995170 -0.096472 0.081400 -0.017720 0.096152 0.995209 0.000000 0.000000 0.000000 0.000000 1.000000
0.999741 0.015720 0.016461 0.000000 -0.014409 0.996930 -0.076963 0.081400 -0.017620 0.076706 0.996898 0.000000 0.000000 0.000000 0.000000 1.000000
0.999788 0.011227 0.017244 0.000000 -0.010167 0.998125 -0.060365 0.081400 -0.017889 0.060177 0.998027 0.000000 0.000000 0.000000 0.000000 1.000000
0.999756 0.011479 0.018852 0.000000 -0.010442 0.998475 -0.054214 0.081400 -0.019446 0.054004 0.998351 0.000000 0.000000 0.000000 0.000000 1.000000
0.999706 0.013956 0.019839 0.000000 -0.012958 0.998686 -0.049586 0.081400 -0.020505 0.049314 0.998573 -0.000000 0.000000 0.000000 0.000000 1.000000
0.999680 0.015920 0.019680 0.000000 -0.015083 0.999006 -0.041957 0.081400 -0.020328 0.041647 0.998926 0.000000 0.000000 0.000000 0.000000 1.000000
0.999723 0.013875 0.019007 -0.000000 -0.013141 0.999185 -0.038166 0.081400 -0.019521 0.037905 0.999091 0.000000 0.000000 0.000000 0.000000 1.000000</float_array>
        <technique_common>
          <accessor source="#mixamorig_Spine1-Matrix-animation-output-transform-array" count="32" stride="16">
            <param type="float4x4"/>
          </accessor>
        </technique_common>
      </source>
      <source id="mixamorig_Spine1-Interpolations">
        <Name_array id="mixamorig_Spine1-Interpolations-array" count="32">
 LINEAR LINEAR LINEAR LINEAR LINEAR LINEAR LINEAR LINEAR LINEAR LINEAR LINEAR
LINEAR LINEAR LINEAR LINEAR LINEAR LINEAR LINEAR LINEAR LINEAR LINEAR LINEAR LINEAR
LINEAR LINEAR LINEAR LINEAR LINEAR LINEAR LINEAR LINEAR LINEAR</Name_array>
        <technique_common>
          <accessor source="#mixamorig_Spine1-Interpolations-array" count="32">
            <param type="name"/>
          </accessor>
        </technique_common>
      </source>
      <sampler id="mixamorig_Spine1-Matrix-animation-transform">
        <input semantic="INPUT" source="#mixamorig_Spine1-Matrix-animation-input"/>
        <input semantic="OUTPUT" source="#mixamorig_Spine1-Matrix-animation-output-transform"/>
        <input semantic="INTERPOLATION" source="#mixamorig_Spine1-Interpolations"/>
      </sampler>
      <channel source="#mixamorig_Spine1-Matrix-animation-transform" target="mixamorig_Spine1/matrix"/>
      <source id="mixamorig_Spine2-Matrix-animation-input">
        <float_array id="mixamorig_Spine2-Matrix-animation-input-array" count="32">

0.000000 0.033333 0.066667 0.100000 0.133333 0.166667 0.200000 0.233333 0.266667 0.300000 0.333333 0.366667 0.400000 0.433333 0.466667 0.500000
0.533333 0.566667 0.600000 0.633333 0.666667 0.700000 0.733333 0.766667 0.800000 0.833333 0.866667 0.900000 0.933333 0.966667 1.000000 1.033333</float_array>
        <technique_common>
          <accessor source="#mixamorig_Spine2-Matrix-animation-input-array" count="32">
            <param name="TIME" type="float"/>
          </accessor>
        </technique_common>
      </source>
      <source id="mixamorig_Spine2-Matrix-animation-output-transform">
        <float_array id="mixamorig_Spine2-Matrix-animation-output-transform-array" count="512">

0.999732 0.013431 0.018848 -0.000000 -0.012699 0.999181 -0.038418 0.093100 -0.019348 0.038168 0.999084 0.000000 0.000000 0.000000 0.000000 1.000000
0.999731 0.013437 0.018909 0.000000 -0.012691 0.999156 -0.039061 0.093100 -0.019418 0.038810 0.999058 0.000000 0.000000 0.000000 0.000000 1.000000
0.999660 0.017452 0.019376 0.000000 -0.016532 0.998775 -0.046648 0.093100 -0.020166 0.046311 0.998723 0.000000 0.000000 0.000000 0.000000 1.000000
0.999470 0.025298 0.020468 -0.000000 -0.024112 0.998125 -0.056258 0.093100 -0.021853 0.055735 0.998206 0.000000 0.000000 0.000000 0.000000 1.000000
0.999375 0.027482 0.022220 -0.000000 -0.025722 0.996780 -0.075952 0.093100 -0.024235 0.075333 0.996864 0.000000 0.000000 0.000000 0.000000 1.000000
0.999319 0.027033 0.025128 0.000000 -0.024327 0.994451 -0.102353 0.093100 -0.027756 0.101672 0.994431 0.000000 0.000000 0.000000 0.000000 1.000000
0.999354 0.024813 0.025983 0.000000 -0.021479 0.992351 -0.121563 0.093100 -0.028800 0.120926 0.992244 -0.000000 0.000000 0.000000 0.000000 1.000000
0.999371 0.027371 0.022549 0.000000 -0.024015 0.990194 -0.137619 0.093100 -0.026095 0.136991 0.990229 -0.000000 0.000000 0.000000 0.000000 1.000000
0.999611 0.021548 0.017733 0.000000 -0.018305 0.985926 -0.166180 0.093100 -0.021064 0.165790 0.985936 -0.000000 0.000000 0.000000 0.000000 1.000000
0.999919 0.001124 0.012700 0.000000 0.001319 0.981639 -0.190743 0.093100 -0.012681 0.190744 0.981558 0.000000 0.000000 0.000000 0.000000 1.000000
0.999939 -0.010615 0.003079 0.000000 0.011022 0.978416 -0.206350 0.093100 -0.000822 0.206371 0.978473 0.000000 0.000000 0.000000 0.000000 1.000000
0.999934 -0.007678 -0.008592 0.000000 0.005511 0.973505 -0.228600 0.093100 0.010119 0.228538 0.973482 0.000000 0.000000 0.000000 0.000000 1.000000
0.999939 0.003904 -0.010285 -0.000000 -0.006203 0.972196 -0.234088 0.093100 0.009086 0.234138 0.972161 -0.000000 0.000000 0.000000 0.000000 1.000000
0.999852 0.013762 -0.010324 0.000000 -0.015797 0.972074 -0.234141 0.093100 0.006814 0.234270 0.972148 -0.000000 0.000000 0.000000 0.000000 1.000000
0.999816 0.016997 -0.008918 0.000000 -0.018567 0.974232 -0.224783 0.093100 0.004868 0.224907 0.974368 0.000000 0.000000 0.000000 0.000000 1.000000
0.999918 0.012653 -0.001963 0.000000 -0.012773 0.975041 -0.221657 0.093100 -0.000890 0.221664 0.975123 0.000000 0.000000 0.000000 0.000000 1.000000
0.999928 0.011770 0.002318 0.000000 -0.011014 0.977334 -0.211415 0.093100 -0.004754 0.211374 0.977394 0.000000 0.000000 0.000000 0.000000 1.000000
0.999932 0.010460 0.005157 0.000000 -0.009209 0.979512 -0.201177 0.093100 -0.007156 0.201116 0.979541 -0.000000 0.000000 0.000000 0.000000 1.000000
0.999901 0.012290 0.006813 0.000000 -0.010781 0.981912 -0.189033 0.093100 -0.009013 0.188940 0.981947 0.000000 0.000000 0.000000 0.000000 1.000000
0.999832 0.016561 0.007881 0.000000 -0.014918 0.984294 -0.175904 0.093100 -0.010670 0.175757 0.984376 0.000000 0.000000 0.000000 0.000000 1.000000
0.999729 0.021657 0.008545 -0.000000 -0.019951 0.986096 -0.164976 0.093100 -0.011999 0.164761 0.986261 0.000000 0.000000 0.000000 0.000000 1.000000
0.999671 0.023297 0.010688 -0.000000 -0.021304 0.987062 -0.158918 0.093100 -0.014252 0.158638 0.987234 0.000000 0.000000 0.000000 0.000000 1.000000
0.999614 0.024739 0.012674 0.000000 -0.022557 0.988393 -0.150234 0.093100 -0.016244 0.149890 0.988569 0.000000 0.000000 0.000000 0.000000 1.000000
0.999571 0.025983 0.013507 0.000000 -0.023899 0.990354 -0.136485 0.093100 -0.016923 0.136104 0.990550 0.000000 0.000000 0.000000 0.000000 1.000000
0.999634 0.022854 0.014464 -0.000000 -0.021018 0.992985 -0.116358 0.093100 -0.017022 0.116012 0.993102 -0.000000 0.000000 0.000000 0.000000 1.000000
0.999701 0.019203 0.015138 -0.000000 -0.017653 0.995167 -0.096595 0.093100 -0.016920 0.096299 0.995209 0.000000 0.000000 0.000000 0.000000 1.000000
0.999760 0.015196 0.015785 0.000000 -0.013936 0.996930 -0.077054 0.093100 -0.016907 0.076815 0.996902 0.000000 0.000000 0.000000 0.000000 1.000000
0.999801 0.010779 0.016781 0.000000 -0.009746 0.998124 -0.060444 0.093100 -0.017401 0.060268 0.998031 -0.000000 0.000000 0.000000 0.000000 1.000000
0.999767 0.011023 0.018578 0.000000 -0.009998 0.998469 -0.054404 0.093100 -0.019149 0.054206 0.998346 0.000000 0.000000 0.000000 0.000000 1.000000
0.999716 0.013483 0.019652 0.000000 -0.012489 0.998677 -0.049886 0.093100 -0.020299 0.049626 0.998562 -0.000000 0.000000 0.000000 0.000000 1.000000
0.999690 0.015519 0.019489 -0.000000 -0.014684 0.998998 -0.042273 0.093100 -0.020126 0.041974 0.998916 0.000000 0.000000 0.000000 0.000000 1.000000
0.999731 0.013517 0.018840 0.000000 -0.012785 0.999180 -0.038422 0.093100 -0.019344 0.038171 0.999084 0.000000 0.000000 0.000000 0.000000 1.000000</float_array>
        <technique_common>
          <accessor source="#mixamorig_Spine2-Matrix-animation-output-transform-array" count="32" stride="16">
            <param type="float4x4"/>
          </accessor>
        </technique_common>
      </source>
      <source id="mixamorig_Spine2-Interpolations">
        <Name_array id="mixamorig_Spine2-Interpolations-array" count="32">
 LINEAR LINEAR LINEAR LINEAR LINEAR LINEAR LINEAR LINEAR LINEAR LINEAR LINEAR
LINEAR LINEAR LINEAR LINEAR LINEAR LINEAR LINEAR LINEAR LINEAR LINEAR LINEAR LINEAR
LINEAR LINEAR LINEAR LINEAR LINEAR LINEAR LINEAR LINEAR LINEAR</Name_array>
        <technique_common>
          <accessor source="#mixamorig_Spine2-Interpolations-array" count="32">
            <param type="name"/>
          </accessor>
        </technique_common>
      </source>
      <sampler id="mixamorig_Spine2-Matrix-animation-transform">
        <input semantic="INPUT" source="#mixamorig_Spine2-Matrix-animation-input"/>
        <input semantic="OUTPUT" source="#mixamorig_Spine2-Matrix-animation-output-transform"/>
        <input semantic="INTERPOLATION" source="#mixamorig_Spine2-Interpolations"/>
      </sampler>
      <channel source="#mixamorig_Spine2-Matrix-animation-transform" target="mixamorig_Spine2/matrix"/>
      <source id="mixamorig_Neck-Matrix-animation-input">
        <float_array id="mixamorig_Neck-Matrix-animation-input-array" count="32">

0.000000 0.033333 0.066667 0.100000 0.133333 0.166667 0.200000 0.233333 0.266667 0.300000 0.333333 0.366667 0.400000 0.433333 0.466667 0.500000
0.533333 0.566667 0.600000 0.633333 0.666667 0.700000 0.733333 0.766667 0.800000 0.833333 0.866667 0.900000 0.933333 0.966667 1.000000 1.033333</float_array>
        <technique_common>
          <accessor source="#mixamorig_Neck-Matrix-animation-input-array" count="32">
            <param name="TIME" type="float"/>
          </accessor>
        </technique_common>
      </source>
      <source id="mixamorig_Neck-Matrix-animation-output-transform">
        <float_array id="mixamorig_Neck-Matrix-animation-output-transform-array" count="512">

0.970436 0.003225 0.241335 0.000000 0.105231 0.894213 -0.435098 0.104700 -0.217208 0.447631 0.867437 0.000000 0.000000 0.000000 0.000000 1.000000
0.970796 0.000195 0.239908 -0.000000 0.106772 0.895153 -0.432782 0.104700 -0.214838 0.445759 0.868990 0.000000 0.000000 0.000000 0.000000 1.000000
0.970914 -0.005065 0.239377 0.000000 0.111552 0.894205 -0.433536 0.104700 -0.211856 0.447629 0.868761 0.000000 0.000000 0.000000 0.000000 1.000000
0.970730 -0.012656 0.239842 -0.000000 0.118969 0.892829 -0.434399 0.104700 -0.208640 0.450218 0.868201 0.000000 0.000000 0.000000 0.000000 1.000000
0.970558 -0.014766 0.240414 0.000000 0.120876 0.893196 -0.433117 0.104700 -0.208342 0.449426 0.868683 0.000000 0.000000 0.000000 0.000000 1.000000
0.970296 -0.017550 0.241284 0.000000 0.124175 0.892086 -0.434468 0.104700 -0.207621 0.451524 0.867767 0.000000 0.000000 0.000000 0.000000 1.000000
0.969403 -0.017042 0.244884 0.000000 0.128447 0.885335 -0.446859 0.104700 -0.209189 0.464641 0.860435 0.000000 0.000000 0.000000 0.000000 1.000000
0.965502 -0.021431 0.259513 0.000000 0.138355 0.886515 -0.441530 0.104700 -0.220599 0.462203 0.858897 0.000000 0.000000 0.000000 0.000000 1.000000
0.956553 -0.015794 0.291130 0.000000 0.145622 0.890946 -0.430128 0.104700 -0.252588 0.453835 0.854537 -0.000000 0.000000 0.000000 0.000000 1.000000
0.953788 0.032458 0.298724 0.000000 0.106933 0.892402 -0.438387 0.104700 -0.280811 0.450072 0.847691 0.000000 0.000000 0.000000 0.000000 1.000000
0.945922 0.068844 0.317003 0.000000 0.077046 0.901578 -0.425700 0.104700 -0.315110 0.427103 0.847519 -0.000000 0.000000 0.000000 0.000000 1.000000
0.933964 0.091792 0.345377 0.000000 0.051551 0.921736 -0.384376 0.104700 -0.353629 0.376798 0.856137 0.000000 0.000000 0.000000 0.000000 1.000000
0.928181 0.092480 0.360455 0.000000 0.042832 0.935641 -0.350346 0.104700 -0.369656 0.340623 0.864483 0.000000 0.000000 0.000000 0.000000 1.000000
0.927052 0.061392 0.369874 0.000000 0.064906 0.945331 -0.319587 0.104700 -0.369273 0.320280 0.872386 -0.000000 0.000000 0.000000 0.000000 1.000000
0.925178 0.042771 0.377116 0.000000 0.087551 0.942779 -0.321717 0.104700 -0.369297 0.330663 0.868494 0.000000 0.000000 0.000000 0.000000 1.000000
0.923407 0.046553 0.380989 0.000000 0.088649 0.939912 -0.329707 0.104700 -0.373445 0.338228 0.863794 -0.000000 0.000000 0.000000 0.000000 1.000000
0.924340 0.041992 0.379253 -0.000000 0.091725 0.940327 -0.327676 0.104700 -0.370382 0.337671 0.865330 -0.000000 0.000000 0.000000 0.000000 1.000000
0.927656 0.037239 0.371575 0.000000 0.093324 0.940326 -0.327228 0.104700 -0.361587 0.338232 0.868823 0.000000 0.000000 0.000000 0.000000 1.000000
0.931851 0.032782 0.361357 0.000000 0.096210 0.937938 -0.333190 0.104700 -0.349853 0.345250 0.870865 -0.000000 0.000000 0.000000 0.000000 1.000000
0.936994 0.028388 0.348191 0.000000 0.099637 0.933580 -0.344241 0.104700 -0.334836 0.357244 0.871930 0.000000 0.000000 0.000000 0.000000 1.000000
0.942570 0.029916 0.332667 0.000000 0.097958 0.927425 -0.360953 0.104700 -0.319322 0.372810 0.871232 0.000000 0.000000 0.000000 0.000000 1.000000
0.948145 0.037264 0.315646 0.000000 0.090761 0.920009 -0.381242 0.104700 -0.304604 0.390121 0.868920 0.000000 0.000000 0.000000 0.000000 1.000000
0.953430 0.043309 0.298489 0.000000 0.083183 0.913499 -0.398246 0.104700 -0.289918 0.404529 0.867355 -0.000000 0.000000 0.000000 0.000000 1.000000
0.957302 0.048354 0.285017 0.000000 0.075413 0.910006 -0.407678 0.104700 -0.279081 0.411765 0.867504 0.000000 0.000000 0.000000 0.000000 1.000000
0.961676 0.045641 0.270364 0.000000 0.074033 0.906202 -0.416314 0.104700 -0.264005 0.420375 0.868093 0.000000 0.000000 0.000000 0.000000 1.000000
0.966268 0.041064 0.254244 0.000000 0.073809 0.901639 -0.426146 0.104700 -0.246735 0.430536 0.868194 0.000000 0.000000 0.000000 0.000000 1.000000
0.969426 0.035351 0.242826 -0.000000 0.075983 0.897687 -0.434033 0.104700 -0.233325 0.439214 0.867554 0.000000 0.000000 0.000000 0.000000 1.000000
0.971274 0.029985 0.236069 0.000000 0.079228 0.894685 -0.439615 0.104700 -0.224389 0.445689 0.866609 0.000000 0.000000 0.000000 0.000000 1.000000
0.971797 0.022876 0.234708 0.000000 0.085631 0.893117 -0.441598 0.104700 -0.219723 0.449242 0.865969 -0.000000 0.000000 0.000000 0.000000 1.000000
0.971373 0.016243 0.237002 -0.000000 0.093090 0.891843 -0.442663 0.104700 -0.218559 0.452054 0.864800 0.000000 0.000000 0.000000 0.000000 1.000000
