<?xml version="1.0" encoding="utf-8"?>
<COLLADA xmlns="http://www.collada.org/2005/11/COLLADASchema" version="1.4.1">
  <asset>
    <contributor>
      <author>Mixamo</author>
      <authoring_tool>COLLADA Mixamo exporter</authoring_tool>
      <comments/>
    </contributor>
    <created>2024-05-10T12:22:44Z</created>
    <modified>2024-05-10T12:22:44Z</modified>
    <revision/>
    <title/>
    <unit meter="0.010000"/>
    <up_axis>Y_UP</up_axis>
  </asset>
  <library_animations>
    <animation>
      <source id="Armature.001-Matrix-animation-input">
        <float_array id="Armature.001-Matrix-animation-input-array" count="51">

0.000000 0.033333 0.066667 0.100000 0.133333 0.166667 0.200000 0.233333 0.266667 0.300000 0.333333 0.366667 0.400000 0.433333 0.466667 0.500000
0.533333 0.566667 0.600000 0.633333 0.666667 0.700000 0.733333 0.766667 0.800000 0.833333 0.866667 0.900000 0.933333 0.966667 1.000000 1.033333
1.066667 1.100000 1.133333 1.166667 1.200000 1.233333 1.266667 1.300000 1.333333 1.366667 1.400000 1.433333 1.466667 1.500000 1.533333 1.566667
1.600000 1.633333 1.666667</float_array>
        <technique_common>
          <accessor source="#Armature.001-Matrix-animation-input-array" count="51">
            <param name="TIME" type="float"/>
          </accessor>
        </technique_common>
      </source>
      <source id="Armature.001-Matrix-animation-output-transform">
        <float_array id="Armature.001-Matrix-animation-output-transform-array" count="816">

100.000000 0.000000 0.000000 0.000000 0.000000 0.000000 100.000000 0.000000 0.000000 -100.000000 0.000000 0.000000 0.000000 0.000000 0.000000 1.000000
100.000000 0.000000 0.000000 0.000000 0.000000 0.000000 100.000000 0.000000 0.000000 -100.000000 0.000000 0.000000 0.000000 0.000000 0.000000 1.000000
100.000000 0.000000 0.000000 0.000000 0.000000 0.000000 100.000000 0.000000 0.000000 -100.000000 0.000000 0.000000 0.000000 0.000000 0.000000 1.000000
100.000000 0.000000 0.000000 0.000000 0.000000 0.000000 100.000000 0.000000 0.000000 -100.000000 0.000000 0.000000 0.000000 0.000000 0.000000 1.000000
100.000000 0.000000 0.000000 0.000000 0.000000 0.000000 100.000000 0.000000 0.000000 -100.000000 0.000000 0.000000 0.000000 0.000000 0.000000 1.000000
100.000000 0.000000 0.000000 0.000000 0.000000 0.000000 100.000000 0.000000 0.000000 -100.000000 0.000000 0.000000 0.000000 0.000000 0.000000 1.000000
100.000000 0.000000 0.000000 0.000000 0.000000 0.000000 100.000000 0.000000 0.000000 -100.000000 0.000000 0.000000 0.000000 0.000000 0.000000 1.000000
100.000000 0.000000 0.000000 0.000000 0.000000 0.000000 100.000000 0.000000 0.000000 -100.000000 0.000000 0.000000 0.000000 0.000000 0.000000 1.000000
100.000000 0.000000 0.000000 0.000000 0.000000 0.000000 100.000000 0.000000 0.000000 -100.000000 0.000000 0.000000 0.000000 0.000000 0.000000 1.000000
100.000000 0.000000 0.000000 0.000000 0.000000 0.000000 100.000000 0.000000 0.000000 -100.000000 0.000000 0.000000 0.000000 0.000000 0.000000 1.000000
100.000000 0.000000 0.000000 0.000000 0.000000 0.000000 100.000000 0.000000 0.000000 -100.000000 0.000000 0.000000 0.000000 0.000000 0.000000 1.000000
100.000000 0.000000 0.000000 0.000000 0.000000 0.000000 100.000000 0.000000 0.000000 -100.000000 0.000000 0.000000 0.000000 0.000000 0.000000 1.000000
100.000000 0.000000 0.000000 0.000000 0.000000 0.000000 100.000000 0.000000 0.000000 -100.000000 0.000000 0.000000 0.000000 0.000000 0.000000 1.000000
100.000000 0.000000 0.000000 0.000000 0.000000 0.000000 100.000000 0.000000 0.000000 -100.000000 0.000000 0.000000 0.000000 0.000000 0.000000 1.000000
100.000000 0.000000 0.000000 0.000000 0.000000 0.000000 100.000000 0.000000 0.000000 -100.000000 0.000000 0.000000 0.000000 0.000000 0.000000 1.000000
100.000000 0.000000 0.000000 0.000000 0.000000 0.000000 100.000000 0.000000 0.000000 -100.000000 0.000000 0.000000 0.000000 0.000000 0.000000 1.000000
100.000000 0.000000 0.000000 0.000000 0.000000 0.000000 100.000000 0.000000 0.000000 -100.000000 0.000000 0.000000 0.000000 0.000000 0.000000 1.000000
100.000000 0.000000 0.000000 0.000000 0.000000 0.000000 100.000000 0.000000 0.000000 -100.000000 0.000000 0.000000 0.000000 0.000000 0.000000 1.000000
100.000000 0.000000 0.000000 0.000000 0.000000 0.000000 100.000000 0.000000 0.000000 -100.000000 0.000000 0.000000 0.000000 0.000000 0.000000 1.000000
100.000000 0.000000 0.000000 0.000000 0.000000 0.000000 100.000000 0.000000 0.000000 -100.000000 0.000000 0.000000 0.000000 0.000000 0.000000 1.000000
100.000000 0.000000 0.000000 0.000000 0.000000 0.000000 100.000000 0.000000 0.000000 -100.000000 0.000000 0.000000 0.000000 0.000000 0.000000 1.000000
100.000000 0.000000 0.000000 0.000000 0.000000 0.000000 100.000000 0.000000 0.000000 -100.000000 0.000000 0.000000 0.000000 0.000000 0.000000 1.000000
100.000000 0.000000 0.000000 0.000000 0.000000 0.000000 100.000000 0.000000 0.000000 -100.000000 0.000000 0.000000 0.000000 0.000000 0.000000 1.000000
100.000000 0.000000 0.000000 0.000000 0.000000 0.000000 100.000000 0.000000 0.000000 -100.000000 0.000000 0.000000 0.000000 0.000000 0.000000 1.000000
100.000000 0.000000 0.000000 0.000000 0.000000 0.000000 100.000000 0.000000 0.000000 -100.000000 0.000000 0.000000 0.000000 0.000000 0.000000 1.000000
100.000000 0.000000 0.000000 0.000000 0.000000 0.000000 100.000000 0.000000 0.000000 -100.000000 0.000000 0.000000 0.000000 0.000000 0.000000 1.000000
100.000000 0.000000 0.000000 0.000000 0.000000 0.000000 100.000000 0.000000 0.000000 -100.000000 0.000000 0.000000 0.000000 0.000000 0.000000 1.000000
100.000000 0.000000 0.000000 0.000000 0.000000 0.000000 100.000000 0.000000 0.000000 -100.000000 0.000000 0.000000 0.000000 0.000000 0.000000 1.000000
100.000000 0.000000 0.000000 0.000000 0.000000 0.000000 100.000000 0.000000 0.000000 -100.000000 0.000000 0.000000 0.000000 0.000000 0.000000 1.000000
100.000000 0.000000 0.000000 0.000000 0.000000 0.000000 100.000000 0.000000 0.000000 -100.000000 0.000000 0.000000 0.000000 0.000000 0.000000 1.000000
100.000000 0.000000 0.000000 0.000000 0.000000 0.000000 100.000000 0.000000 0.000000 -100.000000 0.000000 0.000000 0.000000 0.000000 0.000000 1.000000
100.000000 0.000000 0.000000 0.000000 0.000000 0.000000 100.000000 0.000000 0.000000 -100.000000 0.000000 0.000000 0.000000 0.000000 0.000000 1.000000
100.000000 0.000000 0.000000 0.000000 0.000000 0.000000 100.000000 0.000000 0.000000 -100.000000 0.000000 0.000000 0.000000 0.000000 0.000000 1.000000
100.000000 0.000000 0.000000 0.000000 0.000000 0.000000 100.000000 0.000000 0.000000 -100.000000 0.000000 0.000000 0.000000 0.000000 0.000000 1.000000
100.000000 0.000000 0.000000 0.000000 0.000000 0.000000 100.000000 0.000000 0.000000 -100.000000 0.000000 0.000000 0.000000 0.000000 0.000000 1.000000
100.000000 0.000000 0.000000 0.000000 0.000000 0.000000 100.000000 0.000000 0.000000 -100.000000 0.000000 0.000000 0.000000 0.000000 0.000000 1.000000
100.000000 0.000000 0.000000 0.000000 0.000000 0.000000 100.000000 0.000000 0.000000 -100.000000 0.000000 0.000000 0.000000 0.000000 0.000000 1.000000
100.000000 0.000000 0.000000 0.000000 0.000000 0.000000 100.000000 0.000000 0.000000 -100.000000 0.000000 0.000000 0.000000 0.000000 0.000000 1.000000
100.000000 0.000000 0.000000 0.000000 0.000000 0.000000 100.000000 0.000000 0.000000 -100.000000 0.000000 0.000000 0.000000 0.000000 0.000000 1.000000
100.000000 0.000000 0.000000 0.000000 0.000000 0.000000 100.000000 0.000000 0.000000 -100.000000 0.000000 0.000000 0.000000 0.000000 0.000000 1.000000
100.000000 0.000000 0.000000 0.000000 0.000000 0.000000 100.000000 0.000000 0.000000 -100.000000 0.000000 0.000000 0.000000 0.000000 0.000000 1.000000
100.000000 0.000000 0.000000 0.000000 0.000000 0.000000 100.000000 0.000000 0.000000 -100.000000 0.000000 0.000000 0.000000 0.000000 0.000000 1.000000
100.000000 0.000000 0.000000 0.000000 0.000000 0.000000 100.000000 0.000000 0.000000 -100.000000 0.000000 0.000000 0.000000 0.000000 0.000000 1.000000
100.000000 0.000000 0.000000 0.000000 0.000000 0.000000 100.000000 0.000000 0.000000 -100.000000 0.000000 0.000000 0.000000 0.000000 0.000000 1.000000
100.000000 0.000000 0.000000 0.000000 0.000000 0.000000 100.000000 0.000000 0.000000 -100.000000 0.000000 0.000000 0.000000 0.000000 0.000000 1.000000
100.000000 0.000000 0.000000 0.000000 0.000000 0.000000 100.000000 0.000000 0.000000 -100.000000 0.000000 0.000000 0.000000 0.000000 0.000000 1.000000
100.000000 0.000000 0.000000 0.000000 0.000000 0.000000 100.000000 0.000000 0.000000 -100.000000 0.000000 0.000000 0.000000 0.000000 0.000000 1.000000
100.000000 0.000000 0.000000 0.000000 0.000000 0.000000 100.000000 0.000000 0.000000 -100.000000 0.000000 0.000000 0.000000 0.000000 0.000000 1.000000
100.000000 0.000000 0.000000 0.000000 0.000000 0.000000 100.000000 0.000000 0.000000 -100.000000 0.000000 0.000000 0.000000 0.000000 0.000000 1.000000
100.000000 0.000000 0.000000 0.000000 0.000000 0.000000 100.000000 0.000000 0.000000 -100.000000 0.000000 0.000000 0.000000 0.000000 0.000000 1.000000
100.000000 0.000000 0.000000 0.000000 0.000000 0.000000 100.000000 0.000000 0.000000 -100.000000 0.000000 0.000000 0.000000 0.000000 0.000000 1.000000</float_array>
        <technique_common>
          <accessor source="#Armature.001-Matrix-animation-output-transform-array" count="51" stride="16">
            <param type="float4x4"/>
          </accessor>
        </technique_common>
      </source>
      <source id="Armature.001-Interpolations">
        <Name_array id="Armature.001-Interpolations-array" count="51">
 LINEAR LINEAR LINEAR LINEAR LINEAR LINEAR LINEAR LINEAR LINEAR LINEAR LINEAR
LINEAR LINEAR LINEAR LINEAR LINEAR LINEAR LINEAR LINEAR LINEAR LINEAR LINEAR LINEAR
LINEAR LINEAR LINEAR LINEAR LINEAR LINEAR LINEAR LINEAR LINEAR LINEAR LINEAR LINEAR
LINEAR LINEAR LINEAR LINEAR LINEAR LINEAR LINEAR LINEAR LINEAR LINEAR LINEAR LINEAR
LINEAR LINEAR LINEAR LINEAR</Name_array>
        <technique_common>
          <accessor source="#Armature.001-Interpolations-array" count="51">
            <param type="name"/>
          </accessor>
        </technique_common>
      </source>
      <sampler id="Armature.001-Matrix-animation-transform">
        <input semantic="INPUT" source="#Armature.001-Matrix-animation-input"/>
        <input semantic="OUTPUT" source="#Armature.001-Matrix-animation-output-transform"/>
        <input semantic="INTERPOLATION" source="#Armature.001-Interpolations"/>
      </sampler>
      <channel source="#Armature.001-Matrix-animation-transform" target="Armature.001/matrix"/>
      <source id="mixamorig_Hips-Matrix-animation-input">
        <float_array id="mixamorig_Hips-Matrix-animation-input-array" count="51">

0.000000 0.033333 0.066667 0.100000 0.133333 0.166667 0.200000 0.233333 0.266667 0.300000 0.333333 0.366667 0.400000 0.433333 0.466667 0.500000
0.533333 0.566667 0.600000 0.633333 0.666667 0.700000 0.733333 0.766667 0.800000 0.833333 0.866667 0.900000 0.933333 0.966667 1.000000 1.033333
1.066667 1.100000 1.133333 1.166667 1.200000 1.233333 1.266667 1.300000 1.333333 1.366667 1.400000 1.433333 1.466667 1.500000 1.533333 1.566667
1.600000 1.633333 1.666667</float_array>
        <technique_common>
          <accessor source="#mixamorig_Hips-Matrix-animation-input-array" count="51">
            <param name="TIME" type="float"/>
          </accessor>
        </technique_common>
      </source>
      <source id="mixamorig_Hips-Matrix-animation-output-transform">
        <float_array id="mixamorig_Hips-Matrix-animation-output-transform-array" count="816">

0.690791 0.000451 -0.723055 0.006427 -0.719909 0.093612 -0.687727 0.006908 0.067376 0.995609 0.064991 0.794401 0.000000 0.000000 0.000000 1.000000
0.700731 0.006426 -0.713397 0.002295 -0.709544 0.110444 -0.695952 0.007456 0.074318 0.993862 0.081951 0.797390 0.000000 0.000000 0.000000 1.000000
0.748439 0.021315 -0.662861 -0.008367 -0.658337 0.144733 -0.738678 0.004434 0.080193 0.989241 0.122357 0.800148 0.000000 0.000000 0.000000 1.000000
0.813051 0.038641 -0.580909 -0.025692 -0.575565 0.203478 -0.792036 -0.004409 0.087598 0.978317 0.187678 0.803686 0.000000 0.000000 0.000000 1.000000
0.864722 0.044279 -0.500294 -0.046013 -0.491967 0.275209 -0.825971 -0.019162 0.101113 0.960364 0.259763 0.808867 0.000000 0.000000 0.000000 1.000000
0.925265 0.018251 -0.378881 -0.072010 -0.362482 0.336837 -0.868992 -0.038342 0.111761 0.941386 0.318280 0.811319 0.000000 0.000000 0.000000 1.000000
0.984036 -0.046386 -0.171816 -0.104705 -0.143578 0.363523 -0.920454 -0.056397 0.105155 0.930430 0.351060 0.806444 0.000000 0.000000 0.000000 1.000000
0.994213 -0.102660 0.031649 -0.131538 0.065784 0.348882 -0.934855 -0.063818 0.084931 0.931527 0.353616 0.795886 0.000000 0.000000 0.000000 1.000000
0.980457 -0.119954 0.155930 -0.145136 0.186761 0.318404 -0.929375 -0.058519 0.061833 0.940335 0.334585 0.783054 0.000000 0.000000 0.000000 1.000000
0.964106 -0.124003 0.234781 -0.153212 0.261469 0.289603 -0.920741 -0.047136 0.046181 0.949080 0.311631 0.769804 0.000000 0.000000 0.000000 1.000000
0.945462 -0.130472 0.298460 -0.160992 0.323276 0.263528 -0.908871 -0.033374 0.039930 0.955788 0.291334 0.756240 0.000000 0.000000 0.000000 1.000000
0.931929 -0.134469 0.336789 -0.167289 0.360420 0.240805 -0.901172 -0.017115 0.040079 0.961213 0.272878 0.743449 0.000000 0.000000 0.000000 1.000000
0.926991 -0.133765 0.350421 -0.171937 0.372656 0.222324 -0.900944 0.000925 0.042608 0.965753 0.255940 0.732381 0.000000 0.000000 0.000000 1.000000
0.927834 -0.129042 0.349961 -0.175722 0.370197 0.203904 -0.906299 0.019451 0.045592 0.970449 0.236960 0.723436 0.000000 0.000000 0.000000 1.000000
0.931739 -0.119595 0.342869 -0.179178 0.360066 0.181917 -0.915019 0.037307 0.047058 0.976014 0.212561 0.716687 0.000000 0.000000 0.000000 1.000000
0.936996 -0.104972 0.333197 -0.183124 0.346540 0.158745 -0.924505 0.053715 0.044154 0.981723 0.185121 0.712203 0.000000 0.000000 0.000000 1.000000
0.942877 -0.085641 0.321945 -0.187746 0.331212 0.137127 -0.933539 0.068552 0.035801 0.986844 0.157659 0.710331 0.000000 0.000000 0.000000 1.000000
0.950081 -0.061851 0.305810 -0.191991 0.311157 0.115773 -0.943280 0.081884 0.022939 0.991348 0.129239 0.711013 0.000000 0.000000 0.000000 1.000000
0.960962 -0.033204 0.274682 -0.194597 0.276609 0.092577 -0.956513 0.094024 0.006331 0.995152 0.098148 0.713521 0.000000 0.000000 0.000000 1.000000
0.975637 -0.000679 0.219390 -0.194772 0.218958 0.065813 -0.973512 0.105661 -0.013778 0.997832 0.064358 0.717232 0.000000 0.000000 0.000000 1.000000
0.988969 0.031172 0.144803 -0.191954 0.143795 0.032455 -0.989075 0.117233 -0.035531 0.998987 0.027615 0.721900 0.000000 0.000000 0.000000 1.000000
0.996333 0.056077 0.064621 -0.185482 0.065256 -0.009575 -0.997823 0.128508 -0.055337 0.998381 -0.013200 0.726839 0.000000 0.000000 0.000000 1.000000
0.997545 0.068731 -0.013410 -0.174659 -0.009348 -0.059073 -0.998210 0.139111 -0.069400 0.995885 -0.058286 0.730923 0.000000 0.000000 0.000000 1.000000
0.993926 0.066422 -0.087748 -0.159155 -0.079977 -0.111766 -0.990511 0.148625 -0.075599 0.991512 -0.105775 0.733337 0.000000 0.000000 0.000000 1.000000
0.986097 0.050981 -0.158156 -0.139479 -0.148159 -0.161211 -0.975736 0.156328 -0.075241 0.985602 -0.151416 0.733927 0.000000 0.000000 0.000000 1.000000
0.973589 0.026318 -0.226785 -0.116881 -0.217058 -0.201245 -0.955189 0.161720 -0.070778 0.979187 -0.190218 0.733314 0.000000 0.000000 0.000000 1.000000
0.955367 -0.005036 -0.295379 -0.092611 -0.288634 -0.229014 -0.929647 0.164655 -0.062964 0.973410 -0.220246 0.732333 0.000000 0.000000 0.000000 1.000000
0.920303 -0.056556 -0.387097 -0.057318 -0.388390 -0.250606 -0.886764 0.164935 -0.046857 0.966436 -0.252599 0.730999 0.000000 0.000000 0.000000 1.000000
0.878453 -0.100798 -0.467076 -0.025049 -0.476485 -0.258027 -0.840466 0.161458 -0.035801 0.960865 -0.274694 0.730164 0.000000 0.000000 0.000000 1.000000
0.829859 -0.128517 -0.542970 0.001959 -0.556872 -0.251853 -0.791495 0.155412 -0.035028 0.959194 -0.280570 0.730840 0.000000 0.000000 0.000000 1.000000
0.778911 -0.144080 -0.610360 0.022495 -0.626187 -0.232182 -0.744300 0.148244 -0.034476 0.961942 -0.271070 0.733693 0.000000 0.000000 0.000000 1.000000
0.730561 -0.148021 -0.666611 0.036304 -0.682136 -0.202745 -0.702556 0.140625 -0.031159 0.967979 -0.249088 0.738728 0.000000 0.000000 0.000000 1.000000
0.682244 -0.141285 -0.717344 0.044185 -0.730655 -0.166915 -0.662029 0.133119 -0.026201 0.975796 -0.217107 0.745525 0.000000 0.000000 0.000000 1.000000
0.633768 -0.127742 -0.762902 0.047407 -0.773264 -0.130143 -0.620585 0.125775 -0.020011 0.983232 -0.181259 0.753725 0.000000 0.000000 0.000000 1.000000
0.592984 -0.106554 -0.798133 0.047191 -0.805161 -0.089808 -0.586216 0.118032 -0.009215 0.990243 -0.139048 0.762537 0.000000 0.000000 0.000000 1.000000
0.564084 -0.078898 -0.821939 0.044216 -0.825695 -0.046532 -0.562195 0.109543 0.006109 0.995796 -0.091394 0.770490 0.000000 0.000000 0.000000 1.000000
0.543295 -0.052466 -0.837901 0.039705 -0.839295 -0.009734 -0.543589 0.098956 0.020364 0.998575 -0.049323 0.777272 0.000000 0.000000 0.000000 1.000000
0.532321 -0.029860 -0.846015 0.034814 -0.845766 0.024040 -0.533013 0.086154 0.036254 0.999265 -0.012458 0.783559 0.000000 0.000000 0.000000 1.000000
0.531204 -0.012223 -0.847156 0.030303 -0.845682 0.053032 -0.531045 0.072147 0.051417 0.998518 0.017834 0.789527 0.000000 0.000000 0.000000 1.000000
0.533918 -0.001229 -0.845536 0.026660 -0.843260 0.072553 -0.532586 0.057729 0.062001 0.997364 0.037701 0.794803 0.000000 0.000000 0.000000 1.000000
0.535914 0.005124 -0.844257 0.023685 -0.841442 0.085067 -0.533610 0.043933 0.069084 0.996362 0.049900 0.798975 0.000000 0.000000 0.000000 1.000000
0.541552 0.008040 -0.840629 0.020956 -0.837358 0.093795 -0.538548 0.032046 0.074517 0.995559 0.057527 0.801941 0.000000 0.000000 0.000000 1.000000
0.555820 0.008921 -0.831255 0.018266 -0.827624 0.099908 -0.552319 0.022754 0.078121 0.994957 0.062914 0.804189 0.000000 0.000000 0.000000 1.000000
0.575598 0.009308 -0.817680 0.015448 -0.813758 0.104990 -0.571643 0.015799 0.080527 0.994430 0.068007 0.806456 0.000000 0.000000 0.000000 1.000000
0.595263 0.009043 -0.803480 0.012983 -0.799446 0.107362 -0.591066 0.011758 0.080919 0.994179 0.071138 0.807162 0.000000 0.000000 0.000000 1.000000
0.614017 0.008091 -0.789251 0.011130 -0.785310 0.106593 -0.609858 0.009910 0.079195 0.994270 0.071804 0.805851 0.000000 0.000000 0.000000 1.000000
0.632409 0.006781 -0.774605 0.009586 -0.770811 0.104739 -0.628395 0.008786 0.076870 0.994477 0.071465 0.803847 0.000000 0.000000 0.000000 1.000000
0.649696 0.005187 -0.760176 0.008369 -0.756546 0.102261 -0.645896 0.008087 0.074386 0.994744 0.070362 0.801500 0.000000 0.000000 0.000000 1.000000
0.665418 0.003565 -0.746462 0.007446 -0.742996 0.099537 -0.661853 0.007566 0.071941 0.995028 0.068882 0.799116 0.000000 0.000000 0.000000 1.000000
0.679485 0.002044 -0.733687 0.006758 -0.730374 0.096844 -0.676147 0.007119 0.069671 0.995297 0.067297 0.796895 0.000000 0.000000 0.000000 1.000000
0.690791 0.000452 -0.723055 0.006427 -0.719909 0.093611 -0.687727 0.006908 0.067376 0.995609 0.064991 0.794401 0.000000 0.000000 0.000000 1.000000</float_array>
        <technique_common>
          <accessor source="#mixamorig_Hips-Matrix-animation-output-transform-array" count="51" stride="16">
            <param type="float4x4"/>
          </accessor>
        </technique_common>
      </source>
      <source id="mixamorig_Hips-Interpolations">
        <Name_array id="mixamorig_Hips-Interpolations-array" count="51">
 LINEAR LINEAR LINEAR LINEAR LINEAR LINEAR LINEAR LINEAR LINEAR LINEAR LINEAR
LINEAR LINEAR LINEAR LINEAR LINEAR LINEAR LINEAR LINEAR LINEAR LINEAR LINEAR LINEAR
LINEAR LINEAR LINEAR LINEAR LINEAR LINEAR LINEAR LINEAR LINEAR LINEAR LINEAR LINEAR
LINEAR LINEAR LINEAR LINEAR LINEAR LINEAR LINEAR LINEAR LINEAR LINEAR LINEAR LINEAR
LINEAR LINEAR LINEAR LINEAR</Name_array>
        <technique_common>
          <accessor source="#mixamorig_Hips-Interpolations-array" count="51">
            <param type="name"/>
          </accessor>
        </technique_common>
      </source>
      <sampler id="mixamorig_Hips-Matrix-animation-transform">
        <input semantic="INPUT" source="#mixamorig_Hips-Matrix-animation-input"/>
        <input semantic="OUTPUT" source="#mixamorig_Hips-Matrix-animation-output-transform"/>
        <input semantic="INTERPOLATION" source="#mixamorig_Hips-Interpolations"/>
      </sampler>
      <channel source="#mixamorig_Hips-Matrix-animation-transform" target="mixamorig_Hips/matrix"/>
      <source id="mixamorig_Spine-Matrix-animation-input">
        <float_array id="mixamorig_Spine-Matrix-animation-input-array" count="51">

0.000000 0.033333 0.066667 0.100000 0.133333 0.166667 0.200000 0.233333 0.266667 0.300000 0.333333 0.366667 0.400000 0.433333 0.466667 0.500000
0.533333 0.566667 0.600000 0.633333 0.666667 0.700000 0.733333 0.766667 0.800000 0.833333 0.866667 0.900000 0.933333 0.966667 1.000000 1.033333
1.066667 1.100000 1.133333 1.166667 1.200000 1.233333 1.266667 1.300000 1.333333 1.366667 1.400000 1.433333 1.466667 1.500000 1.533333 1.566667
1.600000 1.633333 1.666667</float_array>
        <technique_common>
          <accessor source="#mixamorig_Spine-Matrix-animation-input-array" count="51">
            <param name="TIME" type="float"/>
          </accessor>
        </technique_common>
      </source>
      <source id="mixamorig_Spine-Matrix-animation-output-transform">
        <float_array id="mixamorig_Spine-Matrix-animation-output-transform-array" count="816">

0.991537 0.016945 0.128712 -0.000000 -0.010800 0.998775 -0.048289 0.069300 -0.129373 0.046490 0.990506 -0.008100 0.000000 0.000000 0.000000 1.000000
0.995738 0.016733 0.090693 0.000000 -0.013914 0.999403 -0.031625 0.069300 -0.091168 0.030229 0.995377 -0.008100 0.000000 0.000000 0.000000 1.000000
0.998697 0.011133 0.049805 0.000000 -0.010848 0.999923 -0.005972 0.069300 -0.049868 0.005424 0.998741 -0.008100 0.000000 0.000000 0.000000 1.000000
0.999730 -0.000968 0.023205 0.000000 0.000235 0.999501 0.031574 0.069300 -0.023224 -0.031560 0.999232 -0.008100 0.000000 0.000000 0.000000 1.000000
0.999367 -0.012950 0.033136 -0.000000 0.010215 0.996628 0.081419 0.069300 -0.034078 -0.081029 0.996129 -0.008100 0.000000 0.000000 0.000000 1.000000
0.994446 -0.005425 0.105113 -0.000000 -0.009981 0.989310 0.145487 0.069300 -0.104778 -0.145728 0.983761 -0.008100 0.000000 0.000000 0.000000 1.000000
0.975713 0.029961 0.216995 -0.000000 -0.076503 0.974834 0.209396 0.069300 -0.205261 -0.220911 0.953450 -0.008100 0.000000 0.000000 0.000000 1.000000
0.954903 0.071417 0.288201 0.000000 -0.144473 0.959748 0.240858 0.069300 -0.259399 -0.271633 0.926784 -0.008100 0.000000 0.000000 0.000000 1.000000
0.950519 0.100905 0.293824 -0.000000 -0.174006 0.956428 0.234451 0.069300 -0.257364 -0.273978 0.926661 -0.008100 0.000000 0.000000 0.000000 1.000000
0.950914 0.119478 0.285460 -0.000000 -0.184449 0.959523 0.212823 0.069300 -0.248478 -0.255029 0.934462 -0.008100 0.000000 0.000000 0.000000 1.000000
0.946476 0.130622 0.295162 0.000000 -0.191379 0.963479 0.187303 0.069300 -0.259917 -0.233766 0.936908 -0.008100 0.000000 0.000000 0.000000 1.000000
0.940466 0.135302 0.311796 0.000000 -0.190900 0.969262 0.155204 0.069300 -0.281212 -0.205486 0.937387 -0.008100 0.000000 0.000000 0.000000 1.000000
0.935087 0.135177 0.327627 0.000000 -0.182683 0.975978 0.118717 0.069300 -0.303709 -0.170863 0.937319 -0.008100 0.000000 0.000000 0.000000 1.000000
0.930364 0.132720 0.341772 0.000000 -0.171729 0.981349 0.086391 0.069300 -0.323932 -0.139067 0.935804 -0.008100 0.000000 0.000000 0.000000 1.000000
0.927280 0.129269 0.351343 0.000000 -0.160965 0.984984 0.062423 0.069300 -0.337998 -0.114437 0.934164 -0.008100 0.000000 0.000000 0.000000 1.000000
0.926701 0.124922 0.354429 0.000000 -0.149658 0.987796 0.043142 0.069300 -0.344714 -0.093023 0.934087 -0.008100 0.000000 0.000000 0.000000 1.000000
0.929522 0.120094 0.348663 -0.000000 -0.137127 0.990251 0.024491 0.069300 -0.342322 -0.070576 0.936928 -0.008100 0.000000 0.000000 0.000000 1.000000
0.935628 0.115335 0.333614 0.000000 -0.125069 0.992118 0.007768 0.069300 -0.330089 -0.048993 0.942678 -0.008100 0.000000 0.000000 0.000000 1.000000
0.941909 0.111786 0.316718 0.000000 -0.115918 0.993242 -0.005831 0.069300 -0.315230 -0.031222 0.948502 -0.008100 0.000000 0.000000 0.000000 1.000000
0.945852 0.111908 0.304699 -0.000000 -0.111191 0.993603 -0.019763 0.069300 -0.304961 -0.015187 0.952244 -0.008100 0.000000 0.000000 0.000000 1.000000
0.948877 0.117298 0.293043 0.000000 -0.111595 0.993096 -0.036164 0.069300 -0.295262 0.001613 0.955415 -0.008100 0.000000 0.000000 0.000000 1.000000
0.953095 0.126470 0.274983 0.000000 -0.116514 0.991810 -0.052315 0.069300 -0.279347 0.017822 0.960025 -0.008100 0.000000 0.000000 0.000000 1.000000
0.958172 0.136711 0.251430 -0.000000 -0.123923 0.990089 -0.066086 0.069300 -0.257973 0.032163 0.965617 -0.008100 0.000000 0.000000 0.000000 1.000000
0.963286 0.145852 0.225406 0.000000 -0.131245 0.988232 -0.078567 0.069300 -0.234212 0.046099 0.971092 -0.008100 0.000000 0.000000 0.000000 1.000000
0.968241 0.152207 0.198351 -0.000000 -0.136355 0.986440 -0.091346 0.069300 -0.209565 0.061398 0.975865 -0.008100 0.000000 0.000000 0.000000 1.000000
0.972315 0.156333 0.173677 0.000000 -0.139474 0.984596 -0.105440 0.069300 -0.187485 0.078298 0.979142 -0.008100 0.000000 0.000000 0.000000 1.000000
0.975008 0.160058 0.154078 0.000000 -0.142129 0.982407 -0.121143 0.069300 -0.170758 0.096217 0.980604 -0.008100 0.000000 0.000000 0.000000 1.000000
0.977993 0.163726 0.129321 0.000000 -0.144960 0.979018 -0.143213 0.069300 -0.150055 0.121315 0.981206 -0.008100 0.000000 0.000000 0.000000 1.000000
0.981484 0.159757 0.105675 0.000000 -0.141937 0.977054 -0.158809 0.069300 -0.128621 0.140869 0.981638 -0.008100 0.000000 0.000000 0.000000 1.000000
0.984598 0.151246 0.087702 0.000000 -0.134963 0.976392 -0.168653 0.069300 -0.111140 0.154219 0.981766 -0.008100 0.000000 0.000000 0.000000 1.000000
0.987359 0.142826 0.068724 -0.000000 -0.129103 0.976239 -0.174042 0.069300 -0.091949 0.162969 0.982337 -0.008100 0.000000 0.000000 0.000000 1.000000
0.989932 0.133497 0.047050 0.000000 -0.123468 0.976946 -0.174159 0.069300 -0.069215 0.166597 0.983593 -0.008100 0.000000 0.000000 0.000000 1.000000
0.991415 0.127062 0.030839 0.000000 -0.120164 0.978407 -0.168165 0.069300 -0.051540 0.163016 0.985276 -0.008100 0.000000 0.000000 0.000000 1.000000
0.992238 0.121703 0.025529 0.000000 -0.116293 0.980870 -0.156109 0.069300 -0.044039 0.151929 0.987410 -0.008100 0.000000 0.000000 0.000000 1.000000
0.993162 0.114733 0.021572 0.000000 -0.110440 0.983257 -0.144945 0.069300 -0.037841 0.141571 0.989205 -0.008100 0.000000 0.000000 0.000000 1.000000
0.994031 0.108165 0.014273 0.000000 -0.105246 0.985127 -0.135824 0.069300 -0.028752 0.133511 0.990630 -0.008100 0.000000 0.000000 0.000000 1.000000
0.995147 0.097513 0.013173 0.000000 -0.095166 0.987823 -0.123085 0.069300 -0.025015 0.121234 0.992309 -0.008100 0.000000 0.000000 0.000000 1.000000
0.996310 0.084509 0.014990 0.000000 -0.082350 0.990455 -0.110531 0.069300 -0.024188 0.108888 0.993760 -0.008100 0.000000 0.000000 0.000000 1.000000
0.997291 0.071450 0.017492 0.000000 -0.069386 0.992682 -0.098833 0.069300 -0.024425 0.097351 0.994950 -0.008100 0.000000 0.000000 0.000000 1.000000
0.997953 0.059110 0.024393 0.000000 -0.056819 0.994688 -0.085835 0.069300 -0.029337 0.084273 0.996011 -0.008100 0.000000 0.000000 0.000000 1.000000
0.998059 0.050468 0.036499 0.000000 -0.047703 0.996189 -0.073026 0.069300 -0.040046 0.071143 0.996662 -0.008100 0.000000 0.000000 0.000000 1.000000
0.997697 0.045204 0.050575 0.000000 -0.042065 0.997220 -0.061497 0.069300 -0.053215 0.059228 0.996825 -0.008100 0.000000 0.000000 0.000000 1.000000
0.997216 0.040333 0.062723 0.000000 -0.037066 0.997938 -0.052400 0.069300 -0.064707 0.049929 0.996654 -0.008100 0.000000 0.000000 0.000000 1.000000
0.996689 0.035776 0.073015 0.000000 -0.032441 0.998398 -0.046359 0.069300 -0.074556 0.043837 0.996253 -0.008100 0.000000 0.000000 0.000000 1.000000
0.996095 0.032229 0.082192 -0.000000 -0.028725 0.998642 -0.043465 0.069300 -0.083481 0.040934 0.995668 -0.008100 0.000000 0.000000 0.000000 1.000000
0.995463 0.029034 0.090609 0.000000 -0.025222 0.998759 -0.042934 0.069300 -0.091743 0.040454 0.994961 -0.008100 0.000000 0.000000 0.000000 1.000000
0.994779 0.026055 0.098667 0.000000 -0.021874 0.998826 -0.043217 0.069300 -0.099677 0.040833 0.994182 -0.008100 0.000000 0.000000 0.000000 1.000000
0.994023 0.023489 0.106615 0.000000 -0.018876 0.998850 -0.044077 0.069300 -0.107528 0.041801 0.993323 -0.008100 0.000000 0.000000 0.000000 1.000000
0.993217 0.021156 0.114331 0.000000 -0.016071 0.998848 -0.045213 0.069300 -0.115156 0.043069 0.992413 -0.008100 0.000000 0.000000 0.000000 1.000000
0.992384 0.018958 0.121716 -0.000000 -0.013392 0.998834 -0.046386 0.069300 -0.122454 0.044403 0.991480 -0.008100 0.000000 0.000000 0.000000 1.000000
0.991537 0.016945 0.128711 0.000000 -0.010800 0.998775 -0.048289 0.069300 -0.129372 0.046490 0.990506 -0.008100 0.000000 0.000000 0.000000 1.000000</float_array>
        <technique_common>
          <accessor source="#mixamorig_Spine-Matrix-animation-output-transform-array" count="51" stride="16">
            <param type="float4x4"/>
          </accessor>
        </technique_common>
      </source>
      <source id="mixamorig_Spine-Interpolations">
        <Name_array id="mixamorig_Spine-Interpolations-array" count="51">
 LINEAR LINEAR LINEAR LINEAR LINEAR LINEAR LINEAR LINEAR LINEAR LINEAR LINEAR
LINEAR LINEAR LINEAR LINEAR LINEAR LINEAR LINEAR LINEAR LINEAR LINEAR LINEAR LINEAR
LINEAR LINEAR LINEAR LINEAR LINEAR LINEAR LINEAR LINEAR LINEAR LINEAR LINEAR LINEAR
LINEAR LINEAR LINEAR LINEAR LINEAR LINEAR LINEAR LINEAR LINEAR LINEAR LINEAR LINEAR
LINEAR LINEAR LINEAR LINEAR</Name_array>
        <technique_common>
          <accessor source="#mixamorig_Spine-Interpolations-array" count="51">
            <param type="name"/>
          </accessor>
        </technique_common>
      </source>
      <sampler id="mixamorig_Spine-Matrix-animation-transform">
        <input semantic="INPUT" source="#mixamorig_Spine-Matrix-animation-input"/>
        <input semantic="OUTPUT" source="#mixamorig_Spine-Matrix-animation-output-transform"/>
        <input semantic="INTERPOLATION" source="#mixamorig_Spine-Interpolations"/>
      </sampler>
      <channel source="#mixamorig_Spine-Matrix-animation-transform" target="mixamorig_Spine/matrix"/>
      <source id="mixamorig_Spine1-Matrix-animation-input">
        <float_array id="mixamorig_Spine1-Matrix-animation-input-array" count="51">

0.000000 0.033333 0.066667 0.100000 0.133333 0.166667 0.200000 0.233333 0.266667 0.300000 0.333333 0.366667 0.400000 0.433333 0.466667 0.500000
0.533333 0.566667 0.600000 0.633333 0.666667 0.700000 0.733333 0.766667 0.800000 0.833333 0.866667 0.900000 0.933333 0.966667 1.000000 1.033333
1.066667 1.100000 1.133333 1.166667 1.200000 1.233333 1.266667 1.300000 1.333333 1.366667 1.400000 1.433333 1.466667 1.500000 1.533333 1.566667
1.600000 1.633333 1.666667</float_array>
        <technique_common>
          <accessor source="#mixamorig_Spine1-Matrix-animation-input-array" count="51">
            <param name="TIME" type="float"/>
          </accessor>
        </technique_common>
      </source>
      <source id="mixamorig_Spine1-Matrix-animation-output-transform">
        <float_array id="mixamorig_Spine1-Matrix-animation-output-transform-array" count="816">

0.999723 0.013875 0.019006 0.000000 -0.013141 0.999185 -0.038166 0.081400 -0.019520 0.037905 0.999091 -0.000000 0.000000 0.000000 0.000000 1.000000
0.999716 0.023009 0.006245 0.000000 -0.022579 0.997828 -0.061885 0.081400 -0.007655 0.061726 0.998064 0.000000 0.000000 0.000000 0.000000 1.000000
0.999515 0.030490 -0.006366 0.000000 -0.030922 0.995872 -0.085338 0.081400 0.003738 0.085494 0.996332 -0.000000 0.000000 0.000000 0.000000 1.000000
0.999386 0.034239 -0.007498 -0.000000 -0.034835 0.993946 -0.104205 0.081400 0.003885 0.104402 0.994528 -0.000000 0.000000 0.000000 0.000000 1.000000
0.999108 0.038660 0.016960 -0.000000 -0.036465 0.992720 -0.114789 0.081400 -0.021274 0.114068 0.993245 0.000000 0.000000 0.000000 0.000000 1.000000
0.994872 0.061806 0.080057 -0.000000 -0.052834 0.992559 -0.109708 0.081400 -0.086242 0.104916 0.990735 -0.000000 0.000000 0.000000 0.000000 1.000000
0.980555 0.109849 0.162622 0.000000 -0.095779 0.991143 -0.091992 0.081400 -0.171287 0.074628 0.982391 0.000000 0.000000 0.000000 0.000000 1.000000
0.965358 0.154497 0.210272 0.000000 -0.140094 0.986750 -0.081842 0.081400 -0.220130 0.049549 0.974211 0.000000 0.000000 0.000000 0.000000 1.000000
0.961829 0.175709 0.209789 0.000000 -0.160896 0.983231 -0.085841 0.081400 -0.221354 0.048810 0.973971 0.000000 0.000000 0.000000 0.000000 1.000000
0.961790 0.186419 0.200518 0.000000 -0.169632 0.980620 -0.098024 0.081400 -0.214906 0.060264 0.974774 -0.000000 0.000000 0.000000 0.000000 1.000000
0.959188 0.195483 0.204315 -0.000000 -0.175373 0.978057 -0.112465 0.081400 -0.221816 0.072044 0.972423 0.000000 0.000000 0.000000 0.000000 1.000000
0.955991 0.200956 0.213772 0.000000 -0.175045 0.975384 -0.134109 0.081400 -0.235460 0.090787 0.967634 -0.000000 0.000000 0.000000 0.000000 1.000000
0.953633 0.201182 0.223851 0.000000 -0.166899 0.972418 -0.162934 0.081400 -0.250456 0.118019 0.960907 0.000000 0.000000 0.000000 0.000000 1.000000
0.951981 0.197934 0.233571 0.000000 -0.154753 0.969368 -0.190728 0.081400 -0.264168 0.145424 0.953450 0.000000 0.000000 0.000000 0.000000 1.000000
0.951153 0.193656 0.240426 0.000000 -0.143176 0.966679 -0.212208 0.081400 -0.273510 0.167419 0.947187 -0.000000 0.000000 0.000000 0.000000 1.000000
0.951354 0.189589 0.242862 -0.000000 -0.133210 0.963880 -0.230630 0.081400 -0.277815 0.187059 0.942246 0.000000 0.000000 0.000000 0.000000 1.000000
0.953048 0.185844 0.239085 0.000000 -0.124272 0.960015 -0.250855 0.081400 -0.276145 0.209366 0.938035 -0.000000 0.000000 0.000000 0.000000 1.000000
0.956266 0.182232 0.228795 0.000000 -0.117009 0.955222 -0.271771 0.081400 -0.268076 0.233114 0.934769 -0.000000 0.000000 0.000000 0.000000 1.000000
0.959443 0.179605 0.217282 -0.000000 -0.112439 0.950617 -0.289283 0.081400 -0.258509 0.253119 0.932257 -0.000000 0.000000 0.000000 0.000000 1.000000
0.961254 0.179623 0.209108 0.000000 -0.111057 0.946618 -0.302622 0.081400 -0.252303 0.267674 0.929889 0.000000 0.000000 0.000000 0.000000 1.000000
0.962493 0.182157 0.201063 0.000000 -0.113112 0.943031 -0.312888 0.081400 -0.246603 0.278410 0.928264 0.000000 0.000000 0.000000 0.000000 1.000000
0.964406 0.185200 0.188739 0.000000 -0.117987 0.940161 -0.319651 0.081400 -0.236644 0.286004 0.928548 0.000000 0.000000 0.000000 0.000000 1.000000
0.966926 0.187371 0.173049 -0.000000 -0.124041 0.938286 -0.322851 0.081400 -0.222863 0.290708 0.930495 0.000000 0.000000 0.000000 0.000000 1.000000
0.969705 0.187891 0.156108 0.000000 -0.129391 0.937112 -0.324158 0.081400 -0.207197 0.294139 0.933034 0.000000 0.000000 0.000000 0.000000 1.000000
0.972725 0.185813 0.138850 0.000000 -0.132531 0.936469 -0.324749 0.081400 -0.190372 0.297490 0.935552 0.000000 0.000000 0.000000 0.000000 1.000000
0.975551 0.181737 0.123579 0.000000 -0.133303 0.936369 -0.324721 0.081400 -0.174730 0.300308 0.937702 -0.000000 0.000000 0.000000 0.000000 1.000000
0.977677 0.177805 0.111948 0.000000 -0.133141 0.936442 -0.324575 0.081400 -0.162544 0.302425 0.939212 -0.000000 0.000000 0.000000 0.000000 1.000000
0.980032 0.173211 0.097644 0.000000 -0.133041 0.936176 -0.325383 0.081400 -0.147772 0.305896 0.940527 -0.000000 0.000000 0.000000 0.000000 1.000000
0.982457 0.166501 0.083997 0.000000 -0.130770 0.936199 -0.326237 0.081400 -0.132957 0.309530 0.941549 0.000000 0.000000 0.000000 0.000000 1.000000
0.984696 0.157968 0.073625 0.000000 -0.125872 0.936787 -0.326475 0.081400 -0.120543 0.312212 0.942334 0.000000 0.000000 0.000000 0.000000 1.000000
0.986775 0.149708 0.062143 0.000000 -0.121635 0.937307 -0.326590 0.081400 -0.107140 0.314712 0.943121 0.000000 0.000000 0.000000 0.000000 1.000000
0.988648 0.142122 0.048742 0.000000 -0.118772 0.937952 -0.325789 0.081400 -0.092019 0.316301 0.944185 0.000000 0.000000 0.000000 0.000000 1.000000
0.989754 0.137430 0.038738 -0.000000 -0.117818 0.939322 -0.322169 0.081400 -0.080664 0.314304 0.945889 0.000000 0.000000 0.000000 0.000000 1.000000
0.990487 0.132863 0.035815 0.000000 -0.114971 0.942055 -0.315142 0.081400 -0.075610 0.308026 0.948369 0.000000 0.000000 0.000000 0.000000 1.000000
0.991318 0.127072 0.033782 0.000000 -0.110561 0.944638 -0.308927 0.081400 -0.071168 0.302510 0.950486 0.000000 0.000000 0.000000 0.000000 1.000000
0.992083 0.122203 0.028935 0.000000 -0.107813 0.946950 -0.302757 0.081400 -0.064398 0.297241 0.952628 0.000000 0.000000 0.000000 0.000000 1.000000
0.993110 0.114021 0.027060 0.000000 -0.101296 0.951338 -0.291024 0.081400 -0.058926 0.286277 0.956333 0.000000 0.000000 0.000000 0.000000 1.000000
0.994257 0.103844 0.025873 0.000000 -0.092688 0.956429 -0.276863 0.081400 -0.053496 0.272875 0.960561 0.000000 0.000000 0.000000 0.000000 1.000000
0.995346 0.093335 0.023975 -0.000000 -0.083888 0.961663 -0.261087 0.081400 -0.047424 0.257861 0.965017 0.000000 0.000000 0.000000 0.000000 1.000000
0.996313 0.082390 0.023931 0.000000 -0.074189 0.967434 -0.242008 0.081400 -0.043091 0.239340 0.969979 -0.000000 0.000000 0.000000 0.000000 1.000000
0.996960 0.073300 0.026400 0.000000 -0.065689 0.973053 -0.221025 0.081400 -0.041890 0.218619 0.974911 0.000000 0.000000 0.000000 0.000000 1.000000
0.997391 0.065929 0.029392 0.000000 -0.058789 0.978191 -0.199215 0.081400 -0.041885 0.196967 0.979515 0.000000 0.000000 0.000000 0.000000 1.000000
0.997804 0.058731 0.030614 0.000000 -0.052391 0.982694 -0.177671 0.081400 -0.040519 0.175677 0.983614 0.000000 0.000000 0.000000 0.000000 1.000000
0.998169 0.052340 0.030322 -0.000000 -0.046955 0.986472 -0.157059 0.081400 -0.038132 0.155348 0.987124 0.000000 0.000000 0.000000 0.000000 1.000000
0.998500 0.046430 0.029027 0.000000 -0.042022 0.989621 -0.137422 0.081400 -0.035106 0.135996 0.990087 0.000000 0.000000 0.000000 0.000000 1.000000
0.998810 0.040472 0.027224 0.000000 -0.036968 0.992232 -0.118785 0.081400 -0.031820 0.117637 0.992547 0.000000 0.000000 0.000000 0.000000 1.000000
0.999080 0.034672 0.025226 0.000000 -0.031968 0.994404 -0.100689 0.081400 -0.028576 0.099790 0.994598 0.000000 0.000000 0.000000 0.000000 1.000000
0.999302 0.029169 0.023348 0.000000 -0.027131 0.996154 -0.083318 0.081400 -0.025689 0.082626 0.996249 0.000000 0.000000 0.000000 0.000000 1.000000
0.999481 0.023882 0.021632 0.000000 -0.022387 0.997510 -0.066875 0.081400 -0.023175 0.066356 0.997527 0.000000 0.000000 0.000000 0.000000 1.000000
0.999617 0.018830 0.020293 0.000000 -0.017763 0.998512 -0.051568 0.081400 -0.021234 0.051187 0.998463 0.000000 0.000000 0.000000 0.000000 1.000000
0.999723 0.013875 0.019007 0.000000 -0.013141 0.999185 -0.038166 0.081400 -0.019521 0.037905 0.999091 0.000000 0.000000 0.000000 0.000000 1.000000</float_array>
        <technique_common>
          <accessor source="#mixamorig_Spine1-Matrix-animation-output-transform-array" count="51" stride="16">
            <param type="float4x4"/>
          </accessor>
        </technique_common>
      </source>
      <source id="mixamorig_Spine1-Interpolations">
        <Name_array id="mixamorig_Spine1-Interpolations-array" count="51">
 LINEAR LINEAR LINEAR LINEAR LINEAR LINEAR LINEAR LINEAR LINEAR LINEAR LINEAR
LINEAR LINEAR LINEAR LINEAR LINEAR LINEAR LINEAR LINEAR LINEAR LINEAR LINEAR LINEAR
LINEAR LINEAR LINEAR LINEAR LINEAR LINEAR LINEAR LINEAR LINEAR LINEAR LINEAR LINEAR
LINEAR LINEAR LINEAR LINEAR LINEAR LINEAR LINEAR LINEAR LINEAR LINEAR LINEAR LINEAR
LINEAR LINEAR LINEAR LINEAR</Name_array>
        <technique_common>
          <accessor source="#mixamorig_Spine1-Interpolations-array" count="51">
            <param type="name"/>
          </accessor>
        </technique_common>
