<?xml version="1.0" encoding="utf-8"?>
<COLLADA xmlns="http://www.collada.org/2005/11/COLLADASchema" version="1.4.1">
  <asset>
    <contributor>
      <author>Mixamo</author>
      <authoring_tool>COLLADA Mixamo exporter</authoring_tool>
      <comments/>
    </contributor>
    <created>2024-05-10T12:17:52Z</created>
    <modified>2024-05-10T12:17:52Z</modified>
    <revision/>
    <title/>
    <unit meter="0.010000"/>
    <up_axis>Y_UP</up_axis>
  </asset>
  <library_animations>
    <animation>
      <source id="Armature.001-Matrix-animation-input">
        <float_array id="Armature.001-Matrix-animation-input-array" count="29">

0.000000 0.033333 0.066667 0.100000 0.133333 0.166667 0.200000 0.233333 0.266667 0.300000 0.333333 0.366667 0.400000 0.433333 0.466667 0.500000
0.533333 0.566667 0.600000 0.633333 0.666667 0.700000 0.733333 0.766667 0.800000 0.833333 0.866667 0.900000 0.933333</float_array>
        <technique_common>
          <accessor source="#Armature.001-Matrix-animation-input-array" count="29">
            <param name="TIME" type="float"/>
          </accessor>
        </technique_common>
      </source>
      <source id="Armature.001-Matrix-animation-output-transform">
        <float_array id="Armature.001-Matrix-animation-output-transform-array" count="464">

100.000000 0.000000 0.000000 0.000000 0.000000 0.000000 100.000000 0.000000 0.000000 -100.000000 0.000000 0.000000 0.000000 0.000000 0.000000 1.000000
100.000000 0.000000 0.000000 0.000000 0.000000 0.000000 100.000000 0.000000 0.000000 -100.000000 0.000000 0.000000 0.000000 0.000000 0.000000 1.000000
100.000000 0.000000 0.000000 0.000000 0.000000 0.000000 100.000000 0.000000 0.000000 -100.000000 0.000000 0.000000 0.000000 0.000000 0.000000 1.000000
100.000000 0.000000 0.000000 0.000000 0.000000 0.000000 100.000000 0.000000 0.000000 -100.000000 0.000000 0.000000 0.000000 0.000000 0.000000 1.000000
100.000000 0.000000 0.000000 0.000000 0.000000 0.000000 100.000000 0.000000 0.000000 -100.000000 0.000000 0.000000 0.000000 0.000000 0.000000 1.000000
100.000000 0.000000 0.000000 0.000000 0.000000 0.000000 100.000000 0.000000 0.000000 -100.000000 0.000000 0.000000 0.000000 0.000000 0.000000 1.000000
100.000000 0.000000 0.000000 0.000000 0.000000 0.000000 100.000000 0.000000 0.000000 -100.000000 0.000000 0.000000 0.000000 0.000000 0.000000 1.000000
100.000000 0.000000 0.000000 0.000000 0.000000 0.000000 100.000000 0.000000 0.000000 -100.000000 0.000000 0.000000 0.000000 0.000000 0.000000 1.000000
100.000000 0.000000 0.000000 0.000000 0.000000 0.000000 100.000000 0.000000 0.000000 -100.000000 0.000000 0.000000 0.000000 0.000000 0.000000 1.000000
100.000000 0.000000 0.000000 0.000000 0.000000 0.000000 100.000000 0.000000 0.000000 -100.000000 0.000000 0.000000 0.000000 0.000000 0.000000 1.000000
100.000000 0.000000 0.000000 0.000000 0.000000 0.000000 100.000000 0.000000 0.000000 -100.000000 0.000000 0.000000 0.000000 0.000000 0.000000 1.000000
100.000000 0.000000 0.000000 0.000000 0.000000 0.000000 100.000000 0.000000 0.000000 -100.000000 0.000000 0.000000 0.000000 0.000000 0.000000 1.000000
100.000000 0.000000 0.000000 0.000000 0.000000 0.000000 100.000000 0.000000 0.000000 -100.000000 0.000000 0.000000 0.000000 0.000000 0.000000 1.000000
100.000000 0.000000 0.000000 0.000000 0.000000 0.000000 100.000000 0.000000 0.000000 -100.000000 0.000000 0.000000 0.000000 0.000000 0.000000 1.000000
100.000000 0.000000 0.000000 0.000000 0.000000 0.000000 100.000000 0.000000 0.000000 -100.000000 0.000000 0.000000 0.000000 0.000000 0.000000 1.000000
100.000000 0.000000 0.000000 0.000000 0.000000 0.000000 100.000000 0.000000 0.000000 -100.000000 0.000000 0.000000 0.000000 0.000000 0.000000 1.000000
100.000000 0.000000 0.000000 0.000000 0.000000 0.000000 100.000000 0.000000 0.000000 -100.000000 0.000000 0.000000 0.000000 0.000000 0.000000 1.000000
100.000000 0.000000 0.000000 0.000000 0.000000 0.000000 100.000000 0.000000 0.000000 -100.000000 0.000000 0.000000 0.000000 0.000000 0.000000 1.000000
100.000000 0.000000 0.000000 0.000000 0.000000 0.000000 100.000000 0.000000 0.000000 -100.000000 0.000000 0.000000 0.000000 0.000000 0.000000 1.000000
100.000000 0.000000 0.000000 0.000000 0.000000 0.000000 100.000000 0.000000 0.000000 -100.000000 0.000000 0.000000 0.000000 0.000000 0.000000 1.000000
100.000000 0.000000 0.000000 0.000000 0.000000 0.000000 100.000000 0.000000 0.000000 -100.000000 0.000000 0.000000 0.000000 0.000000 0.000000 1.000000
100.000000 0.000000 0.000000 0.000000 0.000000 0.000000 100.000000 0.000000 0.000000 -100.000000 0.000000 0.000000 0.000000 0.000000 0.000000 1.000000
100.000000 0.000000 0.000000 0.000000 0.000000 0.000000 100.000000 0.000000 0.000000 -100.000000 0.000000 0.000000 0.000000 0.000000 0.000000 1.000000
100.000000 0.000000 0.000000 0.000000 0.000000 0.000000 100.000000 0.000000 0.000000 -100.000000 0.000000 0.000000 0.000000 0.000000 0.000000 1.000000
100.000000 0.000000 0.000000 0.000000 0.000000 0.000000 100.000000 0.000000 0.000000 -100.000000 0.000000 0.000000 0.000000 0.000000 0.000000 1.000000
100.000000 0.000000 0.000000 0.000000 0.000000 0.000000 100.000000 0.000000 0.000000 -100.000000 0.000000 0.000000 0.000000 0.000000 0.000000 1.000000
100.000000 0.000000 0.000000 0.000000 0.000000 0.000000 100.000000 0.000000 0.000000 -100.000000 0.000000 0.000000 0.000000 0.000000 0.000000 1.000000
100.000000 0.000000 0.000000 0.000000 0.000000 0.000000 100.000000 0.000000 0.000000 -100.000000 0.000000 0.000000 0.000000 0.000000 0.000000 1.000000
100.000000 0.000000 0.000000 0.000000 0.000000 0.000000 100.000000 0.000000 0.000000 -100.000000 0.000000 0.000000 0.000000 0.000000 0.000000 1.000000</float_array>
        <technique_common>
          <accessor source="#Armature.001-Matrix-animation-output-transform-array" count="29" stride="16">
            <param type="float4x4"/>
          </accessor>
        </technique_common>
      </source>
      <source id="Armature.001-Interpolations">
        <Name_array id="Armature.001-Interpolations-array" count="29">
 LINEAR LINEAR LINEAR LINEAR LINEAR LINEAR LINEAR LINEAR LINEAR LINEAR LINEAR
LINEAR LINEAR LINEAR LINEAR LINEAR LINEAR LINEAR LINEAR LINEAR LINEAR LINEAR LINEAR
LINEAR LINEAR LINEAR LINEAR LINEAR LINEAR</Name_array>
        <technique_common>
          <accessor source="#Armature.001-Interpolations-array" count="29">
            <param type="name"/>
          </accessor>
        </technique_common>
      </source>
      <sampler id="Armature.001-Matrix-animation-transform">
        <input semantic="INPUT" source="#Armature.001-Matrix-animation-input"/>
        <input semantic="OUTPUT" source="#Armature.001-Matrix-animation-output-transform"/>
        <input semantic="INTERPOLATION" source="#Armature.001-Interpolations"/>
      </sampler>
      <channel source="#Armature.001-Matrix-animation-transform" target="Armature.001/matrix"/>
      <source id="mixamorig_Hips-Matrix-animation-input">
        <float_array id="mixamorig_Hips-Matrix-animation-input-array" count="29">

0.000000 0.033333 0.066667 0.100000 0.133333 0.166667 0.200000 0.233333 0.266667 0.300000 0.333333 0.366667 0.400000 0.433333 0.466667 0.500000
0.533333 0.566667 0.600000 0.633333 0.666667 0.700000 0.733333 0.766667 0.800000 0.833333 0.866667 0.900000 0.933333</float_array>
        <technique_common>
          <accessor source="#mixamorig_Hips-Matrix-animation-input-array" count="29">
            <param name="TIME" type="float"/>
          </accessor>
        </technique_common>
      </source>
      <source id="mixamorig_Hips-Matrix-animation-output-transform">
        <float_array id="mixamorig_Hips-Matrix-animation-output-transform-array" count="464">

0.690791 0.000452 -0.723055 0.006427 -0.719909 0.093611 -0.687727 0.006908 0.067375 0.995609 0.064991 0.794401 0.000000 0.000000 0.000000 1.000000
0.678595 0.001281 -0.734512 0.003930 -0.729891 0.113189 -0.674128 0.000887 0.082275 0.993573 0.077744 0.801868 0.000000 0.000000 0.000000 1.000000
0.659523 0.003129 -0.751678 0.001147 -0.744415 0.141463 -0.652561 -0.007811 0.104292 0.989939 0.095627 0.811904 0.000000 0.000000 0.000000 1.000000
0.626869 -0.004554 -0.779112 0.000870 -0.766356 0.176693 -0.617639 -0.019395 0.140476 0.984256 0.107273 0.825037 0.000000 0.000000 0.000000 1.000000
0.583884 -0.022032 -0.811538 0.004553 -0.791804 0.205242 -0.575258 -0.028287 0.179235 0.978463 0.102393 0.838285 0.000000 0.000000 0.000000 1.000000
0.547462 -0.035612 -0.836073 0.009346 -0.812297 0.217535 -0.541159 -0.028985 0.201147 0.975403 0.090165 0.847032 0.000000 0.000000 0.000000 1.000000
0.523094 -0.040206 -0.851326 0.012504 -0.826115 0.221667 -0.518071 -0.023711 0.209541 0.974293 0.082738 0.850299 0.000000 0.000000 0.000000 1.000000
0.503054 -0.042428 -0.863213 0.014300 -0.836384 0.227703 -0.498611 -0.017461 0.217711 0.972806 0.079061 0.849837 0.000000 0.000000 0.000000 1.000000
0.493736 -0.042647 -0.868566 0.014904 -0.840626 0.232318 -0.489261 -0.011338 0.222649 0.971705 0.078854 0.846608 0.000000 0.000000 0.000000 1.000000
0.505820 -0.035693 -0.861900 0.013593 -0.835055 0.230387 -0.499606 -0.004798 0.216403 0.972444 0.086729 0.841882 0.000000 0.000000 0.000000 1.000000
0.533789 -0.021953 -0.845332 0.010638 -0.821489 0.223636 -0.524541 0.001660 0.200562 0.974425 0.101340 0.836560 0.000000 0.000000 0.000000 1.000000
0.563585 -0.006683 -0.826031 0.007109 -0.806071 0.214190 -0.551699 0.007378 0.180614 0.976769 0.115327 0.830564 0.000000 0.000000 0.000000 1.000000
0.590049 0.004524 -0.807355 0.003881 -0.791600 0.199903 -0.577415 0.012186 0.158781 0.979805 0.121534 0.823752 0.000000 0.000000 0.000000 1.000000
0.615021 0.009652 -0.788452 0.001438 -0.776694 0.179879 -0.603647 0.016178 0.135999 0.983641 0.118126 0.816589 0.000000 0.000000 0.000000 1.000000
0.637873 0.011217 -0.770060 -0.000073 -0.761529 0.158302 -0.628501 0.019475 0.114852 0.987327 0.109519 0.809740 0.000000 0.000000 0.000000 1.000000
0.656249 0.011353 -0.754459 -0.000690 -0.748117 0.140019 -0.648626 0.021885 0.098275 0.990084 0.100380 0.803766 0.000000 0.000000 0.000000 1.000000
0.670520 0.009581 -0.741830 -0.000585 -0.736738 0.126252 -0.664287 0.022954 0.087293 0.991952 0.091714 0.799093 0.000000 0.000000 0.000000 1.000000
0.680934 0.006745 -0.732314 -0.000116 -0.727854 0.116797 -0.675712 0.022691 0.080974 0.993133 0.084440 0.795993 0.000000 0.000000 0.000000 1.000000
0.685279 0.005058 -0.728263 0.000439 -0.724118 0.111488 -0.680605 0.021771 0.077750 0.993753 0.080062 0.794867 0.000000 0.000000 0.000000 1.000000
0.685757 0.004380 -0.727817 0.001034 -0.723872 0.108255 -0.681389 0.020647 0.075805 0.994113 0.077408 0.794906 0.000000 0.000000 0.000000 1.000000
0.686282 0.003713 -0.727326 0.001666 -0.723553 0.105334 -0.682185 0.019343 0.074079 0.994430 0.074975 0.794922 0.000000 0.000000 0.000000 1.000000
0.686998 0.002971 -0.726653 0.002444 -0.723049 0.102357 -0.683172 0.017572 0.072349 0.994743 0.072467 0.794901 0.000000 0.000000 0.000000 1.000000
0.687834 0.002249 -0.725865 0.003343 -0.722416 0.099530 -0.684258 0.015371 0.070706 0.995032 0.070085 0.794838 0.000000 0.000000 0.000000 1.000000
0.688651 0.001645 -0.725091 0.004197 -0.721761 0.097322 -0.685266 0.013157 0.069440 0.995252 0.068209 0.794749 0.000000 0.000000 0.000000 1.000000
0.689400 0.001164 -0.724380 0.004968 -0.721134 0.095679 -0.686157 0.011074 0.068510 0.995412 0.066801 0.794647 0.000000 0.000000 0.000000 1.000000
0.690036 0.000802 -0.723775 0.005613 -0.720586 0.094534 -0.686891 0.009270 0.067870 0.995521 0.065810 0.794548 0.000000 0.000000 0.000000 1.000000
0.690518 0.000556 -0.723315 0.006096 -0.720161 0.093819 -0.687435 0.007882 0.067478 0.995589 0.065184 0.794465 0.000000 0.000000 0.000000 1.000000
0.690794 0.000439 -0.723052 0.006372 -0.719904 0.093623 -0.687730 0.007074 0.067393 0.995608 0.064990 0.794413 0.000000 0.000000 0.000000 1.000000
0.690791 0.000451 -0.723055 0.006427 -0.719909 0.093612 -0.687727 0.006908 0.067376 0.995609 0.064991 0.794401 0.000000 0.000000 0.000000 1.000000</float_array>
        <technique_common>
          <accessor source="#mixamorig_Hips-Matrix-animation-output-transform-array" count="29" stride="16">
            <param type="float4x4"/>
          </accessor>
        </technique_common>
      </source>
      <source id="mixamorig_Hips-Interpolations">
        <Name_array id="mixamorig_Hips-Interpolations-array" count="29">
 LINEAR LINEAR LINEAR LINEAR LINEAR LINEAR LINEAR LINEAR LINEAR LINEAR LINEAR
LINEAR LINEAR LINEAR LINEAR LINEAR LINEAR LINEAR LINEAR LINEAR LINEAR LINEAR LINEAR
LINEAR LINEAR LINEAR LINEAR LINEAR LINEAR</Name_array>
        <technique_common>
          <accessor source="#mixamorig_Hips-Interpolations-array" count="29">
            <param type="name"/>
          </accessor>
        </technique_common>
      </source>
      <sampler id="mixamorig_Hips-Matrix-animation-transform">
        <input semantic="INPUT" source="#mixamorig_Hips-Matrix-animation-input"/>
        <input semantic="OUTPUT" source="#mixamorig_Hips-Matrix-animation-output-transform"/>
        <input semantic="INTERPOLATION" source="#mixamorig_Hips-Interpolations"/>
      </sampler>
      <channel source="#mixamorig_Hips-Matrix-animation-transform" target="mixamorig_Hips/matrix"/>
      <source id="mixamorig_Spine-Matrix-animation-input">
        <float_array id="mixamorig_Spine-Matrix-animation-input-array" count="29">

0.000000 0.033333 0.066667 0.100000 0.133333 0.166667 0.200000 0.233333 0.266667 0.300000 0.333333 0.366667 0.400000 0.433333 0.466667 0.500000
0.533333 0.566667 0.600000 0.633333 0.666667 0.700000 0.733333 0.766667 0.800000 0.833333 0.866667 0.900000 0.933333</float_array>
        <technique_common>
          <accessor source="#mixamorig_Spine-Matrix-animation-input-array" count="29">
            <param name="TIME" type="float"/>
          </accessor>
        </technique_common>
      </source>
      <source id="mixamorig_Spine-Matrix-animation-output-transform">
        <float_array id="mixamorig_Spine-Matrix-animation-output-transform-array" count="464">

0.991537 0.016944 0.128712 -0.000000 -0.010800 0.998775 -0.048289 0.069300 -0.129372 0.046490 0.990506 -0.008100 0.000000 0.000000 0.000000 1.000000
0.991300 0.004066 0.131560 0.000000 -0.001104 0.999744 -0.022580 0.069300 -0.131618 0.022238 0.991051 -0.008100 0.000000 0.000000 0.000000 1.000000
0.991270 -0.015135 0.130977 -0.000000 0.014771 0.999884 0.003743 0.069300 -0.131018 -0.001776 0.991378 -0.008100 0.000000 0.000000 0.000000 1.000000
0.992326 -0.040302 0.116896 0.000000 0.038362 0.999087 0.018795 0.069300 -0.117547 -0.014166 0.992966 -0.008100 0.000000 0.000000 0.000000 1.000000
0.994201 -0.065891 0.084992 0.000000 0.064853 0.997783 0.014916 0.069300 -0.085787 -0.009317 0.996270 -0.008100 0.000000 0.000000 0.000000 1.000000
0.995453 -0.084443 0.044083 0.000000 0.084645 0.996407 -0.002734 0.069300 -0.043694 0.006453 0.999024 -0.008100 0.000000 0.000000 0.000000 1.000000
0.995629 -0.092885 0.009791 0.000000 0.093080 0.995419 -0.021849 0.069300 -0.007717 0.022665 0.999713 -0.008100 0.000000 0.000000 0.000000 1.000000
0.995541 -0.093828 -0.009739 0.000000 0.093429 0.994991 -0.035540 0.069300 0.013024 0.034471 0.999321 -0.008100 0.000000 0.000000 0.000000 1.000000
0.995639 -0.091394 -0.018696 -0.000000 0.090487 0.994894 -0.044692 0.069300 0.022685 0.042806 0.998826 -0.008100 0.000000 0.000000 0.000000 1.000000
0.995864 -0.087268 -0.025283 0.000000 0.085877 0.994964 -0.051697 0.069300 0.029667 0.049312 0.998343 -0.008100 0.000000 0.000000 0.000000 1.000000
0.996186 -0.081056 -0.032316 -0.000000 0.079135 0.995242 -0.056840 0.069300 0.036770 0.054066 0.997860 -0.008100 0.000000 0.000000 0.000000 1.000000
0.996663 -0.072716 -0.037076 0.000000 0.070450 0.995761 -0.059139 0.069300 0.041219 0.056330 0.997561 -0.008100 0.000000 0.000000 0.000000 1.000000
0.997291 -0.063495 -0.037123 0.000000 0.061284 0.996437 -0.057941 0.069300 0.040669 0.055509 0.997630 -0.008100 0.000000 0.000000 0.000000 1.000000
0.997984 -0.054198 -0.033015 -0.000000 0.052372 0.997174 -0.053856 0.069300 0.035841 0.052018 0.998003 -0.008100 0.000000 0.000000 0.000000 1.000000
0.998695 -0.043725 -0.026389 -0.000000 0.042409 0.997920 -0.048548 0.069300 0.028457 0.047366 0.998472 -0.008100 0.000000 0.000000 0.000000 1.000000
0.999355 -0.030913 -0.018271 -0.000000 0.030095 0.998603 -0.043430 0.069300 0.019588 0.042852 0.998889 -0.008100 0.000000 0.000000 0.000000 1.000000
0.999807 -0.017199 -0.009444 0.000000 0.016819 0.999099 -0.038953 0.069300 0.010106 0.038787 0.999196 -0.008100 0.000000 0.000000 0.000000 1.000000
0.999984 -0.005649 -0.000776 0.000000 0.005618 0.999364 -0.035214 0.069300 0.000974 0.035209 0.999380 -0.008100 0.000000 0.000000 0.000000 1.000000
0.999970 0.002420 0.007407 -0.000000 -0.002178 0.999473 -0.032402 0.069300 -0.007481 0.032385 0.999447 -0.008100 0.000000 0.000000 0.000000 1.000000
0.999843 0.008137 0.015723 -0.000000 -0.007653 0.999504 -0.030549 0.069300 -0.015964 0.030424 0.999410 -0.008100 0.000000 0.000000 0.000000 1.000000
0.999593 0.013052 0.025384 0.000000 -0.012302 0.999490 -0.029482 0.069300 -0.025756 0.029158 0.999243 -0.008100 0.000000 0.000000 0.000000 1.000000
0.999148 0.017564 0.037340 0.000000 -0.016479 0.999439 -0.029156 0.069300 -0.037831 0.028516 0.998877 -0.008100 0.000000 0.000000 0.000000 1.000000
0.998459 0.021099 0.051333 -0.000000 -0.019590 0.999366 -0.029726 0.069300 -0.051927 0.028675 0.998239 -0.008100 0.000000 0.000000 0.000000 1.000000
0.997545 0.023118 0.066109 0.000000 -0.021086 0.999288 -0.031280 0.069300 -0.066785 0.029809 0.997322 -0.008100 0.000000 0.000000 0.000000 1.000000
0.996464 0.023622 0.080636 -0.000000 -0.020960 0.999212 -0.033696 0.069300 -0.081369 0.031886 0.996174 -0.008100 0.000000 0.000000 0.000000 1.000000
0.995264 0.022957 0.094461 0.000000 -0.019558 0.999133 -0.036762 0.069300 -0.095223 0.034741 0.994850 -0.008100 0.000000 0.000000 0.000000 1.000000
0.994002 0.021451 0.107242 0.000000 -0.017211 0.999039 -0.040312 0.069300 -0.108004 0.038224 0.993415 -0.008100 0.000000 0.000000 0.000000 1.000000
0.992744 0.019365 0.118677 0.000000 -0.014200 0.998921 -0.044209 0.069300 -0.119405 0.042203 0.991948 -0.008100 0.000000 0.000000 0.000000 1.000000
0.991537 0.016945 0.128712 0.000000 -0.010800 0.998775 -0.048289 0.069300 -0.129372 0.046490 0.990506 -0.008100 0.000000 0.000000 0.000000 1.000000</float_array>
        <technique_common>
          <accessor source="#mixamorig_Spine-Matrix-animation-output-transform-array" count="29" stride="16">
            <param type="float4x4"/>
          </accessor>
        </technique_common>
      </source>
      <source id="mixamorig_Spine-Interpolations">
        <Name_array id="mixamorig_Spine-Interpolations-array" count="29">
 LINEAR LINEAR LINEAR LINEAR LINEAR LINEAR LINEAR LINEAR LINEAR LINEAR LINEAR
LINEAR LINEAR LINEAR LINEAR LINEAR LINEAR LINEAR LINEAR LINEAR LINEAR LINEAR LINEAR
LINEAR LINEAR LINEAR LINEAR LINEAR LINEAR</Name_array>
        <technique_common>
          <accessor source="#mixamorig_Spine-Interpolations-array" count="29">
            <param type="name"/>
          </accessor>
        </technique_common>
      </source>
      <sampler id="mixamorig_Spine-Matrix-animation-transform">
        <input semantic="INPUT" source="#mixamorig_Spine-Matrix-animation-input"/>
        <input semantic="OUTPUT" source="#mixamorig_Spine-Matrix-animation-output-transform"/>
        <input semantic="INTERPOLATION" source="#mixamorig_Spine-Interpolations"/>
      </sampler>
      <channel source="#mixamorig_Spine-Matrix-animation-transform" target="mixamorig_Spine/matrix"/>
      <source id="mixamorig_Spine1-Matrix-animation-input">
        <float_array id="mixamorig_Spine1-Matrix-animation-input-array" count="29">

0.000000 0.033333 0.066667 0.100000 0.133333 0.166667 0.200000 0.233333 0.266667 0.300000 0.333333 0.366667 0.400000 0.433333 0.466667 0.500000
0.533333 0.566667 0.600000 0.633333 0.666667 0.700000 0.733333 0.766667 0.800000 0.833333 0.866667 0.900000 0.933333</float_array>
        <technique_common>
          <accessor source="#mixamorig_Spine1-Matrix-animation-input-array" count="29">
            <param name="TIME" type="float"/>
          </accessor>
        </technique_common>
      </source>
      <source id="mixamorig_Spine1-Matrix-animation-output-transform">
        <float_array id="mixamorig_Spine1-Matrix-animation-output-transform-array" count="464">

0.999723 0.013875 0.019007 0.000000 -0.013141 0.999185 -0.038166 0.081400 -0.019521 0.037905 0.999091 -0.000000 0.000000 0.000000 0.000000 1.000000
0.999362 0.012557 0.033423 -0.000000 -0.010700 0.998420 -0.055164 0.081400 -0.034062 0.054771 0.997918 0.000000 0.000000 0.000000 0.000000 1.000000
0.998819 0.008047 0.047914 -0.000000 -0.004415 0.997141 -0.075438 0.081400 -0.048384 0.075138 0.995999 -0.000000 0.000000 0.000000 0.000000 1.000000
0.998465 -0.001500 0.055374 0.000000 0.007310 0.994460 -0.104859 0.081400 -0.054910 0.105102 0.992944 0.000000 0.000000 0.000000 0.000000 1.000000
0.998565 -0.013616 0.051791 -0.000000 0.021017 0.989186 -0.145155 0.081400 -0.049255 0.146035 0.988053 0.000000 0.000000 0.000000 0.000000 1.000000
0.998905 -0.022584 0.040962 0.000000 0.029938 0.981538 -0.188911 0.081400 -0.035939 0.189930 0.981140 -0.000000 0.000000 0.000000 0.000000 1.000000
0.999214 -0.025189 0.030607 0.000000 0.031431 0.973952 -0.224564 0.081400 -0.024153 0.225349 0.973979 0.000000 0.000000 0.000000 0.000000 1.000000
0.999436 -0.022984 0.024476 -0.000000 0.028308 0.968809 -0.246185 0.081400 -0.018054 0.246739 0.968914 -0.000000 0.000000 0.000000 0.000000 1.000000
0.999609 -0.018912 0.020592 0.000000 0.023566 0.966237 -0.256576 0.081400 -0.015045 0.256961 0.966305 0.000000 0.000000 0.000000 0.000000 1.000000
0.999771 -0.014136 0.016037 0.000000 0.017847 0.964872 -0.262113 0.081400 -0.011769 0.262339 0.964904 0.000000 0.000000 0.000000 0.000000 1.000000
0.999905 -0.008411 0.010883 0.000000 0.011008 0.963766 -0.266524 0.081400 -0.008247 0.266618 0.963767 -0.000000 0.000000 0.000000 0.000000 1.000000
0.999972 -0.001681 0.007348 0.000000 0.003601 0.962938 -0.269700 0.081400 -0.006622 0.269719 0.962916 0.000000 0.000000 0.000000 0.000000 1.000000
0.999962 0.005491 0.006840 0.000000 -0.003437 0.962725 -0.270461 0.081400 -0.008070 0.270427 0.962707 0.000000 0.000000 0.000000 0.000000 1.000000
0.999877 0.012864 0.008947 0.000000 -0.009985 0.963107 -0.268932 0.081400 -0.012076 0.268810 0.963118 0.000000 0.000000 0.000000 0.000000 1.000000
0.999696 0.021204 0.012557 0.000000 -0.017096 0.963727 -0.266342 0.081400 -0.017749 0.266047 0.963797 0.000000 0.000000 0.000000 0.000000 1.000000
0.999378 0.031068 0.016691 0.000000 -0.025586 0.964411 -0.263166 0.081400 -0.024273 0.262575 0.964606 -0.000000 0.000000 0.000000 0.000000 1.000000
0.998946 0.041107 0.020400 0.000000 -0.034449 0.965417 -0.258423 0.081400 -0.030317 0.257448 0.965816 0.000000 0.000000 0.000000 0.000000 1.000000
0.998540 0.048889 0.022966 -0.000000 -0.041570 0.967051 -0.251167 0.081400 -0.034489 0.249846 0.967671 -0.000000 0.000000 0.000000 0.000000 1.000000
0.998275 0.053402 0.024399 0.000000 -0.045944 0.969273 -0.241659 0.081400 -0.036555 0.240122 0.970054 0.000000 0.000000 0.000000 0.000000 1.000000
0.998137 0.055550 0.025230 -0.000000 -0.048267 0.971906 -0.230368 0.081400 -0.037318 0.228721 0.972776 0.000000 0.000000 0.000000 0.000000 1.000000
0.998077 0.056333 0.025845 0.000000 -0.049428 0.975043 -0.216446 0.081400 -0.037393 0.214753 0.975952 0.000000 0.000000 0.000000 0.000000 1.000000
0.998102 0.055703 0.026245 0.000000 -0.049417 0.978896 -0.198294 0.081400 -0.036737 0.196620 0.979791 -0.000000 0.000000 0.000000 0.000000 1.000000
0.998239 0.053179 0.026281 0.000000 -0.047750 0.983254 -0.175876 0.081400 -0.035193 0.174312 0.984061 -0.000000 0.000000 0.000000 0.000000 1.000000
0.998477 0.048728 0.025888 0.000000 -0.044276 0.987526 -0.151100 0.081400 -0.032928 0.149724 0.988179 0.000000 0.000000 0.000000 0.000000 1.000000
0.998768 0.042795 0.025111 0.000000 -0.039308 0.991267 -0.125875 0.081400 -0.030278 0.124733 0.991728 0.000000 0.000000 0.000000 0.000000 1.000000
0.999067 0.035914 0.023991 0.000000 -0.033311 0.994304 -0.101244 0.081400 -0.027490 0.100350 0.994572 0.000000 0.000000 0.000000 0.000000 1.000000
0.999338 0.028546 0.022541 0.000000 -0.026709 0.996595 -0.078002 0.081400 -0.024691 0.077349 0.996698 -0.000000 0.000000 0.000000 0.000000 1.000000
0.999561 0.021089 0.020828 0.000000 -0.019875 0.998184 -0.056869 0.081400 -0.021989 0.056430 0.998164 0.000000 0.000000 0.000000 0.000000 1.000000
0.999723 0.013875 0.019007 0.000000 -0.013141 0.999185 -0.038166 0.081400 -0.019521 0.037905 0.999091 0.000000 0.000000 0.000000 0.000000 1.000000</float_array>
        <technique_common>
          <accessor source="#mixamorig_Spine1-Matrix-animation-output-transform-array" count="29" stride="16">
            <param type="float4x4"/>
          </accessor>
        </technique_common>
      </source>
      <source id="mixamorig_Spine1-Interpolations">
        <Name_array id="mixamorig_Spine1-Interpolations-array" count="29">
 LINEAR LINEAR LINEAR LINEAR LINEAR LINEAR LINEAR LINEAR LINEAR LINEAR LINEAR
LINEAR LINEAR LINEAR LINEAR LINEAR LINEAR LINEAR LINEAR LINEAR LINEAR LINEAR LINEAR
LINEAR LINEAR LINEAR LINEAR LINEAR LINEAR</Name_array>
        <technique_common>
          <accessor source="#mixamorig_Spine1-Interpolations-array" count="29">
            <param type="name"/>
          </accessor>
        </technique_common>
      </source>
      <sampler id="mixamorig_Spine1-Matrix-animation-transform">
        <input semantic="INPUT" source="#mixamorig_Spine1-Matrix-animation-input"/>
        <input semantic="OUTPUT" source="#mixamorig_Spine1-Matrix-animation-output-transform"/>
        <input semantic="INTERPOLATION" source="#mixamorig_Spine1-Interpolations"/>
      </sampler>
      <channel source="#mixamorig_Spine1-Matrix-animation-transform" target="mixamorig_Spine1/matrix"/>
      <source id="mixamorig_Spine2-Matrix-animation-input">
        <float_array id="mixamorig_Spine2-Matrix-animation-input-array" count="29">

0.000000 0.033333 0.066667 0.100000 0.133333 0.166667 0.200000 0.233333 0.266667 0.300000 0.333333 0.366667 0.400000 0.433333 0.466667 0.500000
0.533333 0.566667 0.600000 0.633333 0.666667 0.700000 0.733333 0.766667 0.800000 0.833333 0.866667 0.900000 0.933333</float_array>
        <technique_common>
          <accessor source="#mixamorig_Spine2-Matrix-animation-input-array" count="29">
            <param name="TIME" type="float"/>
          </accessor>
        </technique_common>
      </source>
      <source id="mixamorig_Spine2-Matrix-animation-output-transform">
        <float_array id="mixamorig_Spine2-Matrix-animation-output-transform-array" count="464">

0.999731 0.013517 0.018840 -0.000000 -0.012785 0.999180 -0.038422 0.093100 -0.019344 0.038171 0.999084 0.000000 0.000000 0.000000 0.000000 1.000000
0.999379 0.012136 0.033092 0.000000 -0.010291 0.998412 -0.055379 0.093100 -0.033711 0.055004 0.997917 0.000000 0.000000 0.000000 0.000000 1.000000
0.998848 0.007541 0.047390 -0.000000 -0.003937 0.997124 -0.075681 0.093100 -0.047824 0.075407 0.996005 -0.000000 0.000000 0.000000 0.000000 1.000000
0.998507 -0.002059 0.054587 0.000000 0.007803 0.994418 -0.105225 0.093100 -0.054066 0.105494 0.992949 -0.000000 0.000000 0.000000 0.000000 1.000000
0.998615 -0.014164 0.050676 -0.000000 0.021421 0.989100 -0.145676 0.093100 -0.048060 0.146560 0.988034 0.000000 0.000000 0.000000 0.000000 1.000000
0.998952 -0.023078 0.039537 0.000000 0.030174 0.981416 -0.189507 0.093100 -0.034429 0.190501 0.981083 0.000000 0.000000 0.000000 0.000000 1.000000
0.999251 -0.025627 0.029003 0.000000 0.031509 0.973820 -0.225124 0.093100 -0.022474 0.225869 0.973898 0.000000 0.000000 0.000000 0.000000 1.000000
0.999465 -0.023370 0.022883 0.000000 0.028298 0.968687 -0.246667 0.093100 -0.016402 0.247183 0.968830 0.000000 0.000000 0.000000 0.000000 1.000000
0.999631 -0.019236 0.019171 0.000000 0.023520 0.966126 -0.256996 0.093100 -0.013578 0.257352 0.966222 -0.000000 0.000000 0.000000 0.000000 1.000000
0.999786 -0.014394 0.014855 0.000000 0.017790 0.964771 -0.262489 0.093100 -0.010554 0.262697 0.964821 -0.000000 0.000000 0.000000 0.000000 1.000000
0.999914 -0.008615 0.009914 0.000000 0.010949 0.963672 -0.266865 0.093100 -0.007255 0.266950 0.963683 0.000000 0.000000 0.000000 0.000000 1.000000
0.999977 -0.001850 0.006525 0.000000 0.003543 0.962848 -0.270019 0.093100 -0.005783 0.270036 0.962833 0.000000 0.000000 0.000000 0.000000 1.000000
0.999967 0.005353 0.006123 0.000000 -0.003495 0.962636 -0.270777 0.093100 -0.007343 0.270747 0.962623 0.000000 0.000000 0.000000 0.000000 1.000000
0.999884 0.012762 0.008326 0.000000 -0.010050 0.963016 -0.269257 0.093100 -0.011454 0.269142 0.963032 0.000000 0.000000 0.000000 0.000000 1.000000
0.999704 0.021146 0.012034 -0.000000 -0.017173 0.963634 -0.266672 0.093100 -0.017235 0.266386 0.963712 -0.000000 0.000000 0.000000 0.000000 1.000000
0.999385 0.031052 0.016260 0.000000 -0.025676 0.964322 -0.263485 0.093100 -0.023862 0.262905 0.964527 0.000000 0.000000 0.000000 0.000000 1.000000
0.998953 0.041122 0.020051 0.000000 -0.034545 0.965335 -0.258717 0.093100 -0.029994 0.257754 0.965745 0.000000 0.000000 0.000000 0.000000 1.000000
0.998545 0.048919 0.022685 0.000000 -0.041660 0.966979 -0.251429 0.093100 -0.034235 0.250118 0.967610 0.000000 0.000000 0.000000 0.000000 1.000000
0.998279 0.053432 0.024169 0.000000 -0.046020 0.969212 -0.241890 0.093100 -0.036349 0.240362 0.970003 -0.000000 0.000000 0.000000 0.000000 1.000000
0.998141 0.055568 0.025037 0.000000 -0.048321 0.971855 -0.230572 0.093100 -0.037145 0.228933 0.972733 0.000000 0.000000 0.000000 0.000000 1.000000
0.998082 0.056332 0.025682 0.000000 -0.049455 0.975002 -0.216624 0.093100 -0.037243 0.214939 0.975917 0.000000 0.000000 0.000000 0.000000 1.000000
0.998108 0.055671 0.026108 0.000000 -0.049407 0.978866 -0.198447 0.093100 -0.036604 0.196781 0.979764 0.000000 0.000000 0.000000 0.000000 1.000000
0.998246 0.053104 0.026163 -0.000000 -0.047692 0.983233 -0.176008 0.093100 -0.035071 0.174452 0.984041 0.000000 0.000000 0.000000 0.000000 1.000000
0.998485 0.048602 0.025780 0.000000 -0.044164 0.987513 -0.151221 0.093100 -0.032808 0.149854 0.988164 -0.000000 0.000000 0.000000 0.000000 1.000000
0.998779 0.042614 0.025002 0.000000 -0.039139 0.991258 -0.125997 0.093100 -0.030152 0.124865 0.991716 0.000000 0.000000 0.000000 0.000000 1.000000
0.999078 0.035680 0.023873 0.000000 -0.033087 0.994297 -0.101382 0.093100 -0.027354 0.100498 0.994561 -0.000000 0.000000 0.000000 0.000000 1.000000
0.999349 0.028265 0.022409 -0.000000 -0.026434 0.996590 -0.078170 0.093100 -0.024542 0.077527 0.996688 0.000000 0.000000 0.000000 0.000000 1.000000
0.999571 0.020765 0.020678 0.000000 -0.019556 0.998178 -0.057078 0.093100 -0.021826 0.056649 0.998156 -0.000000 0.000000 0.000000 0.000000 1.000000
0.999731 0.013517 0.018840 0.000000 -0.012785 0.999180 -0.038422 0.093100 -0.019344 0.038171 0.999084 0.000000 0.000000 0.000000 0.000000 1.000000</float_array>
        <technique_common>
          <accessor source="#mixamorig_Spine2-Matrix-animation-output-transform-array" count="29" stride="16">
            <param type="float4x4"/>
          </accessor>
        </technique_common>
      </source>
      <source id="mixamorig_Spine2-Interpolations">
        <Name_array id="mixamorig_Spine2-Interpolations-array" count="29">
 LINEAR LINEAR LINEAR LINEAR LINEAR LINEAR LINEAR LINEAR LINEAR LINEAR LINEAR
LINEAR LINEAR LINEAR LINEAR LINEAR LINEAR LINEAR LINEAR LINEAR LINEAR LINEAR LINEAR
LINEAR LINEAR LINEAR LINEAR LINEAR LINEAR</Name_array>
        <technique_common>
          <accessor source="#mixamorig_Spine2-Interpolations-array" count="29">
            <param type="name"/>
          </accessor>
        </technique_common>
      </source>
      <sampler id="mixamorig_Spine2-Matrix-animation-transform">
        <input semantic="INPUT" source="#mixamorig_Spine2-Matrix-animation-input"/>
        <input semantic="OUTPUT" source="#mixamorig_Spine2-Matrix-animation-output-transform"/>
        <input semantic="INTERPOLATION" source="#mixamorig_Spine2-Interpolations"/>
      </sampler>
      <channel source="#mixamorig_Spine2-Matrix-animation-transform" target="mixamorig_Spine2/matrix"/>
      <source id="mixamorig_Neck-Matrix-animation-input">
        <float_array id="mixamorig_Neck-Matrix-animation-input-array" count="29">

0.000000 0.033333 0.066667 0.100000 0.133333 0.166667 0.200000 0.233333 0.266667 0.300000 0.333333 0.366667 0.400000 0.433333 0.466667 0.500000
0.533333 0.566667 0.600000 0.633333 0.666667 0.700000 0.733333 0.766667 0.800000 0.833333 0.866667 0.900000 0.933333</float_array>
        <technique_common>
          <accessor source="#mixamorig_Neck-Matrix-animation-input-array" count="29">
            <param name="TIME" type="float"/>
          </accessor>
        </technique_common>
      </source>
      <source id="mixamorig_Neck-Matrix-animation-output-transform">
        <float_array id="mixamorig_Neck-Matrix-animation-output-transform-array" count="464">

0.970444 0.003170 0.241305 0.000000 0.105265 0.894213 -0.435089 0.104700 -0.217157 0.447631 0.867450 0.000000 0.000000 0.000000 0.000000 1.000000
0.979802 0.013320 0.199526 -0.000000 0.079858 0.888700 -0.451480 0.104700 -0.183333 0.458295 0.869687 0.000000 0.000000 0.000000 0.000000 1.000000
0.989024 0.020645 0.146308 0.000000 0.048348 0.890464 -0.452479 0.104700 -0.139623 0.454586 0.879692 -0.000000 0.000000 0.000000 0.000000 1.000000
0.996560 -0.003619 0.082798 0.000000 0.038844 0.902912 -0.428067 0.104700 -0.073210 0.429811 0.899946 0.000000 0.000000 0.000000 0.000000 1.000000
0.997565 -0.066456 0.021179 0.000000 0.069454 0.918509 -0.389253 0.104700 0.006415 0.389776 0.920887 -0.000000 0.000000 0.000000 0.000000 1.000000
0.990757 -0.133812 -0.022251 -0.000000 0.116802 0.924954 -0.361688 0.104700 0.068979 0.355746 0.932034 0.000000 0.000000 0.000000 0.000000 1.000000
0.985303 -0.165423 -0.042582 0.000000 0.139531 0.923239 -0.357997 0.104700 0.098534 0.346794 0.932751 0.000000 0.000000 0.000000 0.000000 1.000000
0.986394 -0.157050 -0.048605 -0.000000 0.128129 0.919646 -0.371260 0.104700 0.103006 0.359980 0.927256 0.000000 0.000000 0.000000 0.000000 1.000000
0.989795 -0.132952 -0.051282 0.000000 0.102287 0.913440 -0.393909 0.104700 0.099214 0.384644 0.917718 0.000000 0.000000 0.000000 0.000000 1.000000
0.992126 -0.112794 -0.054429 0.000000 0.079149 0.901500 -0.425480 0.104700 0.097060 0.417822 0.903330 0.000000 0.000000 0.000000 0.000000 1.000000
0.993542 -0.098795 -0.055799 -0.000000 0.061921 0.884203 -0.462980 0.104700 0.095077 0.456535 0.884611 0.000000 0.000000 0.000000 0.000000 1.000000
0.994877 -0.086227 -0.052768 0.000000 0.048604 0.865684 -0.498227 0.104700 0.088641 0.493109 0.865440 0.000000 0.000000 0.000000 0.000000 1.000000
0.996292 -0.072975 -0.045567 0.000000 0.038304 0.850500 -0.524578 0.104700 0.077035 0.520888 0.850142 0.000000 0.000000 0.000000 0.000000 1.000000
0.997552 -0.059641 -0.036503 0.000000 0.030498 0.840854 -0.540402 0.104700 0.062924 0.537966 0.840615 -0.000000 0.000000 0.000000 0.000000 1.000000
0.998508 -0.047173 -0.027500 0.000000 0.024443 0.836502 -0.547418 0.104700 0.048827 0.545929 0.836408 -0.000000 0.000000 0.000000 0.000000 1.000000
0.999168 -0.036272 -0.018620 0.000000 0.020131 0.836029 -0.548315 0.104700 0.035455 0.547485 0.836064 -0.000000 0.000000 0.000000 0.000000 1.000000
0.999583 -0.027528 -0.008754 0.000000 0.018299 0.837918 -0.545490 0.104700 0.022352 0.545102 0.838072 0.000000 0.000000 0.000000 0.000000 1.000000
0.999774 -0.021084 0.002685 0.000000 0.019188 0.840990 -0.540711 0.104700 0.009142 0.540640 0.841204 0.000000 0.000000 0.000000 0.000000 1.000000
0.999748 -0.016322 0.015395 0.000000 0.022027 0.844514 -0.535080 0.104700 -0.004268 0.535285 0.844661 0.000000 0.000000 0.000000 0.000000 1.000000
0.999492 -0.012289 0.029420 0.000000 0.025998 0.848306 -0.528868 0.104700 -0.018458 0.529364 0.848194 0.000000 0.000000 0.000000 0.000000 1.000000
0.998898 -0.008328 0.046181 0.000000 0.031217 0.852702 -0.521464 0.104700 -0.035036 0.522331 0.852022 0.000000 0.000000 0.000000 0.000000 1.000000
0.997711 -0.004299 0.067490 0.000000 0.038332 0.858120 -0.512016 0.104700 -0.055713 0.513431 0.856320 0.000000 0.000000 0.000000 0.000000 1.000000
0.995651 -0.000539 0.093155 0.000000 0.047300 0.864411 -0.500556 0.104700 -0.080255 0.502786 0.860678 -0.000000 0.000000 0.000000 0.000000 1.000000
0.992663 0.002473 0.120889 0.000000 0.057270 0.870917 -0.488082 0.104700 -0.106491 0.491424 0.864385 0.000000 0.000000 0.000000 0.000000 1.000000
0.988889 0.004504 0.148585 0.000000 0.067461 0.877091 -0.475563 0.104700 -0.132464 0.480303 0.867042 0.000000 0.000000 0.000000 0.000000 1.000000
0.984520 0.005552 0.175182 0.000000 0.077506 0.882671 -0.463557 0.104700 -0.157201 0.469959 0.868577 0.000000 0.000000 0.000000 0.000000 1.000000
0.979801 0.005629 0.199894 0.000000 0.087230 0.887456 -0.452562 0.104700 -0.179945 0.460857 0.869040 0.000000 0.000000 0.000000 0.000000 1.000000
0.975030 0.004782 0.222023 0.000000 0.096509 0.891301 -0.443021 0.104700 -0.200008 0.453386 0.868584 0.000000 0.000000 0.000000 0.000000 1.000000
0.970444 0.003170 0.241305 -0.000000 0.105265 0.894213 -0.435089 0.104700 -0.217157 0.447631 0.867450 0.000000 0.000000 0.000000 0.000000 1.000000</float_array>
        <technique_common>
          <accessor source="#mixamorig_Neck-Matrix-animation-output-transform-array" count="29" stride="16">
            <param type="float4x4"/>
          </accessor>
        </technique_common>
      </source>
      <source id="mixamorig_Neck-Interpolations">
        <Name_array id="mixamorig_Neck-Interpolations-array" count="29">
 LINEAR LINEAR LINEAR LINEAR LINEAR LINEAR LINEAR LINEAR LINEAR LINEAR LINEAR
LINEAR LINEAR LINEAR LINEAR LINEAR LINEAR LINEAR LINEAR LINEAR LINEAR LINEAR LINEAR
LINEAR LINEAR LINEAR LINEAR LINEAR LINEAR</Name_array>
        <technique_common>
          <accessor source="#mixamorig_Neck-Interpolations-array" count="29">
            <param type="name"/>
          </accessor>
        </technique_common>
      </source>
      <sampler id="mixamorig_Neck-Matrix-animation-transform">
        <input semantic="INPUT" source="#mixamorig_Neck-Matrix-animation-input"/>
        <input semantic="OUTPUT" source="#mixamorig_Neck-Matrix-animation-output-transform"/>
        <input semantic="INTERPOLATION" source="#mixamorig_Neck-Interpolations"/>
      </sampler>
      <channel source="#mixamorig_Neck-Matrix-animation-transform" target="mixamorig_Neck/matrix"/>
      <source id="mixamorig_Head-Matrix-animation-input">
        <float_array id="mixamorig_Head-Matrix-animation-input-array" count="29">

0.000000 0.033333 0.066667 0.100000 0.133333 0.166667 0.200000 0.233333 0.266667 0.300000 0.333333 0.366667 0.400000 0.433333 0.466667 0.500000
0.533333 0.566667 0.600000 0.633333 0.666667 0.700000 0.733333 0.766667 0.800000 0.833333 0.866667 0.900000 0.933333</float_array>
        <technique_common>
          <accessor source="#mixamorig_Head-Matrix-animation-input-array" count="29">
            <param name="TIME" type="float"/>
          </accessor>
        </technique_common>
      </source>
      <source id="mixamorig_Head-Matrix-animation-output-transform">
        <float_array id="mixamorig_Head-Matrix-animation-output-transform-array" count="464">

0.936427 0.167425 0.308340 -0.000000 -0.133097 0.982627 -0.129340 0.087300 -0.324638 0.080079 0.942442 -0.000500 0.000000 0.000000 0.000000 1.000000
0.939531 0.185494 0.287877 0.000000 -0.123547 0.967587 -0.220252 0.087300 -0.319401 0.171367 0.931996 -0.000500 0.000000 0.000000 0.000000 1.000000
0.950672 0.184940 0.249037 0.000000 -0.127540 0.964876 -0.229667 0.087300 -0.282765 0.186576 0.940868 -0.000500 0.000000 0.000000 0.000000 1.000000
0.976998 0.120954 0.175630 0.000000 -0.122156 0.992503 -0.003993 0.087300 -0.174796 -0.017553 0.984448 -0.000500 0.000000 0.000000 0.000000 1.000000
