<?xml version="1.0" encoding="utf-8"?>
<COLLADA xmlns="http://www.collada.org/2005/11/COLLADASchema" version="1.4.1">
  <asset>
    <contributor>
      <author>Mixamo</author>
      <authoring_tool>COLLADA Mixamo exporter</authoring_tool>
      <comments/>
    </contributor>
    <created>2024-05-10T12:20:13Z</created>
    <modified>2024-05-10T12:20:13Z</modified>
    <revision/>
    <title/>
    <unit meter="0.010000"/>
    <up_axis>Y_UP</up_axis>
  </asset>
  <library_animations>
    <animation>
      <source id="Armature.001-Matrix-animation-input">
        <float_array id="Armature.001-Matrix-animation-input-array" count="33">

0.000000 0.033333 0.066667 0.100000 0.133333 0.166667 0.200000 0.233333 0.266667 0.300000 0.333333 0.366667 0.400000 0.433333 0.466667 0.500000
0.533333 0.566667 0.600000 0.633333 0.666667 0.700000 0.733333 0.766667 0.800000 0.833333 0.866667 0.900000 0.933333 0.966667 1.000000 1.033333
1.066667</float_array>
        <technique_common>
          <accessor source="#Armature.001-Matrix-animation-input-array" count="33">
            <param name="TIME" type="float"/>
          </accessor>
        </technique_common>
      </source>
      <source id="Armature.001-Matrix-animation-output-transform">
        <float_array id="Armature.001-Matrix-animation-output-transform-array" count="528">

100.000000 0.000000 0.000000 0.000000 0.000000 0.000000 100.000000 0.000000 0.000000 -100.000000 0.000000 0.000000 0.000000 0.000000 0.000000 1.000000
100.000000 0.000000 0.000000 0.000000 0.000000 0.000000 100.000000 0.000000 0.000000 -100.000000 0.000000 0.000000 0.000000 0.000000 0.000000 1.000000
100.000000 0.000000 0.000000 0.000000 0.000000 0.000000 100.000000 0.000000 0.000000 -100.000000 0.000000 0.000000 0.000000 0.000000 0.000000 1.000000
100.000000 0.000000 0.000000 0.000000 0.000000 0.000000 100.000000 0.000000 0.000000 -100.000000 0.000000 0.000000 0.000000 0.000000 0.000000 1.000000
100.000000 0.000000 0.000000 0.000000 0.000000 0.000000 100.000000 0.000000 0.000000 -100.000000 0.000000 0.000000 0.000000 0.000000 0.000000 1.000000
100.000000 0.000000 0.000000 0.000000 0.000000 0.000000 100.000000 0.000000 0.000000 -100.000000 0.000000 0.000000 0.000000 0.000000 0.000000 1.000000
100.000000 0.000000 0.000000 0.000000 0.000000 0.000000 100.000000 0.000000 0.000000 -100.000000 0.000000 0.000000 0.000000 0.000000 0.000000 1.000000
100.000000 0.000000 0.000000 0.000000 0.000000 0.000000 100.000000 0.000000 0.000000 -100.000000 0.000000 0.000000 0.000000 0.000000 0.000000 1.000000
100.000000 0.000000 0.000000 0.000000 0.000000 0.000000 100.000000 0.000000 0.000000 -100.000000 0.000000 0.000000 0.000000 0.000000 0.000000 1.000000
100.000000 0.000000 0.000000 0.000000 0.000000 0.000000 100.000000 0.000000 0.000000 -100.000000 0.000000 0.000000 0.000000 0.000000 0.000000 1.000000
100.000000 0.000000 0.000000 0.000000 0.000000 0.000000 100.000000 0.000000 0.000000 -100.000000 0.000000 0.000000 0.000000 0.000000 0.000000 1.000000
100.000000 0.000000 0.000000 0.000000 0.000000 0.000000 100.000000 0.000000 0.000000 -100.000000 0.000000 0.000000 0.000000 0.000000 0.000000 1.000000
100.000000 0.000000 0.000000 0.000000 0.000000 0.000000 100.000000 0.000000 0.000000 -100.000000 0.000000 0.000000 0.000000 0.000000 0.000000 1.000000
100.000000 0.000000 0.000000 0.000000 0.000000 0.000000 100.000000 0.000000 0.000000 -100.000000 0.000000 0.000000 0.000000 0.000000 0.000000 1.000000
100.000000 0.000000 0.000000 0.000000 0.000000 0.000000 100.000000 0.000000 0.000000 -100.000000 0.000000 0.000000 0.000000 0.000000 0.000000 1.000000
100.000000 0.000000 0.000000 0.000000 0.000000 0.000000 100.000000 0.000000 0.000000 -100.000000 0.000000 0.000000 0.000000 0.000000 0.000000 1.000000
100.000000 0.000000 0.000000 0.000000 0.000000 0.000000 100.000000 0.000000 0.000000 -100.000000 0.000000 0.000000 0.000000 0.000000 0.000000 1.000000
100.000000 0.000000 0.000000 0.000000 0.000000 0.000000 100.000000 0.000000 0.000000 -100.000000 0.000000 0.000000 0.000000 0.000000 0.000000 1.000000
100.000000 0.000000 0.000000 0.000000 0.000000 0.000000 100.000000 0.000000 0.000000 -100.000000 0.000000 0.000000 0.000000 0.000000 0.000000 1.000000
100.000000 0.000000 0.000000 0.000000 0.000000 0.000000 100.000000 0.000000 0.000000 -100.000000 0.000000 0.000000 0.000000 0.000000 0.000000 1.000000
100.000000 0.000000 0.000000 0.000000 0.000000 0.000000 100.000000 0.000000 0.000000 -100.000000 0.000000 0.000000 0.000000 0.000000 0.000000 1.000000
100.000000 0.000000 0.000000 0.000000 0.000000 0.000000 100.000000 0.000000 0.000000 -100.000000 0.000000 0.000000 0.000000 0.000000 0.000000 1.000000
100.000000 0.000000 0.000000 0.000000 0.000000 0.000000 100.000000 0.000000 0.000000 -100.000000 0.000000 0.000000 0.000000 0.000000 0.000000 1.000000
100.000000 0.000000 0.000000 0.000000 0.000000 0.000000 100.000000 0.000000 0.000000 -100.000000 0.000000 0.000000 0.000000 0.000000 0.000000 1.000000
100.000000 0.000000 0.000000 0.000000 0.000000 0.000000 100.000000 0.000000 0.000000 -100.000000 0.000000 0.000000 0.000000 0.000000 0.000000 1.000000
100.000000 0.000000 0.000000 0.000000 0.000000 0.000000 100.000000 0.000000 0.000000 -100.000000 0.000000 0.000000 0.000000 0.000000 0.000000 1.000000
100.000000 0.000000 0.000000 0.000000 0.000000 0.000000 100.000000 0.000000 0.000000 -100.000000 0.000000 0.000000 0.000000 0.000000 0.000000 1.000000
100.000000 0.000000 0.000000 0.000000 0.000000 0.000000 100.000000 0.000000 0.000000 -100.000000 0.000000 0.000000 0.000000 0.000000 0.000000 1.000000
100.000000 0.000000 0.000000 0.000000 0.000000 0.000000 100.000000 0.000000 0.000000 -100.000000 0.000000 0.000000 0.000000 0.000000 0.000000 1.000000
100.000000 0.000000 0.000000 0.000000 0.000000 0.000000 100.000000 0.000000 0.000000 -100.000000 0.000000 0.000000 0.000000 0.000000 0.000000 1.000000
100.000000 0.000000 0.000000 0.000000 0.000000 0.000000 100.000000 0.000000 0.000000 -100.000000 0.000000 0.000000 0.000000 0.000000 0.000000 1.000000
100.000000 0.000000 0.000000 0.000000 0.000000 0.000000 100.000000 0.000000 0.000000 -100.000000 0.000000 0.000000 0.000000 0.000000 0.000000 1.000000
100.000000 0.000000 0.000000 0.000000 0.000000 0.000000 100.000000 0.000000 0.000000 -100.000000 0.000000 0.000000 0.000000 0.000000 0.000000 1.000000</float_array>
        <technique_common>
          <accessor source="#Armature.001-Matrix-animation-output-transform-array" count="33" stride="16">
            <param type="float4x4"/>
          </accessor>
        </technique_common>
      </source>
      <source id="Armature.001-Interpolations">
        <Name_array id="Armature.001-Interpolations-array" count="33">
 LINEAR LINEAR LINEAR LINEAR LINEAR LINEAR LINEAR LINEAR LINEAR LINEAR LINEAR
LINEAR LINEAR LINEAR LINEAR LINEAR LINEAR LINEAR LINEAR LINEAR LINEAR LINEAR LINEAR
LINEAR LINEAR LINEAR LINEAR LINEAR LINEAR LINEAR LINEAR LINEAR LINEAR</Name_array>
        <technique_common>
          <accessor source="#Armature.001-Interpolations-array" count="33">
            <param type="name"/>
          </accessor>
        </technique_common>
      </source>
      <sampler id="Armature.001-Matrix-animation-transform">
        <input semantic="INPUT" source="#Armature.001-Matrix-animation-input"/>
        <input semantic="OUTPUT" source="#Armature.001-Matrix-animation-output-transform"/>
        <input semantic="INTERPOLATION" source="#Armature.001-Interpolations"/>
      </sampler>
      <channel source="#Armature.001-Matrix-animation-transform" target="Armature.001/matrix"/>
      <source id="mixamorig_Hips-Matrix-animation-input">
        <float_array id="mixamorig_Hips-Matrix-animation-input-array" count="33">

0.000000 0.033333 0.066667 0.100000 0.133333 0.166667 0.200000 0.233333 0.266667 0.300000 0.333333 0.366667 0.400000 0.433333 0.466667 0.500000
0.533333 0.566667 0.600000 0.633333 0.666667 0.700000 0.733333 0.766667 0.800000 0.833333 0.866667 0.900000 0.933333 0.966667 1.000000 1.033333
1.066667</float_array>
        <technique_common>
          <accessor source="#mixamorig_Hips-Matrix-animation-input-array" count="33">
            <param name="TIME" type="float"/>
          </accessor>
        </technique_common>
      </source>
      <source id="mixamorig_Hips-Matrix-animation-output-transform">
        <float_array id="mixamorig_Hips-Matrix-animation-output-transform-array" count="528">

0.690791 0.000452 -0.723055 0.006427 -0.719909 0.093611 -0.687727 0.006908 0.067376 0.995609 0.064991 0.794401 0.000000 0.000000 0.000000 1.000000
0.664159 0.000459 -0.747591 0.005561 -0.744281 0.094402 -0.661161 0.006111 0.070270 0.995534 0.063040 0.805573 0.000000 0.000000 0.000000 1.000000
0.640597 -0.011309 -0.767794 0.002219 -0.764873 0.078957 -0.639323 0.000111 0.067853 0.996814 0.041930 0.823249 0.000000 0.000000 0.000000 1.000000
0.617072 -0.020084 -0.786650 -0.001802 -0.783832 0.072589 -0.616715 -0.009654 0.069489 0.997160 0.029050 0.842092 0.000000 0.000000 0.000000 1.000000
0.594163 -0.016201 -0.804182 -0.003600 -0.799942 0.092563 -0.592895 -0.018439 0.084043 0.995575 0.042038 0.854069 0.000000 0.000000 0.000000 1.000000
0.584736 -0.006024 -0.811201 -0.002943 -0.804227 0.126746 -0.580650 -0.024758 0.106315 0.991917 0.069269 0.856461 0.000000 0.000000 0.000000 1.000000
0.589646 0.003141 -0.807656 -0.001226 -0.797267 0.162185 -0.581430 -0.029093 0.129163 0.986755 0.098136 0.853039 0.000000 0.000000 0.000000 1.000000
0.597534 0.009165 -0.801791 0.000606 -0.787525 0.194830 -0.584676 -0.030270 0.150854 0.980794 0.123636 0.847783 0.000000 0.000000 0.000000 1.000000
0.608718 0.008623 -0.793340 0.001664 -0.775542 0.217353 -0.592699 -0.027800 0.167324 0.976055 0.138995 0.840864 0.000000 0.000000 0.000000 1.000000
0.625574 0.001718 -0.780163 0.001378 -0.760452 0.224715 -0.609275 -0.023140 0.174268 0.974423 0.141883 0.833088 0.000000 0.000000 0.000000 1.000000
0.645732 -0.006010 -0.763540 0.000410 -0.744245 0.218559 -0.631135 -0.017610 0.170672 0.975805 0.136658 0.825323 0.000000 0.000000 0.000000 1.000000
0.663063 -0.010446 -0.748491 -0.000004 -0.731325 0.204313 -0.650708 -0.011690 0.159724 0.978850 0.127833 0.817967 0.000000 0.000000 0.000000 1.000000
0.674800 -0.012762 -0.737891 0.000462 -0.723379 0.186608 -0.664756 -0.005800 0.146180 0.982352 0.116691 0.811287 0.000000 0.000000 0.000000 1.000000
0.684325 -0.015496 -0.729012 0.001101 -0.716904 0.168360 -0.676538 -0.000450 0.133220 0.985604 0.104103 0.805622 0.000000 0.000000 0.000000 1.000000
0.695354 -0.018216 -0.718436 0.001371 -0.708331 0.151566 -0.689417 0.004000 0.121449 0.988279 0.092489 0.801310 0.000000 0.000000 0.000000 1.000000
0.706394 -0.018623 -0.707573 0.001454 -0.699205 0.137113 -0.701649 0.007276 0.110084 0.990380 0.083834 0.798496 0.000000 0.000000 0.000000 1.000000
0.713176 -0.016323 -0.700795 0.001630 -0.693963 0.124712 -0.709128 0.009120 0.098973 0.992059 0.077614 0.797043 0.000000 0.000000 0.000000 1.000000
0.713308 -0.013127 -0.700728 0.001825 -0.695130 0.114243 -0.709749 0.009524 0.089370 0.993366 0.072365 0.796753 0.000000 0.000000 0.000000 1.000000
0.708177 -0.010359 -0.705959 0.001945 -0.701238 0.106044 -0.704996 0.008878 0.082166 0.994307 0.067834 0.797123 0.000000 0.000000 0.000000 1.000000
0.701838 -0.007890 -0.712292 0.002174 -0.708212 0.099714 -0.698923 0.007723 0.076540 0.994985 0.064395 0.797088 0.000000 0.000000 0.000000 1.000000
0.695392 -0.005008 -0.718613 0.002727 -0.715017 0.095327 -0.692577 0.006426 0.071971 0.995433 0.062709 0.796813 0.000000 0.000000 0.000000 1.000000
0.689708 -0.002141 -0.724084 0.003518 -0.720836 0.092631 -0.686888 0.005231 0.068543 0.995698 0.062345 0.796422 0.000000 0.000000 0.000000 1.000000
0.685808 -0.000167 -0.727783 0.004307 -0.724734 0.091286 -0.682955 0.004485 0.066551 0.995825 0.062483 0.795908 0.000000 0.000000 0.000000 1.000000
0.684675 0.000616 -0.728848 0.005019 -0.725868 0.090919 -0.681798 0.004548 0.065847 0.995858 0.062697 0.795284 0.000000 0.000000 0.000000 1.000000
0.685207 0.000752 -0.728348 0.005480 -0.725367 0.091090 -0.682308 0.004951 0.065832 0.995842 0.062961 0.794869 0.000000 0.000000 0.000000 1.000000
0.686019 0.000783 -0.727583 0.005757 -0.724588 0.091387 -0.683097 0.005317 0.065957 0.995815 0.063260 0.794657 0.000000 0.000000 0.000000 1.000000
0.686854 0.000770 -0.726795 0.005966 -0.723778 0.091758 -0.683905 0.005647 0.066162 0.995781 0.063582 0.794519 0.000000 0.000000 0.000000 1.000000
0.687708 0.000727 -0.725987 0.006111 -0.722944 0.092164 -0.684732 0.005945 0.066412 0.995744 0.063908 0.794446 0.000000 0.000000 0.000000 1.000000
0.688542 0.000665 -0.725196 0.006210 -0.722124 0.092579 -0.685541 0.006213 0.066682 0.995705 0.064225 0.794420 0.000000 0.000000 0.000000 1.000000
0.689319 0.000595 -0.724458 0.006278 -0.721358 0.092976 -0.686293 0.006448 0.066949 0.995668 0.064519 0.794419 0.000000 0.000000 0.000000 1.000000
0.690000 0.000531 -0.723809 0.006332 -0.720684 0.093327 -0.686953 0.006652 0.067186 0.995635 0.064778 0.794424 0.000000 0.000000 0.000000 1.000000
0.690563 0.000485 -0.723272 0.006394 -0.720128 0.093608 -0.687498 0.006829 0.067371 0.995609 0.064991 0.794412 0.000000 0.000000 0.000000 1.000000
0.690791 0.000452 -0.723055 0.006427 -0.719909 0.093611 -0.687727 0.006908 0.067376 0.995609 0.064991 0.794401 0.000000 0.000000 0.000000 1.000000</float_array>
        <technique_common>
          <accessor source="#mixamorig_Hips-Matrix-animation-output-transform-array" count="33" stride="16">
            <param type="float4x4"/>
          </accessor>
        </technique_common>
      </source>
      <source id="mixamorig_Hips-Interpolations">
        <Name_array id="mixamorig_Hips-Interpolations-array" count="33">
 LINEAR LINEAR LINEAR LINEAR LINEAR LINEAR LINEAR LINEAR LINEAR LINEAR LINEAR
LINEAR LINEAR LINEAR LINEAR LINEAR LINEAR LINEAR LINEAR LINEAR LINEAR LINEAR LINEAR
LINEAR LINEAR LINEAR LINEAR LINEAR LINEAR LINEAR LINEAR LINEAR LINEAR</Name_array>
        <technique_common>
          <accessor source="#mixamorig_Hips-Interpolations-array" count="33">
            <param type="name"/>
          </accessor>
        </technique_common>
      </source>
      <sampler id="mixamorig_Hips-Matrix-animation-transform">
        <input semantic="INPUT" source="#mixamorig_Hips-Matrix-animation-input"/>
        <input semantic="OUTPUT" source="#mixamorig_Hips-Matrix-animation-output-transform"/>
        <input semantic="INTERPOLATION" source="#mixamorig_Hips-Interpolations"/>
      </sampler>
      <channel source="#mixamorig_Hips-Matrix-animation-transform" target="mixamorig_Hips/matrix"/>
      <source id="mixamorig_Spine-Matrix-animation-input">
        <float_array id="mixamorig_Spine-Matrix-animation-input-array" count="33">

0.000000 0.033333 0.066667 0.100000 0.133333 0.166667 0.200000 0.233333 0.266667 0.300000 0.333333 0.366667 0.400000 0.433333 0.466667 0.500000
0.533333 0.566667 0.600000 0.633333 0.666667 0.700000 0.733333 0.766667 0.800000 0.833333 0.866667 0.900000 0.933333 0.966667 1.000000 1.033333
1.066667</float_array>
        <technique_common>
          <accessor source="#mixamorig_Spine-Matrix-animation-input-array" count="33">
            <param name="TIME" type="float"/>
          </accessor>
        </technique_common>
      </source>
      <source id="mixamorig_Spine-Matrix-animation-output-transform">
        <float_array id="mixamorig_Spine-Matrix-animation-output-transform-array" count="528">

0.991537 0.016945 0.128712 0.000000 -0.010800 0.998775 -0.048289 0.069300 -0.129372 0.046490 0.990506 -0.008100 0.000000 0.000000 0.000000 1.000000
0.994181 0.018604 0.106104 0.000000 -0.015588 0.999453 -0.029182 0.069300 -0.106589 0.027358 0.993927 -0.008100 0.000000 0.000000 0.000000 1.000000
0.995622 0.015087 0.092248 0.000000 -0.015827 0.999848 0.007303 0.069300 -0.092124 -0.008731 0.995709 -0.008100 0.000000 0.000000 0.000000 1.000000
0.996452 0.009082 0.083667 0.000000 -0.012519 0.999095 0.040653 0.069300 -0.083222 -0.041556 0.995664 -0.008100 0.000000 0.000000 0.000000 1.000000
0.997354 0.000469 0.072696 0.000000 -0.004457 0.998492 0.054711 0.069300 -0.072561 -0.054890 0.995852 -0.008100 0.000000 0.000000 0.000000 1.000000
0.997691 -0.014219 0.066411 0.000000 0.010756 0.998578 0.052211 0.069300 -0.067059 -0.051376 0.996425 -0.008100 0.000000 0.000000 0.000000 1.000000
0.997071 -0.030753 0.070027 0.000000 0.027942 0.998778 0.040771 0.069300 -0.071195 -0.038695 0.996712 -0.008100 0.000000 0.000000 0.000000 1.000000
0.996464 -0.040104 0.073833 -0.000000 0.038267 0.998926 0.026128 0.069300 -0.074802 -0.023211 0.996928 -0.008100 0.000000 0.000000 0.000000 1.000000
0.996690 -0.042001 0.069605 0.000000 0.041043 0.999043 0.015146 0.069300 -0.070175 -0.012239 0.997460 -0.008100 0.000000 0.000000 0.000000 1.000000
0.997520 -0.042388 0.056182 -0.000000 0.041736 0.999048 0.012731 0.069300 -0.056668 -0.010355 0.998339 -0.008100 0.000000 0.000000 0.000000 1.000000
0.998138 -0.044406 0.041806 0.000000 0.043836 0.998934 0.014440 0.069300 -0.042403 -0.012580 0.999021 -0.008100 0.000000 0.000000 0.000000 1.000000
0.998362 -0.045689 0.034444 0.000000 0.045261 0.998889 0.013100 0.069300 -0.035004 -0.011520 0.999321 -0.008100 0.000000 0.000000 0.000000 1.000000
0.998509 -0.043003 0.033629 0.000000 0.042772 0.999056 0.007559 0.069300 -0.033922 -0.006110 0.999406 -0.008100 0.000000 0.000000 0.000000 1.000000
0.998793 -0.035717 0.033709 0.000000 0.035696 0.999362 0.001234 0.069300 -0.033731 -0.000029 0.999431 -0.008100 0.000000 0.000000 0.000000 1.000000
0.999172 -0.025463 0.031736 0.000000 0.025602 0.999664 -0.003977 0.069300 -0.031624 0.004786 0.999488 -0.008100 0.000000 0.000000 0.000000 1.000000
0.999457 -0.014528 0.029586 -0.000000 0.014798 0.999851 -0.008905 0.069300 -0.029453 0.009338 0.999523 -0.008100 0.000000 0.000000 0.000000 1.000000
0.999565 -0.004318 0.029183 -0.000000 0.004715 0.999897 -0.013553 0.069300 -0.029121 0.013685 0.999482 -0.008100 0.000000 0.000000 0.000000 1.000000
0.999530 0.005084 0.030247 0.000000 -0.004590 0.999855 -0.016375 0.069300 -0.030326 0.016228 0.999408 -0.008100 0.000000 0.000000 0.000000 1.000000
0.999369 0.013957 0.032668 0.000000 -0.013407 0.999765 -0.017010 0.069300 -0.032898 0.016562 0.999321 -0.008100 0.000000 0.000000 0.000000 1.000000
0.999046 0.021801 0.037828 0.000000 -0.021173 0.999632 -0.016945 0.069300 -0.038184 0.016128 0.999141 -0.008100 0.000000 0.000000 0.000000 1.000000
0.998535 0.027605 0.046547 0.000000 -0.026817 0.999488 -0.017464 0.069300 -0.047005 0.016190 0.998763 -0.008100 0.000000 0.000000 0.000000 1.000000
0.997874 0.030963 0.057355 0.000000 -0.029938 0.999378 -0.018653 0.069300 -0.057897 0.016896 0.998180 -0.008100 0.000000 0.000000 0.000000 1.000000
0.997192 0.032290 0.067565 0.000000 -0.030987 0.999315 -0.020242 0.069300 -0.068172 0.018091 0.997510 -0.008100 0.000000 0.000000 0.000000 1.000000
0.996632 0.032052 0.075475 0.000000 -0.030443 0.999286 -0.022374 0.069300 -0.076138 0.020001 0.996897 -0.008100 0.000000 0.000000 0.000000 1.000000
0.996160 0.030765 0.081973 0.000000 -0.028789 0.999268 -0.025174 0.069300 -0.082688 0.022717 0.996317 -0.008100 0.000000 0.000000 0.000000 1.000000
0.995673 0.029063 0.088265 0.000000 -0.026663 0.999245 -0.028258 0.069300 -0.089019 0.025782 0.995696 -0.008100 0.000000 0.000000 0.000000 1.000000
0.995150 0.027257 0.094521 0.000000 -0.024384 0.999209 -0.031414 0.069300 -0.095302 0.028957 0.995027 -0.008100 0.000000 0.000000 0.000000 1.000000
0.994596 0.025373 0.100673 0.000000 -0.021988 0.999160 -0.034589 0.069300 -0.101466 0.032188 0.994318 -0.008100 0.000000 0.000000 0.000000 1.000000
0.994016 0.023463 0.106682 0.000000 -0.019535 0.999097 -0.037719 0.069300 -0.107471 0.035409 0.993577 -0.008100 0.000000 0.000000 0.000000 1.000000
0.993416 0.021587 0.112511 -0.000000 -0.017095 0.999024 -0.040738 0.069300 -0.113280 0.038546 0.992815 -0.008100 0.000000 0.000000 0.000000 1.000000
0.992801 0.019803 0.118123 -0.000000 -0.014741 0.998941 -0.043579 0.069300 -0.118861 0.041524 0.992042 -0.008100 0.000000 0.000000 0.000000 1.000000
0.992179 0.018278 0.123482 0.000000 -0.012669 0.998859 -0.046054 0.069300 -0.124182 0.044129 0.991278 -0.008100 0.000000 0.000000 0.000000 1.000000
0.991537 0.016945 0.128712 0.000000 -0.010800 0.998775 -0.048289 0.069300 -0.129372 0.046490 0.990506 -0.008100 0.000000 0.000000 0.000000 1.000000</float_array>
        <technique_common>
          <accessor source="#mixamorig_Spine-Matrix-animation-output-transform-array" count="33" stride="16">
            <param type="float4x4"/>
          </accessor>
        </technique_common>
      </source>
      <source id="mixamorig_Spine-Interpolations">
        <Name_array id="mixamorig_Spine-Interpolations-array" count="33">
 LINEAR LINEAR LINEAR LINEAR LINEAR LINEAR LINEAR LINEAR LINEAR LINEAR LINEAR
LINEAR LINEAR LINEAR LINEAR LINEAR LINEAR LINEAR LINEAR LINEAR LINEAR LINEAR LINEAR
LINEAR LINEAR LINEAR LINEAR LINEAR LINEAR LINEAR LINEAR LINEAR LINEAR</Name_array>
        <technique_common>
          <accessor source="#mixamorig_Spine-Interpolations-array" count="33">
            <param type="name"/>
          </accessor>
        </technique_common>
      </source>
      <sampler id="mixamorig_Spine-Matrix-animation-transform">
        <input semantic="INPUT" source="#mixamorig_Spine-Matrix-animation-input"/>
        <input semantic="OUTPUT" source="#mixamorig_Spine-Matrix-animation-output-transform"/>
        <input semantic="INTERPOLATION" source="#mixamorig_Spine-Interpolations"/>
      </sampler>
      <channel source="#mixamorig_Spine-Matrix-animation-transform" target="mixamorig_Spine/matrix"/>
      <source id="mixamorig_Spine1-Matrix-animation-input">
        <float_array id="mixamorig_Spine1-Matrix-animation-input-array" count="33">

0.000000 0.033333 0.066667 0.100000 0.133333 0.166667 0.200000 0.233333 0.266667 0.300000 0.333333 0.366667 0.400000 0.433333 0.466667 0.500000
0.533333 0.566667 0.600000 0.633333 0.666667 0.700000 0.733333 0.766667 0.800000 0.833333 0.866667 0.900000 0.933333 0.966667 1.000000 1.033333
1.066667</float_array>
        <technique_common>
          <accessor source="#mixamorig_Spine1-Matrix-animation-input-array" count="33">
            <param name="TIME" type="float"/>
          </accessor>
        </technique_common>
      </source>
      <source id="mixamorig_Spine1-Matrix-animation-output-transform">
        <float_array id="mixamorig_Spine1-Matrix-animation-output-transform-array" count="528">

0.999723 0.013875 0.019007 0.000000 -0.013141 0.999185 -0.038166 0.081400 -0.019521 0.037905 0.999091 0.000000 0.000000 0.000000 0.000000 1.000000
0.999388 0.025881 0.023518 0.000000 -0.024066 0.996935 -0.074445 0.081400 -0.025373 0.073833 0.996948 0.000000 0.000000 0.000000 0.000000 1.000000
0.998783 0.032829 0.036813 0.000000 -0.028842 0.994154 -0.104045 0.081400 -0.040013 0.102856 0.993891 -0.000000 0.000000 0.000000 0.000000 1.000000
0.997792 0.038974 0.053778 -0.000000 -0.031498 0.990554 -0.133457 0.081400 -0.058472 0.131469 0.989594 0.000000 0.000000 0.000000 0.000000 1.000000
0.996935 0.043792 0.064832 0.000000 -0.032546 0.985699 -0.165342 0.081400 -0.071146 0.162725 0.984103 -0.000000 0.000000 0.000000 0.000000 1.000000
0.996754 0.040264 0.069719 0.000000 -0.026614 0.982063 -0.186664 0.081400 -0.075984 0.184202 0.979947 -0.000000 0.000000 0.000000 0.000000 1.000000
0.996732 0.032011 0.074167 0.000000 -0.016716 0.979995 -0.198320 0.081400 -0.079032 0.196432 0.977327 -0.000000 0.000000 0.000000 0.000000 1.000000
0.996516 0.029081 0.078172 0.000000 -0.011861 0.977132 -0.212302 0.081400 -0.082559 0.210635 0.974072 0.000000 0.000000 0.000000 0.000000 1.000000
0.996641 0.030246 0.076102 0.000000 -0.012544 0.974713 -0.223109 0.081400 -0.080925 0.221405 0.971818 0.000000 0.000000 0.000000 0.000000 1.000000
0.997259 0.030585 0.067376 0.000000 -0.014571 0.973917 -0.226437 0.081400 -0.072544 0.224835 0.971693 0.000000 0.000000 0.000000 0.000000 1.000000
0.997898 0.029128 0.057887 0.000000 -0.015338 0.974070 -0.225726 0.081400 -0.062961 0.224364 0.972469 0.000000 0.000000 0.000000 0.000000 1.000000
0.998187 0.028614 0.052954 0.000000 -0.015903 0.973887 -0.226476 0.081400 -0.058051 0.225223 0.972576 0.000000 0.000000 0.000000 0.000000 1.000000
0.998190 0.030757 0.051676 0.000000 -0.018137 0.973274 -0.228929 0.081400 -0.057336 0.227577 0.972070 0.000000 0.000000 0.000000 0.000000 1.000000
0.998140 0.035273 0.049731 0.000000 -0.022925 0.972931 -0.229955 0.081400 -0.056496 0.228387 0.971930 0.000000 0.000000 0.000000 0.000000 1.000000
0.998116 0.041259 0.045402 0.000000 -0.029824 0.973059 -0.228619 0.081400 -0.053611 0.226834 0.972457 0.000000 0.000000 0.000000 0.000000 1.000000
0.998072 0.047215 0.040292 0.000000 -0.036949 0.973531 -0.225550 0.081400 -0.049874 0.223626 0.973398 0.000000 0.000000 0.000000 0.000000 1.000000
0.998003 0.051964 0.035906 -0.000000 -0.042794 0.974397 -0.220725 0.081400 -0.046457 0.218747 0.974675 0.000000 0.000000 0.000000 0.000000 1.000000
0.997934 0.055621 0.032150 -0.000000 -0.047516 0.975825 -0.213327 0.081400 -0.043238 0.211359 0.976452 0.000000 0.000000 0.000000 0.000000 1.000000
0.997846 0.058839 0.028999 0.000000 -0.051745 0.977743 -0.203327 0.081400 -0.040317 0.201389 0.978681 0.000000 0.000000 0.000000 0.000000 1.000000
0.997735 0.061417 0.027456 0.000000 -0.055042 0.979897 -0.191763 0.081400 -0.038682 0.189817 0.981057 0.000000 0.000000 0.000000 0.000000 1.000000
0.997650 0.062461 0.028157 -0.000000 -0.056419 0.982117 -0.179622 0.081400 -0.038873 0.177611 0.983333 0.000000 0.000000 0.000000 0.000000 1.000000
0.997648 0.061571 0.030136 -0.000000 -0.055699 0.984347 -0.167211 0.081400 -0.039959 0.165139 0.985460 -0.000000 0.000000 0.000000 0.000000 1.000000
0.997757 0.059036 0.031570 0.000000 -0.053483 0.986539 -0.154532 0.081400 -0.040268 0.152497 0.987483 0.000000 0.000000 0.000000 0.000000 1.000000
0.997985 0.055189 0.031318 0.000000 -0.050220 0.988616 -0.141833 0.081400 -0.038789 0.139974 0.989395 0.000000 0.000000 0.000000 0.000000 1.000000
0.998271 0.050531 0.030020 0.000000 -0.046248 0.990515 -0.129385 0.081400 -0.036273 0.127773 0.991140 0.000000 0.000000 0.000000 0.000000 1.000000
0.998548 0.045689 0.028545 0.000000 -0.042056 0.992240 -0.117011 0.081400 -0.033669 0.115641 0.992720 0.000000 0.000000 0.000000 0.000000 1.000000
0.998802 0.040776 0.027036 -0.000000 -0.037737 0.993788 -0.104695 0.081400 -0.031137 0.103550 0.994137 0.000000 0.000000 0.000000 0.000000 1.000000
0.999032 0.035840 0.025504 0.000000 -0.033337 0.995146 -0.092588 0.081400 -0.028698 0.091648 0.995378 -0.000000 0.000000 0.000000 0.000000 1.000000
0.999232 0.030974 0.023983 -0.000000 -0.028944 0.996312 -0.080779 0.081400 -0.026397 0.080022 0.996443 0.000000 0.000000 0.000000 0.000000 1.000000
0.999402 0.026249 0.022510 0.000000 -0.024631 0.997287 -0.069361 0.081400 -0.024269 0.068765 0.997338 0.000000 0.000000 0.000000 0.000000 1.000000
0.999539 0.021788 0.021129 0.000000 -0.020522 0.998081 -0.058426 0.081400 -0.022361 0.057966 0.998068 -0.000000 0.000000 0.000000 0.000000 1.000000
0.999644 0.017710 0.019952 0.000000 -0.016737 0.998711 -0.047910 0.081400 -0.020775 0.047559 0.998652 -0.000000 0.000000 0.000000 0.000000 1.000000
0.999723 0.013875 0.019007 0.000000 -0.013141 0.999185 -0.038166 0.081400 -0.019521 0.037905 0.999091 0.000000 0.000000 0.000000 0.000000 1.000000</float_array>
        <technique_common>
          <accessor source="#mixamorig_Spine1-Matrix-animation-output-transform-array" count="33" stride="16">
            <param type="float4x4"/>
          </accessor>
        </technique_common>
      </source>
      <source id="mixamorig_Spine1-Interpolations">
        <Name_array id="mixamorig_Spine1-Interpolations-array" count="33">
 LINEAR LINEAR LINEAR LINEAR LINEAR LINEAR LINEAR LINEAR LINEAR LINEAR LINEAR
LINEAR LINEAR LINEAR LINEAR LINEAR LINEAR LINEAR LINEAR LINEAR LINEAR LINEAR LINEAR
LINEAR LINEAR LINEAR LINEAR LINEAR LINEAR LINEAR LINEAR LINEAR LINEAR</Name_array>
        <technique_common>
          <accessor source="#mixamorig_Spine1-Interpolations-array" count="33">
            <param type="name"/>
          </accessor>
        </technique_common>
      </source>
      <sampler id="mixamorig_Spine1-Matrix-animation-transform">
        <input semantic="INPUT" source="#mixamorig_Spine1-Matrix-animation-input"/>
        <input semantic="OUTPUT" source="#mixamorig_Spine1-Matrix-animation-output-transform"/>
        <input semantic="INTERPOLATION" source="#mixamorig_Spine1-Interpolations"/>
      </sampler>
      <channel source="#mixamorig_Spine1-Matrix-animation-transform" target="mixamorig_Spine1/matrix"/>
      <source id="mixamorig_Spine2-Matrix-animation-input">
        <float_array id="mixamorig_Spine2-Matrix-animation-input-array" count="33">

0.000000 0.033333 0.066667 0.100000 0.133333 0.166667 0.200000 0.233333 0.266667 0.300000 0.333333 0.366667 0.400000 0.433333 0.466667 0.500000
0.533333 0.566667 0.600000 0.633333 0.666667 0.700000 0.733333 0.766667 0.800000 0.833333 0.866667 0.900000 0.933333 0.966667 1.000000 1.033333
1.066667</float_array>
        <technique_common>
          <accessor source="#mixamorig_Spine2-Matrix-animation-input-array" count="33">
            <param name="TIME" type="float"/>
          </accessor>
        </technique_common>
      </source>
      <source id="mixamorig_Spine2-Matrix-animation-output-transform">
        <float_array id="mixamorig_Spine2-Matrix-animation-output-transform-array" count="528">

0.999731 0.013517 0.018840 0.000000 -0.012785 0.999180 -0.038422 0.093100 -0.019344 0.038171 0.999084 0.000000 0.000000 0.000000 0.000000 1.000000
0.999404 0.025464 0.023308 0.000000 -0.023659 0.996927 -0.074682 0.093100 -0.025138 0.074086 0.996935 0.000000 0.000000 0.000000 0.000000 1.000000
0.998825 0.032153 0.036263 -0.000000 -0.028214 0.994142 -0.104336 0.093100 -0.039406 0.103191 0.993881 0.000000 0.000000 0.000000 0.000000 1.000000
0.997874 0.037988 0.052959 0.000000 -0.030607 0.990536 -0.133798 0.093100 -0.057540 0.131892 0.989593 0.000000 0.000000 0.000000 0.000000 1.000000
0.997044 0.042671 0.063888 0.000000 -0.031567 0.985671 -0.165698 0.093100 -0.070043 0.163191 0.984105 0.000000 0.000000 0.000000 0.000000 1.000000
0.996871 0.039150 0.068670 0.000000 -0.025680 0.982012 -0.187064 0.093100 -0.074758 0.184715 0.979945 0.000000 0.000000 0.000000 0.000000 1.000000
0.996846 0.030995 0.073062 0.000000 -0.015899 0.979914 -0.198784 0.093100 -0.077756 0.196995 0.977316 0.000000 0.000000 0.000000 0.000000 1.000000
0.996618 0.028281 0.077151 0.000000 -0.011253 0.977033 -0.212790 0.093100 -0.081397 0.211203 0.974047 0.000000 0.000000 0.000000 0.000000 1.000000
0.996726 0.029694 0.075205 0.000000 -0.012164 0.974605 -0.223600 0.093100 -0.079935 0.221953 0.971775 0.000000 0.000000 0.000000 0.000000 1.000000
0.997329 0.030193 0.066515 0.000000 -0.014344 0.973801 -0.226951 0.093100 -0.071624 0.225390 0.971632 0.000000 0.000000 0.000000 0.000000 1.000000
0.997959 0.028825 0.056989 0.000000 -0.015210 0.973945 -0.226275 0.093100 -0.062027 0.224946 0.972395 0.000000 0.000000 0.000000 0.000000 1.000000
0.998242 0.028331 0.052054 0.000000 -0.015797 0.973758 -0.227035 0.093100 -0.057120 0.225814 0.972494 0.000000 0.000000 0.000000 0.000000 1.000000
0.998241 0.030524 0.050832 0.000000 -0.018072 0.973149 -0.229464 0.093100 -0.056471 0.228141 0.971989 0.000000 0.000000 0.000000 0.000000 1.000000
0.998183 0.035091 0.048987 -0.000000 -0.022891 0.972819 -0.230431 0.093100 -0.055742 0.228891 0.971855 0.000000 0.000000 0.000000 0.000000 1.000000
0.998150 0.041118 0.044780 -0.000000 -0.029806 0.972966 -0.229015 0.093100 -0.052986 0.227257 0.972392 0.000000 0.000000 0.000000 0.000000 1.000000
0.998097 0.047098 0.039792 0.000000 -0.036930 0.973458 -0.225865 0.093100 -0.049374 0.223966 0.973346 0.000000 0.000000 0.000000 0.000000 1.000000
0.998023 0.051858 0.035517 -0.000000 -0.042763 0.974342 -0.220972 0.093100 -0.046065 0.219016 0.974633 0.000000 0.000000 0.000000 0.000000 1.000000
0.997949 0.055522 0.031862 0.000000 -0.047472 0.975785 -0.213517 0.093100 -0.042946 0.211567 0.976420 0.000000 0.000000 0.000000 0.000000 1.000000
0.997857 0.058747 0.028812 0.000000 -0.051686 0.977718 -0.203460 0.093100 -0.040123 0.201535 0.978659 -0.000000 0.000000 0.000000 0.000000 1.000000
0.997743 0.061320 0.027363 0.000000 -0.054961 0.979887 -0.191834 0.093100 -0.038576 0.189897 0.981046 0.000000 0.000000 0.000000 0.000000 1.000000
0.997658 0.062343 0.028132 0.000000 -0.056307 0.982121 -0.179633 0.093100 -0.038828 0.177628 0.983331 0.000000 0.000000 0.000000 0.000000 1.000000
0.997657 0.061419 0.030142 0.000000 -0.055549 0.984360 -0.167181 0.093100 -0.039938 0.165115 0.985465 0.000000 0.000000 0.000000 0.000000 1.000000
0.997768 0.058847 0.031573 0.000000 -0.053297 0.986556 -0.154488 0.093100 -0.040240 0.152460 0.987490 0.000000 0.000000 0.000000 0.000000 1.000000
0.997997 0.054971 0.031304 0.000000 -0.050008 0.988631 -0.141802 0.093100 -0.038743 0.139952 0.989400 0.000000 0.000000 0.000000 0.000000 1.000000
0.998284 0.050295 0.029986 0.000000 -0.046018 0.990527 -0.129378 0.093100 -0.036209 0.127776 0.991142 0.000000 0.000000 0.000000 0.000000 1.000000
0.998562 0.045407 0.028486 -0.000000 -0.041782 0.992250 -0.117025 0.093100 -0.033579 0.115666 0.992720 0.000000 0.000000 0.000000 0.000000 1.000000
0.998818 0.040455 0.026958 0.000000 -0.037425 0.993796 -0.104731 0.093100 -0.031028 0.103598 0.994135 0.000000 0.000000 0.000000 0.000000 1.000000
0.999046 0.035507 0.025409 0.000000 -0.033012 0.995150 -0.092659 0.093100 -0.028576 0.091732 0.995374 0.000000 0.000000 0.000000 0.000000 1.000000
0.999246 0.030616 0.023875 0.000000 -0.028594 0.996314 -0.080879 0.093100 -0.026264 0.080135 0.996438 0.000000 0.000000 0.000000 0.000000 1.000000
0.999415 0.025873 0.022389 -0.000000 -0.024261 0.997288 -0.069490 0.093100 -0.024126 0.068906 0.997331 0.000000 0.000000 0.000000 0.000000 1.000000
0.999549 0.021473 0.020986 -0.000000 -0.020211 0.998078 -0.058589 0.093100 -0.022204 0.058138 0.998062 -0.000000 0.000000 0.000000 0.000000 1.000000
0.999653 0.017374 0.019792 -0.000000 -0.016404 0.998706 -0.048142 0.093100 -0.020603 0.047801 0.998644 0.000000 0.000000 0.000000 0.000000 1.000000
0.999731 0.013517 0.018840 -0.000000 -0.012785 0.999180 -0.038422 0.093100 -0.019344 0.038171 0.999084 0.000000 0.000000 0.000000 0.000000 1.000000</float_array>
        <technique_common>
          <accessor source="#mixamorig_Spine2-Matrix-animation-output-transform-array" count="33" stride="16">
            <param type="float4x4"/>
          </accessor>
        </technique_common>
      </source>
      <source id="mixamorig_Spine2-Interpolations">
        <Name_array id="mixamorig_Spine2-Interpolations-array" count="33">
 LINEAR LINEAR LINEAR LINEAR LINEAR LINEAR LINEAR LINEAR LINEAR LINEAR LINEAR
LINEAR LINEAR LINEAR LINEAR LINEAR LINEAR LINEAR LINEAR LINEAR LINEAR LINEAR LINEAR
LINEAR LINEAR LINEAR LINEAR LINEAR LINEAR LINEAR LINEAR LINEAR LINEAR</Name_array>
        <technique_common>
          <accessor source="#mixamorig_Spine2-Interpolations-array" count="33">
            <param type="name"/>
          </accessor>
        </technique_common>
      </source>
      <sampler id="mixamorig_Spine2-Matrix-animation-transform">
        <input semantic="INPUT" source="#mixamorig_Spine2-Matrix-animation-input"/>
        <input semantic="OUTPUT" source="#mixamorig_Spine2-Matrix-animation-output-transform"/>
        <input semantic="INTERPOLATION" source="#mixamorig_Spine2-Interpolations"/>
      </sampler>
      <channel source="#mixamorig_Spine2-Matrix-animation-transform" target="mixamorig_Spine2/matrix"/>
      <source id="mixamorig_Neck-Matrix-animation-input">
        <float_array id="mixamorig_Neck-Matrix-animation-input-array" count="33">

0.000000 0.033333 0.066667 0.100000 0.133333 0.166667 0.200000 0.233333 0.266667 0.300000 0.333333 0.366667 0.400000 0.433333 0.466667 0.500000
0.533333 0.566667 0.600000 0.633333 0.666667 0.700000 0.733333 0.766667 0.800000 0.833333 0.866667 0.900000 0.933333 0.966667 1.000000 1.033333
1.066667</float_array>
        <technique_common>
          <accessor source="#mixamorig_Neck-Matrix-animation-input-array" count="33">
            <param name="TIME" type="float"/>
          </accessor>
        </technique_common>
      </source>
      <source id="mixamorig_Neck-Matrix-animation-output-transform">
        <float_array id="mixamorig_Neck-Matrix-animation-output-transform-array" count="528">

0.970444 0.003170 0.241305 0.000000 0.105266 0.894213 -0.435089 0.104700 -0.217157 0.447631 0.867450 0.000000 0.000000 0.000000 0.000000 1.000000
0.980439 0.009919 0.196575 0.000000 0.077076 0.899620 -0.429818 0.104700 -0.181106 0.436562 0.881258 0.000000 0.000000 0.000000 0.000000 1.000000
0.990562 -0.002007 0.137048 -0.000000 0.052158 0.930185 -0.363367 0.104700 -0.126751 0.367086 0.921511 0.000000 0.000000 0.000000 0.000000 1.000000
0.997011 -0.029816 0.071273 0.000000 0.047675 0.963374 -0.263890 0.104700 -0.060795 0.266499 0.961916 0.000000 0.000000 0.000000 0.000000 1.000000
0.998926 -0.043719 0.015369 -0.000000 0.045980 0.976375 -0.211136 0.104700 -0.005776 0.211616 0.977336 -0.000000 0.000000 0.000000 0.000000 1.000000
0.999422 -0.029249 -0.017329 0.000000 0.024513 0.973158 -0.228830 0.104700 0.023557 0.228273 0.973312 0.000000 0.000000 0.000000 0.000000 1.000000
0.999472 -0.010079 -0.030888 0.000000 0.000965 0.959453 -0.281868 0.104700 0.032477 0.281689 0.958956 0.000000 0.000000 0.000000 0.000000 1.000000
0.999275 -0.012238 -0.036058 0.000000 -0.000844 0.939589 -0.342304 0.104700 0.038069 0.342087 0.938897 0.000000 0.000000 0.000000 0.000000 1.000000
0.998993 -0.030103 -0.033275 0.000000 0.014332 0.916787 -0.399119 0.104700 0.042520 0.398241 0.916295 -0.000000 0.000000 0.000000 0.000000 1.000000
0.998748 -0.041465 -0.027991 0.000000 0.024563 0.893852 -0.447688 0.104700 0.043583 0.446440 0.893752 -0.000000 0.000000 0.000000 0.000000 1.000000
0.998916 -0.039835 -0.024094 0.000000 0.023228 0.874972 -0.483615 0.104700 0.040346 0.482531 0.874949 0.000000 0.000000 0.000000 0.000000 1.000000
0.999234 -0.033048 -0.020947 0.000000 0.017956 0.862965 -0.504944 0.104700 0.034764 0.504181 0.862898 0.000000 0.000000 0.000000 0.000000 1.000000
0.999533 -0.025978 -0.016115 0.000000 0.013960 0.856836 -0.515399 0.104700 0.027197 0.514933 0.856799 -0.000000 0.000000 0.000000 0.000000 1.000000
0.999790 -0.018771 -0.008174 0.000000 0.011758 0.853261 -0.521351 0.104700 0.016761 0.521146 0.853303 -0.000000 0.000000 0.000000 0.000000 1.000000
0.999928 -0.011786 0.002226 -0.000000 0.011197 0.850719 -0.525502 0.104700 0.004300 0.525489 0.850790 0.000000 0.000000 0.000000 0.000000 1.000000
0.999884 -0.005249 0.014299 0.000000 0.011990 0.850171 -0.526370 0.104700 -0.009394 0.526481 0.850135 0.000000 0.000000 0.000000 0.000000 1.000000
0.999617 0.001160 0.027656 -0.000000 0.013483 0.852165 -0.523100 0.104700 -0.024175 0.523272 0.851823 -0.000000 0.000000 0.000000 0.000000 1.000000
0.999094 0.006594 0.042041 0.000000 0.016104 0.855868 -0.516944 0.104700 -0.039390 0.517153 0.854986 0.000000 0.000000 0.000000 0.000000 1.000000
0.998331 0.009477 0.056961 0.000000 0.020897 0.860284 -0.509387 0.104700 -0.053830 0.509727 0.858650 0.000000 0.000000 0.000000 0.000000 1.000000
0.997382 0.009533 0.071686 -0.000000 0.027782 0.864698 -0.501524 0.104700 -0.066768 0.502202 0.862169 0.000000 0.000000 0.000000 0.000000 1.000000
0.996289 0.008171 0.085682 -0.000000 0.035403 0.868468 -0.494480 0.104700 -0.078452 0.495679 0.864955 0.000000 0.000000 0.000000 0.000000 1.000000
0.995045 0.007225 0.099159 0.000000 0.042380 0.871387 -0.488763 0.104700 -0.089937 0.490544 0.866763 -0.000000 0.000000 0.000000 0.000000 1.000000
0.993568 0.007614 0.112983 0.000000 0.048300 0.873931 -0.483644 0.104700 -0.102422 0.485990 0.867942 -0.000000 0.000000 0.000000 0.000000 1.000000
0.991763 0.008936 0.127778 0.000000 0.053692 0.876691 -0.478048 0.104700 -0.116294 0.480971 0.868989 0.000000 0.000000 0.000000 0.000000 1.000000
