<?xml version="1.0" encoding="utf-8"?>
<COLLADA xmlns="http://www.collada.org/2005/11/COLLADASchema" version="1.4.1">
  <asset>
    <contributor>
      <author>Mixamo</author>
      <authoring_tool>COLLADA Mixamo exporter</authoring_tool>
      <comments/>
    </contributor>
    <created>2024-05-10T12:21:26Z</created>
    <modified>2024-05-10T12:21:26Z</modified>
    <revision/>
    <title/>
    <unit meter="0.010000"/>
    <up_axis>Y_UP</up_axis>
  </asset>
  <library_animations>
    <animation>
      <source id="Armature.001-Matrix-animation-input">
        <float_array id="Armature.001-Matrix-animation-input-array" count="33">

0.000000 0.033333 0.066667 0.100000 0.133333 0.166667 0.200000 0.233333 0.266667 0.300000 0.333333 0.366667 0.400000 0.433333 0.466667 0.500000
0.533333 0.566667 0.600000 0.633333 0.666667 0.700000 0.733333 0.766667 0.800000 0.833333 0.866667 0.900000 0.933333 0.966667 1.000000 1.033333
1.066667</float_array>
        <technique_common>
          <accessor source="#Armature.001-Matrix-animation-input-array" count="33">
            <param name="TIME" type="float"/>
          </accessor>
        </technique_common>
      </source>
      <source id="Armature.001-Matrix-animation-output-transform">
        <float_array id="Armature.001-Matrix-animation-output-transform-array" count="528">

100.000000 0.000000 0.000000 0.000000 0.000000 0.000000 100.000000 0.000000 0.000000 -100.000000 0.000000 0.000000 0.000000 0.000000 0.000000 1.000000
100.000000 0.000000 0.000000 0.000000 0.000000 0.000000 100.000000 0.000000 0.000000 -100.000000 0.000000 0.000000 0.000000 0.000000 0.000000 1.000000
100.000000 0.000000 0.000000 0.000000 0.000000 0.000000 100.000000 0.000000 0.000000 -100.000000 0.000000 0.000000 0.000000 0.000000 0.000000 1.000000
100.000000 0.000000 0.000000 0.000000 0.000000 0.000000 100.000000 0.000000 0.000000 -100.000000 0.000000 0.000000 0.000000 0.000000 0.000000 1.000000
100.000000 0.000000 0.000000 0.000000 0.000000 0.000000 100.000000 0.000000 0.000000 -100.000000 0.000000 0.000000 0.000000 0.000000 0.000000 1.000000
100.000000 0.000000 0.000000 0.000000 0.000000 0.000000 100.000000 0.000000 0.000000 -100.000000 0.000000 0.000000 0.000000 0.000000 0.000000 1.000000
100.000000 0.000000 0.000000 0.000000 0.000000 0.000000 100.000000 0.000000 0.000000 -100.000000 0.000000 0.000000 0.000000 0.000000 0.000000 1.000000
100.000000 0.000000 0.000000 0.000000 0.000000 0.000000 100.000000 0.000000 0.000000 -100.000000 0.000000 0.000000 0.000000 0.000000 0.000000 1.000000
100.000000 0.000000 0.000000 0.000000 0.000000 0.000000 100.000000 0.000000 0.000000 -100.000000 0.000000 0.000000 0.000000 0.000000 0.000000 1.000000
100.000000 0.000000 0.000000 0.000000 0.000000 0.000000 100.000000 0.000000 0.000000 -100.000000 0.000000 0.000000 0.000000 0.000000 0.000000 1.000000
100.000000 0.000000 0.000000 0.000000 0.000000 0.000000 100.000000 0.000000 0.000000 -100.000000 0.000000 0.000000 0.000000 0.000000 0.000000 1.000000
100.000000 0.000000 0.000000 0.000000 0.000000 0.000000 100.000000 0.000000 0.000000 -100.000000 0.000000 0.000000 0.000000 0.000000 0.000000 1.000000
100.000000 0.000000 0.000000 0.000000 0.000000 0.000000 100.000000 0.000000 0.000000 -100.000000 0.000000 0.000000 0.000000 0.000000 0.000000 1.000000
100.000000 0.000000 0.000000 0.000000 0.000000 0.000000 100.000000 0.000000 0.000000 -100.000000 0.000000 0.000000 0.000000 0.000000 0.000000 1.000000
100.000000 0.000000 0.000000 0.000000 0.000000 0.000000 100.000000 0.000000 0.000000 -100.000000 0.000000 0.000000 0.000000 0.000000 0.000000 1.000000
100.000000 0.000000 0.000000 0.000000 0.000000 0.000000 100.000000 0.000000 0.000000 -100.000000 0.000000 0.000000 0.000000 0.000000 0.000000 1.000000
100.000000 0.000000 0.000000 0.000000 0.000000 0.000000 100.000000 0.000000 0.000000 -100.000000 0.000000 0.000000 0.000000 0.000000 0.000000 1.000000
100.000000 0.000000 0.000000 0.000000 0.000000 0.000000 100.000000 0.000000 0.000000 -100.000000 0.000000 0.000000 0.000000 0.000000 0.000000 1.000000
100.000000 0.000000 0.000000 0.000000 0.000000 0.000000 100.000000 0.000000 0.000000 -100.000000 0.000000 0.000000 0.000000 0.000000 0.000000 1.000000
100.000000 0.000000 0.000000 0.000000 0.000000 0.000000 100.000000 0.000000 0.000000 -100.000000 0.000000 0.000000 0.000000 0.000000 0.000000 1.000000
100.000000 0.000000 0.000000 0.000000 0.000000 0.000000 100.000000 0.000000 0.000000 -100.000000 0.000000 0.000000 0.000000 0.000000 0.000000 1.000000
100.000000 0.000000 0.000000 0.000000 0.000000 0.000000 100.000000 0.000000 0.000000 -100.000000 0.000000 0.000000 0.000000 0.000000 0.000000 1.000000
100.000000 0.000000 0.000000 0.000000 0.000000 0.000000 100.000000 0.000000 0.000000 -100.000000 0.000000 0.000000 0.000000 0.000000 0.000000 1.000000
100.000000 0.000000 0.000000 0.000000 0.000000 0.000000 100.000000 0.000000 0.000000 -100.000000 0.000000 0.000000 0.000000 0.000000 0.000000 1.000000
100.000000 0.000000 0.000000 0.000000 0.000000 0.000000 100.000000 0.000000 0.000000 -100.000000 0.000000 0.000000 0.000000 0.000000 0.000000 1.000000
100.000000 0.000000 0.000000 0.000000 0.000000 0.000000 100.000000 0.000000 0.000000 -100.000000 0.000000 0.000000 0.000000 0.000000 0.000000 1.000000
100.000000 0.000000 0.000000 0.000000 0.000000 0.000000 100.000000 0.000000 0.000000 -100.000000 0.000000 0.000000 0.000000 0.000000 0.000000 1.000000
100.000000 0.000000 0.000000 0.000000 0.000000 0.000000 100.000000 0.000000 0.000000 -100.000000 0.000000 0.000000 0.000000 0.000000 0.000000 1.000000
100.000000 0.000000 0.000000 0.000000 0.000000 0.000000 100.000000 0.000000 0.000000 -100.000000 0.000000 0.000000 0.000000 0.000000 0.000000 1.000000
100.000000 0.000000 0.000000 0.000000 0.000000 0.000000 100.000000 0.000000 0.000000 -100.000000 0.000000 0.000000 0.000000 0.000000 0.000000 1.000000
100.000000 0.000000 0.000000 0.000000 0.000000 0.000000 100.000000 0.000000 0.000000 -100.000000 0.000000 0.000000 0.000000 0.000000 0.000000 1.000000
100.000000 0.000000 0.000000 0.000000 0.000000 0.000000 100.000000 0.000000 0.000000 -100.000000 0.000000 0.000000 0.000000 0.000000 0.000000 1.000000
100.000000 0.000000 0.000000 0.000000 0.000000 0.000000 100.000000 0.000000 0.000000 -100.000000 0.000000 0.000000 0.000000 0.000000 0.000000 1.000000</float_array>
        <technique_common>
          <accessor source="#Armature.001-Matrix-animation-output-transform-array" count="33" stride="16">
            <param type="float4x4"/>
          </accessor>
        </technique_common>
      </source>
      <source id="Armature.001-Interpolations">
        <Name_array id="Armature.001-Interpolations-array" count="33">
 LINEAR LINEAR LINEAR LINEAR LINEAR LINEAR LINEAR LINEAR LINEAR LINEAR LINEAR
LINEAR LINEAR LINEAR LINEAR LINEAR LINEAR LINEAR LINEAR LINEAR LINEAR LINEAR LINEAR
LINEAR LINEAR LINEAR LINEAR LINEAR LINEAR LINEAR LINEAR LINEAR LINEAR</Name_array>
        <technique_common>
          <accessor source="#Armature.001-Interpolations-array" count="33">
            <param type="name"/>
          </accessor>
        </technique_common>
      </source>
      <sampler id="Armature.001-Matrix-animation-transform">
        <input semantic="INPUT" source="#Armature.001-Matrix-animation-input"/>
        <input semantic="OUTPUT" source="#Armature.001-Matrix-animation-output-transform"/>
        <input semantic="INTERPOLATION" source="#Armature.001-Interpolations"/>
      </sampler>
      <channel source="#Armature.001-Matrix-animation-transform" target="Armature.001/matrix"/>
      <source id="mixamorig_Hips-Matrix-animation-input">
        <float_array id="mixamorig_Hips-Matrix-animation-input-array" count="33">

0.000000 0.033333 0.066667 0.100000 0.133333 0.166667 0.200000 0.233333 0.266667 0.300000 0.333333 0.366667 0.400000 0.433333 0.466667 0.500000
0.533333 0.566667 0.600000 0.633333 0.666667 0.700000 0.733333 0.766667 0.800000 0.833333 0.866667 0.900000 0.933333 0.966667 1.000000 1.033333
1.066667</float_array>
        <technique_common>
          <accessor source="#mixamorig_Hips-Matrix-animation-input-array" count="33">
            <param name="TIME" type="float"/>
          </accessor>
        </technique_common>
      </source>
      <source id="mixamorig_Hips-Matrix-animation-output-transform">
        <float_array id="mixamorig_Hips-Matrix-animation-output-transform-array" count="528">

0.690782 0.000453 0.723063 -0.006236 0.719792 0.094587 -0.687716 0.007261 -0.068704 0.995517 0.065012 0.794512 0.000000 0.000000 0.000000 1.000000
0.689830 -0.006780 0.723940 -0.002650 0.719952 0.111653 -0.684984 0.007829 -0.076185 0.993724 0.081903 0.801403 0.000000 0.000000 0.000000 1.000000
0.729753 -0.003484 0.683702 0.005872 0.676625 0.147274 -0.721449 0.005186 -0.098178 0.989090 0.109831 0.811669 0.000000 0.000000 0.000000 1.000000
0.832127 0.036159 0.553405 0.021788 0.536019 0.203600 -0.819287 -0.003380 -0.142298 0.978386 0.150040 0.824189 0.000000 0.000000 0.000000 1.000000
0.927975 0.111978 0.355419 0.038871 0.320007 0.249241 -0.914043 -0.014212 -0.190938 0.961946 0.195455 0.833247 0.000000 0.000000 0.000000 1.000000
0.965348 0.178400 0.190464 0.049633 0.138230 0.269493 -0.953030 -0.019924 -0.221350 0.946333 0.235495 0.834839 0.000000 0.000000 0.000000 1.000000
0.971649 0.208860 0.110796 0.054602 0.049117 0.280082 -0.958719 -0.018101 -0.231270 0.936980 0.261883 0.831854 0.000000 0.000000 0.000000 1.000000
0.972994 0.213409 0.087975 0.057328 0.023138 0.289033 -0.957039 -0.011501 -0.229669 0.933229 0.276290 0.827759 0.000000 0.000000 0.000000 1.000000
0.973244 0.208147 0.097321 0.058823 0.030766 0.301686 -0.952911 -0.002832 -0.227706 0.930409 0.287210 0.825115 0.000000 0.000000 0.000000 1.000000
0.971144 0.198023 0.132912 0.058925 0.064641 0.317887 -0.945922 0.006530 -0.229566 0.927219 0.295914 0.824013 0.000000 0.000000 0.000000 1.000000
0.964678 0.182624 0.189853 0.058186 0.121367 0.331539 -0.935602 0.015474 -0.233807 0.925597 0.297664 0.824413 0.000000 0.000000 0.000000 1.000000
0.953030 0.162930 0.255318 0.057322 0.189047 0.338605 -0.921742 0.023159 -0.236631 0.926715 0.291900 0.825662 0.000000 0.000000 0.000000 1.000000
0.936880 0.140001 0.320398 0.056351 0.258060 0.341428 -0.903788 0.029293 -0.235924 0.929423 0.283748 0.826924 0.000000 0.000000 0.000000 1.000000
0.916488 0.113842 0.383523 0.054708 0.325989 0.343205 -0.880875 0.033810 -0.231908 0.932336 0.277432 0.827905 0.000000 0.000000 0.000000 1.000000
0.891282 0.085629 0.445290 0.051853 0.393454 0.342119 -0.853316 0.036652 -0.225410 0.935747 0.271234 0.828752 0.000000 0.000000 0.000000 1.000000
0.860155 0.058474 0.506670 0.047690 0.461369 0.334276 -0.821826 0.037883 -0.217423 0.940660 0.260551 0.829685 0.000000 0.000000 0.000000 1.000000
0.822549 0.034822 0.567627 0.042489 0.529011 0.319462 -0.786188 0.037653 -0.208712 0.946959 0.244352 0.830722 0.000000 0.000000 0.000000 1.000000
0.780628 0.014623 0.624825 0.036528 0.592652 0.300121 -0.747456 0.036026 -0.198453 0.953789 0.225616 0.831369 0.000000 0.000000 0.000000 1.000000
0.738037 -0.002747 0.674754 0.030045 0.648702 0.278107 -0.708409 0.033033 -0.185708 0.960546 0.207035 0.831533 0.000000 0.000000 0.000000 1.000000
0.698595 -0.016325 0.715331 0.023304 0.694934 0.253551 -0.672889 0.028943 -0.170388 0.967184 0.188474 0.831361 0.000000 0.000000 0.000000 1.000000
0.664486 -0.024604 0.746895 0.016387 0.731466 0.226070 -0.643312 0.024201 -0.153023 0.973800 0.168218 0.830886 0.000000 0.000000 0.000000 1.000000
0.636705 -0.027273 0.770625 0.009522 0.759153 0.197466 -0.620238 0.019305 -0.135257 0.979930 0.146431 0.830050 0.000000 0.000000 0.000000 1.000000
0.618688 -0.025943 0.785208 0.003795 0.776403 0.172973 -0.606035 0.015107 -0.120097 0.984585 0.127159 0.828531 0.000000 0.000000 0.000000 1.000000
0.613285 -0.023172 0.789522 0.000243 0.782220 0.156527 -0.603019 0.012389 -0.109609 0.987402 0.114121 0.826075 0.000000 0.000000 0.000000 1.000000
0.616419 -0.020307 0.787156 -0.001745 0.780745 0.145634 -0.607642 0.010802 -0.102298 0.989130 0.105627 0.822929 0.000000 0.000000 0.000000 1.000000
0.622132 -0.017339 0.782721 -0.003327 0.777026 0.136042 -0.614592 0.009543 -0.095827 0.990551 0.098109 0.819500 0.000000 0.000000 0.000000 1.000000
0.629556 -0.014282 0.776824 -0.004576 0.771721 0.127352 -0.623079 0.008561 -0.090032 0.991755 0.091197 0.815888 0.000000 0.000000 0.000000 1.000000
0.639363 -0.011368 0.768821 -0.005256 0.764157 0.120341 -0.633705 0.008026 -0.085317 0.992668 0.085628 0.812102 0.000000 0.000000 0.000000 1.000000
0.650270 -0.008626 0.759655 -0.005616 0.755343 0.114320 -0.645281 0.007745 -0.081277 0.993407 0.080854 0.808276 0.000000 0.000000 0.000000 1.000000
0.661026 -0.006018 0.750339 -0.005905 0.746346 0.108608 -0.656637 0.007521 -0.077541 0.994066 0.076284 0.804541 0.000000 0.000000 0.000000 1.000000
0.671402 -0.003594 0.741085 -0.006128 0.737376 0.103276 -0.667541 0.007345 -0.074137 0.994646 0.071990 0.800965 0.000000 0.000000 0.000000 1.000000
0.681386 -0.001417 0.731923 -0.006237 0.728456 0.098552 -0.677967 0.007260 -0.071172 0.995131 0.068184 0.797600 0.000000 0.000000 0.000000 1.000000
0.690782 0.000454 0.723063 -0.006236 0.719792 0.094587 -0.687716 0.007261 -0.068704 0.995517 0.065012 0.794512 0.000000 0.000000 0.000000 1.000000</float_array>
        <technique_common>
          <accessor source="#mixamorig_Hips-Matrix-animation-output-transform-array" count="33" stride="16">
            <param type="float4x4"/>
          </accessor>
        </technique_common>
      </source>
      <source id="mixamorig_Hips-Interpolations">
        <Name_array id="mixamorig_Hips-Interpolations-array" count="33">
 LINEAR LINEAR LINEAR LINEAR LINEAR LINEAR LINEAR LINEAR LINEAR LINEAR LINEAR
LINEAR LINEAR LINEAR LINEAR LINEAR LINEAR LINEAR LINEAR LINEAR LINEAR LINEAR LINEAR
LINEAR LINEAR LINEAR LINEAR LINEAR LINEAR LINEAR LINEAR LINEAR LINEAR</Name_array>
        <technique_common>
          <accessor source="#mixamorig_Hips-Interpolations-array" count="33">
            <param type="name"/>
          </accessor>
        </technique_common>
      </source>
      <sampler id="mixamorig_Hips-Matrix-animation-transform">
        <input semantic="INPUT" source="#mixamorig_Hips-Matrix-animation-input"/>
        <input semantic="OUTPUT" source="#mixamorig_Hips-Matrix-animation-output-transform"/>
        <input semantic="INTERPOLATION" source="#mixamorig_Hips-Interpolations"/>
      </sampler>
      <channel source="#mixamorig_Hips-Matrix-animation-transform" target="mixamorig_Hips/matrix"/>
      <source id="mixamorig_Spine-Matrix-animation-input">
        <float_array id="mixamorig_Spine-Matrix-animation-input-array" count="33">

0.000000 0.033333 0.066667 0.100000 0.133333 0.166667 0.200000 0.233333 0.266667 0.300000 0.333333 0.366667 0.400000 0.433333 0.466667 0.500000
0.533333 0.566667 0.600000 0.633333 0.666667 0.700000 0.733333 0.766667 0.800000 0.833333 0.866667 0.900000 0.933333 0.966667 1.000000 1.033333
1.066667</float_array>
        <technique_common>
          <accessor source="#mixamorig_Spine-Matrix-animation-input-array" count="33">
            <param name="TIME" type="float"/>
          </accessor>
        </technique_common>
      </source>
      <source id="mixamorig_Spine-Matrix-animation-output-transform">
        <float_array id="mixamorig_Spine-Matrix-animation-output-transform-array" count="528">

0.991521 -0.018277 -0.128659 0.000000 0.012119 0.998751 -0.048483 0.069300 0.129384 0.046512 0.990503 -0.008100 0.000000 0.000000 0.000000 1.000000
0.995393 -0.018922 -0.093992 0.000000 0.015556 0.999215 -0.036421 0.069300 0.094607 0.034791 0.994907 -0.008100 0.000000 0.000000 0.000000 1.000000
0.998385 -0.009182 -0.056061 0.000000 0.008529 0.999893 -0.011871 0.069300 0.056164 0.011374 0.998357 -0.008100 0.000000 0.000000 0.000000 1.000000
0.998153 0.006906 -0.060357 0.000000 -0.004588 0.999250 0.038460 0.069300 0.060577 -0.038112 0.997436 -0.008100 0.000000 0.000000 0.000000 1.000000
0.992050 0.013558 -0.125113 0.000000 -0.001035 0.995026 0.099614 0.069300 0.125842 -0.098693 0.987129 -0.008100 0.000000 0.000000 0.000000 1.000000
0.980325 0.006464 -0.197287 0.000000 0.022139 0.989557 0.142435 0.069300 0.196147 -0.144000 0.969943 -0.008100 0.000000 0.000000 0.000000 1.000000
0.975607 -0.001239 -0.219520 0.000000 0.037200 0.986455 0.159757 0.069300 0.216348 -0.164026 0.962439 -0.008100 0.000000 0.000000 0.000000 1.000000
0.979652 0.000016 -0.200705 0.000000 0.032975 0.986398 0.161032 0.069300 0.197978 -0.164373 0.966326 -0.008100 0.000000 0.000000 0.000000 1.000000
0.984427 0.007993 -0.175610 0.000000 0.019441 0.987888 0.153948 0.069300 0.174713 -0.154964 0.972348 -0.008100 0.000000 0.000000 0.000000 1.000000
0.987662 0.017412 -0.155630 0.000000 0.004627 0.990121 0.140142 0.069300 0.156533 -0.139133 0.977824 -0.008100 0.000000 0.000000 0.000000 1.000000
0.990815 0.024977 -0.132900 -0.000000 -0.008529 0.992380 0.122921 0.069300 0.134958 -0.120658 0.983477 -0.008100 0.000000 0.000000 0.000000 1.000000
0.993956 0.029047 -0.105870 0.000000 -0.017786 0.994228 0.105801 0.069300 0.108332 -0.103278 0.988735 -0.008100 0.000000 0.000000 0.000000 1.000000
0.996407 0.028767 -0.079663 0.000000 -0.021688 0.995855 0.088336 0.069300 0.081874 -0.086291 0.992900 -0.008100 0.000000 0.000000 0.000000 1.000000
0.998009 0.024841 -0.057976 0.000000 -0.020796 0.997374 0.069368 0.069300 0.059547 -0.068024 0.995905 -0.008100 0.000000 0.000000 0.000000 1.000000
0.998940 0.019337 -0.041779 0.000000 -0.017193 0.998546 0.051097 0.069300 0.042706 -0.050325 0.997819 -0.008100 0.000000 0.000000 0.000000 1.000000
0.999440 0.013219 -0.030753 -0.000000 -0.012092 0.999259 0.036529 0.069300 0.031213 -0.036137 0.998859 -0.008100 0.000000 0.000000 0.000000 1.000000
0.999682 0.005654 -0.024577 0.000000 -0.005028 0.999663 0.025464 0.069300 0.024712 -0.025333 0.999374 -0.008100 0.000000 0.000000 0.000000 1.000000
0.999727 -0.003123 -0.023171 0.000000 0.003484 0.999873 0.015539 0.069300 0.023120 -0.015616 0.999611 -0.008100 0.000000 0.000000 0.000000 1.000000
0.999639 -0.011068 -0.024498 0.000000 0.011223 0.999918 0.006196 0.069300 0.024427 -0.006468 0.999681 -0.008100 0.000000 0.000000 0.000000 1.000000
0.999499 -0.016860 -0.026803 0.000000 0.016825 0.999857 -0.001528 0.069300 0.026824 0.001077 0.999640 -0.008100 0.000000 0.000000 0.000000 1.000000
0.999293 -0.021401 -0.030912 0.000000 0.021189 0.999750 -0.007184 0.069300 0.031058 0.006524 0.999496 -0.008100 0.000000 0.000000 0.000000 1.000000
0.998954 -0.025873 -0.037708 0.000000 0.025468 0.999613 -0.011172 0.069300 0.037983 0.010200 0.999226 -0.008100 0.000000 0.000000 0.000000 1.000000
0.998510 -0.029445 -0.045953 0.000000 0.028819 0.999483 -0.014227 0.069300 0.046348 0.012881 0.998842 -0.008100 0.000000 0.000000 0.000000 1.000000
0.998051 -0.030927 -0.054204 0.000000 0.030035 0.999401 -0.017185 0.069300 0.054703 0.015523 0.998382 -0.008100 0.000000 0.000000 0.000000 1.000000
0.997571 -0.030861 -0.062440 -0.000000 0.029634 0.999351 -0.020493 0.069300 0.063032 0.018593 0.997838 -0.008100 0.000000 0.000000 0.000000 1.000000
0.997015 -0.030354 -0.070994 -0.000000 0.028709 0.999298 -0.024074 0.069300 0.071675 0.021964 0.997186 -0.008100 0.000000 0.000000 0.000000 1.000000
0.996379 -0.029436 -0.079766 0.000000 0.027290 0.999239 -0.027857 0.069300 0.080526 0.025579 0.996424 -0.008100 0.000000 0.000000 0.000000 1.000000
0.995678 -0.027873 -0.088596 0.000000 0.025152 0.999181 -0.031686 0.069300 0.089407 0.029320 0.995564 -0.008100 0.000000 0.000000 0.000000 1.000000
0.994912 -0.025973 -0.097345 0.000000 0.022616 0.999116 -0.035433 0.069300 0.098180 0.033051 0.994620 -0.008100 0.000000 0.000000 0.000000 1.000000
0.994088 -0.024057 -0.105878 0.000000 0.020018 0.999037 -0.039051 0.069300 0.106715 0.036701 0.993612 -0.008100 0.000000 0.000000 0.000000 1.000000
0.993228 -0.022169 -0.114044 0.000000 0.017419 0.998946 -0.042477 0.069300 0.114865 0.040203 0.992567 -0.008100 0.000000 0.000000 0.000000 1.000000
0.992365 -0.020153 -0.121681 0.000000 0.014690 0.998850 -0.045633 0.069300 0.122460 0.043497 0.991520 -0.008100 0.000000 0.000000 0.000000 1.000000
0.991520 -0.018277 -0.128659 0.000000 0.012120 0.998751 -0.048482 0.069300 0.129384 0.046512 0.990503 -0.008100 0.000000 0.000000 0.000000 1.000000</float_array>
        <technique_common>
          <accessor source="#mixamorig_Spine-Matrix-animation-output-transform-array" count="33" stride="16">
            <param type="float4x4"/>
          </accessor>
        </technique_common>
      </source>
      <source id="mixamorig_Spine-Interpolations">
        <Name_array id="mixamorig_Spine-Interpolations-array" count="33">
 LINEAR LINEAR LINEAR LINEAR LINEAR LINEAR LINEAR LINEAR LINEAR LINEAR LINEAR
LINEAR LINEAR LINEAR LINEAR LINEAR LINEAR LINEAR LINEAR LINEAR LINEAR LINEAR LINEAR
LINEAR LINEAR LINEAR LINEAR LINEAR LINEAR LINEAR LINEAR LINEAR LINEAR</Name_array>
        <technique_common>
          <accessor source="#mixamorig_Spine-Interpolations-array" count="33">
            <param type="name"/>
          </accessor>
        </technique_common>
      </source>
      <sampler id="mixamorig_Spine-Matrix-animation-transform">
        <input semantic="INPUT" source="#mixamorig_Spine-Matrix-animation-input"/>
        <input semantic="OUTPUT" source="#mixamorig_Spine-Matrix-animation-output-transform"/>
        <input semantic="INTERPOLATION" source="#mixamorig_Spine-Interpolations"/>
      </sampler>
      <channel source="#mixamorig_Spine-Matrix-animation-transform" target="mixamorig_Spine/matrix"/>
      <source id="mixamorig_Spine1-Matrix-animation-input">
        <float_array id="mixamorig_Spine1-Matrix-animation-input-array" count="33">

0.000000 0.033333 0.066667 0.100000 0.133333 0.166667 0.200000 0.233333 0.266667 0.300000 0.333333 0.366667 0.400000 0.433333 0.466667 0.500000
0.533333 0.566667 0.600000 0.633333 0.666667 0.700000 0.733333 0.766667 0.800000 0.833333 0.866667 0.900000 0.933333 0.966667 1.000000 1.033333
1.066667</float_array>
        <technique_common>
          <accessor source="#mixamorig_Spine1-Matrix-animation-input-array" count="33">
            <param name="TIME" type="float"/>
          </accessor>
        </technique_common>
      </source>
      <source id="mixamorig_Spine1-Matrix-animation-output-transform">
        <float_array id="mixamorig_Spine1-Matrix-animation-output-transform-array" count="528">

0.999723 -0.013875 -0.019007 0.000000 0.013141 0.999185 -0.038166 0.081400 0.019521 0.037905 0.999091 0.000000 0.000000 0.000000 0.000000 1.000000
0.999655 -0.024085 -0.010498 0.000000 0.023303 0.997334 -0.069146 0.081400 0.012135 0.068877 0.997551 0.000000 0.000000 0.000000 0.000000 1.000000
0.999543 -0.030136 -0.002249 0.000000 0.029764 0.994618 -0.099244 0.081400 0.005228 0.099131 0.995061 -0.000000 0.000000 0.000000 0.000000 1.000000
0.999093 -0.035266 -0.023883 0.000000 0.032269 0.992726 -0.115992 0.081400 0.027800 0.115116 0.992963 -0.000000 0.000000 0.000000 0.000000 1.000000
0.994982 -0.052497 -0.085180 0.000000 0.041887 0.991661 -0.121876 0.081400 0.090868 0.117697 0.988883 -0.000000 0.000000 0.000000 0.000000 1.000000
0.985952 -0.079825 -0.146719 0.000000 0.060971 0.989796 -0.128788 0.081400 0.155502 0.118033 0.980758 0.000000 0.000000 0.000000 0.000000 1.000000
0.980834 -0.097571 -0.168658 0.000000 0.074367 0.987522 -0.138816 0.081400 0.180097 0.123612 0.975851 -0.000000 0.000000 0.000000 0.000000 1.000000
0.982725 -0.096354 -0.158012 0.000000 0.073448 0.986717 -0.144894 0.081400 0.169874 0.130786 0.976749 0.000000 0.000000 0.000000 0.000000 1.000000
0.985904 -0.087391 -0.142673 -0.000000 0.065269 0.986073 -0.152973 0.081400 0.154054 0.141505 0.977877 0.000000 0.000000 0.000000 0.000000 1.000000
0.988317 -0.078189 -0.130825 0.000000 0.056103 0.984745 -0.164709 0.081400 0.141708 0.155445 0.977628 -0.000000 0.000000 0.000000 0.000000 1.000000
0.990685 -0.070296 -0.116630 -0.000000 0.048889 0.982962 -0.177186 0.081400 0.127098 0.169833 0.977242 0.000000 0.000000 0.000000 0.000000 1.000000
0.992990 -0.064662 -0.098938 0.000000 0.045172 0.981153 -0.187879 0.081400 0.109222 0.182093 0.977196 0.000000 0.000000 0.000000 0.000000 1.000000
0.994757 -0.062115 -0.081237 0.000000 0.045025 0.979281 -0.197435 0.081400 0.091817 0.192743 0.976944 -0.000000 0.000000 0.000000 0.000000 1.000000
0.995870 -0.062156 -0.066177 0.000000 0.047218 0.977155 -0.207216 0.081400 0.077544 0.203235 0.976054 0.000000 0.000000 0.000000 0.000000 1.000000
0.996492 -0.063358 -0.054679 -0.000000 0.050135 0.975070 -0.216161 0.081400 0.067011 0.212662 0.974825 0.000000 0.000000 0.000000 0.000000 1.000000
0.996781 -0.065193 -0.046673 -0.000000 0.053244 0.973453 -0.222608 0.081400 0.059947 0.219407 0.973790 0.000000 0.000000 0.000000 0.000000 1.000000
0.996784 -0.068372 -0.041799 0.000000 0.057176 0.972250 -0.226850 0.081400 0.056149 0.223731 0.973032 -0.000000 0.000000 0.000000 0.000000 1.000000
0.996631 -0.072066 -0.039155 0.000000 0.061280 0.971613 -0.228503 0.081400 0.054511 0.225334 0.972756 -0.000000 0.000000 0.000000 0.000000 1.000000
0.996556 -0.074098 -0.037212 0.000000 0.063787 0.971827 -0.226898 0.081400 0.052976 0.223743 0.973207 0.000000 0.000000 0.000000 0.000000 1.000000
0.996674 -0.073573 -0.035044 0.000000 0.064033 0.973020 -0.221656 0.081400 0.050407 0.218675 0.974495 0.000000 0.000000 0.000000 0.000000 1.000000
0.996866 -0.071763 -0.033287 0.000000 0.063074 0.974997 -0.213077 0.081400 0.047745 0.210310 0.976468 0.000000 0.000000 0.000000 0.000000 1.000000
0.997035 -0.069715 -0.032559 -0.000000 0.061757 0.977477 -0.201805 0.081400 0.045894 0.199196 0.978884 0.000000 0.000000 0.000000 0.000000 1.000000
0.997239 -0.066942 -0.032128 -0.000000 0.059728 0.980252 -0.188517 0.081400 0.044113 0.186078 0.981544 -0.000000 0.000000 0.000000 0.000000 1.000000
0.997529 -0.062955 -0.031174 -0.000000 0.056606 0.983112 -0.174030 0.081400 0.041604 0.171835 0.984247 0.000000 0.000000 0.000000 0.000000 1.000000
0.997859 -0.058155 -0.029909 0.000000 0.052697 0.985894 -0.158861 0.081400 0.038725 0.156945 0.986848 0.000000 0.000000 0.000000 0.000000 1.000000
0.998184 -0.053023 -0.028575 0.000000 0.048412 0.988521 -0.143118 0.081400 0.035835 0.141475 0.989293 0.000000 0.000000 0.000000 0.000000 1.000000
0.998497 -0.047552 -0.027238 0.000000 0.043728 0.990938 -0.127002 0.081400 0.033030 0.125620 0.991528 0.000000 0.000000 0.000000 0.000000 1.000000
0.998794 -0.041758 -0.025832 0.000000 0.038650 0.993077 -0.110921 0.081400 0.030285 0.109789 0.993493 -0.000000 0.000000 0.000000 0.000000 1.000000
0.999059 -0.035847 -0.024399 0.000000 0.033377 0.994914 -0.095038 0.081400 0.027682 0.094135 0.995175 0.000000 0.000000 0.000000 0.000000 1.000000
0.999290 -0.029895 -0.022948 -0.000000 0.027983 0.996438 -0.079547 0.081400 0.025244 0.078848 0.996567 -0.000000 0.000000 0.000000 0.000000 1.000000
0.999475 -0.024177 -0.021547 0.000000 0.022737 0.997644 -0.064722 0.081400 0.023061 0.064198 0.997671 -0.000000 0.000000 0.000000 0.000000 1.000000
0.999619 -0.018800 -0.020224 0.000000 0.017752 0.998549 -0.050837 0.081400 0.021150 0.050459 0.998502 -0.000000 0.000000 0.000000 0.000000 1.000000
0.999723 -0.013875 -0.019006 0.000000 0.013141 0.999185 -0.038166 0.081400 0.019520 0.037905 0.999091 0.000000 0.000000 0.000000 0.000000 1.000000</float_array>
        <technique_common>
          <accessor source="#mixamorig_Spine1-Matrix-animation-output-transform-array" count="33" stride="16">
            <param type="float4x4"/>
          </accessor>
        </technique_common>
      </source>
      <source id="mixamorig_Spine1-Interpolations">
        <Name_array id="mixamorig_Spine1-Interpolations-array" count="33">
 LINEAR LINEAR LINEAR LINEAR LINEAR LINEAR LINEAR LINEAR LINEAR LINEAR LINEAR
LINEAR LINEAR LINEAR LINEAR LINEAR LINEAR LINEAR LINEAR LINEAR LINEAR LINEAR LINEAR
LINEAR LINEAR LINEAR LINEAR LINEAR LINEAR LINEAR LINEAR LINEAR LINEAR</Name_array>
        <technique_common>
          <accessor source="#mixamorig_Spine1-Interpolations-array" count="33">
            <param type="name"/>
          </accessor>
        </technique_common>
      </source>
      <sampler id="mixamorig_Spine1-Matrix-animation-transform">
        <input semantic="INPUT" source="#mixamorig_Spine1-Matrix-animation-input"/>
        <input semantic="OUTPUT" source="#mixamorig_Spine1-Matrix-animation-output-transform"/>
        <input semantic="INTERPOLATION" source="#mixamorig_Spine1-Interpolations"/>
      </sampler>
      <channel source="#mixamorig_Spine1-Matrix-animation-transform" target="mixamorig_Spine1/matrix"/>
      <source id="mixamorig_Spine2-Matrix-animation-input">
        <float_array id="mixamorig_Spine2-Matrix-animation-input-array" count="33">

0.000000 0.033333 0.066667 0.100000 0.133333 0.166667 0.200000 0.233333 0.266667 0.300000 0.333333 0.366667 0.400000 0.433333 0.466667 0.500000
0.533333 0.566667 0.600000 0.633333 0.666667 0.700000 0.733333 0.766667 0.800000 0.833333 0.866667 0.900000 0.933333 0.966667 1.000000 1.033333
1.066667</float_array>
        <technique_common>
          <accessor source="#mixamorig_Spine2-Matrix-animation-input-array" count="33">
            <param name="TIME" type="float"/>
          </accessor>
        </technique_common>
      </source>
      <source id="mixamorig_Spine2-Matrix-animation-output-transform">
        <float_array id="mixamorig_Spine2-Matrix-animation-output-transform-array" count="528">

0.999731 -0.013517 -0.018840 0.000000 0.012785 0.999180 -0.038422 0.093100 0.019344 0.038171 0.999084 0.000000 0.000000 0.000000 0.000000 1.000000
0.999666 -0.023727 -0.010208 0.000000 0.022963 0.997322 -0.069435 0.093100 0.011828 0.069177 0.997534 -0.000000 0.000000 0.000000 0.000000 1.000000
0.999553 -0.029847 -0.001702 -0.000000 0.029529 0.994583 -0.099664 0.093100 0.004667 0.099570 0.995020 0.000000 0.000000 0.000000 0.000000 1.000000
0.999129 -0.034809 -0.022998 -0.000000 0.031904 0.992683 -0.116455 0.093100 0.026884 0.115620 0.992930 0.000000 0.000000 0.000000 0.000000 1.000000
0.995137 -0.051198 -0.084146 -0.000000 0.040731 0.991728 -0.121722 0.093100 0.089682 0.117703 0.988991 0.000000 0.000000 0.000000 0.000000 1.000000
0.986284 -0.077338 -0.145818 -0.000000 0.058798 0.990104 -0.127426 0.093100 0.154230 0.117105 0.981071 -0.000000 0.000000 0.000000 0.000000 1.000000
0.981270 -0.094408 -0.167915 0.000000 0.071668 0.988019 -0.136684 0.093100 0.178807 0.122090 0.976280 0.000000 0.000000 0.000000 0.000000 1.000000
0.983148 -0.093199 -0.157270 0.000000 0.070718 0.987202 -0.142935 0.093100 0.168578 0.129404 0.977157 0.000000 0.000000 0.000000 0.000000 1.000000
0.986278 -0.084453 -0.141856 -0.000000 0.062658 0.986449 -0.151634 0.093100 0.152739 0.140665 0.978205 0.000000 0.000000 0.000000 0.000000 1.000000
0.988652 -0.075462 -0.129898 -0.000000 0.053639 0.985005 -0.163976 0.093100 0.140324 0.155148 0.977874 -0.000000 0.000000 0.000000 0.000000 1.000000
0.990976 -0.067906 -0.115567 0.000000 0.046729 0.983107 -0.176966 0.093100 0.125632 0.169969 0.977408 0.000000 0.000000 0.000000 0.000000 1.000000
0.993230 -0.062740 -0.097768 0.000000 0.043472 0.981201 -0.188028 0.093100 0.107727 0.182505 0.977286 0.000000 0.000000 0.000000 0.000000 1.000000
0.994947 -0.060633 -0.080031 0.000000 0.043769 0.979271 -0.197771 0.093100 0.090364 0.193269 0.976976 0.000000 0.000000 0.000000 0.000000 1.000000
0.996020 -0.060990 -0.064991 -0.000000 0.046285 0.977114 -0.207620 0.093100 0.076166 0.203785 0.976048 -0.000000 0.000000 0.000000 0.000000 1.000000
0.996613 -0.062407 -0.053548 0.000000 0.049418 0.975013 -0.216582 0.093100 0.065726 0.213202 0.974795 0.000000 0.000000 0.000000 0.000000 1.000000
0.996878 -0.064419 -0.045649 0.000000 0.052690 0.973392 -0.223008 0.093100 0.058800 0.219906 0.973747 0.000000 0.000000 0.000000 0.000000 1.000000
0.996861 -0.067764 -0.040939 -0.000000 0.056757 0.972193 -0.227200 0.093100 0.055196 0.224164 0.972987 0.000000 0.000000 0.000000 0.000000 1.000000
0.996691 -0.071603 -0.038468 0.000000 0.060967 0.971563 -0.228797 0.093100 0.053757 0.225694 0.972714 0.000000 0.000000 0.000000 0.000000 1.000000
0.996604 -0.073738 -0.036655 0.000000 0.063547 0.971784 -0.227150 0.093100 0.052370 0.224049 0.973170 0.000000 0.000000 0.000000 0.000000 1.000000
0.996712 -0.073282 -0.034580 0.000000 0.063840 0.972983 -0.221876 0.093100 0.049905 0.218939 0.974461 0.000000 0.000000 0.000000 0.000000 1.000000
0.996895 -0.071533 -0.032927 0.000000 0.062916 0.974969 -0.213255 0.093100 0.047357 0.210521 0.976442 0.000000 0.000000 0.000000 0.000000 1.000000
0.997055 -0.069542 -0.032318 0.000000 0.061630 0.977460 -0.201925 0.093100 0.045632 0.199338 0.978868 0.000000 0.000000 0.000000 0.000000 1.000000
0.997253 -0.066803 -0.031983 0.000000 0.059615 0.980245 -0.188589 0.093100 0.043949 0.186164 0.981535 0.000000 0.000000 0.000000 0.000000 1.000000
0.997542 -0.062823 -0.031036 0.000000 0.056498 0.983109 -0.174083 0.093100 0.041448 0.171902 0.984242 -0.000000 0.000000 0.000000 0.000000 1.000000
0.997871 -0.057999 -0.029810 -0.000000 0.052556 0.985893 -0.158911 0.093100 0.038606 0.157006 0.986843 0.000000 0.000000 0.000000 0.000000 1.000000
0.998196 -0.052840 -0.028520 -0.000000 0.048237 0.988521 -0.143177 0.093100 0.035758 0.141543 0.989286 0.000000 0.000000 0.000000 0.000000 1.000000
0.998508 -0.047357 -0.027170 0.000000 0.043540 0.990936 -0.127080 0.093100 0.032941 0.125707 0.991520 0.000000 0.000000 0.000000 0.000000 1.000000
0.998805 -0.041537 -0.025748 0.000000 0.038436 0.993074 -0.111023 0.093100 0.030181 0.109901 0.993484 -0.000000 0.000000 0.000000 0.000000 1.000000
0.999071 -0.035583 -0.024294 0.000000 0.033121 0.994910 -0.095167 0.093100 0.027556 0.094274 0.995165 0.000000 0.000000 0.000000 0.000000 1.000000
0.999301 -0.029605 -0.022825 0.000000 0.027700 0.996434 -0.079706 0.093100 0.025104 0.079018 0.996557 0.000000 0.000000 0.000000 0.000000 1.000000
0.999486 -0.023862 -0.021409 -0.000000 0.022428 0.997639 -0.064913 0.093100 0.022907 0.064399 0.997661 -0.000000 0.000000 0.000000 0.000000 1.000000
0.999628 -0.018463 -0.020071 0.000000 0.017418 0.998544 -0.051061 0.093100 0.020984 0.050693 0.998494 -0.000000 0.000000 0.000000 0.000000 1.000000
0.999731 -0.013517 -0.018840 0.000000 0.012785 0.999180 -0.038422 0.093100 0.019344 0.038171 0.999084 0.000000 0.000000 0.000000 0.000000 1.000000</float_array>
        <technique_common>
          <accessor source="#mixamorig_Spine2-Matrix-animation-output-transform-array" count="33" stride="16">
            <param type="float4x4"/>
          </accessor>
        </technique_common>
      </source>
      <source id="mixamorig_Spine2-Interpolations">
        <Name_array id="mixamorig_Spine2-Interpolations-array" count="33">
 LINEAR LINEAR LINEAR LINEAR LINEAR LINEAR LINEAR LINEAR LINEAR LINEAR LINEAR
LINEAR LINEAR LINEAR LINEAR LINEAR LINEAR LINEAR LINEAR LINEAR LINEAR LINEAR LINEAR
LINEAR LINEAR LINEAR LINEAR LINEAR LINEAR LINEAR LINEAR LINEAR LINEAR</Name_array>
        <technique_common>
          <accessor source="#mixamorig_Spine2-Interpolations-array" count="33">
            <param type="name"/>
          </accessor>
        </technique_common>
      </source>
      <sampler id="mixamorig_Spine2-Matrix-animation-transform">
        <input semantic="INPUT" source="#mixamorig_Spine2-Matrix-animation-input"/>
        <input semantic="OUTPUT" source="#mixamorig_Spine2-Matrix-animation-output-transform"/>
        <input semantic="INTERPOLATION" source="#mixamorig_Spine2-Interpolations"/>
      </sampler>
      <channel source="#mixamorig_Spine2-Matrix-animation-transform" target="mixamorig_Spine2/matrix"/>
      <source id="mixamorig_Neck-Matrix-animation-input">
        <float_array id="mixamorig_Neck-Matrix-animation-input-array" count="33">

0.000000 0.033333 0.066667 0.100000 0.133333 0.166667 0.200000 0.233333 0.266667 0.300000 0.333333 0.366667 0.400000 0.433333 0.466667 0.500000
0.533333 0.566667 0.600000 0.633333 0.666667 0.700000 0.733333 0.766667 0.800000 0.833333 0.866667 0.900000 0.933333 0.966667 1.000000 1.033333
1.066667</float_array>
        <technique_common>
          <accessor source="#mixamorig_Neck-Matrix-animation-input-array" count="33">
            <param name="TIME" type="float"/>
          </accessor>
        </technique_common>
      </source>
      <source id="mixamorig_Neck-Matrix-animation-output-transform">
        <float_array id="mixamorig_Neck-Matrix-animation-output-transform-array" count="528">

0.970444 -0.003170 -0.241305 -0.000000 -0.105265 0.894213 -0.435089 0.104700 0.217157 0.447631 0.867450 0.000000 0.000000 0.000000 0.000000 1.000000
0.977333 -0.004976 -0.211649 0.000000 -0.093020 0.887959 -0.450417 0.104700 0.190177 0.459896 0.867369 0.000000 0.000000 0.000000 0.000000 1.000000
0.982919 -0.021238 -0.182808 0.000000 -0.067366 0.882860 -0.464779 0.104700 0.171265 0.469156 0.866349 0.000000 0.000000 0.000000 0.000000 1.000000
0.986514 -0.063874 -0.150698 -0.000000 -0.014670 0.882498 -0.470087 0.104700 0.163017 0.465958 0.869660 0.000000 0.000000 0.000000 0.000000 1.000000
0.987254 -0.114101 -0.110954 -0.000000 0.051313 0.888120 -0.456738 0.104700 0.150655 0.445223 0.882655 0.000000 0.000000 0.000000 0.000000 1.000000
0.987597 -0.138279 -0.074373 0.000000 0.093221 0.897559 -0.430926 0.104700 0.126343 0.418648 0.899317 0.000000 0.000000 0.000000 0.000000 1.000000
0.990025 -0.130041 -0.054216 0.000000 0.096516 0.906323 -0.411417 0.104700 0.102638 0.402080 0.909833 0.000000 0.000000 0.000000 0.000000 1.000000
0.992907 -0.108535 -0.048533 0.000000 0.079788 0.910925 -0.404782 0.104700 0.088143 0.398039 0.913124 -0.000000 0.000000 0.000000 0.000000 1.000000
0.995041 -0.090734 -0.040749 0.000000 0.066512 0.911592 -0.405680 0.104700 0.073955 0.400958 0.913106 0.000000 0.000000 0.000000 0.000000 1.000000
0.996405 -0.078876 -0.030916 -0.000000 0.059331 0.910184 -0.409933 0.104700 0.060473 0.406625 0.911591 -0.000000 0.000000 0.000000 0.000000 1.000000
0.997318 -0.069072 -0.024192 -0.000000 0.052685 0.907030 -0.417758 0.104700 0.050799 0.415363 0.908236 0.000000 0.000000 0.000000 0.000000 1.000000
0.997975 -0.060004 -0.021102 0.000000 0.045230 0.902723 -0.427838 0.104700 0.044721 0.426017 0.903609 0.000000 0.000000 0.000000 0.000000 1.000000
0.998394 -0.052930 -0.020184 0.000000 0.038810 0.898669 -0.436908 0.104700 0.041264 0.435423 0.899280 0.000000 0.000000 0.000000 0.000000 1.000000
0.998647 -0.047904 -0.020211 -0.000000 0.033965 0.895390 -0.443986 0.104700 0.039366 0.442699 0.895806 0.000000 0.000000 0.000000 0.000000 1.000000
0.998835 -0.043656 -0.020574 0.000000 0.029728 0.892385 -0.450295 0.104700 0.038018 0.449158 0.892643 0.000000 0.000000 0.000000 0.000000 1.000000
0.998988 -0.039706 -0.021107 -0.000000 0.025708 0.889407 -0.456392 0.104700 0.036895 0.455388 0.889529 0.000000 0.000000 0.000000 0.000000 1.000000
0.999097 -0.036272 -0.022128 0.000000 0.021957 0.886623 -0.461972 0.104700 0.036376 0.461069 0.886618 0.000000 0.000000 0.000000 0.000000 1.000000
0.999126 -0.033182 -0.025410 0.000000 0.017503 0.884310 -0.466572 0.104700 0.037952 0.465719 0.884118 -0.000000 0.000000 0.000000 0.000000 1.000000
0.999044 -0.030249 -0.031571 0.000000 0.011866 0.882529 -0.470108 0.104700 0.042082 0.469284 0.882044 0.000000 0.000000 0.000000 0.000000 1.000000
0.998808 -0.027487 -0.040330 0.000000 0.005169 0.881257 -0.472609 0.104700 0.048532 0.471838 0.880349 0.000000 0.000000 0.000000 0.000000 1.000000
0.998370 -0.024895 -0.051350 0.000000 -0.002429 0.880473 -0.474090 0.104700 0.057015 0.473442 0.878978 0.000000 0.000000 0.000000 0.000000 1.000000
0.997678 -0.022453 -0.064301 0.000000 -0.010780 0.880139 -0.474593 0.104700 0.067249 0.474184 0.877854 0.000000 0.000000 0.000000 0.000000 1.000000
0.996682 -0.020146 -0.078858 0.000000 -0.019724 0.880216 -0.474163 0.104700 0.078965 0.474145 0.876899 0.000000 0.000000 0.000000 0.000000 1.000000
0.995344 -0.017967 -0.094697 -0.000000 -0.029089 0.880666 -0.472844 0.104700 0.091892 0.473397 0.876043 0.000000 0.000000 0.000000 0.000000 1.000000
