<?xml version="1.0" encoding="utf-8"?>
<COLLADA xmlns="http://www.collada.org/2005/11/COLLADASchema" version="1.4.1">
  <asset>
    <contributor>
      <author>Mixamo</author>
      <authoring_tool>COLLADA Mixamo exporter</authoring_tool>
      <comments/>
    </contributor>
    <created>2024-05-10T12:20:20Z</created>
    <modified>2024-05-10T12:20:20Z</modified>
    <revision/>
    <title/>
    <unit meter="0.010000"/>
    <up_axis>Y_UP</up_axis>
  </asset>
  <library_animations>
    <animation>
      <source id="Armature.001-Matrix-animation-input">
        <float_array id="Armature.001-Matrix-animation-input-array" count="33">

0.000000 0.033333 0.066667 0.100000 0.133333 0.166667 0.200000 0.233333 0.266667 0.300000 0.333333 0.366667 0.400000 0.433333 0.466667 0.500000
0.533333 0.566667 0.600000 0.633333 0.666667 0.700000 0.733333 0.766667 0.800000 0.833333 0.866667 0.900000 0.933333 0.966667 1.000000 1.033333
1.066667</float_array>
        <technique_common>
          <accessor source="#Armature.001-Matrix-animation-input-array" count="33">
            <param name="TIME" type="float"/>
          </accessor>
        </technique_common>
      </source>
      <source id="Armature.001-Matrix-animation-output-transform">
        <float_array id="Armature.001-Matrix-animation-output-transform-array" count="528">

100.000000 0.000000 0.000000 0.000000 0.000000 0.000000 100.000000 0.000000 0.000000 -100.000000 0.000000 0.000000 0.000000 0.000000 0.000000 1.000000
100.000000 0.000000 0.000000 0.000000 0.000000 0.000000 100.000000 0.000000 0.000000 -100.000000 0.000000 0.000000 0.000000 0.000000 0.000000 1.000000
100.000000 0.000000 0.000000 0.000000 0.000000 0.000000 100.000000 0.000000 0.000000 -100.000000 0.000000 0.000000 0.000000 0.000000 0.000000 1.000000
100.000000 0.000000 0.000000 0.000000 0.000000 0.000000 100.000000 0.000000 0.000000 -100.000000 0.000000 0.000000 0.000000 0.000000 0.000000 1.000000
100.000000 0.000000 0.000000 0.000000 0.000000 0.000000 100.000000 0.000000 0.000000 -100.000000 0.000000 0.000000 0.000000 0.000000 0.000000 1.000000
100.000000 0.000000 0.000000 0.000000 0.000000 0.000000 100.000000 0.000000 0.000000 -100.000000 0.000000 0.000000 0.000000 0.000000 0.000000 1.000000
100.000000 0.000000 0.000000 0.000000 0.000000 0.000000 100.000000 0.000000 0.000000 -100.000000 0.000000 0.000000 0.000000 0.000000 0.000000 1.000000
100.000000 0.000000 0.000000 0.000000 0.000000 0.000000 100.000000 0.000000 0.000000 -100.000000 0.000000 0.000000 0.000000 0.000000 0.000000 1.000000
100.000000 0.000000 0.000000 0.000000 0.000000 0.000000 100.000000 0.000000 0.000000 -100.000000 0.000000 0.000000 0.000000 0.000000 0.000000 1.000000
100.000000 0.000000 0.000000 0.000000 0.000000 0.000000 100.000000 0.000000 0.000000 -100.000000 0.000000 0.000000 0.000000 0.000000 0.000000 1.000000
100.000000 0.000000 0.000000 0.000000 0.000000 0.000000 100.000000 0.000000 0.000000 -100.000000 0.000000 0.000000 0.000000 0.000000 0.000000 1.000000
100.000000 0.000000 0.000000 0.000000 0.000000 0.000000 100.000000 0.000000 0.000000 -100.000000 0.000000 0.000000 0.000000 0.000000 0.000000 1.000000
100.000000 0.000000 0.000000 0.000000 0.000000 0.000000 100.000000 0.000000 0.000000 -100.000000 0.000000 0.000000 0.000000 0.000000 0.000000 1.000000
100.000000 0.000000 0.000000 0.000000 0.000000 0.000000 100.000000 0.000000 0.000000 -100.000000 0.000000 0.000000 0.000000 0.000000 0.000000 1.000000
100.000000 0.000000 0.000000 0.000000 0.000000 0.000000 100.000000 0.000000 0.000000 -100.000000 0.000000 0.000000 0.000000 0.000000 0.000000 1.000000
100.000000 0.000000 0.000000 0.000000 0.000000 0.000000 100.000000 0.000000 0.000000 -100.000000 0.000000 0.000000 0.000000 0.000000 0.000000 1.000000
100.000000 0.000000 0.000000 0.000000 0.000000 0.000000 100.000000 0.000000 0.000000 -100.000000 0.000000 0.000000 0.000000 0.000000 0.000000 1.000000
100.000000 0.000000 0.000000 0.000000 0.000000 0.000000 100.000000 0.000000 0.000000 -100.000000 0.000000 0.000000 0.000000 0.000000 0.000000 1.000000
100.000000 0.000000 0.000000 0.000000 0.000000 0.000000 100.000000 0.000000 0.000000 -100.000000 0.000000 0.000000 0.000000 0.000000 0.000000 1.000000
100.000000 0.000000 0.000000 0.000000 0.000000 0.000000 100.000000 0.000000 0.000000 -100.000000 0.000000 0.000000 0.000000 0.000000 0.000000 1.000000
100.000000 0.000000 0.000000 0.000000 0.000000 0.000000 100.000000 0.000000 0.000000 -100.000000 0.000000 0.000000 0.000000 0.000000 0.000000 1.000000
100.000000 0.000000 0.000000 0.000000 0.000000 0.000000 100.000000 0.000000 0.000000 -100.000000 0.000000 0.000000 0.000000 0.000000 0.000000 1.000000
100.000000 0.000000 0.000000 0.000000 0.000000 0.000000 100.000000 0.000000 0.000000 -100.000000 0.000000 0.000000 0.000000 0.000000 0.000000 1.000000
100.000000 0.000000 0.000000 0.000000 0.000000 0.000000 100.000000 0.000000 0.000000 -100.000000 0.000000 0.000000 0.000000 0.000000 0.000000 1.000000
100.000000 0.000000 0.000000 0.000000 0.000000 0.000000 100.000000 0.000000 0.000000 -100.000000 0.000000 0.000000 0.000000 0.000000 0.000000 1.000000
100.000000 0.000000 0.000000 0.000000 0.000000 0.000000 100.000000 0.000000 0.000000 -100.000000 0.000000 0.000000 0.000000 0.000000 0.000000 1.000000
100.000000 0.000000 0.000000 0.000000 0.000000 0.000000 100.000000 0.000000 0.000000 -100.000000 0.000000 0.000000 0.000000 0.000000 0.000000 1.000000
100.000000 0.000000 0.000000 0.000000 0.000000 0.000000 100.000000 0.000000 0.000000 -100.000000 0.000000 0.000000 0.000000 0.000000 0.000000 1.000000
100.000000 0.000000 0.000000 0.000000 0.000000 0.000000 100.000000 0.000000 0.000000 -100.000000 0.000000 0.000000 0.000000 0.000000 0.000000 1.000000
100.000000 0.000000 0.000000 0.000000 0.000000 0.000000 100.000000 0.000000 0.000000 -100.000000 0.000000 0.000000 0.000000 0.000000 0.000000 1.000000
100.000000 0.000000 0.000000 0.000000 0.000000 0.000000 100.000000 0.000000 0.000000 -100.000000 0.000000 0.000000 0.000000 0.000000 0.000000 1.000000
100.000000 0.000000 0.000000 0.000000 0.000000 0.000000 100.000000 0.000000 0.000000 -100.000000 0.000000 0.000000 0.000000 0.000000 0.000000 1.000000
100.000000 0.000000 0.000000 0.000000 0.000000 0.000000 100.000000 0.000000 0.000000 -100.000000 0.000000 0.000000 0.000000 0.000000 0.000000 1.000000</float_array>
        <technique_common>
          <accessor source="#Armature.001-Matrix-animation-output-transform-array" count="33" stride="16">
            <param type="float4x4"/>
          </accessor>
        </technique_common>
      </source>
      <source id="Armature.001-Interpolations">
        <Name_array id="Armature.001-Interpolations-array" count="33">
 LINEAR LINEAR LINEAR LINEAR LINEAR LINEAR LINEAR LINEAR LINEAR LINEAR LINEAR
LINEAR LINEAR LINEAR LINEAR LINEAR LINEAR LINEAR LINEAR LINEAR LINEAR LINEAR LINEAR
LINEAR LINEAR LINEAR LINEAR LINEAR LINEAR LINEAR LINEAR LINEAR LINEAR</Name_array>
        <technique_common>
          <accessor source="#Armature.001-Interpolations-array" count="33">
            <param type="name"/>
          </accessor>
        </technique_common>
      </source>
      <sampler id="Armature.001-Matrix-animation-transform">
        <input semantic="INPUT" source="#Armature.001-Matrix-animation-input"/>
        <input semantic="OUTPUT" source="#Armature.001-Matrix-animation-output-transform"/>
        <input semantic="INTERPOLATION" source="#Armature.001-Interpolations"/>
      </sampler>
      <channel source="#Armature.001-Matrix-animation-transform" target="Armature.001/matrix"/>
      <source id="mixamorig_Hips-Matrix-animation-input">
        <float_array id="mixamorig_Hips-Matrix-animation-input-array" count="33">

0.000000 0.033333 0.066667 0.100000 0.133333 0.166667 0.200000 0.233333 0.266667 0.300000 0.333333 0.366667 0.400000 0.433333 0.466667 0.500000
0.533333 0.566667 0.600000 0.633333 0.666667 0.700000 0.733333 0.766667 0.800000 0.833333 0.866667 0.900000 0.933333 0.966667 1.000000 1.033333
1.066667</float_array>
        <technique_common>
          <accessor source="#mixamorig_Hips-Matrix-animation-input-array" count="33">
            <param name="TIME" type="float"/>
          </accessor>
        </technique_common>
      </source>
      <source id="mixamorig_Hips-Matrix-animation-output-transform">
        <float_array id="mixamorig_Hips-Matrix-animation-output-transform-array" count="528">

0.690782 0.000454 0.723063 -0.006236 0.719792 0.094587 -0.687716 0.007261 -0.068704 0.995517 0.065012 0.794512 0.000000 0.000000 0.000000 1.000000
0.664145 0.000367 0.747604 -0.005378 0.744173 0.095374 -0.661143 0.006445 -0.071545 0.995441 0.063069 0.805663 0.000000 0.000000 0.000000 1.000000
0.640571 0.012083 0.767804 -0.002045 0.764784 0.079923 -0.639310 0.000420 -0.069090 0.996728 0.041956 0.823325 0.000000 0.000000 0.000000 1.000000
0.617037 0.020757 0.786661 0.001958 0.783761 0.073476 -0.616701 -0.009381 -0.070601 0.997081 0.029069 0.842158 0.000000 0.000000 0.000000 1.000000
0.594129 0.016719 0.804196 0.003735 0.799872 0.093300 -0.592874 -0.018206 -0.084944 0.995498 0.042059 0.854123 0.000000 0.000000 0.000000 1.000000
0.584715 0.006416 0.811213 0.003063 0.804148 0.127341 -0.580630 -0.024552 -0.107026 0.991838 0.069299 0.856510 0.000000 0.000000 0.000000 1.000000
0.589639 -0.002830 0.807662 0.001337 0.797179 0.162670 -0.581415 -0.028902 -0.129737 0.986676 0.098173 0.853092 0.000000 0.000000 0.000000 1.000000
0.597542 -0.008911 0.801788 -0.000501 0.787427 0.195244 -0.584669 -0.030086 -0.151334 0.980714 0.123683 0.847838 0.000000 0.000000 0.000000 1.000000
0.608729 -0.008375 0.793334 -0.001557 0.775431 0.217764 -0.592693 -0.027609 -0.167796 0.975965 0.139053 0.840924 0.000000 0.000000 0.000000 1.000000
0.625577 -0.001425 0.780161 -0.001262 0.760326 0.225175 -0.609262 -0.022933 -0.174804 0.974317 0.141948 0.833159 0.000000 0.000000 0.000000 1.000000
0.645724 0.006375 0.763544 -0.000284 0.744107 0.219084 -0.631115 -0.017382 -0.171304 0.975685 0.136724 0.825404 0.000000 0.000000 0.000000 1.000000
0.663044 0.010897 0.748501 0.000141 0.731179 0.204911 -0.650683 -0.011440 -0.160467 0.978720 0.127897 0.818057 0.000000 0.000000 0.000000 1.000000
0.674773 0.013302 0.737905 -0.000316 0.723229 0.187283 -0.664729 -0.005528 -0.147039 0.982216 0.116753 0.811377 0.000000 0.000000 0.000000 1.000000
0.684294 0.016128 0.729028 -0.000945 0.716751 0.169113 -0.676512 -0.000156 -0.134199 0.985465 0.104163 0.805714 0.000000 0.000000 0.000000 1.000000
0.695321 0.018937 0.718449 -0.001206 0.708176 0.152385 -0.689395 0.004313 -0.122536 0.988140 0.092546 0.801408 0.000000 0.000000 0.000000 1.000000
0.706365 0.019414 0.707582 -0.001284 0.699052 0.137971 -0.701634 0.007603 -0.111247 0.990246 0.083886 0.798600 0.000000 0.000000 0.000000 1.000000
0.713151 0.017162 0.700800 -0.001456 0.693814 0.125593 -0.709118 0.009456 -0.100186 0.991933 0.077660 0.797151 0.000000 0.000000 0.000000 1.000000
0.713287 0.013997 0.700732 -0.001647 0.694989 0.115146 -0.709741 0.009866 -0.090621 0.993250 0.072404 0.796864 0.000000 0.000000 0.000000 1.000000
0.708157 0.011248 0.705965 -0.001762 0.701106 0.106974 -0.704987 0.009224 -0.083450 0.994198 0.067868 0.797237 0.000000 0.000000 0.000000 1.000000
0.701820 0.008787 0.712300 -0.001988 0.708088 0.100661 -0.698912 0.008071 -0.077842 0.994882 0.064424 0.797202 0.000000 0.000000 0.000000 1.000000
0.695376 0.005904 0.718622 -0.002539 0.714900 0.096283 -0.692566 0.006773 -0.073280 0.995336 0.062732 0.796925 0.000000 0.000000 0.000000 1.000000
0.689694 0.003033 0.724094 -0.003330 0.720724 0.093593 -0.686876 0.005579 -0.069853 0.995606 0.062365 0.796533 0.000000 0.000000 0.000000 1.000000
0.685796 0.001056 0.727793 -0.004118 0.724624 0.092253 -0.682942 0.004833 -0.067862 0.995735 0.062501 0.796017 0.000000 0.000000 0.000000 1.000000
0.684664 0.000275 0.728859 -0.004829 0.725758 0.091891 -0.681786 0.004897 -0.067163 0.995769 0.062715 0.795393 0.000000 0.000000 0.000000 1.000000
0.685196 0.000142 0.728358 -0.005289 0.725256 0.092064 -0.682296 0.005302 -0.067152 0.995753 0.062979 0.794979 0.000000 0.000000 0.000000 1.000000
0.686009 0.000115 0.727593 -0.005566 0.724475 0.092363 -0.683084 0.005668 -0.067281 0.995725 0.063279 0.794766 0.000000 0.000000 0.000000 1.000000
0.686844 0.000129 0.726805 -0.005775 0.723664 0.092735 -0.683893 0.005998 -0.067488 0.995691 0.063601 0.794628 0.000000 0.000000 0.000000 1.000000
0.687698 0.000173 0.725997 -0.005920 0.722830 0.093141 -0.684721 0.006297 -0.067739 0.995653 0.063927 0.794556 0.000000 0.000000 0.000000 1.000000
0.688533 0.000237 0.725205 -0.006019 0.722009 0.093556 -0.685529 0.006565 -0.068010 0.995614 0.064245 0.794530 0.000000 0.000000 0.000000 1.000000
0.689310 0.000308 0.724466 -0.006087 0.721242 0.093952 -0.686282 0.006801 -0.068276 0.995577 0.064540 0.794529 0.000000 0.000000 0.000000 1.000000
0.689991 0.000372 0.723818 -0.006141 0.720568 0.094302 -0.686942 0.007004 -0.068513 0.995544 0.064799 0.794535 0.000000 0.000000 0.000000 1.000000
0.690554 0.000419 0.723280 -0.006203 0.720011 0.094583 -0.687487 0.007182 -0.068698 0.995517 0.065013 0.794523 0.000000 0.000000 0.000000 1.000000
0.690782 0.000453 0.723063 -0.006236 0.719792 0.094587 -0.687716 0.007261 -0.068704 0.995517 0.065012 0.794512 0.000000 0.000000 0.000000 1.000000</float_array>
        <technique_common>
          <accessor source="#mixamorig_Hips-Matrix-animation-output-transform-array" count="33" stride="16">
            <param type="float4x4"/>
          </accessor>
        </technique_common>
      </source>
      <source id="mixamorig_Hips-Interpolations">
        <Name_array id="mixamorig_Hips-Interpolations-array" count="33">
 LINEAR LINEAR LINEAR LINEAR LINEAR LINEAR LINEAR LINEAR LINEAR LINEAR LINEAR
LINEAR LINEAR LINEAR LINEAR LINEAR LINEAR LINEAR LINEAR LINEAR LINEAR LINEAR LINEAR
LINEAR LINEAR LINEAR LINEAR LINEAR LINEAR LINEAR LINEAR LINEAR LINEAR</Name_array>
        <technique_common>
          <accessor source="#mixamorig_Hips-Interpolations-array" count="33">
            <param type="name"/>
          </accessor>
        </technique_common>
      </source>
      <sampler id="mixamorig_Hips-Matrix-animation-transform">
        <input semantic="INPUT" source="#mixamorig_Hips-Matrix-animation-input"/>
        <input semantic="OUTPUT" source="#mixamorig_Hips-Matrix-animation-output-transform"/>
        <input semantic="INTERPOLATION" source="#mixamorig_Hips-Interpolations"/>
      </sampler>
      <channel source="#mixamorig_Hips-Matrix-animation-transform" target="mixamorig_Hips/matrix"/>
      <source id="mixamorig_Spine-Matrix-animation-input">
        <float_array id="mixamorig_Spine-Matrix-animation-input-array" count="33">

0.000000 0.033333 0.066667 0.100000 0.133333 0.166667 0.200000 0.233333 0.266667 0.300000 0.333333 0.366667 0.400000 0.433333 0.466667 0.500000
0.533333 0.566667 0.600000 0.633333 0.666667 0.700000 0.733333 0.766667 0.800000 0.833333 0.866667 0.900000 0.933333 0.966667 1.000000 1.033333
1.066667</float_array>
        <technique_common>
          <accessor source="#mixamorig_Spine-Matrix-animation-input-array" count="33">
            <param name="TIME" type="float"/>
          </accessor>
        </technique_common>
      </source>
      <source id="mixamorig_Spine-Matrix-animation-output-transform">
        <float_array id="mixamorig_Spine-Matrix-animation-output-transform-array" count="528">

0.991520 -0.018277 -0.128659 0.000000 0.012119 0.998751 -0.048482 0.069300 0.129384 0.046512 0.990503 -0.008100 0.000000 0.000000 0.000000 1.000000
0.994158 -0.019883 -0.106086 -0.000000 0.016856 0.999427 -0.029348 0.069300 0.106608 0.027388 0.993924 -0.008100 0.000000 0.000000 0.000000 1.000000
0.995600 -0.016327 -0.092271 0.000000 0.017060 0.999829 0.007162 0.069300 0.092138 -0.008704 0.995708 -0.008100 0.000000 0.000000 0.000000 1.000000
0.996436 -0.010196 -0.083728 0.000000 0.013629 0.999085 0.040540 0.069300 0.083238 -0.041537 0.995664 -0.008100 0.000000 0.000000 0.000000 1.000000
0.997348 -0.001370 -0.072768 0.000000 0.005357 0.998493 0.054622 0.069300 0.072584 -0.054867 0.995852 -0.008100 0.000000 0.000000 0.000000 1.000000
0.997697 0.013506 -0.066469 0.000000 -0.010045 0.998590 0.052131 0.069300 0.067079 -0.051343 0.996426 -0.008100 0.000000 0.000000 0.000000 1.000000
0.997086 0.030173 -0.070061 -0.000000 -0.027366 0.998797 0.040691 0.069300 0.071204 -0.038655 0.996712 -0.008100 0.000000 0.000000 0.000000 1.000000
0.996483 0.039615 -0.073842 -0.000000 -0.037783 0.998947 0.026045 0.069300 0.074796 -0.023163 0.996930 -0.008100 0.000000 0.000000 0.000000 1.000000
0.996710 0.041517 -0.069605 0.000000 -0.040564 0.999064 0.015053 0.069300 0.070165 -0.012180 0.997461 -0.008100 0.000000 0.000000 0.000000 1.000000
0.997543 0.041837 -0.056187 -0.000000 -0.041190 0.999071 0.012633 0.069300 0.056663 -0.010288 0.998340 -0.008100 0.000000 0.000000 0.000000 1.000000
0.998166 0.043759 -0.041820 0.000000 -0.043193 0.998964 0.014343 0.069300 0.042404 -0.012511 0.999022 -0.008100 0.000000 0.000000 0.000000 1.000000
0.998395 0.044933 -0.034470 -0.000000 -0.044507 0.998924 0.013006 0.069300 0.035017 -0.011451 0.999321 -0.008100 0.000000 0.000000 0.000000 1.000000
0.998545 0.042132 -0.033655 0.000000 -0.041904 0.999094 0.007464 0.069300 0.033939 -0.006043 0.999406 -0.008100 0.000000 0.000000 0.000000 1.000000
0.998827 0.034727 -0.033730 0.000000 -0.034709 0.999397 0.001137 0.069300 0.033749 0.000035 0.999430 -0.008100 0.000000 0.000000 0.000000 1.000000
0.999199 0.024365 -0.031749 0.000000 -0.024507 0.999691 -0.004071 0.069300 0.031640 0.004846 0.999488 -0.008100 0.000000 0.000000 0.000000 1.000000
0.999473 0.013355 -0.029586 0.000000 -0.013627 0.999867 -0.008994 0.069300 0.029462 0.009392 0.999522 -0.008100 0.000000 0.000000 0.000000 1.000000
0.999570 0.003095 -0.029171 0.000000 -0.003494 0.999901 -0.013635 0.069300 0.029126 0.013731 0.999481 -0.008100 0.000000 0.000000 0.000000 1.000000
0.999523 -0.006342 -0.030231 0.000000 0.005847 0.999848 -0.016453 0.069300 0.030330 0.016268 0.999408 -0.008100 0.000000 0.000000 0.000000 1.000000
0.999350 -0.015247 -0.032654 0.000000 0.014695 0.999746 -0.017087 0.069300 0.032906 0.016597 0.999321 -0.008100 0.000000 0.000000 0.000000 1.000000
0.999017 -0.023109 -0.037817 -0.000000 0.022478 0.999602 -0.017024 0.069300 0.038195 0.016157 0.999140 -0.008100 0.000000 0.000000 0.000000 1.000000
0.998498 -0.028918 -0.046537 -0.000000 0.028128 0.999450 -0.017550 0.069300 0.047018 0.016215 0.998762 -0.008100 0.000000 0.000000 0.000000 1.000000
0.997833 -0.032277 -0.057345 -0.000000 0.031248 0.999336 -0.018749 0.069300 0.057912 0.016917 0.998178 -0.008100 0.000000 0.000000 0.000000 1.000000
0.997150 -0.033606 -0.067554 0.000000 0.032298 0.999271 -0.020350 0.069300 0.068188 0.018110 0.997508 -0.008100 0.000000 0.000000 0.000000 1.000000
0.996590 -0.033372 -0.075460 0.000000 0.031758 0.999242 -0.022492 0.069300 0.076153 0.020019 0.996895 -0.008100 0.000000 0.000000 0.000000 1.000000
0.996119 -0.032090 -0.081954 0.000000 0.030108 0.999226 -0.025301 0.069300 0.082703 0.022736 0.996315 -0.008100 0.000000 0.000000 0.000000 1.000000
0.995635 -0.030392 -0.088241 0.000000 0.027984 0.999205 -0.028395 0.069300 0.089033 0.025802 0.995694 -0.008100 0.000000 0.000000 0.000000 1.000000
0.995115 -0.028587 -0.094493 0.000000 0.025707 0.999171 -0.031559 0.069300 0.095317 0.028976 0.995025 -0.008100 0.000000 0.000000 0.000000 1.000000
0.994565 -0.026704 -0.100640 0.000000 0.023310 0.999124 -0.034743 0.069300 0.101479 0.032208 0.994316 -0.008100 0.000000 0.000000 0.000000 1.000000
0.993988 -0.024795 -0.106645 0.000000 0.020857 0.999065 -0.037882 0.069300 0.107485 0.035430 0.993575 -0.008100 0.000000 0.000000 0.000000 1.000000
0.993391 -0.022919 -0.112470 0.000000 0.018416 0.998993 -0.040909 0.069300 0.113294 0.038568 0.992813 -0.008100 0.000000 0.000000 0.000000 1.000000
0.992779 -0.021135 -0.118078 0.000000 0.016061 0.998913 -0.043758 0.069300 0.118875 0.041546 0.992040 -0.008100 0.000000 0.000000 0.000000 1.000000
0.992159 -0.019609 -0.123431 0.000000 0.013988 0.998832 -0.046240 0.069300 0.124194 0.044151 0.991275 -0.008100 0.000000 0.000000 0.000000 1.000000
0.991520 -0.018277 -0.128659 -0.000000 0.012119 0.998751 -0.048482 0.069300 0.129384 0.046512 0.990503 -0.008100 0.000000 0.000000 0.000000 1.000000</float_array>
        <technique_common>
          <accessor source="#mixamorig_Spine-Matrix-animation-output-transform-array" count="33" stride="16">
            <param type="float4x4"/>
          </accessor>
        </technique_common>
      </source>
      <source id="mixamorig_Spine-Interpolations">
        <Name_array id="mixamorig_Spine-Interpolations-array" count="33">
 LINEAR LINEAR LINEAR LINEAR LINEAR LINEAR LINEAR LINEAR LINEAR LINEAR LINEAR
LINEAR LINEAR LINEAR LINEAR LINEAR LINEAR LINEAR LINEAR LINEAR LINEAR LINEAR LINEAR
LINEAR LINEAR LINEAR LINEAR LINEAR LINEAR LINEAR LINEAR LINEAR LINEAR</Name_array>
        <technique_common>
          <accessor source="#mixamorig_Spine-Interpolations-array" count="33">
            <param type="name"/>
          </accessor>
        </technique_common>
      </source>
      <sampler id="mixamorig_Spine-Matrix-animation-transform">
        <input semantic="INPUT" source="#mixamorig_Spine-Matrix-animation-input"/>
        <input semantic="OUTPUT" source="#mixamorig_Spine-Matrix-animation-output-transform"/>
        <input semantic="INTERPOLATION" source="#mixamorig_Spine-Interpolations"/>
      </sampler>
      <channel source="#mixamorig_Spine-Matrix-animation-transform" target="mixamorig_Spine/matrix"/>
      <source id="mixamorig_Spine1-Matrix-animation-input">
        <float_array id="mixamorig_Spine1-Matrix-animation-input-array" count="33">

0.000000 0.033333 0.066667 0.100000 0.133333 0.166667 0.200000 0.233333 0.266667 0.300000 0.333333 0.366667 0.400000 0.433333 0.466667 0.500000
0.533333 0.566667 0.600000 0.633333 0.666667 0.700000 0.733333 0.766667 0.800000 0.833333 0.866667 0.900000 0.933333 0.966667 1.000000 1.033333
1.066667</float_array>
        <technique_common>
          <accessor source="#mixamorig_Spine1-Matrix-animation-input-array" count="33">
            <param name="TIME" type="float"/>
          </accessor>
        </technique_common>
      </source>
      <source id="mixamorig_Spine1-Matrix-animation-output-transform">
        <float_array id="mixamorig_Spine1-Matrix-animation-output-transform-array" count="528">

0.999723 -0.013875 -0.019007 0.000000 0.013141 0.999185 -0.038166 0.081400 0.019521 0.037905 0.999091 0.000000 0.000000 0.000000 0.000000 1.000000
0.999388 -0.025881 -0.023519 0.000000 0.024066 0.996935 -0.074445 0.081400 0.025373 0.073833 0.996948 0.000000 0.000000 0.000000 0.000000 1.000000
0.998783 -0.032829 -0.036813 0.000000 0.028842 0.994154 -0.104045 0.081400 0.040013 0.102856 0.993891 0.000000 0.000000 0.000000 0.000000 1.000000
0.997792 -0.038974 -0.053778 -0.000000 0.031498 0.990554 -0.133458 0.081400 0.058471 0.131469 0.989594 0.000000 0.000000 0.000000 0.000000 1.000000
0.996935 -0.043792 -0.064832 0.000000 0.032546 0.985699 -0.165342 0.081400 0.071146 0.162725 0.984103 0.000000 0.000000 0.000000 0.000000 1.000000
0.996754 -0.040264 -0.069719 0.000000 0.026614 0.982063 -0.186664 0.081400 0.075984 0.184203 0.979947 0.000000 0.000000 0.000000 0.000000 1.000000
0.996732 -0.032011 -0.074167 -0.000000 0.016716 0.979995 -0.198320 0.081400 0.079032 0.196432 0.977327 0.000000 0.000000 0.000000 0.000000 1.000000
0.996516 -0.029081 -0.078172 -0.000000 0.011861 0.977132 -0.212302 0.081400 0.082558 0.210635 0.974072 0.000000 0.000000 0.000000 0.000000 1.000000
0.996641 -0.030246 -0.076101 0.000000 0.012544 0.974713 -0.223109 0.081400 0.080925 0.221405 0.971818 0.000000 0.000000 0.000000 0.000000 1.000000
0.997259 -0.030585 -0.067375 -0.000000 0.014571 0.973917 -0.226437 0.081400 0.072544 0.224835 0.971693 0.000000 0.000000 0.000000 0.000000 1.000000
0.997898 -0.029128 -0.057887 -0.000000 0.015338 0.974070 -0.225726 0.081400 0.062961 0.224364 0.972469 0.000000 0.000000 0.000000 0.000000 1.000000
0.998187 -0.028614 -0.052954 0.000000 0.015903 0.973887 -0.226476 0.081400 0.058051 0.225223 0.972576 0.000000 0.000000 0.000000 0.000000 1.000000
0.998190 -0.030757 -0.051677 0.000000 0.018137 0.973274 -0.228929 0.081400 0.057337 0.227577 0.972070 0.000000 0.000000 0.000000 0.000000 1.000000
0.998140 -0.035273 -0.049731 0.000000 0.022925 0.972931 -0.229955 0.081400 0.056496 0.228387 0.971930 0.000000 0.000000 0.000000 0.000000 1.000000
0.998116 -0.041259 -0.045402 0.000000 0.029824 0.973059 -0.228619 0.081400 0.053612 0.226834 0.972457 0.000000 0.000000 0.000000 0.000000 1.000000
0.998072 -0.047215 -0.040292 -0.000000 0.036949 0.973531 -0.225550 0.081400 0.049875 0.223626 0.973398 0.000000 0.000000 0.000000 0.000000 1.000000
0.998003 -0.051964 -0.035906 0.000000 0.042794 0.974397 -0.220725 0.081400 0.046457 0.218747 0.974675 0.000000 0.000000 0.000000 0.000000 1.000000
0.997934 -0.055621 -0.032150 0.000000 0.047516 0.975825 -0.213327 0.081400 0.043238 0.211359 0.976452 -0.000000 0.000000 0.000000 0.000000 1.000000
0.997846 -0.058839 -0.028999 0.000000 0.051745 0.977743 -0.203327 0.081400 0.040317 0.201389 0.978681 -0.000000 0.000000 0.000000 0.000000 1.000000
0.997735 -0.061417 -0.027456 0.000000 0.055042 0.979897 -0.191763 0.081400 0.038682 0.189817 0.981057 0.000000 0.000000 0.000000 0.000000 1.000000
0.997650 -0.062461 -0.028157 0.000000 0.056419 0.982117 -0.179621 0.081400 0.038873 0.177611 0.983333 -0.000000 0.000000 0.000000 0.000000 1.000000
0.997648 -0.061571 -0.030135 0.000000 0.055699 0.984347 -0.167211 0.081400 0.039959 0.165139 0.985460 0.000000 0.000000 0.000000 0.000000 1.000000
0.997757 -0.059036 -0.031570 0.000000 0.053483 0.986539 -0.154532 0.081400 0.040268 0.152497 0.987483 0.000000 0.000000 0.000000 0.000000 1.000000
0.997985 -0.055189 -0.031318 -0.000000 0.050220 0.988616 -0.141833 0.081400 0.038789 0.139974 0.989395 0.000000 0.000000 0.000000 0.000000 1.000000
0.998271 -0.050531 -0.030020 0.000000 0.046248 0.990515 -0.129385 0.081400 0.036273 0.127773 0.991140 0.000000 0.000000 0.000000 0.000000 1.000000
0.998548 -0.045689 -0.028545 0.000000 0.042056 0.992240 -0.117011 0.081400 0.033669 0.115641 0.992720 -0.000000 0.000000 0.000000 0.000000 1.000000
0.998802 -0.040776 -0.027036 0.000000 0.037737 0.993788 -0.104695 0.081400 0.031137 0.103550 0.994137 0.000000 0.000000 0.000000 0.000000 1.000000
0.999032 -0.035840 -0.025504 -0.000000 0.033337 0.995146 -0.092588 0.081400 0.028698 0.091648 0.995378 0.000000 0.000000 0.000000 0.000000 1.000000
0.999232 -0.030974 -0.023983 0.000000 0.028944 0.996312 -0.080779 0.081400 0.026397 0.080022 0.996443 -0.000000 0.000000 0.000000 0.000000 1.000000
0.999402 -0.026249 -0.022510 0.000000 0.024631 0.997287 -0.069361 0.081400 0.024269 0.068765 0.997338 0.000000 0.000000 0.000000 0.000000 1.000000
0.999539 -0.021788 -0.021128 0.000000 0.020522 0.998081 -0.058426 0.081400 0.022361 0.057966 0.998068 0.000000 0.000000 0.000000 0.000000 1.000000
0.999644 -0.017710 -0.019952 -0.000000 0.016737 0.998711 -0.047910 0.081400 0.020775 0.047559 0.998652 0.000000 0.000000 0.000000 0.000000 1.000000
0.999723 -0.013875 -0.019007 0.000000 0.013141 0.999185 -0.038166 0.081400 0.019521 0.037905 0.999091 -0.000000 0.000000 0.000000 0.000000 1.000000</float_array>
        <technique_common>
          <accessor source="#mixamorig_Spine1-Matrix-animation-output-transform-array" count="33" stride="16">
            <param type="float4x4"/>
          </accessor>
        </technique_common>
      </source>
      <source id="mixamorig_Spine1-Interpolations">
        <Name_array id="mixamorig_Spine1-Interpolations-array" count="33">
 LINEAR LINEAR LINEAR LINEAR LINEAR LINEAR LINEAR LINEAR LINEAR LINEAR LINEAR
LINEAR LINEAR LINEAR LINEAR LINEAR LINEAR LINEAR LINEAR LINEAR LINEAR LINEAR LINEAR
LINEAR LINEAR LINEAR LINEAR LINEAR LINEAR LINEAR LINEAR LINEAR LINEAR</Name_array>
        <technique_common>
          <accessor source="#mixamorig_Spine1-Interpolations-array" count="33">
            <param type="name"/>
          </accessor>
        </technique_common>
      </source>
      <sampler id="mixamorig_Spine1-Matrix-animation-transform">
        <input semantic="INPUT" source="#mixamorig_Spine1-Matrix-animation-input"/>
        <input semantic="OUTPUT" source="#mixamorig_Spine1-Matrix-animation-output-transform"/>
        <input semantic="INTERPOLATION" source="#mixamorig_Spine1-Interpolations"/>
      </sampler>
      <channel source="#mixamorig_Spine1-Matrix-animation-transform" target="mixamorig_Spine1/matrix"/>
      <source id="mixamorig_Spine2-Matrix-animation-input">
        <float_array id="mixamorig_Spine2-Matrix-animation-input-array" count="33">

0.000000 0.033333 0.066667 0.100000 0.133333 0.166667 0.200000 0.233333 0.266667 0.300000 0.333333 0.366667 0.400000 0.433333 0.466667 0.500000
0.533333 0.566667 0.600000 0.633333 0.666667 0.700000 0.733333 0.766667 0.800000 0.833333 0.866667 0.900000 0.933333 0.966667 1.000000 1.033333
1.066667</float_array>
        <technique_common>
          <accessor source="#mixamorig_Spine2-Matrix-animation-input-array" count="33">
            <param name="TIME" type="float"/>
          </accessor>
        </technique_common>
      </source>
      <source id="mixamorig_Spine2-Matrix-animation-output-transform">
        <float_array id="mixamorig_Spine2-Matrix-animation-output-transform-array" count="528">

0.999731 -0.013517 -0.018840 0.000000 0.012785 0.999180 -0.038422 0.093100 0.019344 0.038171 0.999084 0.000000 0.000000 0.000000 0.000000 1.000000
0.999404 -0.025464 -0.023308 0.000000 0.023659 0.996927 -0.074682 0.093100 0.025138 0.074086 0.996935 0.000000 0.000000 0.000000 0.000000 1.000000
0.998825 -0.032153 -0.036263 0.000000 0.028214 0.994142 -0.104336 0.093100 0.039406 0.103191 0.993881 0.000000 0.000000 0.000000 0.000000 1.000000
0.997874 -0.037988 -0.052959 -0.000000 0.030607 0.990536 -0.133798 0.093100 0.057540 0.131892 0.989593 0.000000 0.000000 0.000000 0.000000 1.000000
0.997044 -0.042671 -0.063888 0.000000 0.031567 0.985671 -0.165697 0.093100 0.070043 0.163191 0.984105 0.000000 0.000000 0.000000 0.000000 1.000000
0.996871 -0.039150 -0.068670 0.000000 0.025680 0.982012 -0.187064 0.093100 0.074758 0.184715 0.979945 0.000000 0.000000 0.000000 0.000000 1.000000
0.996846 -0.030995 -0.073062 0.000000 0.015899 0.979914 -0.198784 0.093100 0.077756 0.196995 0.977316 -0.000000 0.000000 0.000000 0.000000 1.000000
0.996618 -0.028281 -0.077151 0.000000 0.011253 0.977033 -0.212790 0.093100 0.081397 0.211202 0.974047 0.000000 0.000000 0.000000 0.000000 1.000000
0.996726 -0.029694 -0.075205 -0.000000 0.012164 0.974605 -0.223600 0.093100 0.079935 0.221953 0.971775 0.000000 0.000000 0.000000 0.000000 1.000000
0.997329 -0.030193 -0.066515 -0.000000 0.014344 0.973801 -0.226951 0.093100 0.071624 0.225390 0.971632 0.000000 0.000000 0.000000 0.000000 1.000000
0.997959 -0.028825 -0.056989 0.000000 0.015210 0.973945 -0.226275 0.093100 0.062027 0.224946 0.972395 0.000000 0.000000 0.000000 0.000000 1.000000
0.998242 -0.028331 -0.052054 0.000000 0.015797 0.973758 -0.227035 0.093100 0.057120 0.225814 0.972494 0.000000 0.000000 0.000000 0.000000 1.000000
0.998241 -0.030524 -0.050832 0.000000 0.018072 0.973149 -0.229464 0.093100 0.056472 0.228141 0.971989 -0.000000 0.000000 0.000000 0.000000 1.000000
0.998183 -0.035091 -0.048987 0.000000 0.022891 0.972819 -0.230431 0.093100 0.055742 0.228891 0.971855 0.000000 0.000000 0.000000 0.000000 1.000000
0.998150 -0.041118 -0.044779 0.000000 0.029806 0.972966 -0.229015 0.093100 0.052986 0.227257 0.972392 -0.000000 0.000000 0.000000 0.000000 1.000000
0.998097 -0.047098 -0.039792 0.000000 0.036930 0.973458 -0.225865 0.093100 0.049374 0.223966 0.973346 0.000000 0.000000 0.000000 0.000000 1.000000
0.998023 -0.051858 -0.035518 0.000000 0.042763 0.974342 -0.220972 0.093100 0.046065 0.219016 0.974633 0.000000 0.000000 0.000000 0.000000 1.000000
0.997949 -0.055522 -0.031862 0.000000 0.047472 0.975785 -0.213517 0.093100 0.042946 0.211566 0.976420 0.000000 0.000000 0.000000 0.000000 1.000000
0.997857 -0.058747 -0.028812 0.000000 0.051686 0.977718 -0.203460 0.093100 0.040123 0.201535 0.978659 0.000000 0.000000 0.000000 0.000000 1.000000
0.997743 -0.061320 -0.027363 -0.000000 0.054961 0.979887 -0.191834 0.093100 0.038576 0.189897 0.981046 -0.000000 0.000000 0.000000 0.000000 1.000000
0.997658 -0.062343 -0.028132 0.000000 0.056307 0.982121 -0.179633 0.093100 0.038828 0.177629 0.983331 0.000000 0.000000 0.000000 0.000000 1.000000
0.997657 -0.061419 -0.030141 0.000000 0.055549 0.984360 -0.167181 0.093100 0.039938 0.165115 0.985465 0.000000 0.000000 0.000000 0.000000 1.000000
0.997768 -0.058847 -0.031574 0.000000 0.053297 0.986556 -0.154488 0.093100 0.040240 0.152460 0.987490 -0.000000 0.000000 0.000000 0.000000 1.000000
0.997997 -0.054971 -0.031304 0.000000 0.050008 0.988631 -0.141802 0.093100 0.038743 0.139952 0.989400 0.000000 0.000000 0.000000 0.000000 1.000000
0.998284 -0.050295 -0.029986 0.000000 0.046018 0.990527 -0.129378 0.093100 0.036209 0.127776 0.991142 0.000000 0.000000 0.000000 0.000000 1.000000
0.998562 -0.045407 -0.028486 0.000000 0.041782 0.992250 -0.117025 0.093100 0.033579 0.115666 0.992720 -0.000000 0.000000 0.000000 0.000000 1.000000
0.998818 -0.040455 -0.026958 -0.000000 0.037425 0.993796 -0.104731 0.093100 0.031028 0.103598 0.994135 0.000000 0.000000 0.000000 0.000000 1.000000
0.999046 -0.035507 -0.025410 -0.000000 0.033012 0.995150 -0.092659 0.093100 0.028576 0.091732 0.995374 0.000000 0.000000 0.000000 0.000000 1.000000
0.999246 -0.030616 -0.023875 -0.000000 0.028594 0.996314 -0.080879 0.093100 0.026264 0.080135 0.996438 -0.000000 0.000000 0.000000 0.000000 1.000000
0.999415 -0.025873 -0.022389 0.000000 0.024261 0.997288 -0.069490 0.093100 0.024126 0.068906 0.997331 -0.000000 0.000000 0.000000 0.000000 1.000000
0.999549 -0.021473 -0.020987 0.000000 0.020211 0.998078 -0.058589 0.093100 0.022204 0.058138 0.998062 0.000000 0.000000 0.000000 0.000000 1.000000
0.999653 -0.017373 -0.019792 0.000000 0.016404 0.998706 -0.048142 0.093100 0.020603 0.047801 0.998644 0.000000 0.000000 0.000000 0.000000 1.000000
0.999731 -0.013517 -0.018840 0.000000 0.012785 0.999180 -0.038422 0.093100 0.019344 0.038171 0.999084 0.000000 0.000000 0.000000 0.000000 1.000000</float_array>
        <technique_common>
          <accessor source="#mixamorig_Spine2-Matrix-animation-output-transform-array" count="33" stride="16">
            <param type="float4x4"/>
          </accessor>
        </technique_common>
      </source>
      <source id="mixamorig_Spine2-Interpolations">
        <Name_array id="mixamorig_Spine2-Interpolations-array" count="33">
 LINEAR LINEAR LINEAR LINEAR LINEAR LINEAR LINEAR LINEAR LINEAR LINEAR LINEAR
LINEAR LINEAR LINEAR LINEAR LINEAR LINEAR LINEAR LINEAR LINEAR LINEAR LINEAR LINEAR
LINEAR LINEAR LINEAR LINEAR LINEAR LINEAR LINEAR LINEAR LINEAR LINEAR</Name_array>
        <technique_common>
          <accessor source="#mixamorig_Spine2-Interpolations-array" count="33">
            <param type="name"/>
          </accessor>
        </technique_common>
      </source>
      <sampler id="mixamorig_Spine2-Matrix-animation-transform">
        <input semantic="INPUT" source="#mixamorig_Spine2-Matrix-animation-input"/>
        <input semantic="OUTPUT" source="#mixamorig_Spine2-Matrix-animation-output-transform"/>
        <input semantic="INTERPOLATION" source="#mixamorig_Spine2-Interpolations"/>
      </sampler>
      <channel source="#mixamorig_Spine2-Matrix-animation-transform" target="mixamorig_Spine2/matrix"/>
      <source id="mixamorig_Neck-Matrix-animation-input">
        <float_array id="mixamorig_Neck-Matrix-animation-input-array" count="33">

0.000000 0.033333 0.066667 0.100000 0.133333 0.166667 0.200000 0.233333 0.266667 0.300000 0.333333 0.366667 0.400000 0.433333 0.466667 0.500000
0.533333 0.566667 0.600000 0.633333 0.666667 0.700000 0.733333 0.766667 0.800000 0.833333 0.866667 0.900000 0.933333 0.966667 1.000000 1.033333
1.066667</float_array>
        <technique_common>
          <accessor source="#mixamorig_Neck-Matrix-animation-input-array" count="33">
            <param name="TIME" type="float"/>
          </accessor>
        </technique_common>
      </source>
      <source id="mixamorig_Neck-Matrix-animation-output-transform">
        <float_array id="mixamorig_Neck-Matrix-animation-output-transform-array" count="528">

0.970444 -0.003170 -0.241305 0.000000 -0.105265 0.894213 -0.435089 0.104700 0.217157 0.447631 0.867450 0.000000 0.000000 0.000000 0.000000 1.000000
0.980439 -0.009919 -0.196575 0.000000 -0.077076 0.899620 -0.429818 0.104700 0.181106 0.436561 0.881258 0.000000 0.000000 0.000000 0.000000 1.000000
0.990562 0.002007 -0.137048 0.000000 -0.052158 0.930185 -0.363367 0.104700 0.126751 0.367085 0.921511 -0.000000 0.000000 0.000000 0.000000 1.000000
0.997011 0.029816 -0.071273 -0.000000 -0.047675 0.963374 -0.263890 0.104700 0.060795 0.266499 0.961916 0.000000 0.000000 0.000000 0.000000 1.000000
0.998926 0.043719 -0.015369 0.000000 -0.045980 0.976375 -0.211136 0.104700 0.005776 0.211616 0.977336 -0.000000 0.000000 0.000000 0.000000 1.000000
0.999422 0.029249 0.017329 0.000000 -0.024513 0.973158 -0.228830 0.104700 -0.023557 0.228273 0.973312 -0.000000 0.000000 0.000000 0.000000 1.000000
0.999472 0.010079 0.030888 0.000000 -0.000965 0.959453 -0.281868 0.104700 -0.032477 0.281689 0.958956 0.000000 0.000000 0.000000 0.000000 1.000000
0.999275 0.012238 0.036058 0.000000 0.000844 0.939589 -0.342304 0.104700 -0.038069 0.342086 0.938897 -0.000000 0.000000 0.000000 0.000000 1.000000
0.998993 0.030103 0.033275 0.000000 -0.014332 0.916787 -0.399119 0.104700 -0.042521 0.398240 0.916295 0.000000 0.000000 0.000000 0.000000 1.000000
0.998748 0.041465 0.027990 -0.000000 -0.024563 0.893852 -0.447688 0.104700 -0.043583 0.446440 0.893752 -0.000000 0.000000 0.000000 0.000000 1.000000
0.998916 0.039835 0.024093 0.000000 -0.023228 0.874972 -0.483616 0.104700 -0.040346 0.482532 0.874949 0.000000 0.000000 0.000000 0.000000 1.000000
0.999234 0.033048 0.020947 0.000000 -0.017956 0.862965 -0.504944 0.104700 -0.034764 0.504181 0.862898 -0.000000 0.000000 0.000000 0.000000 1.000000
0.999533 0.025978 0.016115 0.000000 -0.013960 0.856837 -0.515399 0.104700 -0.027196 0.514933 0.856799 0.000000 0.000000 0.000000 0.000000 1.000000
0.999790 0.018771 0.008174 0.000000 -0.011758 0.853261 -0.521351 0.104700 -0.016761 0.521146 0.853303 -0.000000 0.000000 0.000000 0.000000 1.000000
0.999928 0.011786 -0.002226 -0.000000 -0.011197 0.850719 -0.525502 0.104700 -0.004300 0.525489 0.850790 0.000000 0.000000 0.000000 0.000000 1.000000
0.999884 0.005249 -0.014299 0.000000 -0.011990 0.850171 -0.526370 0.104700 0.009393 0.526481 0.850135 0.000000 0.000000 0.000000 0.000000 1.000000
0.999617 -0.001160 -0.027656 0.000000 -0.013483 0.852165 -0.523099 0.104700 0.024174 0.523272 0.851823 0.000000 0.000000 0.000000 0.000000 1.000000
0.999094 -0.006594 -0.042041 0.000000 -0.016104 0.855868 -0.516944 0.104700 0.039390 0.517153 0.854986 0.000000 0.000000 0.000000 0.000000 1.000000
0.998331 -0.009477 -0.056961 0.000000 -0.020897 0.860284 -0.509387 0.104700 0.053830 0.509727 0.858650 -0.000000 0.000000 0.000000 0.000000 1.000000
0.997382 -0.009533 -0.071686 0.000000 -0.027782 0.864698 -0.501524 0.104700 0.066768 0.502202 0.862169 0.000000 0.000000 0.000000 0.000000 1.000000
0.996289 -0.008171 -0.085682 -0.000000 -0.035403 0.868468 -0.494480 0.104700 0.078452 0.495679 0.864955 0.000000 0.000000 0.000000 0.000000 1.000000
0.995045 -0.007225 -0.099159 0.000000 -0.042380 0.871386 -0.488763 0.104700 0.089937 0.490544 0.866763 0.000000 0.000000 0.000000 0.000000 1.000000
0.993568 -0.007614 -0.112983 -0.000000 -0.048300 0.873931 -0.483644 0.104700 0.102422 0.485990 0.867942 0.000000 0.000000 0.000000 0.000000 1.000000
0.991763 -0.008936 -0.127778 0.000000 -0.053692 0.876691 -0.478049 0.104700 0.116294 0.480971 0.868989 0.000000 0.000000 0.000000 0.000000 1.000000
