<?xml version="1.0" encoding="utf-8"?>
<COLLADA xmlns="http://www.collada.org/2005/11/COLLADASchema" version="1.4.1">
  <asset>
    <contributor>
      <author>Mixamo</author>
      <authoring_tool>COLLADA Mixamo exporter</authoring_tool>
      <comments/>
    </contributor>
    <created>2024-05-10T12:17:02Z</created>
    <modified>2024-05-10T12:17:02Z</modified>
    <revision/>
    <title/>
    <unit meter="0.010000"/>
    <up_axis>Y_UP</up_axis>
  </asset>
  <library_animations>
    <animation>
      <source id="Armature.001-Matrix-animation-input">
        <float_array id="Armature.001-Matrix-animation-input-array" count="38">

0.000000 0.033333 0.066667 0.100000 0.133333 0.166667 0.200000 0.233333 0.266667 0.300000 0.333333 0.366667 0.400000 0.433333 0.466667 0.500000
0.533333 0.566667 0.600000 0.633333 0.666667 0.700000 0.733333 0.766667 0.800000 0.833333 0.866667 0.900000 0.933333 0.966667 1.000000 1.033333
1.066667 1.100000 1.133333 1.166667 1.200000 1.233333</float_array>
        <technique_common>
          <accessor source="#Armature.001-Matrix-animation-input-array" count="38">
            <param name="TIME" type="float"/>
          </accessor>
        </technique_common>
      </source>
      <source id="Armature.001-Matrix-animation-output-transform">
        <float_array id="Armature.001-Matrix-animation-output-transform-array" count="608">

100.000000 0.000000 0.000000 0.000000 0.000000 0.000000 100.000000 0.000000 0.000000 -100.000000 0.000000 0.000000 0.000000 0.000000 0.000000 1.000000
100.000000 0.000000 0.000000 0.000000 0.000000 0.000000 100.000000 0.000000 0.000000 -100.000000 0.000000 0.000000 0.000000 0.000000 0.000000 1.000000
100.000000 0.000000 0.000000 0.000000 0.000000 0.000000 100.000000 0.000000 0.000000 -100.000000 0.000000 0.000000 0.000000 0.000000 0.000000 1.000000
100.000000 0.000000 0.000000 0.000000 0.000000 0.000000 100.000000 0.000000 0.000000 -100.000000 0.000000 0.000000 0.000000 0.000000 0.000000 1.000000
100.000000 0.000000 0.000000 0.000000 0.000000 0.000000 100.000000 0.000000 0.000000 -100.000000 0.000000 0.000000 0.000000 0.000000 0.000000 1.000000
100.000000 0.000000 0.000000 0.000000 0.000000 0.000000 100.000000 0.000000 0.000000 -100.000000 0.000000 0.000000 0.000000 0.000000 0.000000 1.000000
100.000000 0.000000 0.000000 0.000000 0.000000 0.000000 100.000000 0.000000 0.000000 -100.000000 0.000000 0.000000 0.000000 0.000000 0.000000 1.000000
100.000000 0.000000 0.000000 0.000000 0.000000 0.000000 100.000000 0.000000 0.000000 -100.000000 0.000000 0.000000 0.000000 0.000000 0.000000 1.000000
100.000000 0.000000 0.000000 0.000000 0.000000 0.000000 100.000000 0.000000 0.000000 -100.000000 0.000000 0.000000 0.000000 0.000000 0.000000 1.000000
100.000000 0.000000 0.000000 0.000000 0.000000 0.000000 100.000000 0.000000 0.000000 -100.000000 0.000000 0.000000 0.000000 0.000000 0.000000 1.000000
100.000000 0.000000 0.000000 0.000000 0.000000 0.000000 100.000000 0.000000 0.000000 -100.000000 0.000000 0.000000 0.000000 0.000000 0.000000 1.000000
100.000000 0.000000 0.000000 0.000000 0.000000 0.000000 100.000000 0.000000 0.000000 -100.000000 0.000000 0.000000 0.000000 0.000000 0.000000 1.000000
100.000000 0.000000 0.000000 0.000000 0.000000 0.000000 100.000000 0.000000 0.000000 -100.000000 0.000000 0.000000 0.000000 0.000000 0.000000 1.000000
100.000000 0.000000 0.000000 0.000000 0.000000 0.000000 100.000000 0.000000 0.000000 -100.000000 0.000000 0.000000 0.000000 0.000000 0.000000 1.000000
100.000000 0.000000 0.000000 0.000000 0.000000 0.000000 100.000000 0.000000 0.000000 -100.000000 0.000000 0.000000 0.000000 0.000000 0.000000 1.000000
100.000000 0.000000 0.000000 0.000000 0.000000 0.000000 100.000000 0.000000 0.000000 -100.000000 0.000000 0.000000 0.000000 0.000000 0.000000 1.000000
100.000000 0.000000 0.000000 0.000000 0.000000 0.000000 100.000000 0.000000 0.000000 -100.000000 0.000000 0.000000 0.000000 0.000000 0.000000 1.000000
100.000000 0.000000 0.000000 0.000000 0.000000 0.000000 100.000000 0.000000 0.000000 -100.000000 0.000000 0.000000 0.000000 0.000000 0.000000 1.000000
100.000000 0.000000 0.000000 0.000000 0.000000 0.000000 100.000000 0.000000 0.000000 -100.000000 0.000000 0.000000 0.000000 0.000000 0.000000 1.000000
100.000000 0.000000 0.000000 0.000000 0.000000 0.000000 100.000000 0.000000 0.000000 -100.000000 0.000000 0.000000 0.000000 0.000000 0.000000 1.000000
100.000000 0.000000 0.000000 0.000000 0.000000 0.000000 100.000000 0.000000 0.000000 -100.000000 0.000000 0.000000 0.000000 0.000000 0.000000 1.000000
100.000000 0.000000 0.000000 0.000000 0.000000 0.000000 100.000000 0.000000 0.000000 -100.000000 0.000000 0.000000 0.000000 0.000000 0.000000 1.000000
100.000000 0.000000 0.000000 0.000000 0.000000 0.000000 100.000000 0.000000 0.000000 -100.000000 0.000000 0.000000 0.000000 0.000000 0.000000 1.000000
100.000000 0.000000 0.000000 0.000000 0.000000 0.000000 100.000000 0.000000 0.000000 -100.000000 0.000000 0.000000 0.000000 0.000000 0.000000 1.000000
100.000000 0.000000 0.000000 0.000000 0.000000 0.000000 100.000000 0.000000 0.000000 -100.000000 0.000000 0.000000 0.000000 0.000000 0.000000 1.000000
100.000000 0.000000 0.000000 0.000000 0.000000 0.000000 100.000000 0.000000 0.000000 -100.000000 0.000000 0.000000 0.000000 0.000000 0.000000 1.000000
100.000000 0.000000 0.000000 0.000000 0.000000 0.000000 100.000000 0.000000 0.000000 -100.000000 0.000000 0.000000 0.000000 0.000000 0.000000 1.000000
100.000000 0.000000 0.000000 0.000000 0.000000 0.000000 100.000000 0.000000 0.000000 -100.000000 0.000000 0.000000 0.000000 0.000000 0.000000 1.000000
100.000000 0.000000 0.000000 0.000000 0.000000 0.000000 100.000000 0.000000 0.000000 -100.000000 0.000000 0.000000 0.000000 0.000000 0.000000 1.000000
100.000000 0.000000 0.000000 0.000000 0.000000 0.000000 100.000000 0.000000 0.000000 -100.000000 0.000000 0.000000 0.000000 0.000000 0.000000 1.000000
100.000000 0.000000 0.000000 0.000000 0.000000 0.000000 100.000000 0.000000 0.000000 -100.000000 0.000000 0.000000 0.000000 0.000000 0.000000 1.000000
100.000000 0.000000 0.000000 0.000000 0.000000 0.000000 100.000000 0.000000 0.000000 -100.000000 0.000000 0.000000 0.000000 0.000000 0.000000 1.000000
100.000000 0.000000 0.000000 0.000000 0.000000 0.000000 100.000000 0.000000 0.000000 -100.000000 0.000000 0.000000 0.000000 0.000000 0.000000 1.000000
100.000000 0.000000 0.000000 0.000000 0.000000 0.000000 100.000000 0.000000 0.000000 -100.000000 0.000000 0.000000 0.000000 0.000000 0.000000 1.000000
100.000000 0.000000 0.000000 0.000000 0.000000 0.000000 100.000000 0.000000 0.000000 -100.000000 0.000000 0.000000 0.000000 0.000000 0.000000 1.000000
100.000000 0.000000 0.000000 0.000000 0.000000 0.000000 100.000000 0.000000 0.000000 -100.000000 0.000000 0.000000 0.000000 0.000000 0.000000 1.000000
100.000000 0.000000 0.000000 0.000000 0.000000 0.000000 100.000000 0.000000 0.000000 -100.000000 0.000000 0.000000 0.000000 0.000000 0.000000 1.000000
100.000000 0.000000 0.000000 0.000000 0.000000 0.000000 100.000000 0.000000 0.000000 -100.000000 0.000000 0.000000 0.000000 0.000000 0.000000 1.000000</float_array>
        <technique_common>
          <accessor source="#Armature.001-Matrix-animation-output-transform-array" count="38" stride="16">
            <param type="float4x4"/>
          </accessor>
        </technique_common>
      </source>
      <source id="Armature.001-Interpolations">
        <Name_array id="Armature.001-Interpolations-array" count="38">
 LINEAR LINEAR LINEAR LINEAR LINEAR LINEAR LINEAR LINEAR LINEAR LINEAR LINEAR
LINEAR LINEAR LINEAR LINEAR LINEAR LINEAR LINEAR LINEAR LINEAR LINEAR LINEAR LINEAR
LINEAR LINEAR LINEAR LINEAR LINEAR LINEAR LINEAR LINEAR LINEAR LINEAR LINEAR LINEAR
LINEAR LINEAR LINEAR</Name_array>
        <technique_common>
          <accessor source="#Armature.001-Interpolations-array" count="38">
            <param type="name"/>
          </accessor>
        </technique_common>
      </source>
      <sampler id="Armature.001-Matrix-animation-transform">
        <input semantic="INPUT" source="#Armature.001-Matrix-animation-input"/>
        <input semantic="OUTPUT" source="#Armature.001-Matrix-animation-output-transform"/>
        <input semantic="INTERPOLATION" source="#Armature.001-Interpolations"/>
      </sampler>
      <channel source="#Armature.001-Matrix-animation-transform" target="Armature.001/matrix"/>
      <source id="mixamorig_Hips-Matrix-animation-input">
        <float_array id="mixamorig_Hips-Matrix-animation-input-array" count="38">

0.000000 0.033333 0.066667 0.100000 0.133333 0.166667 0.200000 0.233333 0.266667 0.300000 0.333333 0.366667 0.400000 0.433333 0.466667 0.500000
0.533333 0.566667 0.600000 0.633333 0.666667 0.700000 0.733333 0.766667 0.800000 0.833333 0.866667 0.900000 0.933333 0.966667 1.000000 1.033333
1.066667 1.100000 1.133333 1.166667 1.200000 1.233333</float_array>
        <technique_common>
          <accessor source="#mixamorig_Hips-Matrix-animation-input-array" count="38">
            <param name="TIME" type="float"/>
          </accessor>
        </technique_common>
      </source>
      <source id="mixamorig_Hips-Matrix-animation-output-transform">
        <float_array id="mixamorig_Hips-Matrix-animation-output-transform-array" count="608">

0.690791 0.000451 -0.723055 0.006427 -0.719909 0.093611 -0.687727 0.006908 0.067376 0.995609 0.064991 0.794401 0.000000 0.000000 0.000000 1.000000
0.714059 0.009829 -0.700017 0.000301 -0.695789 0.120577 -0.708053 0.006223 0.077446 0.992655 0.092938 0.798077 0.000000 0.000000 0.000000 1.000000
0.760497 0.021356 -0.648990 -0.011599 -0.643055 0.163507 -0.748162 0.001805 0.090136 0.986311 0.138080 0.803458 0.000000 0.000000 0.000000 1.000000
0.824105 0.023057 -0.565968 -0.030474 -0.556082 0.223116 -0.800620 -0.009634 0.107817 0.974519 0.196693 0.811493 0.000000 0.000000 0.000000 1.000000
0.909481 -0.011247 -0.415594 -0.058141 -0.394919 0.289056 -0.872058 -0.033507 0.129938 0.957246 0.258449 0.821662 0.000000 0.000000 0.000000 1.000000
0.975634 -0.083250 -0.202999 -0.088674 -0.165600 0.327537 -0.930213 -0.063332 0.143930 0.941163 0.305770 0.829980 0.000000 0.000000 0.000000 1.000000
0.990128 -0.137577 -0.026809 -0.108607 0.019261 0.322999 -0.946203 -0.080365 0.138835 0.936346 0.322460 0.830429 0.000000 0.000000 0.000000 1.000000
0.981704 -0.163278 0.097967 -0.119033 0.143909 0.299302 -0.943244 -0.080363 0.124690 0.940084 0.317323 0.820107 0.000000 0.000000 0.000000 1.000000
0.958921 -0.182009 0.217586 -0.128855 0.261811 0.272554 -0.925834 -0.074959 0.109207 0.944768 0.309009 0.804544 0.000000 0.000000 0.000000 1.000000
0.933464 -0.195887 0.300455 -0.137223 0.344293 0.254573 -0.903689 -0.066114 0.100533 0.947006 0.305077 0.788779 0.000000 0.000000 0.000000 1.000000
0.923323 -0.203206 0.325856 -0.141837 0.370538 0.248514 -0.894954 -0.052987 0.100880 0.947074 0.304754 0.774839 0.000000 0.000000 0.000000 1.000000
0.926158 -0.206136 0.315815 -0.144473 0.361918 0.250327 -0.897971 -0.037630 0.106048 0.945962 0.306447 0.764453 0.000000 0.000000 0.000000 1.000000
0.936102 -0.202583 0.287530 -0.146301 0.334306 0.258357 -0.906361 -0.020990 0.109328 0.944570 0.309573 0.757957 0.000000 0.000000 0.000000 1.000000
0.950358 -0.191810 0.245008 -0.146913 0.291234 0.271077 -0.917442 -0.003731 0.109558 0.943253 0.313481 0.754755 0.000000 0.000000 0.000000 1.000000
0.964738 -0.179587 0.192428 -0.145681 0.237996 0.282932 -0.929144 0.013573 0.112418 0.942177 0.315696 0.753726 0.000000 0.000000 0.000000 1.000000
0.976472 -0.169309 0.133555 -0.142347 0.178930 0.290458 -0.940010 0.030089 0.120360 0.941790 0.313918 0.754829 0.000000 0.000000 0.000000 1.000000
0.984741 -0.160281 0.067789 -0.137026 0.113123 0.293547 -0.949228 0.046071 0.132244 0.942412 0.307199 0.757010 0.000000 0.000000 0.000000 1.000000
0.988849 -0.148903 -0.002418 -0.129887 0.041701 0.292444 -0.955373 0.061427 0.142965 0.944619 0.295392 0.759607 0.000000 0.000000 0.000000 1.000000
0.988432 -0.133976 -0.071086 -0.120890 -0.030208 0.285405 -0.957931 0.075282 0.148628 0.948997 0.278056 0.762691 0.000000 0.000000 0.000000 1.000000
0.983407 -0.119214 -0.136745 -0.109995 -0.100377 0.270314 -0.957525 0.086748 0.151114 0.955363 0.253862 0.766286 0.000000 0.000000 0.000000 1.000000
0.973056 -0.108563 -0.203412 -0.097400 -0.171534 0.248671 -0.953278 0.095202 0.154073 0.962485 0.223349 0.770401 0.000000 0.000000 0.000000 1.000000
0.956423 -0.101137 -0.273910 -0.083551 -0.245970 0.226415 -0.942462 0.100257 0.157335 0.968766 0.191672 0.775382 0.000000 0.000000 0.000000 1.000000
0.932953 -0.092444 -0.347926 -0.069048 -0.323541 0.208483 -0.922960 0.101716 0.157859 0.973647 0.164595 0.781409 0.000000 0.000000 0.000000 1.000000
0.901678 -0.080491 -0.424851 -0.054711 -0.403816 0.194602 -0.893903 0.099714 0.154628 0.977574 0.142965 0.788088 0.000000 0.000000 0.000000 1.000000
0.862813 -0.067064 -0.501055 -0.041496 -0.483185 0.181978 -0.856397 0.094875 0.148615 0.981013 0.124608 0.794497 0.000000 0.000000 0.000000 1.000000
0.819226 -0.053277 -0.570990 -0.030087 -0.556010 0.170028 -0.813599 0.088082 0.140430 0.983998 0.109669 0.800488 0.000000 0.000000 0.000000 1.000000
0.777151 -0.038876 -0.628113 -0.020659 -0.615884 0.158115 -0.771807 0.079911 0.129319 0.986655 0.098936 0.805940 0.000000 0.000000 0.000000 1.000000
0.741822 -0.025471 -0.670113 -0.012992 -0.660418 0.145697 -0.736628 0.070359 0.116396 0.989001 0.091260 0.810543 0.000000 0.000000 0.000000 1.000000
0.714070 -0.015326 -0.699906 -0.006662 -0.692159 0.134462 -0.709110 0.059314 0.104979 0.990800 0.085407 0.813977 0.000000 0.000000 0.000000 1.000000
0.693702 -0.008754 -0.720209 -0.001715 -0.713680 0.126525 -0.688951 0.048253 0.097155 0.991925 0.081523 0.815602 0.000000 0.000000 0.000000 1.000000
0.681036 -0.004362 -0.732237 0.001560 -0.726465 0.121420 -0.676392 0.039093 0.091859 0.992592 0.079522 0.815031 0.000000 0.000000 0.000000 1.000000
0.672257 -0.000426 -0.740317 0.003733 -0.735175 0.117274 -0.667656 0.031027 0.087104 0.993100 0.078525 0.813187 0.000000 0.000000 0.000000 1.000000
0.667104 0.002612 -0.744960 0.005091 -0.740373 0.113182 -0.662600 0.023869 0.082585 0.993571 0.077438 0.810710 0.000000 0.000000 0.000000 1.000000
0.667825 0.003601 -0.744310 0.005633 -0.740130 0.109147 -0.663547 0.018489 0.078850 0.994019 0.075556 0.807641 0.000000 0.000000 0.000000 1.000000
0.671305 0.003434 -0.741173 0.005866 -0.737297 0.105339 -0.667306 0.014030 0.075783 0.994430 0.073247 0.804362 0.000000 0.000000 0.000000 1.000000
0.673773 0.003423 -0.738930 0.006230 -0.735322 0.101909 -0.670012 0.009374 0.073010 0.994788 0.071180 0.801242 0.000000 0.000000 0.000000 1.000000
0.679449 0.002628 -0.733718 0.006493 -0.730359 0.098061 -0.675988 0.006604 0.070173 0.995177 0.068547 0.797962 0.000000 0.000000 0.000000 1.000000
0.690791 0.000452 -0.723055 0.006427 -0.719909 0.093611 -0.687727 0.006908 0.067375 0.995609 0.064991 0.794401 0.000000 0.000000 0.000000 1.000000</float_array>
        <technique_common>
          <accessor source="#mixamorig_Hips-Matrix-animation-output-transform-array" count="38" stride="16">
            <param type="float4x4"/>
          </accessor>
        </technique_common>
      </source>
      <source id="mixamorig_Hips-Interpolations">
        <Name_array id="mixamorig_Hips-Interpolations-array" count="38">
 LINEAR LINEAR LINEAR LINEAR LINEAR LINEAR LINEAR LINEAR LINEAR LINEAR LINEAR
LINEAR LINEAR LINEAR LINEAR LINEAR LINEAR LINEAR LINEAR LINEAR LINEAR LINEAR LINEAR
LINEAR LINEAR LINEAR LINEAR LINEAR LINEAR LINEAR LINEAR LINEAR LINEAR LINEAR LINEAR
LINEAR LINEAR LINEAR</Name_array>
        <technique_common>
          <accessor source="#mixamorig_Hips-Interpolations-array" count="38">
            <param type="name"/>
          </accessor>
        </technique_common>
      </source>
      <sampler id="mixamorig_Hips-Matrix-animation-transform">
        <input semantic="INPUT" source="#mixamorig_Hips-Matrix-animation-input"/>
        <input semantic="OUTPUT" source="#mixamorig_Hips-Matrix-animation-output-transform"/>
        <input semantic="INTERPOLATION" source="#mixamorig_Hips-Interpolations"/>
      </sampler>
      <channel source="#mixamorig_Hips-Matrix-animation-transform" target="mixamorig_Hips/matrix"/>
      <source id="mixamorig_Spine-Matrix-animation-input">
        <float_array id="mixamorig_Spine-Matrix-animation-input-array" count="38">

0.000000 0.033333 0.066667 0.100000 0.133333 0.166667 0.200000 0.233333 0.266667 0.300000 0.333333 0.366667 0.400000 0.433333 0.466667 0.500000
0.533333 0.566667 0.600000 0.633333 0.666667 0.700000 0.733333 0.766667 0.800000 0.833333 0.866667 0.900000 0.933333 0.966667 1.000000 1.033333
1.066667 1.100000 1.133333 1.166667 1.200000 1.233333</float_array>
        <technique_common>
          <accessor source="#mixamorig_Spine-Matrix-animation-input-array" count="38">
            <param name="TIME" type="float"/>
          </accessor>
        </technique_common>
      </source>
      <source id="mixamorig_Spine-Matrix-animation-output-transform">
        <float_array id="mixamorig_Spine-Matrix-animation-output-transform-array" count="608">

0.991537 0.016945 0.128711 0.000000 -0.010800 0.998775 -0.048289 0.069300 -0.129372 0.046490 0.990506 -0.008100 0.000000 0.000000 0.000000 1.000000
0.995742 0.018679 0.090268 -0.000000 -0.015569 0.999265 -0.035044 0.069300 -0.090856 0.033489 0.995301 -0.008100 0.000000 0.000000 0.000000 1.000000
0.998974 0.012188 0.043606 -0.000000 -0.011615 0.999843 -0.013377 0.069300 -0.043762 0.012857 0.998959 -0.008100 0.000000 0.000000 0.000000 1.000000
0.999905 -0.001602 0.013707 0.000000 0.001252 0.999673 0.025525 0.069300 -0.013744 -0.025506 0.999580 -0.008100 0.000000 0.000000 0.000000 1.000000
0.997724 -0.006491 0.067110 0.000000 -0.000213 0.995047 0.099408 0.069300 -0.067423 -0.099196 0.992781 -0.008100 0.000000 0.000000 0.000000 1.000000
0.980675 0.010720 0.195352 0.000000 -0.048008 0.981155 0.187163 0.069300 -0.189664 -0.192925 0.962708 -0.008100 0.000000 0.000000 0.000000 1.000000
0.954684 0.044038 0.294345 -0.000000 -0.116706 0.965177 0.234123 0.069300 -0.273785 -0.257865 0.926578 -0.008100 0.000000 0.000000 0.000000 1.000000
0.941815 0.082484 0.325854 -0.000000 -0.167269 0.955878 0.241494 0.069300 -0.291557 -0.281948 0.914057 -0.008100 0.000000 0.000000 0.000000 1.000000
0.940584 0.110270 0.321158 0.000000 -0.193179 0.951601 0.239036 0.069300 -0.279256 -0.286874 0.916362 -0.008100 0.000000 0.000000 0.000000 1.000000
0.943046 0.119658 0.310397 -0.000000 -0.197323 0.952405 0.232352 0.069300 -0.267821 -0.280368 0.921773 -0.008100 0.000000 0.000000 0.000000 1.000000
0.944107 0.114486 0.309120 -0.000000 -0.188260 0.957039 0.220530 0.069300 -0.270592 -0.266399 0.925101 -0.008100 0.000000 0.000000 0.000000 1.000000
0.945839 0.102206 0.308126 0.000000 -0.171909 0.962833 0.208327 0.069300 -0.275382 -0.250014 0.928255 -0.008100 0.000000 0.000000 0.000000 1.000000
0.951373 0.085784 0.295855 0.000000 -0.147690 0.969880 0.193703 0.069300 -0.270327 -0.227979 0.935387 -0.008100 0.000000 0.000000 0.000000 1.000000
0.957562 0.066241 0.280513 0.000000 -0.118421 0.977713 0.173363 0.069300 -0.262778 -0.199224 0.944064 -0.008100 0.000000 0.000000 0.000000 1.000000
0.960164 0.047946 0.275292 0.000000 -0.091832 0.984592 0.148812 0.069300 -0.263916 -0.168164 0.949773 -0.008100 0.000000 0.000000 0.000000 1.000000
0.959997 0.033173 0.278037 -0.000000 -0.069693 0.990017 0.122514 0.069300 -0.271197 -0.136990 0.952725 -0.008100 0.000000 0.000000 0.000000 1.000000
0.960812 0.022339 0.276299 0.000000 -0.050398 0.994213 0.094873 0.069300 -0.272580 -0.105080 0.956378 -0.008100 0.000000 0.000000 0.000000 1.000000
0.965620 0.014089 0.259575 -0.000000 -0.032409 0.997264 0.066432 0.069300 -0.257929 -0.072561 0.963435 -0.008100 0.000000 0.000000 0.000000 1.000000
0.973488 0.007300 0.228621 0.000000 -0.016544 0.999120 0.038543 0.069300 -0.228138 -0.041303 0.972752 -0.008100 0.000000 0.000000 0.000000 1.000000
0.981396 0.002556 0.191979 -0.000000 -0.005413 0.999882 0.014359 0.069300 -0.191920 -0.015131 0.981294 -0.008100 0.000000 0.000000 0.000000 1.000000
0.987706 0.000511 0.156322 -0.000000 -0.000096 0.999996 -0.002664 0.069300 -0.156323 0.002617 0.987702 -0.008100 0.000000 0.000000 0.000000 1.000000
0.992127 0.000588 0.125234 0.000000 0.001141 0.999905 -0.013735 0.069300 -0.125231 0.013770 0.992032 -0.008100 0.000000 0.000000 0.000000 1.000000
0.994774 0.001577 0.102090 -0.000000 0.000763 0.999738 -0.022878 0.069300 -0.102100 0.022836 0.994512 -0.008100 0.000000 0.000000 0.000000 1.000000
0.996117 0.003896 0.087954 0.000000 -0.001211 0.999532 -0.030556 0.069300 -0.088032 0.030330 0.995656 -0.008100 0.000000 0.000000 0.000000 1.000000
0.996678 0.009445 0.080899 -0.000000 -0.006609 0.999357 -0.035254 0.069300 -0.081180 0.034602 0.996099 -0.008100 0.000000 0.000000 0.000000 1.000000
0.996861 0.018566 0.076964 0.000000 -0.015718 0.999175 -0.037449 0.069300 -0.077596 0.036122 0.996330 -0.008100 0.000000 0.000000 0.000000 1.000000
0.996946 0.027695 0.073015 0.000000 -0.024923 0.998944 -0.038603 0.069300 -0.074007 0.036665 0.996583 -0.008100 0.000000 0.000000 0.000000 1.000000
0.997255 0.032863 0.066355 -0.000000 -0.030392 0.998819 -0.037910 0.069300 -0.067522 0.035789 0.997076 -0.008100 0.000000 0.000000 0.000000 1.000000
0.997739 0.033972 0.057985 -0.000000 -0.031984 0.998880 -0.034860 0.069300 -0.059105 0.032927 0.997709 -0.008100 0.000000 0.000000 0.000000 1.000000
0.997965 0.033582 0.054209 0.000000 -0.031865 0.998972 -0.032230 0.069300 -0.055236 0.030437 0.998009 -0.008100 0.000000 0.000000 0.000000 1.000000
0.997741 0.032928 0.058562 -0.000000 -0.031068 0.998992 -0.032385 0.069300 -0.059570 0.030492 0.997758 -0.008100 0.000000 0.000000 0.000000 1.000000
0.997206 0.031779 0.067599 0.000000 -0.029524 0.998982 -0.034102 0.069300 -0.068614 0.032011 0.997130 -0.008100 0.000000 0.000000 0.000000 1.000000
0.996496 0.029843 0.078131 0.000000 -0.027087 0.998981 -0.036093 0.069300 -0.079128 0.033850 0.996290 -0.008100 0.000000 0.000000 0.000000 1.000000
0.995642 0.027211 0.089195 0.000000 -0.023874 0.998982 -0.038271 0.069300 -0.090145 0.035975 0.995279 -0.008100 0.000000 0.000000 0.000000 1.000000
0.994655 0.024377 0.100336 0.000000 -0.020400 0.998972 -0.040471 0.069300 -0.101219 0.038208 0.994130 -0.008100 0.000000 0.000000 0.000000 1.000000
0.993556 0.021710 0.111247 0.000000 -0.017069 0.998950 -0.042504 0.069300 -0.112053 0.040331 0.992883 -0.008100 0.000000 0.000000 0.000000 1.000000
0.992486 0.019061 0.120861 0.000000 -0.013699 0.998891 -0.045047 0.069300 -0.121586 0.043053 0.991647 -0.008100 0.000000 0.000000 0.000000 1.000000
0.991537 0.016944 0.128712 -0.000000 -0.010800 0.998775 -0.048289 0.069300 -0.129372 0.046490 0.990506 -0.008100 0.000000 0.000000 0.000000 1.000000</float_array>
        <technique_common>
          <accessor source="#mixamorig_Spine-Matrix-animation-output-transform-array" count="38" stride="16">
            <param type="float4x4"/>
          </accessor>
        </technique_common>
      </source>
      <source id="mixamorig_Spine-Interpolations">
        <Name_array id="mixamorig_Spine-Interpolations-array" count="38">
 LINEAR LINEAR LINEAR LINEAR LINEAR LINEAR LINEAR LINEAR LINEAR LINEAR LINEAR
LINEAR LINEAR LINEAR LINEAR LINEAR LINEAR LINEAR LINEAR LINEAR LINEAR LINEAR LINEAR
LINEAR LINEAR LINEAR LINEAR LINEAR LINEAR LINEAR LINEAR LINEAR LINEAR LINEAR LINEAR
LINEAR LINEAR LINEAR</Name_array>
        <technique_common>
          <accessor source="#mixamorig_Spine-Interpolations-array" count="38">
            <param type="name"/>
          </accessor>
        </technique_common>
      </source>
      <sampler id="mixamorig_Spine-Matrix-animation-transform">
        <input semantic="INPUT" source="#mixamorig_Spine-Matrix-animation-input"/>
        <input semantic="OUTPUT" source="#mixamorig_Spine-Matrix-animation-output-transform"/>
        <input semantic="INTERPOLATION" source="#mixamorig_Spine-Interpolations"/>
      </sampler>
      <channel source="#mixamorig_Spine-Matrix-animation-transform" target="mixamorig_Spine/matrix"/>
      <source id="mixamorig_Spine1-Matrix-animation-input">
        <float_array id="mixamorig_Spine1-Matrix-animation-input-array" count="38">

0.000000 0.033333 0.066667 0.100000 0.133333 0.166667 0.200000 0.233333 0.266667 0.300000 0.333333 0.366667 0.400000 0.433333 0.466667 0.500000
0.533333 0.566667 0.600000 0.633333 0.666667 0.700000 0.733333 0.766667 0.800000 0.833333 0.866667 0.900000 0.933333 0.966667 1.000000 1.033333
1.066667 1.100000 1.133333 1.166667 1.200000 1.233333</float_array>
        <technique_common>
          <accessor source="#mixamorig_Spine1-Matrix-animation-input-array" count="38">
            <param name="TIME" type="float"/>
          </accessor>
        </technique_common>
      </source>
      <source id="mixamorig_Spine1-Matrix-animation-output-transform">
        <float_array id="mixamorig_Spine1-Matrix-animation-output-transform-array" count="608">

0.999723 0.013875 0.019006 -0.000000 -0.013141 0.999185 -0.038166 0.081400 -0.019520 0.037905 0.999091 -0.000000 0.000000 0.000000 0.000000 1.000000
0.999668 0.025049 0.006091 0.000000 -0.024604 0.997608 -0.064602 0.081400 -0.007695 0.064431 0.997893 0.000000 0.000000 0.000000 0.000000 1.000000
0.999439 0.031849 -0.010378 -0.000000 -0.032666 0.995273 -0.091453 0.081400 0.007416 0.091740 0.995755 0.000000 0.000000 0.000000 0.000000 1.000000
0.999335 0.033759 -0.013773 0.000000 -0.035076 0.993265 -0.110431 0.081400 0.009952 0.110841 0.993788 0.000000 0.000000 0.000000 0.000000 1.000000
0.998100 0.047484 0.039258 -0.000000 -0.043084 0.993410 -0.106207 0.081400 -0.044042 0.104314 0.993569 -0.000000 0.000000 0.000000 0.000000 1.000000
0.986387 0.086989 0.139549 -0.000000 -0.075817 0.993621 -0.083480 0.081400 -0.145921 0.071764 0.986690 0.000000 0.000000 0.000000 0.000000 1.000000
0.967548 0.136863 0.212412 0.000000 -0.124172 0.989642 -0.072043 0.081400 -0.220072 0.043330 0.974521 0.000000 0.000000 0.000000 0.000000 1.000000
0.957089 0.175554 0.230566 0.000000 -0.162301 0.983857 -0.075393 0.081400 -0.240079 0.034737 0.970132 0.000000 0.000000 0.000000 0.000000 1.000000
0.955443 0.194180 0.222311 0.000000 -0.181226 0.980386 -0.077461 0.081400 -0.232992 0.033721 0.971894 0.000000 0.000000 0.000000 0.000000 1.000000
0.956868 0.197049 0.213485 -0.000000 -0.183085 0.979543 -0.083518 0.081400 -0.225575 0.040829 0.973370 0.000000 0.000000 0.000000 0.000000 1.000000
0.958291 0.189949 0.213534 -0.000000 -0.173277 0.980335 -0.094433 0.081400 -0.227272 0.053494 0.972361 0.000000 0.000000 0.000000 0.000000 1.000000
0.960277 0.177903 0.214985 0.000000 -0.157620 0.981554 -0.108204 0.081400 -0.230269 0.070020 0.970605 0.000000 0.000000 0.000000 0.000000 1.000000
0.964121 0.162732 0.209734 0.000000 -0.138252 0.982270 -0.126614 0.081400 -0.226619 0.093076 0.969526 0.000000 0.000000 0.000000 0.000000 1.000000
0.968143 0.146620 0.202980 -0.000000 -0.117316 0.981761 -0.149607 0.081400 -0.221213 0.121028 0.967686 0.000000 0.000000 0.000000 0.000000 1.000000
0.970225 0.133343 0.202194 0.000000 -0.098624 0.979967 -0.173023 0.081400 -0.221215 0.147930 0.963940 0.000000 0.000000 0.000000 0.000000 1.000000
0.970565 0.124899 0.205922 -0.000000 -0.084479 0.977246 -0.194561 0.081400 -0.225536 0.171438 0.959032 0.000000 0.000000 0.000000 0.000000 1.000000
0.971230 0.119509 0.205985 0.000000 -0.074302 0.973855 -0.214678 0.081400 -0.226255 0.193197 0.954717 -0.000000 0.000000 0.000000 0.000000 1.000000
0.974017 0.113900 0.195747 -0.000000 -0.066676 0.970241 -0.232780 0.081400 -0.216436 0.213680 0.952626 -0.000000 0.000000 0.000000 0.000000 1.000000
0.978573 0.106879 0.175987 0.000000 -0.061164 0.967034 -0.247192 0.081400 -0.196605 0.231132 0.952851 -0.000000 0.000000 0.000000 0.000000 1.000000
0.983299 0.099765 0.152216 -0.000000 -0.058181 0.964792 -0.256498 0.081400 -0.172446 0.243359 0.954484 -0.000000 0.000000 0.000000 0.000000 1.000000
0.987237 0.093874 0.128651 -0.000000 -0.057756 0.963852 -0.260105 0.081400 -0.148418 0.249354 0.956972 0.000000 0.000000 0.000000 0.000000 1.000000
0.990137 0.089413 0.107860 -0.000000 -0.058715 0.963824 -0.259991 0.081400 -0.127205 0.251094 0.959568 0.000000 0.000000 0.000000 0.000000 1.000000
0.991949 0.086593 0.092406 -0.000000 -0.059968 0.963878 -0.259506 0.081400 -0.111539 0.251876 0.961310 0.000000 0.000000 0.000000 0.000000 1.000000
0.992883 0.085690 0.082705 -0.000000 -0.061661 0.964024 -0.258563 0.081400 -0.101885 0.251624 0.962447 0.000000 0.000000 0.000000 0.000000 1.000000
0.993425 0.085611 0.076010 -0.000000 -0.063837 0.965366 -0.252968 0.081400 -0.095035 0.246453 0.964484 0.000000 0.000000 0.000000 0.000000 1.000000
0.993872 0.085746 0.069762 0.000000 -0.066419 0.967702 -0.243190 0.081400 -0.088361 0.237067 0.967467 0.000000 0.000000 0.000000 0.000000 1.000000
0.994448 0.084726 0.062412 -0.000000 -0.068205 0.970594 -0.230857 0.081400 -0.080136 0.225318 0.970984 0.000000 0.000000 0.000000 0.000000 1.000000
0.995358 0.080716 0.052414 -0.000000 -0.067638 0.974125 -0.215653 0.081400 -0.068464 0.211107 0.975062 -0.000000 0.000000 0.000000 0.000000 1.000000
0.996434 0.074057 0.040424 0.000000 -0.064676 0.978126 -0.197703 0.081400 -0.054181 0.194384 0.979428 0.000000 0.000000 0.000000 0.000000 1.000000
0.997268 0.067158 0.030767 0.000000 -0.060604 0.981972 -0.179046 0.081400 -0.042237 0.176692 0.983360 0.000000 0.000000 0.000000 0.000000 1.000000
0.997804 0.060902 0.026055 0.000000 -0.055943 0.985386 -0.160890 0.081400 -0.035472 0.159079 0.986628 -0.000000 0.000000 0.000000 0.000000 1.000000
0.998231 0.054331 0.024133 0.000000 -0.050355 0.988507 -0.142540 0.081400 -0.031600 0.141073 0.989495 0.000000 0.000000 0.000000 0.000000 1.000000
0.998609 0.047413 0.023048 0.000000 -0.044213 0.991336 -0.123687 0.081400 -0.028713 0.122496 0.992054 -0.000000 0.000000 0.000000 0.000000 1.000000
0.998943 0.040208 0.022287 0.000000 -0.037663 0.993780 -0.104799 0.081400 -0.026362 0.103848 0.994244 0.000000 0.000000 0.000000 0.000000 1.000000
0.999224 0.032906 0.021669 -0.000000 -0.030922 0.995789 -0.086306 0.081400 -0.024418 0.085569 0.996033 -0.000000 0.000000 0.000000 0.000000 1.000000
0.999442 0.025809 0.021198 0.000000 -0.024301 0.997350 -0.068574 0.081400 -0.022912 0.068021 0.997421 0.000000 0.000000 0.000000 0.000000 1.000000
0.999603 0.019465 0.020379 0.000000 -0.018374 0.998456 -0.052429 0.081400 -0.021368 0.052034 0.998417 0.000000 0.000000 0.000000 0.000000 1.000000
0.999723 0.013875 0.019006 -0.000000 -0.013141 0.999185 -0.038166 0.081400 -0.019521 0.037905 0.999091 -0.000000 0.000000 0.000000 0.000000 1.000000</float_array>
        <technique_common>
          <accessor source="#mixamorig_Spine1-Matrix-animation-output-transform-array" count="38" stride="16">
            <param type="float4x4"/>
          </accessor>
        </technique_common>
      </source>
      <source id="mixamorig_Spine1-Interpolations">
        <Name_array id="mixamorig_Spine1-Interpolations-array" count="38">
 LINEAR LINEAR LINEAR LINEAR LINEAR LINEAR LINEAR LINEAR LINEAR LINEAR LINEAR
LINEAR LINEAR LINEAR LINEAR LINEAR LINEAR LINEAR LINEAR LINEAR LINEAR LINEAR LINEAR
LINEAR LINEAR LINEAR LINEAR LINEAR LINEAR LINEAR LINEAR LINEAR LINEAR LINEAR LINEAR
LINEAR LINEAR LINEAR</Name_array>
        <technique_common>
          <accessor source="#mixamorig_Spine1-Interpolations-array" count="38">
            <param type="name"/>
          </accessor>
        </technique_common>
      </source>
      <sampler id="mixamorig_Spine1-Matrix-animation-transform">
        <input semantic="INPUT" source="#mixamorig_Spine1-Matrix-animation-input"/>
        <input semantic="OUTPUT" source="#mixamorig_Spine1-Matrix-animation-output-transform"/>
        <input semantic="INTERPOLATION" source="#mixamorig_Spine1-Interpolations"/>
      </sampler>
      <channel source="#mixamorig_Spine1-Matrix-animation-transform" target="mixamorig_Spine1/matrix"/>
      <source id="mixamorig_Spine2-Matrix-animation-input">
        <float_array id="mixamorig_Spine2-Matrix-animation-input-array" count="38">

0.000000 0.033333 0.066667 0.100000 0.133333 0.166667 0.200000 0.233333 0.266667 0.300000 0.333333 0.366667 0.400000 0.433333 0.466667 0.500000
0.533333 0.566667 0.600000 0.633333 0.666667 0.700000 0.733333 0.766667 0.800000 0.833333 0.866667 0.900000 0.933333 0.966667 1.000000 1.033333
1.066667 1.100000 1.133333 1.166667 1.200000 1.233333</float_array>
        <technique_common>
          <accessor source="#mixamorig_Spine2-Matrix-animation-input-array" count="38">
            <param name="TIME" type="float"/>
          </accessor>
        </technique_common>
      </source>
      <source id="mixamorig_Spine2-Matrix-animation-output-transform">
        <float_array id="mixamorig_Spine2-Matrix-animation-output-transform-array" count="608">

0.999731 0.013517 0.018840 0.000000 -0.012785 0.999180 -0.038422 0.093100 -0.019344 0.038171 0.999084 0.000000 0.000000 0.000000 0.000000 1.000000
0.999679 0.024660 0.005809 0.000000 -0.024231 0.997593 -0.064966 0.093100 -0.007397 0.064804 0.997871 0.000000 0.000000 0.000000 0.000000 1.000000
0.999444 0.031487 -0.010924 -0.000000 -0.032359 0.995238 -0.091946 0.093100 0.007977 0.092249 0.995704 0.000000 0.000000 0.000000 0.000000 1.000000
0.999333 0.033446 -0.014694 -0.000000 -0.034874 0.993200 -0.111072 0.093100 0.010879 0.111510 0.993704 -0.000000 0.000000 0.000000 0.000000 1.000000
0.998183 0.046648 0.038153 -0.000000 -0.042343 0.993382 -0.106771 0.093100 -0.042881 0.104962 0.993551 0.000000 0.000000 0.000000 0.000000 1.000000
0.986704 0.084887 0.138599 0.000000 -0.073823 0.993802 -0.083107 0.093100 -0.144795 0.071770 0.986855 0.000000 0.000000 0.000000 0.000000 1.000000
0.968164 0.133623 0.211670 0.000000 -0.121385 0.990144 -0.069854 0.093100 -0.218918 0.041937 0.974842 -0.000000 0.000000 0.000000 0.000000 1.000000
0.957896 0.171984 0.229907 0.000000 -0.159536 0.984576 -0.071822 0.093100 -0.238713 0.032119 0.970559 0.000000 0.000000 0.000000 0.000000 1.000000
0.956237 0.190930 0.221712 0.000000 -0.178780 0.981115 -0.073826 0.093100 -0.231621 0.030958 0.972313 0.000000 0.000000 0.000000 0.000000 1.000000
0.957581 0.194090 0.212995 0.000000 -0.180829 0.980234 -0.080264 0.093100 -0.224363 0.038344 0.973751 0.000000 0.000000 0.000000 0.000000 1.000000
0.958976 0.186867 0.213179 0.000000 -0.170922 0.981065 -0.091093 0.093100 -0.226164 0.050919 0.972757 0.000000 0.000000 0.000000 0.000000 1.000000
0.960932 0.174573 0.214790 -0.000000 -0.155065 0.982343 -0.104674 0.093100 -0.229270 0.067278 0.971035 -0.000000 0.000000 0.000000 0.000000 1.000000
0.964693 0.159343 0.209709 0.000000 -0.135576 0.983066 -0.123293 0.093100 -0.225804 0.090508 0.969959 0.000000 0.000000 0.000000 0.000000 1.000000
0.968613 0.143327 0.203093 0.000000 -0.114619 0.982514 -0.146728 0.093100 -0.220572 0.118844 0.968103 -0.000000 0.000000 0.000000 0.000000 1.000000
0.970612 0.130196 0.202390 -0.000000 -0.095998 0.980674 -0.170480 0.093100 -0.220675 0.146040 0.964352 -0.000000 0.000000 0.000000 0.000000 1.000000
0.970890 0.121944 0.206162 0.000000 -0.082004 0.977915 -0.192243 0.093100 -0.225052 0.169741 0.959448 -0.000000 0.000000 0.000000 0.000000 1.000000
0.971513 0.116822 0.206191 -0.000000 -0.072023 0.974451 -0.212741 0.093100 -0.225776 0.191830 0.955105 0.000000 0.000000 0.000000 0.000000 1.000000
0.974283 0.111581 0.195763 -0.000000 -0.064657 0.970687 -0.231487 0.093100 -0.215854 0.212876 0.952938 0.000000 0.000000 0.000000 0.000000 1.000000
0.978832 0.105038 0.175659 0.000000 -0.059540 0.967281 -0.246623 0.093100 -0.195816 0.230944 0.953059 0.000000 0.000000 0.000000 0.000000 1.000000
0.983545 0.098445 0.151487 0.000000 -0.057063 0.964852 -0.256524 0.093100 -0.171416 0.243659 0.954593 -0.000000 0.000000 0.000000 0.000000 1.000000
0.987459 0.093018 0.127563 0.000000 -0.057131 0.963774 -0.260530 0.093100 -0.147176 0.249975 0.957001 0.000000 0.000000 0.000000 0.000000 1.000000
0.990326 0.088920 0.106528 -0.000000 -0.058490 0.963665 -0.260633 0.093100 -0.125832 0.251880 0.959543 0.000000 0.000000 0.000000 0.000000 1.000000
0.992103 0.086355 0.090960 -0.000000 -0.060023 0.963681 -0.260224 0.093100 -0.110128 0.252709 0.961254 0.000000 0.000000 0.000000 0.000000 1.000000
0.993008 0.085657 0.081230 0.000000 -0.061928 0.963813 -0.259285 0.093100 -0.100500 0.252441 0.962379 0.000000 0.000000 0.000000 0.000000 1.000000
0.993521 0.085739 0.074603 0.000000 -0.064247 0.965166 -0.253629 0.093100 -0.093751 0.247192 0.964420 -0.000000 0.000000 0.000000 0.000000 1.000000
0.993933 0.085994 0.068567 0.000000 -0.066899 0.967541 -0.243698 0.093100 -0.087298 0.237633 0.967424 0.000000 0.000000 0.000000 0.000000 1.000000
0.994477 0.085032 0.061524 0.000000 -0.068679 0.970486 -0.231170 0.093100 -0.079365 0.225668 0.970966 0.000000 0.000000 0.000000 0.000000 1.000000
0.995369 0.080977 0.051799 0.000000 -0.068011 0.974058 -0.215838 0.093100 -0.067933 0.211315 0.975054 0.000000 0.000000 0.000000 0.000000 1.000000
0.996440 0.074222 0.039975 0.000000 -0.064916 0.978078 -0.197863 0.093100 -0.053785 0.194563 0.979414 0.000000 0.000000 0.000000 0.000000 1.000000
0.997281 0.067127 0.030420 -0.000000 -0.060627 0.981939 -0.179219 0.093100 -0.041901 0.176887 0.983339 0.000000 0.000000 0.000000 0.000000 1.000000
0.997815 0.060841 0.025771 0.000000 -0.055921 0.985357 -0.161070 0.093100 -0.035193 0.159277 0.986606 0.000000 0.000000 0.000000 0.000000 1.000000
0.998241 0.054252 0.023922 0.000000 -0.050301 0.988485 -0.142714 0.093100 -0.031389 0.141259 0.989475 0.000000 0.000000 0.000000 0.000000 1.000000
0.998617 0.047329 0.022880 0.000000 -0.044145 0.991318 -0.123855 0.093100 -0.028544 0.122674 0.992037 -0.000000 0.000000 0.000000 0.000000 1.000000
0.998956 0.039977 0.022122 0.000000 -0.037445 0.993770 -0.104970 0.093100 -0.026181 0.104032 0.994229 0.000000 0.000000 0.000000 0.000000 1.000000
0.999236 0.032636 0.021519 0.000000 -0.030661 0.995781 -0.086489 0.093100 -0.024251 0.085763 0.996020 0.000000 0.000000 0.000000 0.000000 1.000000
0.999453 0.025501 0.021064 0.000000 -0.023998 0.997344 -0.068770 0.093100 -0.022762 0.068227 0.997410 0.000000 0.000000 0.000000 0.000000 1.000000
0.999612 0.019132 0.020222 0.000000 -0.018045 0.998450 -0.052647 0.093100 -0.021198 0.052262 0.998408 0.000000 0.000000 0.000000 0.000000 1.000000
0.999731 0.013517 0.018840 0.000000 -0.012785 0.999180 -0.038422 0.093100 -0.019344 0.038171 0.999084 0.000000 0.000000 0.000000 0.000000 1.000000</float_array>
        <technique_common>
          <accessor source="#mixamorig_Spine2-Matrix-animation-output-transform-array" count="38" stride="16">
            <param type="float4x4"/>
          </accessor>
        </technique_common>
      </source>
      <source id="mixamorig_Spine2-Interpolations">
        <Name_array id="mixamorig_Spine2-Interpolations-array" count="38">
 LINEAR LINEAR LINEAR LINEAR LINEAR LINEAR LINEAR LINEAR LINEAR LINEAR LINEAR
LINEAR LINEAR LINEAR LINEAR LINEAR LINEAR LINEAR LINEAR LINEAR LINEAR LINEAR LINEAR
LINEAR LINEAR LINEAR LINEAR LINEAR LINEAR LINEAR LINEAR LINEAR LINEAR LINEAR LINEAR
LINEAR LINEAR LINEAR</Name_array>
        <technique_common>
          <accessor source="#mixamorig_Spine2-Interpolations-array" count="38">
            <param type="name"/>
          </accessor>
        </technique_common>
      </source>
      <sampler id="mixamorig_Spine2-Matrix-animation-transform">
        <input semantic="INPUT" source="#mixamorig_Spine2-Matrix-animation-input"/>
        <input semantic="OUTPUT" source="#mixamorig_Spine2-Matrix-animation-output-transform"/>
        <input semantic="INTERPOLATION" source="#mixamorig_Spine2-Interpolations"/>
      </sampler>
      <channel source="#mixamorig_Spine2-Matrix-animation-transform" target="mixamorig_Spine2/matrix"/>
      <source id="mixamorig_Neck-Matrix-animation-input">
        <float_array id="mixamorig_Neck-Matrix-animation-input-array" count="38">

0.000000 0.033333 0.066667 0.100000 0.133333 0.166667 0.200000 0.233333 0.266667 0.300000 0.333333 0.366667 0.400000 0.433333 0.466667 0.500000
