<?xml version="1.0" encoding="utf-8"?>
<COLLADA xmlns="http://www.collada.org/2005/11/COLLADASchema" version="1.4.1">
  <asset>
    <contributor>
      <author>Mixamo</author>
      <authoring_tool>COLLADA Mixamo exporter</authoring_tool>
      <comments/>
    </contributor>
    <created>2024-05-10T12:17:10Z</created>
    <modified>2024-05-10T12:17:10Z</modified>
    <revision/>
    <title/>
    <unit meter="0.010000"/>
    <up_axis>Y_UP</up_axis>
  </asset>
  <library_animations>
    <animation>
      <source id="Armature.001-Matrix-animation-input">
        <float_array id="Armature.001-Matrix-animation-input-array" count="38">

0.000000 0.033333 0.066667 0.100000 0.133333 0.166667 0.200000 0.233333 0.266667 0.300000 0.333333 0.366667 0.400000 0.433333 0.466667 0.500000
0.533333 0.566667 0.600000 0.633333 0.666667 0.700000 0.733333 0.766667 0.800000 0.833333 0.866667 0.900000 0.933333 0.966667 1.000000 1.033333
1.066667 1.100000 1.133333 1.166667 1.200000 1.233333</float_array>
        <technique_common>
          <accessor source="#Armature.001-Matrix-animation-input-array" count="38">
            <param name="TIME" type="float"/>
          </accessor>
        </technique_common>
      </source>
      <source id="Armature.001-Matrix-animation-output-transform">
        <float_array id="Armature.001-Matrix-animation-output-transform-array" count="608">

100.000000 0.000000 0.000000 0.000000 0.000000 0.000000 100.000000 0.000000 0.000000 -100.000000 0.000000 0.000000 0.000000 0.000000 0.000000 1.000000
100.000000 0.000000 0.000000 0.000000 0.000000 0.000000 100.000000 0.000000 0.000000 -100.000000 0.000000 0.000000 0.000000 0.000000 0.000000 1.000000
100.000000 0.000000 0.000000 0.000000 0.000000 0.000000 100.000000 0.000000 0.000000 -100.000000 0.000000 0.000000 0.000000 0.000000 0.000000 1.000000
100.000000 0.000000 0.000000 0.000000 0.000000 0.000000 100.000000 0.000000 0.000000 -100.000000 0.000000 0.000000 0.000000 0.000000 0.000000 1.000000
100.000000 0.000000 0.000000 0.000000 0.000000 0.000000 100.000000 0.000000 0.000000 -100.000000 0.000000 0.000000 0.000000 0.000000 0.000000 1.000000
100.000000 0.000000 0.000000 0.000000 0.000000 0.000000 100.000000 0.000000 0.000000 -100.000000 0.000000 0.000000 0.000000 0.000000 0.000000 1.000000
100.000000 0.000000 0.000000 0.000000 0.000000 0.000000 100.000000 0.000000 0.000000 -100.000000 0.000000 0.000000 0.000000 0.000000 0.000000 1.000000
100.000000 0.000000 0.000000 0.000000 0.000000 0.000000 100.000000 0.000000 0.000000 -100.000000 0.000000 0.000000 0.000000 0.000000 0.000000 1.000000
100.000000 0.000000 0.000000 0.000000 0.000000 0.000000 100.000000 0.000000 0.000000 -100.000000 0.000000 0.000000 0.000000 0.000000 0.000000 1.000000
100.000000 0.000000 0.000000 0.000000 0.000000 0.000000 100.000000 0.000000 0.000000 -100.000000 0.000000 0.000000 0.000000 0.000000 0.000000 1.000000
100.000000 0.000000 0.000000 0.000000 0.000000 0.000000 100.000000 0.000000 0.000000 -100.000000 0.000000 0.000000 0.000000 0.000000 0.000000 1.000000
100.000000 0.000000 0.000000 0.000000 0.000000 0.000000 100.000000 0.000000 0.000000 -100.000000 0.000000 0.000000 0.000000 0.000000 0.000000 1.000000
100.000000 0.000000 0.000000 0.000000 0.000000 0.000000 100.000000 0.000000 0.000000 -100.000000 0.000000 0.000000 0.000000 0.000000 0.000000 1.000000
100.000000 0.000000 0.000000 0.000000 0.000000 0.000000 100.000000 0.000000 0.000000 -100.000000 0.000000 0.000000 0.000000 0.000000 0.000000 1.000000
100.000000 0.000000 0.000000 0.000000 0.000000 0.000000 100.000000 0.000000 0.000000 -100.000000 0.000000 0.000000 0.000000 0.000000 0.000000 1.000000
100.000000 0.000000 0.000000 0.000000 0.000000 0.000000 100.000000 0.000000 0.000000 -100.000000 0.000000 0.000000 0.000000 0.000000 0.000000 1.000000
100.000000 0.000000 0.000000 0.000000 0.000000 0.000000 100.000000 0.000000 0.000000 -100.000000 0.000000 0.000000 0.000000 0.000000 0.000000 1.000000
100.000000 0.000000 0.000000 0.000000 0.000000 0.000000 100.000000 0.000000 0.000000 -100.000000 0.000000 0.000000 0.000000 0.000000 0.000000 1.000000
100.000000 0.000000 0.000000 0.000000 0.000000 0.000000 100.000000 0.000000 0.000000 -100.000000 0.000000 0.000000 0.000000 0.000000 0.000000 1.000000
100.000000 0.000000 0.000000 0.000000 0.000000 0.000000 100.000000 0.000000 0.000000 -100.000000 0.000000 0.000000 0.000000 0.000000 0.000000 1.000000
100.000000 0.000000 0.000000 0.000000 0.000000 0.000000 100.000000 0.000000 0.000000 -100.000000 0.000000 0.000000 0.000000 0.000000 0.000000 1.000000
100.000000 0.000000 0.000000 0.000000 0.000000 0.000000 100.000000 0.000000 0.000000 -100.000000 0.000000 0.000000 0.000000 0.000000 0.000000 1.000000
100.000000 0.000000 0.000000 0.000000 0.000000 0.000000 100.000000 0.000000 0.000000 -100.000000 0.000000 0.000000 0.000000 0.000000 0.000000 1.000000
100.000000 0.000000 0.000000 0.000000 0.000000 0.000000 100.000000 0.000000 0.000000 -100.000000 0.000000 0.000000 0.000000 0.000000 0.000000 1.000000
100.000000 0.000000 0.000000 0.000000 0.000000 0.000000 100.000000 0.000000 0.000000 -100.000000 0.000000 0.000000 0.000000 0.000000 0.000000 1.000000
100.000000 0.000000 0.000000 0.000000 0.000000 0.000000 100.000000 0.000000 0.000000 -100.000000 0.000000 0.000000 0.000000 0.000000 0.000000 1.000000
100.000000 0.000000 0.000000 0.000000 0.000000 0.000000 100.000000 0.000000 0.000000 -100.000000 0.000000 0.000000 0.000000 0.000000 0.000000 1.000000
100.000000 0.000000 0.000000 0.000000 0.000000 0.000000 100.000000 0.000000 0.000000 -100.000000 0.000000 0.000000 0.000000 0.000000 0.000000 1.000000
100.000000 0.000000 0.000000 0.000000 0.000000 0.000000 100.000000 0.000000 0.000000 -100.000000 0.000000 0.000000 0.000000 0.000000 0.000000 1.000000
100.000000 0.000000 0.000000 0.000000 0.000000 0.000000 100.000000 0.000000 0.000000 -100.000000 0.000000 0.000000 0.000000 0.000000 0.000000 1.000000
100.000000 0.000000 0.000000 0.000000 0.000000 0.000000 100.000000 0.000000 0.000000 -100.000000 0.000000 0.000000 0.000000 0.000000 0.000000 1.000000
100.000000 0.000000 0.000000 0.000000 0.000000 0.000000 100.000000 0.000000 0.000000 -100.000000 0.000000 0.000000 0.000000 0.000000 0.000000 1.000000
100.000000 0.000000 0.000000 0.000000 0.000000 0.000000 100.000000 0.000000 0.000000 -100.000000 0.000000 0.000000 0.000000 0.000000 0.000000 1.000000
100.000000 0.000000 0.000000 0.000000 0.000000 0.000000 100.000000 0.000000 0.000000 -100.000000 0.000000 0.000000 0.000000 0.000000 0.000000 1.000000
100.000000 0.000000 0.000000 0.000000 0.000000 0.000000 100.000000 0.000000 0.000000 -100.000000 0.000000 0.000000 0.000000 0.000000 0.000000 1.000000
100.000000 0.000000 0.000000 0.000000 0.000000 0.000000 100.000000 0.000000 0.000000 -100.000000 0.000000 0.000000 0.000000 0.000000 0.000000 1.000000
100.000000 0.000000 0.000000 0.000000 0.000000 0.000000 100.000000 0.000000 0.000000 -100.000000 0.000000 0.000000 0.000000 0.000000 0.000000 1.000000
100.000000 0.000000 0.000000 0.000000 0.000000 0.000000 100.000000 0.000000 0.000000 -100.000000 0.000000 0.000000 0.000000 0.000000 0.000000 1.000000</float_array>
        <technique_common>
          <accessor source="#Armature.001-Matrix-animation-output-transform-array" count="38" stride="16">
            <param type="float4x4"/>
          </accessor>
        </technique_common>
      </source>
      <source id="Armature.001-Interpolations">
        <Name_array id="Armature.001-Interpolations-array" count="38">
 LINEAR LINEAR LINEAR LINEAR LINEAR LINEAR LINEAR LINEAR LINEAR LINEAR LINEAR
LINEAR LINEAR LINEAR LINEAR LINEAR LINEAR LINEAR LINEAR LINEAR LINEAR LINEAR LINEAR
LINEAR LINEAR LINEAR LINEAR LINEAR LINEAR LINEAR LINEAR LINEAR LINEAR LINEAR LINEAR
LINEAR LINEAR LINEAR</Name_array>
        <technique_common>
          <accessor source="#Armature.001-Interpolations-array" count="38">
            <param type="name"/>
          </accessor>
        </technique_common>
      </source>
      <sampler id="Armature.001-Matrix-animation-transform">
        <input semantic="INPUT" source="#Armature.001-Matrix-animation-input"/>
        <input semantic="OUTPUT" source="#Armature.001-Matrix-animation-output-transform"/>
        <input semantic="INTERPOLATION" source="#Armature.001-Interpolations"/>
      </sampler>
      <channel source="#Armature.001-Matrix-animation-transform" target="Armature.001/matrix"/>
      <source id="mixamorig_Hips-Matrix-animation-input">
        <float_array id="mixamorig_Hips-Matrix-animation-input-array" count="38">

0.000000 0.033333 0.066667 0.100000 0.133333 0.166667 0.200000 0.233333 0.266667 0.300000 0.333333 0.366667 0.400000 0.433333 0.466667 0.500000
0.533333 0.566667 0.600000 0.633333 0.666667 0.700000 0.733333 0.766667 0.800000 0.833333 0.866667 0.900000 0.933333 0.966667 1.000000 1.033333
1.066667 1.100000 1.133333 1.166667 1.200000 1.233333</float_array>
        <technique_common>
          <accessor source="#mixamorig_Hips-Matrix-animation-input-array" count="38">
            <param name="TIME" type="float"/>
          </accessor>
        </technique_common>
      </source>
      <source id="mixamorig_Hips-Matrix-animation-output-transform">
        <float_array id="mixamorig_Hips-Matrix-animation-output-transform-array" count="608">

0.690782 0.000454 0.723063 -0.006236 0.719792 0.094587 -0.687716 0.007261 -0.068704 0.995517 0.065012 0.794512 0.000000 0.000000 0.000000 1.000000
0.714055 -0.009042 0.700031 -0.000129 0.695667 0.121381 -0.708035 0.006545 -0.078568 0.992565 0.092963 0.798198 0.000000 0.000000 0.000000 1.000000
0.760516 -0.020776 0.648987 0.011740 0.642924 0.164026 -0.748160 0.002074 -0.090907 0.986237 0.138102 0.803606 0.000000 0.000000 0.000000 1.000000
0.824176 -0.022798 0.565874 0.030577 0.555921 0.223288 -0.800684 -0.009443 -0.108099 0.974486 0.196703 0.811687 0.000000 0.000000 0.000000 1.000000
0.909638 0.011090 0.415254 0.058211 0.394653 0.288913 -0.872226 -0.033417 -0.129646 0.957291 0.258430 0.821939 0.000000 0.000000 0.000000 1.000000
0.975772 0.082901 0.202474 0.088735 0.165244 0.327295 -0.930362 -0.063301 -0.143397 0.941279 0.305666 0.830292 0.000000 0.000000 0.000000 1.000000
0.990186 0.137268 0.026254 0.108685 -0.019649 0.322733 -0.946286 -0.080348 -0.138368 0.936483 0.322263 0.830793 0.000000 0.000000 0.000000 1.000000
0.981673 0.163175 -0.098447 0.119131 -0.144307 0.299076 -0.943254 -0.080281 -0.124472 0.940174 0.317142 0.820465 0.000000 0.000000 0.000000 1.000000
0.958804 0.182058 -0.218058 0.128960 -0.262256 0.272328 -0.925775 -0.074791 -0.109161 0.944824 0.308855 0.804855 0.000000 0.000000 0.000000 1.000000
0.933279 0.195933 -0.301000 0.137334 -0.344812 0.254346 -0.903556 -0.065934 -0.100478 0.947058 0.304936 0.789117 0.000000 0.000000 0.000000 1.000000
0.923106 0.203310 -0.326406 0.141958 -0.371078 0.248283 -0.894794 -0.052794 -0.100880 0.947112 0.304635 0.775201 0.000000 0.000000 0.000000 1.000000
0.925937 0.206315 -0.316346 0.144610 -0.362464 0.250098 -0.897815 -0.037428 -0.106115 0.945984 0.306357 0.764839 0.000000 0.000000 0.000000 1.000000
0.935887 0.202867 -0.288030 0.146455 -0.334852 0.258117 -0.906228 -0.020758 -0.109498 0.944574 0.309499 0.758354 0.000000 0.000000 0.000000 1.000000
0.950162 0.192173 -0.245484 0.147081 -0.291782 0.270841 -0.917338 -0.003479 -0.109800 0.943247 0.313415 0.755165 0.000000 0.000000 0.000000 1.000000
0.964567 0.180037 -0.192863 0.145860 -0.238539 0.282747 -0.929060 0.013847 -0.112734 0.942147 0.315675 0.754127 0.000000 0.000000 0.000000 1.000000
0.976327 0.169838 -0.133943 0.142531 -0.179460 0.290353 -0.939941 0.030381 -0.120747 0.941727 0.313959 0.755213 0.000000 0.000000 0.000000 1.000000
0.984624 0.160854 -0.068134 0.137206 -0.113635 0.293540 -0.949169 0.046373 -0.132678 0.942316 0.307305 0.757361 0.000000 0.000000 0.000000 1.000000
0.988757 0.149515 0.002119 0.130057 -0.042189 0.292539 -0.955322 0.061736 -0.143454 0.944493 0.295558 0.759919 0.000000 0.000000 0.000000 1.000000
0.988360 0.134640 0.070833 0.121054 0.029744 0.285598 -0.957888 0.075601 -0.149199 0.948844 0.278269 0.762965 0.000000 0.000000 0.000000 1.000000
0.983361 0.119825 0.136542 0.110137 0.099977 0.270592 -0.957489 0.087062 -0.151678 0.955208 0.254110 0.766486 0.000000 0.000000 0.000000 1.000000
0.973021 0.109176 0.203250 0.097530 0.171177 0.249033 -0.953247 0.095515 -0.154687 0.962322 0.223626 0.770544 0.000000 0.000000 0.000000 1.000000
0.956390 0.101791 0.273781 0.083679 0.245641 0.226869 -0.942439 0.100574 -0.158044 0.968591 0.191971 0.775482 0.000000 0.000000 0.000000 1.000000
0.932922 0.093134 0.347824 0.069177 0.323236 0.209030 -0.922944 0.102036 -0.158663 0.973464 0.164904 0.781475 0.000000 0.000000 0.000000 1.000000
0.901650 0.081204 0.424774 0.054844 0.403535 0.195242 -0.893890 0.100033 -0.155521 0.977388 0.143272 0.788127 0.000000 0.000000 0.000000 1.000000
0.862787 0.067798 0.501000 0.041636 0.482926 0.182716 -0.856386 0.095197 -0.149602 0.980825 0.124903 0.794518 0.000000 0.000000 0.000000 1.000000
0.819202 0.054037 0.570953 0.030238 0.555769 0.170871 -0.813587 0.088409 -0.141523 0.983810 0.109946 0.800501 0.000000 0.000000 0.000000 1.000000
0.777129 0.039687 0.628088 0.020824 0.615653 0.159074 -0.771794 0.080247 -0.130542 0.986469 0.099188 0.805969 0.000000 0.000000 0.000000 1.000000
0.741807 0.026301 0.670098 0.013166 0.660205 0.146728 -0.736614 0.070700 -0.117696 0.988827 0.091480 0.810588 0.000000 0.000000 0.000000 1.000000
0.714060 0.016126 0.699899 0.006836 0.691972 0.135494 -0.709095 0.059648 -0.106267 0.990647 0.085592 0.814021 0.000000 0.000000 0.000000 1.000000
0.693695 0.009533 0.720206 0.001889 0.713512 0.127546 -0.688936 0.048582 -0.098427 0.991787 0.081676 0.815648 0.000000 0.000000 0.000000 1.000000
0.681030 0.005135 0.732238 -0.001385 0.726311 0.122429 -0.676376 0.039420 -0.093120 0.992464 0.079648 0.815083 0.000000 0.000000 0.000000 1.000000
0.672251 0.001197 0.740322 -0.003556 0.735032 0.118269 -0.667638 0.031354 -0.088356 0.992981 0.078627 0.813247 0.000000 0.000000 0.000000 1.000000
0.667097 -0.001835 0.744968 -0.004913 0.740238 0.114165 -0.662581 0.024197 -0.083833 0.993460 0.077518 0.810777 0.000000 0.000000 0.000000 1.000000
0.667817 -0.002807 0.744320 -0.005453 0.740002 0.110123 -0.663528 0.018820 -0.080104 0.993914 0.075620 0.807718 0.000000 0.000000 0.000000 1.000000
0.671297 -0.002618 0.741184 -0.005683 0.737173 0.106310 -0.667288 0.014365 -0.077049 0.994330 0.073296 0.804447 0.000000 0.000000 0.000000 1.000000
0.673763 -0.002588 0.738943 -0.006046 0.735204 0.102873 -0.669994 0.009713 -0.074283 0.994691 0.071215 0.801336 0.000000 0.000000 0.000000 1.000000
0.679439 -0.001767 0.733730 -0.006306 0.730243 0.099026 -0.675972 0.006948 -0.071464 0.995083 0.068572 0.798064 0.000000 0.000000 0.000000 1.000000
0.690782 0.000454 0.723063 -0.006236 0.719792 0.094587 -0.687716 0.007261 -0.068704 0.995517 0.065012 0.794512 0.000000 0.000000 0.000000 1.000000</float_array>
        <technique_common>
          <accessor source="#mixamorig_Hips-Matrix-animation-output-transform-array" count="38" stride="16">
            <param type="float4x4"/>
          </accessor>
        </technique_common>
      </source>
      <source id="mixamorig_Hips-Interpolations">
        <Name_array id="mixamorig_Hips-Interpolations-array" count="38">
 LINEAR LINEAR LINEAR LINEAR LINEAR LINEAR LINEAR LINEAR LINEAR LINEAR LINEAR
LINEAR LINEAR LINEAR LINEAR LINEAR LINEAR LINEAR LINEAR LINEAR LINEAR LINEAR LINEAR
LINEAR LINEAR LINEAR LINEAR LINEAR LINEAR LINEAR LINEAR LINEAR LINEAR LINEAR LINEAR
LINEAR LINEAR LINEAR</Name_array>
        <technique_common>
          <accessor source="#mixamorig_Hips-Interpolations-array" count="38">
            <param type="name"/>
          </accessor>
        </technique_common>
      </source>
      <sampler id="mixamorig_Hips-Matrix-animation-transform">
        <input semantic="INPUT" source="#mixamorig_Hips-Matrix-animation-input"/>
        <input semantic="OUTPUT" source="#mixamorig_Hips-Matrix-animation-output-transform"/>
        <input semantic="INTERPOLATION" source="#mixamorig_Hips-Interpolations"/>
      </sampler>
      <channel source="#mixamorig_Hips-Matrix-animation-transform" target="mixamorig_Hips/matrix"/>
      <source id="mixamorig_Spine-Matrix-animation-input">
        <float_array id="mixamorig_Spine-Matrix-animation-input-array" count="38">

0.000000 0.033333 0.066667 0.100000 0.133333 0.166667 0.200000 0.233333 0.266667 0.300000 0.333333 0.366667 0.400000 0.433333 0.466667 0.500000
0.533333 0.566667 0.600000 0.633333 0.666667 0.700000 0.733333 0.766667 0.800000 0.833333 0.866667 0.900000 0.933333 0.966667 1.000000 1.033333
1.066667 1.100000 1.133333 1.166667 1.200000 1.233333</float_array>
        <technique_common>
          <accessor source="#mixamorig_Spine-Matrix-animation-input-array" count="38">
            <param name="TIME" type="float"/>
          </accessor>
        </technique_common>
      </source>
      <source id="mixamorig_Spine-Matrix-animation-output-transform">
        <float_array id="mixamorig_Spine-Matrix-animation-output-transform-array" count="608">

0.991520 -0.018277 -0.128659 -0.000000 0.012119 0.998751 -0.048483 0.069300 0.129384 0.046512 0.990503 -0.008100 0.000000 0.000000 0.000000 1.000000
0.995722 -0.019808 -0.090248 0.000000 0.016690 0.999242 -0.035173 0.069300 0.090876 0.033516 0.995298 -0.008100 0.000000 0.000000 0.000000 1.000000
0.998965 -0.012970 -0.043591 -0.000000 0.012395 0.999833 -0.013433 0.069300 0.043758 0.012879 0.998959 -0.008100 0.000000 0.000000 0.000000 1.000000
0.999907 0.001287 -0.013602 0.000000 -0.000939 0.999674 0.025523 0.069300 0.013630 -0.025508 0.999582 -0.008100 0.000000 0.000000 0.000000 1.000000
0.997750 0.006657 -0.066719 0.000000 0.000014 0.995038 0.099492 0.069300 0.067051 -0.099269 0.992799 -0.008100 0.000000 0.000000 0.000000 1.000000
0.980792 -0.010431 -0.194776 0.000000 0.047655 0.981122 0.187424 0.069300 0.189144 -0.193106 0.962774 -0.008100 0.000000 0.000000 0.000000 1.000000
0.954864 -0.043863 -0.293788 -0.000000 0.116479 0.965117 0.234484 0.069300 0.273255 -0.258120 0.926664 -0.008100 0.000000 0.000000 0.000000 1.000000
0.941959 -0.082534 -0.325426 0.000000 0.167267 0.955813 0.241750 0.069300 0.291094 -0.282152 0.914142 -0.008100 0.000000 0.000000 0.000000 1.000000
0.940691 -0.110494 -0.320768 -0.000000 0.193333 0.951528 0.239202 0.069300 0.278789 -0.287030 0.916455 -0.008100 0.000000 0.000000 0.000000 1.000000
0.943167 -0.119921 -0.309926 0.000000 0.197488 0.952334 0.232507 0.069300 0.267271 -0.280499 0.921893 -0.008100 0.000000 0.000000 0.000000 1.000000
0.944223 -0.114804 -0.308646 -0.000000 0.188478 0.956970 0.220645 0.069300 0.270034 -0.266511 0.925232 -0.008100 0.000000 0.000000 0.000000 1.000000
0.945945 -0.102577 -0.307677 0.000000 0.172184 0.962769 0.208395 0.069300 0.274846 -0.250107 0.928389 -0.008100 0.000000 0.000000 0.000000 1.000000
0.951458 -0.086235 -0.295451 0.000000 0.148056 0.969819 0.193729 0.069300 0.269828 -0.228068 0.935509 -0.008100 0.000000 0.000000 0.000000 1.000000
0.957637 -0.066741 -0.280136 -0.000000 0.118850 0.977660 0.173366 0.069300 0.262308 -0.199316 0.944176 -0.008100 0.000000 0.000000 0.000000 1.000000
0.960235 -0.048495 -0.274948 0.000000 0.092316 0.984556 0.148750 0.069300 0.263488 -0.168217 0.949883 -0.008100 0.000000 0.000000 0.000000 1.000000
0.960067 -0.033765 -0.277725 -0.000000 0.070217 0.989998 0.122370 0.069300 0.270815 -0.136985 0.952835 -0.008100 0.000000 0.000000 0.000000 1.000000
0.960881 -0.022952 -0.276009 0.000000 0.050937 0.994206 0.094653 0.069300 0.272237 -0.105010 0.956483 -0.008100 0.000000 0.000000 0.000000 1.000000
0.965682 -0.014730 -0.259308 0.000000 0.032974 0.997265 0.066149 0.069300 0.257624 -0.072429 0.963527 -0.008100 0.000000 0.000000 0.000000 1.000000
0.973541 -0.007995 -0.228375 0.000000 0.017168 0.999122 0.038211 0.069300 0.227869 -0.041121 0.972823 -0.008100 0.000000 0.000000 0.000000 1.000000
0.981437 -0.003212 -0.191759 -0.000000 0.006011 0.999884 0.014015 0.069300 0.191692 -0.014907 0.981342 -0.008100 0.000000 0.000000 0.000000 1.000000
0.987736 -0.001194 -0.156127 0.000000 0.000731 0.999995 -0.003025 0.069300 0.156130 0.002874 0.987732 -0.008100 0.000000 0.000000 0.000000 1.000000
0.992148 -0.001351 -0.125061 0.000000 -0.000417 0.999900 -0.014110 0.069300 0.125067 0.014052 0.992049 -0.008100 0.000000 0.000000 0.000000 1.000000
0.994788 -0.002424 -0.101933 0.000000 0.000052 0.999729 -0.023258 0.069300 0.101962 0.023132 0.994519 -0.008100 0.000000 0.000000 0.000000 1.000000
0.996125 -0.004822 -0.087814 0.000000 0.002111 0.999519 -0.030932 0.069300 0.087921 0.030627 0.995657 -0.008100 0.000000 0.000000 0.000000 1.000000
0.996677 -0.010459 -0.080776 -0.000000 0.007600 0.999336 -0.035623 0.069300 0.081095 0.034890 0.996096 -0.008100 0.000000 0.000000 0.000000 1.000000
0.996848 -0.019681 -0.076859 0.000000 0.016811 0.999144 -0.037807 0.069300 0.077538 0.036396 0.996325 -0.008100 0.000000 0.000000 0.000000 1.000000
0.996918 -0.028937 -0.072923 0.000000 0.026146 0.998899 -0.038943 0.069300 0.073969 0.036916 0.996577 -0.008100 0.000000 0.000000 0.000000 1.000000
0.997216 -0.034178 -0.066277 0.000000 0.031691 0.998767 -0.038217 0.069300 0.067501 0.036010 0.997069 -0.008100 0.000000 0.000000 0.000000 1.000000
0.997698 -0.035271 -0.057925 0.000000 0.033272 0.998829 -0.035121 0.069300 0.059095 0.033113 0.997703 -0.008100 0.000000 0.000000 0.000000 1.000000
0.997923 -0.034863 -0.054161 -0.000000 0.033137 0.998924 -0.032453 0.069300 0.055235 0.030590 0.998005 -0.008100 0.000000 0.000000 0.000000 1.000000
0.997700 -0.034197 -0.058522 0.000000 0.032328 0.998946 -0.032585 0.069300 0.059574 0.030619 0.997754 -0.008100 0.000000 0.000000 0.000000 1.000000
0.997168 -0.033039 -0.067563 0.000000 0.030774 0.998938 -0.034290 0.069300 0.068624 0.032113 0.997126 -0.008100 0.000000 0.000000 0.000000 1.000000
0.996461 -0.031097 -0.078098 0.000000 0.028332 0.998940 -0.036272 0.069300 0.079143 0.033931 0.996286 -0.008100 0.000000 0.000000 0.000000 1.000000
0.995610 -0.028472 -0.089161 0.000000 0.025124 0.998945 -0.038448 0.069300 0.090162 0.036039 0.995275 -0.008100 0.000000 0.000000 0.000000 1.000000
0.994627 -0.025648 -0.100300 0.000000 0.021660 0.998939 -0.040649 0.069300 0.101236 0.038258 0.994127 -0.008100 0.000000 0.000000 0.000000 1.000000
0.993531 -0.022988 -0.111211 0.000000 0.018335 0.998920 -0.042683 0.069300 0.112072 0.040367 0.992880 -0.008100 0.000000 0.000000 0.000000 1.000000
0.992466 -0.020358 -0.120821 -0.000000 0.014983 0.998864 -0.045230 0.069300 0.121604 0.043079 0.991643 -0.008100 0.000000 0.000000 0.000000 1.000000
0.991520 -0.018277 -0.128659 0.000000 0.012120 0.998751 -0.048482 0.069300 0.129384 0.046512 0.990503 -0.008100 0.000000 0.000000 0.000000 1.000000</float_array>
        <technique_common>
          <accessor source="#mixamorig_Spine-Matrix-animation-output-transform-array" count="38" stride="16">
            <param type="float4x4"/>
          </accessor>
        </technique_common>
      </source>
      <source id="mixamorig_Spine-Interpolations">
        <Name_array id="mixamorig_Spine-Interpolations-array" count="38">
 LINEAR LINEAR LINEAR LINEAR LINEAR LINEAR LINEAR LINEAR LINEAR LINEAR LINEAR
LINEAR LINEAR LINEAR LINEAR LINEAR LINEAR LINEAR LINEAR LINEAR LINEAR LINEAR LINEAR
LINEAR LINEAR LINEAR LINEAR LINEAR LINEAR LINEAR LINEAR LINEAR LINEAR LINEAR LINEAR
LINEAR LINEAR LINEAR</Name_array>
        <technique_common>
          <accessor source="#mixamorig_Spine-Interpolations-array" count="38">
            <param type="name"/>
          </accessor>
        </technique_common>
      </source>
      <sampler id="mixamorig_Spine-Matrix-animation-transform">
        <input semantic="INPUT" source="#mixamorig_Spine-Matrix-animation-input"/>
        <input semantic="OUTPUT" source="#mixamorig_Spine-Matrix-animation-output-transform"/>
        <input semantic="INTERPOLATION" source="#mixamorig_Spine-Interpolations"/>
      </sampler>
      <channel source="#mixamorig_Spine-Matrix-animation-transform" target="mixamorig_Spine/matrix"/>
      <source id="mixamorig_Spine1-Matrix-animation-input">
        <float_array id="mixamorig_Spine1-Matrix-animation-input-array" count="38">

0.000000 0.033333 0.066667 0.100000 0.133333 0.166667 0.200000 0.233333 0.266667 0.300000 0.333333 0.366667 0.400000 0.433333 0.466667 0.500000
0.533333 0.566667 0.600000 0.633333 0.666667 0.700000 0.733333 0.766667 0.800000 0.833333 0.866667 0.900000 0.933333 0.966667 1.000000 1.033333
1.066667 1.100000 1.133333 1.166667 1.200000 1.233333</float_array>
        <technique_common>
          <accessor source="#mixamorig_Spine1-Matrix-animation-input-array" count="38">
            <param name="TIME" type="float"/>
          </accessor>
        </technique_common>
      </source>
      <source id="mixamorig_Spine1-Matrix-animation-output-transform">
        <float_array id="mixamorig_Spine1-Matrix-animation-output-transform-array" count="608">

0.999723 -0.013874 -0.019007 0.000000 0.013141 0.999185 -0.038166 0.081400 0.019521 0.037905 0.999091 -0.000000 0.000000 0.000000 0.000000 1.000000
0.999668 -0.025049 -0.006091 0.000000 0.024604 0.997608 -0.064602 0.081400 0.007694 0.064431 0.997893 0.000000 0.000000 0.000000 0.000000 1.000000
0.999439 -0.031849 0.010378 -0.000000 0.032666 0.995273 -0.091453 0.081400 -0.007416 0.091740 0.995755 0.000000 0.000000 0.000000 0.000000 1.000000
0.999335 -0.033759 0.013773 0.000000 0.035076 0.993265 -0.110431 0.081400 -0.009952 0.110841 0.993788 -0.000000 0.000000 0.000000 0.000000 1.000000
0.998100 -0.047484 -0.039258 -0.000000 0.043084 0.993410 -0.106207 0.081400 0.044042 0.104314 0.993569 0.000000 0.000000 0.000000 0.000000 1.000000
0.986387 -0.086989 -0.139549 0.000000 0.075817 0.993621 -0.083480 0.081400 0.145920 0.071764 0.986690 0.000000 0.000000 0.000000 0.000000 1.000000
0.967548 -0.136863 -0.212412 0.000000 0.124172 0.989642 -0.072043 0.081400 0.220072 0.043330 0.974521 0.000000 0.000000 0.000000 0.000000 1.000000
0.957090 -0.175554 -0.230566 0.000000 0.162301 0.983857 -0.075393 0.081400 0.240079 0.034737 0.970132 0.000000 0.000000 0.000000 0.000000 1.000000
0.955443 -0.194180 -0.222311 0.000000 0.181226 0.980386 -0.077461 0.081400 0.232992 0.033721 0.971894 0.000000 0.000000 0.000000 0.000000 1.000000
0.956868 -0.197049 -0.213485 0.000000 0.183085 0.979543 -0.083518 0.081400 0.225575 0.040829 0.973370 -0.000000 0.000000 0.000000 0.000000 1.000000
0.958291 -0.189949 -0.213534 0.000000 0.173276 0.980335 -0.094433 0.081400 0.227272 0.053494 0.972361 0.000000 0.000000 0.000000 0.000000 1.000000
0.960277 -0.177902 -0.214985 -0.000000 0.157620 0.981554 -0.108204 0.081400 0.230269 0.070020 0.970605 0.000000 0.000000 0.000000 0.000000 1.000000
0.964121 -0.162732 -0.209733 0.000000 0.138252 0.982270 -0.126614 0.081400 0.226619 0.093076 0.969526 -0.000000 0.000000 0.000000 0.000000 1.000000
0.968143 -0.146620 -0.202980 0.000000 0.117316 0.981761 -0.149607 0.081400 0.221213 0.121028 0.967686 0.000000 0.000000 0.000000 0.000000 1.000000
0.970225 -0.133343 -0.202194 0.000000 0.098624 0.979967 -0.173023 0.081400 0.221215 0.147930 0.963940 0.000000 0.000000 0.000000 0.000000 1.000000
0.970565 -0.124899 -0.205922 0.000000 0.084479 0.977246 -0.194561 0.081400 0.225536 0.171438 0.959032 0.000000 0.000000 0.000000 0.000000 1.000000
0.971230 -0.119509 -0.205985 0.000000 0.074302 0.973854 -0.214678 0.081400 0.226255 0.193197 0.954717 0.000000 0.000000 0.000000 0.000000 1.000000
0.974017 -0.113899 -0.195747 0.000000 0.066676 0.970241 -0.232780 0.081400 0.216436 0.213680 0.952626 0.000000 0.000000 0.000000 0.000000 1.000000
0.978573 -0.106879 -0.175987 0.000000 0.061164 0.967034 -0.247192 0.081400 0.196605 0.231132 0.952851 0.000000 0.000000 0.000000 0.000000 1.000000
0.983299 -0.099765 -0.152216 -0.000000 0.058181 0.964792 -0.256498 0.081400 0.172446 0.243359 0.954484 0.000000 0.000000 0.000000 0.000000 1.000000
0.987237 -0.093874 -0.128651 0.000000 0.057756 0.963852 -0.260104 0.081400 0.148418 0.249354 0.956972 -0.000000 0.000000 0.000000 0.000000 1.000000
0.990137 -0.089413 -0.107860 -0.000000 0.058715 0.963824 -0.259991 0.081400 0.127205 0.251094 0.959568 -0.000000 0.000000 0.000000 0.000000 1.000000
0.991949 -0.086593 -0.092406 0.000000 0.059968 0.963878 -0.259506 0.081400 0.111539 0.251876 0.961310 0.000000 0.000000 0.000000 0.000000 1.000000
0.992883 -0.085690 -0.082705 0.000000 0.061661 0.964024 -0.258563 0.081400 0.101885 0.251624 0.962447 0.000000 0.000000 0.000000 0.000000 1.000000
0.993425 -0.085611 -0.076011 -0.000000 0.063837 0.965366 -0.252968 0.081400 0.095035 0.246453 0.964484 0.000000 0.000000 0.000000 0.000000 1.000000
0.993872 -0.085746 -0.069762 0.000000 0.066419 0.967702 -0.243191 0.081400 0.088361 0.237067 0.967467 -0.000000 0.000000 0.000000 0.000000 1.000000
0.994448 -0.084726 -0.062412 -0.000000 0.068205 0.970594 -0.230857 0.081400 0.080136 0.225318 0.970984 0.000000 0.000000 0.000000 0.000000 1.000000
0.995358 -0.080716 -0.052414 0.000000 0.067638 0.974125 -0.215653 0.081400 0.068464 0.211107 0.975062 0.000000 0.000000 0.000000 0.000000 1.000000
0.996434 -0.074057 -0.040424 0.000000 0.064676 0.978126 -0.197703 0.081400 0.054181 0.194384 0.979428 -0.000000 0.000000 0.000000 0.000000 1.000000
0.997268 -0.067158 -0.030767 0.000000 0.060604 0.981972 -0.179046 0.081400 0.042237 0.176692 0.983359 0.000000 0.000000 0.000000 0.000000 1.000000
0.997804 -0.060902 -0.026055 0.000000 0.055943 0.985386 -0.160890 0.081400 0.035472 0.159079 0.986628 0.000000 0.000000 0.000000 0.000000 1.000000
0.998231 -0.054331 -0.024133 0.000000 0.050355 0.988507 -0.142540 0.081400 0.031600 0.141073 0.989495 0.000000 0.000000 0.000000 0.000000 1.000000
0.998609 -0.047413 -0.023048 0.000000 0.044213 0.991336 -0.123687 0.081400 0.028713 0.122496 0.992054 0.000000 0.000000 0.000000 0.000000 1.000000
0.998943 -0.040208 -0.022287 -0.000000 0.037663 0.993780 -0.104799 0.081400 0.026362 0.103848 0.994244 0.000000 0.000000 0.000000 0.000000 1.000000
0.999224 -0.032906 -0.021669 0.000000 0.030922 0.995789 -0.086306 0.081400 0.024418 0.085569 0.996033 0.000000 0.000000 0.000000 0.000000 1.000000
0.999442 -0.025809 -0.021198 0.000000 0.024301 0.997350 -0.068574 0.081400 0.022912 0.068021 0.997421 -0.000000 0.000000 0.000000 0.000000 1.000000
0.999603 -0.019465 -0.020379 0.000000 0.018374 0.998456 -0.052429 0.081400 0.021368 0.052034 0.998417 0.000000 0.000000 0.000000 0.000000 1.000000
0.999723 -0.013875 -0.019006 0.000000 0.013141 0.999185 -0.038166 0.081400 0.019520 0.037905 0.999091 0.000000 0.000000 0.000000 0.000000 1.000000</float_array>
        <technique_common>
          <accessor source="#mixamorig_Spine1-Matrix-animation-output-transform-array" count="38" stride="16">
            <param type="float4x4"/>
          </accessor>
        </technique_common>
      </source>
      <source id="mixamorig_Spine1-Interpolations">
        <Name_array id="mixamorig_Spine1-Interpolations-array" count="38">
 LINEAR LINEAR LINEAR LINEAR LINEAR LINEAR LINEAR LINEAR LINEAR LINEAR LINEAR
LINEAR LINEAR LINEAR LINEAR LINEAR LINEAR LINEAR LINEAR LINEAR LINEAR LINEAR LINEAR
LINEAR LINEAR LINEAR LINEAR LINEAR LINEAR LINEAR LINEAR LINEAR LINEAR LINEAR LINEAR
LINEAR LINEAR LINEAR</Name_array>
        <technique_common>
          <accessor source="#mixamorig_Spine1-Interpolations-array" count="38">
            <param type="name"/>
          </accessor>
        </technique_common>
      </source>
      <sampler id="mixamorig_Spine1-Matrix-animation-transform">
        <input semantic="INPUT" source="#mixamorig_Spine1-Matrix-animation-input"/>
        <input semantic="OUTPUT" source="#mixamorig_Spine1-Matrix-animation-output-transform"/>
        <input semantic="INTERPOLATION" source="#mixamorig_Spine1-Interpolations"/>
      </sampler>
      <channel source="#mixamorig_Spine1-Matrix-animation-transform" target="mixamorig_Spine1/matrix"/>
      <source id="mixamorig_Spine2-Matrix-animation-input">
        <float_array id="mixamorig_Spine2-Matrix-animation-input-array" count="38">

0.000000 0.033333 0.066667 0.100000 0.133333 0.166667 0.200000 0.233333 0.266667 0.300000 0.333333 0.366667 0.400000 0.433333 0.466667 0.500000
0.533333 0.566667 0.600000 0.633333 0.666667 0.700000 0.733333 0.766667 0.800000 0.833333 0.866667 0.900000 0.933333 0.966667 1.000000 1.033333
1.066667 1.100000 1.133333 1.166667 1.200000 1.233333</float_array>
        <technique_common>
          <accessor source="#mixamorig_Spine2-Matrix-animation-input-array" count="38">
            <param name="TIME" type="float"/>
          </accessor>
        </technique_common>
      </source>
      <source id="mixamorig_Spine2-Matrix-animation-output-transform">
        <float_array id="mixamorig_Spine2-Matrix-animation-output-transform-array" count="608">

0.999731 -0.013517 -0.018840 -0.000000 0.012785 0.999180 -0.038422 0.093100 0.019344 0.038171 0.999084 0.000000 0.000000 0.000000 0.000000 1.000000
0.999679 -0.024660 -0.005809 -0.000000 0.024231 0.997593 -0.064966 0.093100 0.007397 0.064804 0.997871 0.000000 0.000000 0.000000 0.000000 1.000000
0.999444 -0.031487 0.010924 0.000000 0.032359 0.995238 -0.091946 0.093100 -0.007977 0.092249 0.995704 0.000000 0.000000 0.000000 0.000000 1.000000
0.999333 -0.033446 0.014694 0.000000 0.034874 0.993200 -0.111072 0.093100 -0.010879 0.111510 0.993704 0.000000 0.000000 0.000000 0.000000 1.000000
0.998183 -0.046648 -0.038153 -0.000000 0.042342 0.993382 -0.106771 0.093100 0.042881 0.104962 0.993551 0.000000 0.000000 0.000000 0.000000 1.000000
0.986704 -0.084887 -0.138599 0.000000 0.073824 0.993802 -0.083107 0.093100 0.144795 0.071770 0.986855 -0.000000 0.000000 0.000000 0.000000 1.000000
0.968164 -0.133623 -0.211670 0.000000 0.121385 0.990145 -0.069854 0.093100 0.218918 0.041937 0.974842 -0.000000 0.000000 0.000000 0.000000 1.000000
0.957896 -0.171985 -0.229907 0.000000 0.159537 0.984576 -0.071822 0.093100 0.238713 0.032119 0.970559 0.000000 0.000000 0.000000 0.000000 1.000000
0.956237 -0.190930 -0.221712 -0.000000 0.178780 0.981115 -0.073826 0.093100 0.231621 0.030958 0.972313 0.000000 0.000000 0.000000 0.000000 1.000000
0.957581 -0.194090 -0.212995 -0.000000 0.180829 0.980234 -0.080264 0.093100 0.224363 0.038344 0.973751 -0.000000 0.000000 0.000000 0.000000 1.000000
0.958976 -0.186868 -0.213179 -0.000000 0.170922 0.981065 -0.091093 0.093100 0.226165 0.050919 0.972757 0.000000 0.000000 0.000000 0.000000 1.000000
0.960932 -0.174573 -0.214790 0.000000 0.155066 0.982343 -0.104674 0.093100 0.229271 0.067278 0.971035 0.000000 0.000000 0.000000 0.000000 1.000000
0.964693 -0.159343 -0.209709 0.000000 0.135576 0.983066 -0.123293 0.093100 0.225804 0.090508 0.969959 0.000000 0.000000 0.000000 0.000000 1.000000
0.968613 -0.143327 -0.203093 0.000000 0.114618 0.982514 -0.146728 0.093100 0.220572 0.118844 0.968103 -0.000000 0.000000 0.000000 0.000000 1.000000
0.970612 -0.130196 -0.202390 0.000000 0.095998 0.980674 -0.170480 0.093100 0.220675 0.146040 0.964352 -0.000000 0.000000 0.000000 0.000000 1.000000
0.970890 -0.121944 -0.206162 0.000000 0.082004 0.977915 -0.192243 0.093100 0.225052 0.169741 0.959448 0.000000 0.000000 0.000000 0.000000 1.000000
0.971513 -0.116822 -0.206191 -0.000000 0.072023 0.974451 -0.212741 0.093100 0.225776 0.191830 0.955105 -0.000000 0.000000 0.000000 0.000000 1.000000
0.974283 -0.111582 -0.195763 0.000000 0.064657 0.970687 -0.231487 0.093100 0.215854 0.212876 0.952938 0.000000 0.000000 0.000000 0.000000 1.000000
0.978832 -0.105038 -0.175659 0.000000 0.059540 0.967281 -0.246623 0.093100 0.195816 0.230944 0.953059 0.000000 0.000000 0.000000 0.000000 1.000000
0.983545 -0.098445 -0.151487 0.000000 0.057063 0.964852 -0.256524 0.093100 0.171416 0.243659 0.954593 0.000000 0.000000 0.000000 0.000000 1.000000
0.987459 -0.093018 -0.127563 0.000000 0.057131 0.963774 -0.260530 0.093100 0.147176 0.249975 0.957001 0.000000 0.000000 0.000000 0.000000 1.000000
0.990326 -0.088920 -0.106528 0.000000 0.058490 0.963665 -0.260633 0.093100 0.125832 0.251880 0.959543 0.000000 0.000000 0.000000 0.000000 1.000000
0.992103 -0.086355 -0.090960 0.000000 0.060023 0.963681 -0.260223 0.093100 0.110128 0.252709 0.961254 0.000000 0.000000 0.000000 0.000000 1.000000
0.993008 -0.085657 -0.081230 0.000000 0.061928 0.963813 -0.259285 0.093100 0.100500 0.252442 0.962379 0.000000 0.000000 0.000000 0.000000 1.000000
0.993521 -0.085739 -0.074603 0.000000 0.064247 0.965166 -0.253629 0.093100 0.093751 0.247193 0.964420 0.000000 0.000000 0.000000 0.000000 1.000000
0.993933 -0.085994 -0.068567 0.000000 0.066899 0.967541 -0.243698 0.093100 0.087298 0.237633 0.967424 0.000000 0.000000 0.000000 0.000000 1.000000
0.994477 -0.085032 -0.061524 0.000000 0.068679 0.970486 -0.231170 0.093100 0.079365 0.225668 0.970966 0.000000 0.000000 0.000000 0.000000 1.000000
0.995369 -0.080977 -0.051799 0.000000 0.068011 0.974058 -0.215838 0.093100 0.067933 0.211315 0.975054 0.000000 0.000000 0.000000 0.000000 1.000000
0.996440 -0.074222 -0.039975 0.000000 0.064916 0.978078 -0.197863 0.093100 0.053784 0.194563 0.979414 -0.000000 0.000000 0.000000 0.000000 1.000000
0.997281 -0.067127 -0.030420 0.000000 0.060627 0.981939 -0.179219 0.093100 0.041901 0.176887 0.983339 0.000000 0.000000 0.000000 0.000000 1.000000
0.997815 -0.060841 -0.025771 0.000000 0.055921 0.985357 -0.161070 0.093100 0.035193 0.159277 0.986606 0.000000 0.000000 0.000000 0.000000 1.000000
0.998241 -0.054252 -0.023922 0.000000 0.050302 0.988485 -0.142714 0.093100 0.031389 0.141260 0.989475 0.000000 0.000000 0.000000 0.000000 1.000000
0.998617 -0.047329 -0.022881 -0.000000 0.044145 0.991318 -0.123855 0.093100 0.028544 0.122674 0.992037 0.000000 0.000000 0.000000 0.000000 1.000000
0.998956 -0.039977 -0.022122 0.000000 0.037445 0.993770 -0.104970 0.093100 0.026181 0.104032 0.994229 0.000000 0.000000 0.000000 0.000000 1.000000
0.999236 -0.032636 -0.021519 0.000000 0.030661 0.995781 -0.086489 0.093100 0.024251 0.085763 0.996020 0.000000 0.000000 0.000000 0.000000 1.000000
0.999453 -0.025501 -0.021064 0.000000 0.023998 0.997344 -0.068770 0.093100 0.022762 0.068227 0.997410 0.000000 0.000000 0.000000 0.000000 1.000000
0.999612 -0.019132 -0.020222 -0.000000 0.018045 0.998450 -0.052647 0.093100 0.021198 0.052262 0.998408 0.000000 0.000000 0.000000 0.000000 1.000000
0.999731 -0.013517 -0.018840 0.000000 0.012785 0.999180 -0.038422 0.093100 0.019344 0.038171 0.999084 0.000000 0.000000 0.000000 0.000000 1.000000</float_array>
        <technique_common>
          <accessor source="#mixamorig_Spine2-Matrix-animation-output-transform-array" count="38" stride="16">
            <param type="float4x4"/>
          </accessor>
        </technique_common>
      </source>
      <source id="mixamorig_Spine2-Interpolations">
        <Name_array id="mixamorig_Spine2-Interpolations-array" count="38">
 LINEAR LINEAR LINEAR LINEAR LINEAR LINEAR LINEAR LINEAR LINEAR LINEAR LINEAR
LINEAR LINEAR LINEAR LINEAR LINEAR LINEAR LINEAR LINEAR LINEAR LINEAR LINEAR LINEAR
LINEAR LINEAR LINEAR LINEAR LINEAR LINEAR LINEAR LINEAR LINEAR LINEAR LINEAR LINEAR
LINEAR LINEAR LINEAR</Name_array>
        <technique_common>
          <accessor source="#mixamorig_Spine2-Interpolations-array" count="38">
            <param type="name"/>
          </accessor>
        </technique_common>
      </source>
      <sampler id="mixamorig_Spine2-Matrix-animation-transform">
        <input semantic="INPUT" source="#mixamorig_Spine2-Matrix-animation-input"/>
        <input semantic="OUTPUT" source="#mixamorig_Spine2-Matrix-animation-output-transform"/>
        <input semantic="INTERPOLATION" source="#mixamorig_Spine2-Interpolations"/>
      </sampler>
      <channel source="#mixamorig_Spine2-Matrix-animation-transform" target="mixamorig_Spine2/matrix"/>
      <source id="mixamorig_Neck-Matrix-animation-input">
        <float_array id="mixamorig_Neck-Matrix-animation-input-array" count="38">

0.000000 0.033333 0.066667 0.100000 0.133333 0.166667 0.200000 0.233333 0.266667 0.300000 0.333333 0.366667 0.400000 0.433333 0.466667 0.500000
