<?xml version="1.0" encoding="utf-8"?>
<COLLADA xmlns="http://www.collada.org/2005/11/COLLADASchema" version="1.4.1">
  <asset>
    <contributor>
      <author>Mixamo</author>
      <authoring_tool>COLLADA Mixamo exporter</authoring_tool>
      <comments/>
    </contributor>
    <created>2024-05-10T12:19:22Z</created>
    <modified>2024-05-10T12:19:22Z</modified>
    <revision/>
    <title/>
    <unit meter="0.010000"/>
    <up_axis>Y_UP</up_axis>
  </asset>
  <library_animations>
    <animation>
      <source id="Armature.001-Matrix-animation-input">
        <float_array id="Armature.001-Matrix-animation-input-array" count="36">

0.000000 0.033333 0.066667 0.100000 0.133333 0.166667 0.200000 0.233333 0.266667 0.300000 0.333333 0.366667 0.400000 0.433333 0.466667 0.500000
0.533333 0.566667 0.600000 0.633333 0.666667 0.700000 0.733333 0.766667 0.800000 0.833333 0.866667 0.900000 0.933333 0.966667 1.000000 1.033333
1.066667 1.100000 1.133333 1.166667</float_array>
        <technique_common>
          <accessor source="#Armature.001-Matrix-animation-input-array" count="36">
            <param name="TIME" type="float"/>
          </accessor>
        </technique_common>
      </source>
      <source id="Armature.001-Matrix-animation-output-transform">
        <float_array id="Armature.001-Matrix-animation-output-transform-array" count="576">

100.000000 0.000000 0.000000 0.000000 0.000000 0.000000 100.000000 0.000000 0.000000 -100.000000 0.000000 0.000000 0.000000 0.000000 0.000000 1.000000
100.000000 0.000000 0.000000 0.000000 0.000000 0.000000 100.000000 0.000000 0.000000 -100.000000 0.000000 0.000000 0.000000 0.000000 0.000000 1.000000
100.000000 0.000000 0.000000 0.000000 0.000000 0.000000 100.000000 0.000000 0.000000 -100.000000 0.000000 0.000000 0.000000 0.000000 0.000000 1.000000
100.000000 0.000000 0.000000 0.000000 0.000000 0.000000 100.000000 0.000000 0.000000 -100.000000 0.000000 0.000000 0.000000 0.000000 0.000000 1.000000
100.000000 0.000000 0.000000 0.000000 0.000000 0.000000 100.000000 0.000000 0.000000 -100.000000 0.000000 0.000000 0.000000 0.000000 0.000000 1.000000
100.000000 0.000000 0.000000 0.000000 0.000000 0.000000 100.000000 0.000000 0.000000 -100.000000 0.000000 0.000000 0.000000 0.000000 0.000000 1.000000
100.000000 0.000000 0.000000 0.000000 0.000000 0.000000 100.000000 0.000000 0.000000 -100.000000 0.000000 0.000000 0.000000 0.000000 0.000000 1.000000
100.000000 0.000000 0.000000 0.000000 0.000000 0.000000 100.000000 0.000000 0.000000 -100.000000 0.000000 0.000000 0.000000 0.000000 0.000000 1.000000
100.000000 0.000000 0.000000 0.000000 0.000000 0.000000 100.000000 0.000000 0.000000 -100.000000 0.000000 0.000000 0.000000 0.000000 0.000000 1.000000
100.000000 0.000000 0.000000 0.000000 0.000000 0.000000 100.000000 0.000000 0.000000 -100.000000 0.000000 0.000000 0.000000 0.000000 0.000000 1.000000
100.000000 0.000000 0.000000 0.000000 0.000000 0.000000 100.000000 0.000000 0.000000 -100.000000 0.000000 0.000000 0.000000 0.000000 0.000000 1.000000
100.000000 0.000000 0.000000 0.000000 0.000000 0.000000 100.000000 0.000000 0.000000 -100.000000 0.000000 0.000000 0.000000 0.000000 0.000000 1.000000
100.000000 0.000000 0.000000 0.000000 0.000000 0.000000 100.000000 0.000000 0.000000 -100.000000 0.000000 0.000000 0.000000 0.000000 0.000000 1.000000
100.000000 0.000000 0.000000 0.000000 0.000000 0.000000 100.000000 0.000000 0.000000 -100.000000 0.000000 0.000000 0.000000 0.000000 0.000000 1.000000
100.000000 0.000000 0.000000 0.000000 0.000000 0.000000 100.000000 0.000000 0.000000 -100.000000 0.000000 0.000000 0.000000 0.000000 0.000000 1.000000
100.000000 0.000000 0.000000 0.000000 0.000000 0.000000 100.000000 0.000000 0.000000 -100.000000 0.000000 0.000000 0.000000 0.000000 0.000000 1.000000
100.000000 0.000000 0.000000 0.000000 0.000000 0.000000 100.000000 0.000000 0.000000 -100.000000 0.000000 0.000000 0.000000 0.000000 0.000000 1.000000
100.000000 0.000000 0.000000 0.000000 0.000000 0.000000 100.000000 0.000000 0.000000 -100.000000 0.000000 0.000000 0.000000 0.000000 0.000000 1.000000
100.000000 0.000000 0.000000 0.000000 0.000000 0.000000 100.000000 0.000000 0.000000 -100.000000 0.000000 0.000000 0.000000 0.000000 0.000000 1.000000
100.000000 0.000000 0.000000 0.000000 0.000000 0.000000 100.000000 0.000000 0.000000 -100.000000 0.000000 0.000000 0.000000 0.000000 0.000000 1.000000
100.000000 0.000000 0.000000 0.000000 0.000000 0.000000 100.000000 0.000000 0.000000 -100.000000 0.000000 0.000000 0.000000 0.000000 0.000000 1.000000
100.000000 0.000000 0.000000 0.000000 0.000000 0.000000 100.000000 0.000000 0.000000 -100.000000 0.000000 0.000000 0.000000 0.000000 0.000000 1.000000
100.000000 0.000000 0.000000 0.000000 0.000000 0.000000 100.000000 0.000000 0.000000 -100.000000 0.000000 0.000000 0.000000 0.000000 0.000000 1.000000
100.000000 0.000000 0.000000 0.000000 0.000000 0.000000 100.000000 0.000000 0.000000 -100.000000 0.000000 0.000000 0.000000 0.000000 0.000000 1.000000
100.000000 0.000000 0.000000 0.000000 0.000000 0.000000 100.000000 0.000000 0.000000 -100.000000 0.000000 0.000000 0.000000 0.000000 0.000000 1.000000
100.000000 0.000000 0.000000 0.000000 0.000000 0.000000 100.000000 0.000000 0.000000 -100.000000 0.000000 0.000000 0.000000 0.000000 0.000000 1.000000
100.000000 0.000000 0.000000 0.000000 0.000000 0.000000 100.000000 0.000000 0.000000 -100.000000 0.000000 0.000000 0.000000 0.000000 0.000000 1.000000
100.000000 0.000000 0.000000 0.000000 0.000000 0.000000 100.000000 0.000000 0.000000 -100.000000 0.000000 0.000000 0.000000 0.000000 0.000000 1.000000
100.000000 0.000000 0.000000 0.000000 0.000000 0.000000 100.000000 0.000000 0.000000 -100.000000 0.000000 0.000000 0.000000 0.000000 0.000000 1.000000
100.000000 0.000000 0.000000 0.000000 0.000000 0.000000 100.000000 0.000000 0.000000 -100.000000 0.000000 0.000000 0.000000 0.000000 0.000000 1.000000
100.000000 0.000000 0.000000 0.000000 0.000000 0.000000 100.000000 0.000000 0.000000 -100.000000 0.000000 0.000000 0.000000 0.000000 0.000000 1.000000
100.000000 0.000000 0.000000 0.000000 0.000000 0.000000 100.000000 0.000000 0.000000 -100.000000 0.000000 0.000000 0.000000 0.000000 0.000000 1.000000
100.000000 0.000000 0.000000 0.000000 0.000000 0.000000 100.000000 0.000000 0.000000 -100.000000 0.000000 0.000000 0.000000 0.000000 0.000000 1.000000
100.000000 0.000000 0.000000 0.000000 0.000000 0.000000 100.000000 0.000000 0.000000 -100.000000 0.000000 0.000000 0.000000 0.000000 0.000000 1.000000
100.000000 0.000000 0.000000 0.000000 0.000000 0.000000 100.000000 0.000000 0.000000 -100.000000 0.000000 0.000000 0.000000 0.000000 0.000000 1.000000
100.000000 0.000000 0.000000 0.000000 0.000000 0.000000 100.000000 0.000000 0.000000 -100.000000 0.000000 0.000000 0.000000 0.000000 0.000000 1.000000</float_array>
        <technique_common>
          <accessor source="#Armature.001-Matrix-animation-output-transform-array" count="36" stride="16">
            <param type="float4x4"/>
          </accessor>
        </technique_common>
      </source>
      <source id="Armature.001-Interpolations">
        <Name_array id="Armature.001-Interpolations-array" count="36">
 LINEAR LINEAR LINEAR LINEAR LINEAR LINEAR LINEAR LINEAR LINEAR LINEAR LINEAR
LINEAR LINEAR LINEAR LINEAR LINEAR LINEAR LINEAR LINEAR LINEAR LINEAR LINEAR LINEAR
LINEAR LINEAR LINEAR LINEAR LINEAR LINEAR LINEAR LINEAR LINEAR LINEAR LINEAR LINEAR
LINEAR</Name_array>
        <technique_common>
          <accessor source="#Armature.001-Interpolations-array" count="36">
            <param type="name"/>
          </accessor>
        </technique_common>
      </source>
      <sampler id="Armature.001-Matrix-animation-transform">
        <input semantic="INPUT" source="#Armature.001-Matrix-animation-input"/>
        <input semantic="OUTPUT" source="#Armature.001-Matrix-animation-output-transform"/>
        <input semantic="INTERPOLATION" source="#Armature.001-Interpolations"/>
      </sampler>
      <channel source="#Armature.001-Matrix-animation-transform" target="Armature.001/matrix"/>
      <source id="mixamorig_Hips-Matrix-animation-input">
        <float_array id="mixamorig_Hips-Matrix-animation-input-array" count="36">

0.000000 0.033333 0.066667 0.100000 0.133333 0.166667 0.200000 0.233333 0.266667 0.300000 0.333333 0.366667 0.400000 0.433333 0.466667 0.500000
0.533333 0.566667 0.600000 0.633333 0.666667 0.700000 0.733333 0.766667 0.800000 0.833333 0.866667 0.900000 0.933333 0.966667 1.000000 1.033333
1.066667 1.100000 1.133333 1.166667</float_array>
        <technique_common>
          <accessor source="#mixamorig_Hips-Matrix-animation-input-array" count="36">
            <param name="TIME" type="float"/>
          </accessor>
        </technique_common>
      </source>
      <source id="mixamorig_Hips-Matrix-animation-output-transform">
        <float_array id="mixamorig_Hips-Matrix-animation-output-transform-array" count="576">

0.690782 0.000454 0.723063 -0.006236 0.719792 0.094587 -0.687716 0.007261 -0.068704 0.995517 0.065012 0.794512 0.000000 0.000000 0.000000 1.000000
0.690492 -0.001860 0.723338 -0.000394 0.717641 0.127044 -0.684727 0.007627 -0.090622 0.991895 0.089057 0.797616 0.000000 0.000000 0.000000 1.000000
0.701358 -0.009420 0.712747 0.010663 0.702347 0.179823 -0.688747 0.003036 -0.121680 0.983654 0.132736 0.803323 0.000000 0.000000 0.000000 1.000000
0.690580 -0.016705 0.723063 0.025471 0.704510 0.241676 -0.667277 -0.008444 -0.163600 0.970213 0.178665 0.814535 0.000000 0.000000 0.000000 1.000000
0.624734 -0.019333 0.780599 0.037802 0.750815 0.289417 -0.593729 -0.023099 -0.214440 0.957008 0.195325 0.831457 0.000000 0.000000 0.000000 1.000000
0.502594 -0.018627 0.864322 0.041289 0.825482 0.307387 -0.473385 -0.033480 -0.256863 0.951402 0.169867 0.849487 0.000000 0.000000 0.000000 1.000000
0.366571 -0.016681 0.930240 0.035991 0.888615 0.302514 -0.344744 -0.036422 -0.275660 0.952999 0.125716 0.863072 0.000000 0.000000 0.000000 1.000000
0.256487 -0.010620 0.966489 0.027103 0.924643 0.293936 -0.242151 -0.035149 -0.281514 0.955766 0.085211 0.870178 0.000000 0.000000 0.000000 1.000000
0.172702 0.002431 0.984971 0.018930 0.942030 0.291649 -0.165893 -0.033645 -0.287669 0.956522 0.048079 0.872040 0.000000 0.000000 0.000000 1.000000
0.103433 0.018543 0.994464 0.012404 0.950746 0.291887 -0.104328 -0.032195 -0.292205 0.956273 0.012560 0.870572 0.000000 0.000000 0.000000 1.000000
0.052913 0.028623 0.998189 0.006563 0.955754 0.288205 -0.058927 -0.028940 -0.289370 0.957141 -0.012107 0.866455 0.000000 0.000000 0.000000 1.000000
0.031179 0.028021 0.999121 0.000449 0.959307 0.279826 -0.037784 -0.022986 -0.280638 0.959642 -0.018156 0.861613 0.000000 0.000000 0.000000 1.000000
0.038062 0.021096 0.999053 -0.006316 0.962189 0.269072 -0.042339 -0.015088 -0.269710 0.962889 -0.010057 0.856906 0.000000 0.000000 0.000000 1.000000
0.065012 0.014920 0.997773 -0.013540 0.964067 0.257160 -0.066662 -0.006544 -0.257582 0.966254 0.002334 0.852558 0.000000 0.000000 0.000000 1.000000
0.103386 0.011693 0.994573 -0.020641 0.964367 0.243649 -0.103111 0.001739 -0.243532 0.969793 0.013913 0.848321 0.000000 0.000000 0.000000 1.000000
0.147291 0.009056 0.989052 -0.026967 0.962832 0.227581 -0.145470 0.009381 -0.226407 0.973717 0.024801 0.843840 0.000000 0.000000 0.000000 1.000000
0.193036 0.004967 0.981179 -0.032190 0.959515 0.208080 -0.189827 0.016186 -0.205107 0.978099 0.035401 0.839167 0.000000 0.000000 0.000000 1.000000
0.238529 -0.000232 0.971135 -0.036414 0.954341 0.185224 -0.234360 0.021894 -0.179823 0.982696 0.044403 0.834949 0.000000 0.000000 0.000000 1.000000
0.282184 -0.005444 0.959345 -0.039789 0.947065 0.161164 -0.277657 0.026257 -0.153100 0.986913 0.050634 0.831916 0.000000 0.000000 0.000000 1.000000
0.321788 -0.010446 0.946754 -0.042087 0.938006 0.139574 -0.317275 0.029095 -0.128828 0.990157 0.054711 0.830145 0.000000 0.000000 0.000000 1.000000
0.355090 -0.015696 0.934700 -0.042853 0.928390 0.123097 -0.350626 0.030111 -0.109555 0.992270 0.058283 0.828884 0.000000 0.000000 0.000000 1.000000
0.381187 -0.021185 0.924255 -0.041924 0.919541 0.112081 -0.376673 0.029015 -0.095612 0.993473 0.062204 0.827353 0.000000 0.000000 0.000000 1.000000
0.400880 -0.026075 0.915759 -0.039724 0.912067 0.105405 -0.396263 0.025998 -0.086193 0.994087 0.066037 0.825453 0.000000 0.000000 0.000000 1.000000
0.416763 -0.029295 0.908543 -0.036960 0.905431 0.102043 -0.412046 0.021791 -0.080639 0.994349 0.069053 0.823622 0.000000 0.000000 0.000000 1.000000
0.433672 -0.030143 0.900567 -0.033972 0.897637 0.101619 -0.428860 0.017071 -0.078587 0.994367 0.071127 0.822193 0.000000 0.000000 0.000000 1.000000
0.456411 -0.028644 0.889308 -0.030450 0.886234 0.103637 -0.451496 0.012215 -0.079233 0.994203 0.072686 0.821134 0.000000 0.000000 0.000000 1.000000
0.485157 -0.025661 0.874051 -0.025970 0.870670 0.106744 -0.480146 0.007867 -0.080979 0.993955 0.074130 0.820242 0.000000 0.000000 0.000000 1.000000
0.515901 -0.022292 0.856358 -0.020695 0.852685 0.109408 -0.510840 0.005023 -0.082304 0.993747 0.075452 0.819273 0.000000 0.000000 0.000000 1.000000
0.545558 -0.019053 0.837857 -0.015423 0.833983 0.110989 -0.540512 0.004197 -0.082695 0.993639 0.076441 0.817915 0.000000 0.000000 0.000000 1.000000
0.573693 -0.015936 0.818916 -0.011089 0.814921 0.111615 -0.568722 0.004879 -0.082340 0.993624 0.077020 0.815823 0.000000 0.000000 0.000000 1.000000
0.600683 -0.012885 0.799383 -0.008303 0.795329 0.111477 -0.595840 0.005977 -0.081436 0.993683 0.077210 0.812805 0.000000 0.000000 0.000000 1.000000
0.626096 -0.009929 0.779683 -0.007007 0.775635 0.110479 -0.621438 0.006720 -0.079969 0.993829 0.076872 0.809060 0.000000 0.000000 0.000000 1.000000
0.648407 -0.007093 0.761261 -0.006571 0.757306 0.108235 -0.644029 0.007032 -0.077827 0.994100 0.075551 0.805073 0.000000 0.000000 0.000000 1.000000
0.666149 -0.004389 0.745806 -0.006403 0.742037 0.104471 -0.662168 0.007152 -0.075009 0.994518 0.072850 0.801249 0.000000 0.000000 0.000000 1.000000
0.679679 -0.001856 0.733507 -0.006288 0.729986 0.099614 -0.676164 0.007223 -0.071813 0.995024 0.069061 0.797730 0.000000 0.000000 0.000000 1.000000
0.690782 0.000453 0.723063 -0.006236 0.719792 0.094586 -0.687716 0.007261 -0.068704 0.995517 0.065012 0.794512 0.000000 0.000000 0.000000 1.000000</float_array>
        <technique_common>
          <accessor source="#mixamorig_Hips-Matrix-animation-output-transform-array" count="36" stride="16">
            <param type="float4x4"/>
          </accessor>
        </technique_common>
      </source>
      <source id="mixamorig_Hips-Interpolations">
        <Name_array id="mixamorig_Hips-Interpolations-array" count="36">
 LINEAR LINEAR LINEAR LINEAR LINEAR LINEAR LINEAR LINEAR LINEAR LINEAR LINEAR
LINEAR LINEAR LINEAR LINEAR LINEAR LINEAR LINEAR LINEAR LINEAR LINEAR LINEAR LINEAR
LINEAR LINEAR LINEAR LINEAR LINEAR LINEAR LINEAR LINEAR LINEAR LINEAR LINEAR LINEAR
LINEAR</Name_array>
        <technique_common>
          <accessor source="#mixamorig_Hips-Interpolations-array" count="36">
            <param type="name"/>
          </accessor>
        </technique_common>
      </source>
      <sampler id="mixamorig_Hips-Matrix-animation-transform">
        <input semantic="INPUT" source="#mixamorig_Hips-Matrix-animation-input"/>
        <input semantic="OUTPUT" source="#mixamorig_Hips-Matrix-animation-output-transform"/>
        <input semantic="INTERPOLATION" source="#mixamorig_Hips-Interpolations"/>
      </sampler>
      <channel source="#mixamorig_Hips-Matrix-animation-transform" target="mixamorig_Hips/matrix"/>
      <source id="mixamorig_Spine-Matrix-animation-input">
        <float_array id="mixamorig_Spine-Matrix-animation-input-array" count="36">

0.000000 0.033333 0.066667 0.100000 0.133333 0.166667 0.200000 0.233333 0.266667 0.300000 0.333333 0.366667 0.400000 0.433333 0.466667 0.500000
0.533333 0.566667 0.600000 0.633333 0.666667 0.700000 0.733333 0.766667 0.800000 0.833333 0.866667 0.900000 0.933333 0.966667 1.000000 1.033333
1.066667 1.100000 1.133333 1.166667</float_array>
        <technique_common>
          <accessor source="#mixamorig_Spine-Matrix-animation-input-array" count="36">
            <param name="TIME" type="float"/>
          </accessor>
        </technique_common>
      </source>
      <source id="mixamorig_Spine-Matrix-animation-output-transform">
        <float_array id="mixamorig_Spine-Matrix-animation-output-transform-array" count="576">

0.991520 -0.018277 -0.128659 -0.000000 0.012119 0.998751 -0.048482 0.069300 0.129384 0.046512 0.990503 -0.008100 0.000000 0.000000 0.000000 1.000000
0.990703 -0.025924 -0.133553 0.000000 0.021487 0.999172 -0.034558 0.069300 0.134338 0.031367 0.990439 -0.008100 0.000000 0.000000 0.000000 1.000000
0.989699 -0.022388 -0.141400 0.000000 0.022061 0.999749 -0.003877 0.069300 0.141452 0.000718 0.989945 -0.008100 0.000000 0.000000 0.000000 1.000000
0.990283 0.001205 -0.139064 0.000000 0.004398 0.999191 0.039981 0.069300 0.138999 -0.040204 0.989476 -0.008100 0.000000 0.000000 0.000000 1.000000
0.992671 0.041249 -0.113591 0.000000 -0.032731 0.996581 0.075859 0.069300 0.116332 -0.071585 0.990627 -0.008100 0.000000 0.000000 0.000000 1.000000
0.994568 0.081385 -0.064900 0.000000 -0.076198 0.993978 0.078745 0.069300 0.070918 -0.073372 0.994780 -0.008100 0.000000 0.000000 0.000000 1.000000
0.994186 0.107407 -0.007661 -0.000000 -0.106951 0.993217 0.045629 0.069300 0.012510 -0.044544 0.998929 -0.008100 0.000000 0.000000 0.000000 1.000000
0.992229 0.117935 0.039655 0.000000 -0.117973 0.993016 -0.001373 0.069300 -0.039540 -0.003316 0.999212 -0.008100 0.000000 0.000000 0.000000 1.000000
0.990355 0.120762 0.067929 0.000000 -0.118363 0.992231 -0.038314 0.069300 -0.072028 0.029905 0.996954 -0.008100 0.000000 0.000000 0.000000 1.000000
0.989385 0.121754 0.079325 0.000000 -0.117245 0.991335 -0.059234 0.069300 -0.085850 0.049305 0.995087 -0.008100 0.000000 0.000000 0.000000 1.000000
0.989168 0.121735 0.082024 0.000000 -0.115890 0.990604 -0.072615 0.069300 -0.090093 0.062323 0.993981 -0.008100 0.000000 0.000000 0.000000 1.000000
0.989291 0.119794 0.083381 0.000000 -0.112566 0.989864 -0.086587 0.069300 -0.092908 0.076274 0.992749 -0.008100 0.000000 0.000000 0.000000 1.000000
0.989518 0.116469 0.085379 0.000000 -0.107649 0.988994 -0.101503 0.069300 -0.096261 0.091248 0.991165 -0.008100 0.000000 0.000000 0.000000 1.000000
0.989860 0.113011 0.086059 0.000000 -0.102920 0.988155 -0.113827 0.069300 -0.097904 0.103815 0.989766 -0.008100 0.000000 0.000000 0.000000 1.000000
0.990353 0.109559 0.084835 0.000000 -0.098786 0.987580 -0.122175 0.069300 -0.097166 0.112616 0.988876 -0.008100 0.000000 0.000000 0.000000 1.000000
0.990897 0.104916 0.084352 -0.000000 -0.093661 0.987365 -0.127824 0.069300 -0.096697 0.118760 0.988203 -0.008100 0.000000 0.000000 0.000000 1.000000
0.991343 0.098040 0.087335 -0.000000 -0.086044 0.987524 -0.131878 0.069300 -0.099175 0.123221 0.987411 -0.008100 0.000000 0.000000 0.000000 1.000000
0.991637 0.088816 0.093631 0.000000 -0.075831 0.988058 -0.134128 0.069300 -0.104425 0.125907 0.986531 -0.008100 0.000000 0.000000 0.000000 1.000000
0.991966 0.076956 0.100405 0.000000 -0.063184 0.988995 -0.133778 0.069300 -0.109595 0.126359 0.985912 -0.008100 0.000000 0.000000 0.000000 1.000000
0.992725 0.061202 0.103687 0.000000 -0.047496 0.990396 -0.129849 0.069300 -0.110638 0.123980 0.986098 -0.008100 0.000000 0.000000 0.000000 1.000000
0.994149 0.041188 0.099852 0.000000 -0.028919 0.992189 -0.121349 0.069300 -0.104071 0.117751 0.987575 -0.008100 0.000000 0.000000 0.000000 1.000000
0.995998 0.019111 0.087308 0.000000 -0.009595 0.994090 -0.108134 0.069300 -0.088858 0.106863 0.990295 -0.008100 0.000000 0.000000 0.000000 1.000000
0.997743 -0.001301 0.067141 -0.000000 0.007474 0.995752 -0.091772 0.069300 -0.066736 0.092067 0.993514 -0.008100 0.000000 0.000000 0.000000 1.000000
0.998981 -0.017652 0.041529 0.000000 0.020732 0.996971 -0.074958 0.069300 -0.040080 0.075742 0.996322 -0.008100 0.000000 0.000000 0.000000 1.000000
0.999477 -0.029871 0.012409 0.000000 0.030562 0.997737 -0.059890 0.069300 -0.010592 0.060237 0.998128 -0.008100 0.000000 0.000000 0.000000 1.000000
0.999123 -0.038321 -0.016879 0.000000 0.037476 0.998154 -0.047797 0.069300 0.018679 0.047123 0.998714 -0.008100 0.000000 0.000000 0.000000 1.000000
0.998250 -0.042590 -0.041034 0.000000 0.040968 0.998376 -0.039589 0.069300 0.042653 0.037839 0.998373 -0.008100 0.000000 0.000000 0.000000 1.000000
0.997428 -0.042927 -0.057398 0.000000 0.040940 0.998536 -0.035354 0.069300 0.058832 0.032914 0.997725 -0.008100 0.000000 0.000000 0.000000 1.000000
0.996832 -0.040834 -0.068248 0.000000 0.038586 0.998679 -0.033934 0.069300 0.069543 0.031193 0.997091 -0.008100 0.000000 0.000000 0.000000 1.000000
0.996327 -0.037650 -0.076905 -0.000000 0.035117 0.998804 -0.034024 0.069300 0.078094 0.031198 0.996458 -0.008100 0.000000 0.000000 0.000000 1.000000
0.995809 -0.033896 -0.084941 -0.000000 0.031023 0.998908 -0.034927 0.069300 0.086032 0.032146 0.995774 -0.008100 0.000000 0.000000 0.000000 1.000000
0.995221 -0.029896 -0.092963 0.000000 0.026609 0.998983 -0.036393 0.069300 0.093956 0.033745 0.995004 -0.008100 0.000000 0.000000 0.000000 1.000000
0.994486 -0.026166 -0.101553 -0.000000 0.022357 0.999010 -0.038460 0.069300 0.102459 0.035977 0.994086 -0.008100 0.000000 0.000000 0.000000 1.000000
0.993573 -0.023078 -0.110812 -0.000000 0.018596 0.998973 -0.041315 0.069300 0.111652 0.038989 0.992982 -0.008100 0.000000 0.000000 0.000000 1.000000
0.992549 -0.020544 -0.120098 0.000000 0.015251 0.998878 -0.044829 0.069300 0.120884 0.042664 0.991749 -0.008100 0.000000 0.000000 0.000000 1.000000
0.991521 -0.018277 -0.128659 0.000000 0.012119 0.998751 -0.048482 0.069300 0.129384 0.046512 0.990503 -0.008100 0.000000 0.000000 0.000000 1.000000</float_array>
        <technique_common>
          <accessor source="#mixamorig_Spine-Matrix-animation-output-transform-array" count="36" stride="16">
            <param type="float4x4"/>
          </accessor>
        </technique_common>
      </source>
      <source id="mixamorig_Spine-Interpolations">
        <Name_array id="mixamorig_Spine-Interpolations-array" count="36">
 LINEAR LINEAR LINEAR LINEAR LINEAR LINEAR LINEAR LINEAR LINEAR LINEAR LINEAR
LINEAR LINEAR LINEAR LINEAR LINEAR LINEAR LINEAR LINEAR LINEAR LINEAR LINEAR LINEAR
LINEAR LINEAR LINEAR LINEAR LINEAR LINEAR LINEAR LINEAR LINEAR LINEAR LINEAR LINEAR
LINEAR</Name_array>
        <technique_common>
          <accessor source="#mixamorig_Spine-Interpolations-array" count="36">
            <param type="name"/>
          </accessor>
        </technique_common>
      </source>
      <sampler id="mixamorig_Spine-Matrix-animation-transform">
        <input semantic="INPUT" source="#mixamorig_Spine-Matrix-animation-input"/>
        <input semantic="OUTPUT" source="#mixamorig_Spine-Matrix-animation-output-transform"/>
        <input semantic="INTERPOLATION" source="#mixamorig_Spine-Interpolations"/>
      </sampler>
      <channel source="#mixamorig_Spine-Matrix-animation-transform" target="mixamorig_Spine/matrix"/>
      <source id="mixamorig_Spine1-Matrix-animation-input">
        <float_array id="mixamorig_Spine1-Matrix-animation-input-array" count="36">

0.000000 0.033333 0.066667 0.100000 0.133333 0.166667 0.200000 0.233333 0.266667 0.300000 0.333333 0.366667 0.400000 0.433333 0.466667 0.500000
0.533333 0.566667 0.600000 0.633333 0.666667 0.700000 0.733333 0.766667 0.800000 0.833333 0.866667 0.900000 0.933333 0.966667 1.000000 1.033333
1.066667 1.100000 1.133333 1.166667</float_array>
        <technique_common>
          <accessor source="#mixamorig_Spine1-Matrix-animation-input-array" count="36">
            <param name="TIME" type="float"/>
          </accessor>
        </technique_common>
      </source>
      <source id="mixamorig_Spine1-Matrix-animation-output-transform">
        <float_array id="mixamorig_Spine1-Matrix-animation-output-transform-array" count="576">

0.999723 -0.013875 -0.019006 0.000000 0.013141 0.999185 -0.038166 0.081400 0.019520 0.037905 0.999091 0.000000 0.000000 0.000000 0.000000 1.000000
0.999082 -0.026033 -0.034026 -0.000000 0.023952 0.997899 -0.060192 0.081400 0.035521 0.059321 0.997607 -0.000000 0.000000 0.000000 0.000000 1.000000
0.998038 -0.034577 -0.052203 -0.000000 0.030571 0.996663 -0.075691 0.081400 0.054646 0.073947 0.995764 0.000000 0.000000 0.000000 0.000000 1.000000
0.997462 -0.029742 -0.064688 0.000000 0.024298 0.996222 -0.083371 0.081400 0.066924 0.081587 0.994417 0.000000 0.000000 0.000000 0.000000 1.000000
0.998020 -0.007892 -0.062394 0.000000 0.002070 0.995680 -0.092827 0.081400 0.062857 0.092514 0.993725 0.000000 0.000000 0.000000 0.000000 1.000000
0.998743 0.022303 -0.044899 -0.000000 -0.027512 0.992519 -0.118953 0.081400 0.041910 0.120039 0.991884 -0.000000 0.000000 0.000000 0.000000 1.000000
0.998640 0.047607 -0.021259 0.000000 -0.050462 0.985102 -0.164400 0.081400 0.013116 0.165249 0.986165 0.000000 0.000000 0.000000 0.000000 1.000000
0.998071 0.062062 -0.001487 0.000000 -0.060941 0.974928 -0.214014 0.081400 -0.011833 0.213692 0.976829 0.000000 0.000000 0.000000 0.000000 1.000000
0.997623 0.068170 0.010042 -0.000000 -0.063501 0.966142 -0.250075 0.081400 -0.026750 0.248842 0.968175 0.000000 0.000000 0.000000 0.000000 1.000000
0.997446 0.069964 0.014352 0.000000 -0.063550 0.961119 -0.268723 0.081400 -0.032595 0.267124 0.963111 0.000000 0.000000 0.000000 0.000000 1.000000
0.997481 0.069331 0.015023 -0.000000 -0.062407 0.958291 -0.278897 0.081400 -0.033733 0.277257 0.960204 -0.000000 0.000000 0.000000 0.000000 1.000000
0.997623 0.067158 0.015421 0.000000 -0.059842 0.955369 -0.289291 0.081400 -0.034161 0.287681 0.957117 0.000000 0.000000 0.000000 0.000000 1.000000
0.997802 0.064189 0.016459 -0.000000 -0.056285 0.952050 -0.300720 0.081400 -0.034973 0.299133 0.953570 -0.000000 0.000000 0.000000 0.000000 1.000000
0.998022 0.060513 0.017052 0.000000 -0.052270 0.949375 -0.309766 0.081400 -0.034934 0.308262 0.950660 0.000000 0.000000 0.000000 0.000000 1.000000
0.998310 0.055579 0.016947 0.000000 -0.047429 0.947938 -0.314902 0.081400 -0.033566 0.313566 0.948973 -0.000000 0.000000 0.000000 0.000000 1.000000
0.998641 0.048991 0.017771 0.000000 -0.040832 0.947428 -0.317353 0.081400 -0.032385 0.316196 0.948141 0.000000 0.000000 0.000000 0.000000 1.000000
0.998932 0.041097 0.021094 0.000000 -0.032250 0.947368 -0.318519 0.081400 -0.033074 0.317498 0.947682 0.000000 0.000000 0.000000 0.000000 1.000000
0.999116 0.032510 0.026639 0.000000 -0.022336 0.947592 -0.318701 0.081400 -0.035604 0.317824 0.947481 0.000000 0.000000 0.000000 0.000000 1.000000
0.999210 0.022890 0.032499 0.000000 -0.011389 0.948142 -0.317643 0.081400 -0.038084 0.317022 0.947653 0.000000 0.000000 0.000000 0.000000 1.000000
0.999289 0.010736 0.036132 0.000000 0.001183 0.949167 -0.314772 0.081400 -0.037675 0.314591 0.948479 0.000000 0.000000 0.000000 0.000000 1.000000
0.999362 -0.004768 0.035384 0.000000 0.015475 0.950961 -0.308923 0.081400 -0.032175 0.309273 0.950429 0.000000 0.000000 0.000000 0.000000 1.000000
0.999324 -0.021948 0.029505 0.000000 0.029776 0.953798 -0.298971 0.081400 -0.021580 0.299647 0.953806 0.000000 0.000000 0.000000 0.000000 1.000000
0.999104 -0.037689 0.019274 0.000000 0.041624 0.957565 -0.285196 0.081400 -0.007707 0.285743 0.958275 0.000000 0.000000 0.000000 0.000000 1.000000
0.998717 -0.050298 0.005918 -0.000000 0.050033 0.961784 -0.269198 0.081400 0.007848 0.269149 0.963067 -0.000000 0.000000 0.000000 0.000000 1.000000
0.998148 -0.060130 -0.009259 0.000000 0.055863 0.966118 -0.251983 0.081400 0.024097 0.250999 0.967687 0.000000 0.000000 0.000000 0.000000 1.000000
0.997459 -0.067217 -0.023629 0.000000 0.059878 0.970561 -0.233296 0.081400 0.038614 0.231288 0.972119 0.000000 0.000000 0.000000 0.000000 1.000000
0.996977 -0.070142 -0.033431 0.000000 0.061448 0.975058 -0.213275 0.081400 0.047556 0.210576 0.976420 0.000000 0.000000 0.000000 0.000000 1.000000
0.996976 -0.068274 -0.037111 0.000000 0.059894 0.979408 -0.192801 0.081400 0.049510 0.189995 0.980536 -0.000000 0.000000 0.000000 0.000000 1.000000
0.997345 -0.063014 -0.036491 -0.000000 0.055834 0.983465 -0.172275 0.081400 0.046744 0.169780 0.984373 0.000000 0.000000 0.000000 0.000000 1.000000
0.997844 -0.056165 -0.033948 -0.000000 0.050407 0.987160 -0.151570 0.081400 0.042025 0.149532 0.987863 -0.000000 0.000000 0.000000 0.000000 1.000000
0.998344 -0.048692 -0.030643 0.000000 0.044296 0.990439 -0.130644 0.081400 0.036711 0.129070 0.990956 -0.000000 0.000000 0.000000 0.000000 1.000000
0.998789 -0.041027 -0.027166 0.000000 0.037813 0.993239 -0.109755 0.081400 0.031485 0.108594 0.993587 -0.000000 0.000000 0.000000 0.000000 1.000000
0.999145 -0.033536 -0.024172 0.000000 0.031248 0.995498 -0.089486 0.081400 0.027064 0.088654 0.995695 0.000000 0.000000 0.000000 0.000000 1.000000
0.999407 -0.026483 -0.022012 0.000000 0.024869 0.997194 -0.070612 0.081400 0.023820 0.070023 0.997261 -0.000000 0.000000 0.000000 0.000000 1.000000
0.999592 -0.019933 -0.020435 0.000000 0.018814 0.998389 -0.053539 0.081400 0.021469 0.053132 0.998357 0.000000 0.000000 0.000000 0.000000 1.000000
0.999723 -0.013875 -0.019007 0.000000 0.013141 0.999185 -0.038166 0.081400 0.019521 0.037905 0.999091 -0.000000 0.000000 0.000000 0.000000 1.000000</float_array>
        <technique_common>
          <accessor source="#mixamorig_Spine1-Matrix-animation-output-transform-array" count="36" stride="16">
            <param type="float4x4"/>
          </accessor>
        </technique_common>
      </source>
      <source id="mixamorig_Spine1-Interpolations">
        <Name_array id="mixamorig_Spine1-Interpolations-array" count="36">
 LINEAR LINEAR LINEAR LINEAR LINEAR LINEAR LINEAR LINEAR LINEAR LINEAR LINEAR
LINEAR LINEAR LINEAR LINEAR LINEAR LINEAR LINEAR LINEAR LINEAR LINEAR LINEAR LINEAR
LINEAR LINEAR LINEAR LINEAR LINEAR LINEAR LINEAR LINEAR LINEAR LINEAR LINEAR LINEAR
LINEAR</Name_array>
        <technique_common>
          <accessor source="#mixamorig_Spine1-Interpolations-array" count="36">
            <param type="name"/>
          </accessor>
        </technique_common>
      </source>
      <sampler id="mixamorig_Spine1-Matrix-animation-transform">
        <input semantic="INPUT" source="#mixamorig_Spine1-Matrix-animation-input"/>
        <input semantic="OUTPUT" source="#mixamorig_Spine1-Matrix-animation-output-transform"/>
        <input semantic="INTERPOLATION" source="#mixamorig_Spine1-Interpolations"/>
      </sampler>
      <channel source="#mixamorig_Spine1-Matrix-animation-transform" target="mixamorig_Spine1/matrix"/>
      <source id="mixamorig_Spine2-Matrix-animation-input">
        <float_array id="mixamorig_Spine2-Matrix-animation-input-array" count="36">

0.000000 0.033333 0.066667 0.100000 0.133333 0.166667 0.200000 0.233333 0.266667 0.300000 0.333333 0.366667 0.400000 0.433333 0.466667 0.500000
0.533333 0.566667 0.600000 0.633333 0.666667 0.700000 0.733333 0.766667 0.800000 0.833333 0.866667 0.900000 0.933333 0.966667 1.000000 1.033333
1.066667 1.100000 1.133333 1.166667</float_array>
        <technique_common>
          <accessor source="#mixamorig_Spine2-Matrix-animation-input-array" count="36">
            <param name="TIME" type="float"/>
          </accessor>
        </technique_common>
      </source>
      <source id="mixamorig_Spine2-Matrix-animation-output-transform">
        <float_array id="mixamorig_Spine2-Matrix-animation-output-transform-array" count="576">

0.999731 -0.013517 -0.018840 0.000000 0.012785 0.999180 -0.038422 0.093100 0.019344 0.038171 0.999084 0.000000 0.000000 0.000000 0.000000 1.000000
0.999100 -0.025679 -0.033760 -0.000000 0.023608 0.997897 -0.060375 0.093100 0.035239 0.059524 0.997605 0.000000 0.000000 0.000000 0.000000 1.000000
0.998076 -0.034081 -0.051801 -0.000000 0.030099 0.996670 -0.075788 0.093100 0.054212 0.074082 0.995778 0.000000 0.000000 0.000000 0.000000 1.000000
0.997525 -0.029041 -0.064039 0.000000 0.023643 0.996228 -0.083495 0.093100 0.066223 0.081775 0.994448 -0.000000 0.000000 0.000000 0.000000 1.000000
0.998091 -0.007081 -0.061358 0.000000 0.001336 0.995650 -0.093161 0.093100 0.061751 0.092901 0.993759 -0.000000 0.000000 0.000000 0.000000 1.000000
0.998792 0.023045 -0.043407 -0.000000 -0.028094 0.992431 -0.119550 0.093100 0.040324 0.120625 0.991879 0.000000 0.000000 0.000000 0.000000 1.000000
0.998651 0.048175 -0.019398 0.000000 -0.050723 0.984971 -0.165105 0.093100 0.011153 0.165866 0.986085 0.000000 0.000000 0.000000 0.000000 1.000000
0.998046 0.062480 0.000516 0.000000 -0.060913 0.974795 -0.214628 0.093100 -0.013913 0.214177 0.976696 0.000000 0.000000 0.000000 0.000000 1.000000
0.997580 0.068504 0.011914 0.000000 -0.063346 0.966031 -0.250543 0.093100 -0.028673 0.249182 0.968032 -0.000000 0.000000 0.000000 0.000000 1.000000
0.997403 0.070251 0.015896 0.000000 -0.063399 0.961018 -0.269119 0.093100 -0.034182 0.267413 0.962976 0.000000 0.000000 0.000000 0.000000 1.000000
0.997445 0.069577 0.016181 0.000000 -0.062307 0.958184 -0.279288 0.093100 -0.034936 0.277566 0.960071 0.000000 0.000000 0.000000 0.000000 1.000000
0.997595 0.067376 0.016255 0.000000 -0.059797 0.955254 -0.289678 0.093100 -0.035046 0.288010 0.956986 -0.000000 0.000000 0.000000 0.000000 1.000000
0.997778 0.064398 0.017069 0.000000 -0.056289 0.951936 -0.301080 0.093100 -0.035638 0.299450 0.953446 0.000000 0.000000 0.000000 0.000000 1.000000
0.998001 0.060728 0.017517 0.000000 -0.052319 0.949265 -0.310095 0.093100 -0.035460 0.308558 0.950544 0.000000 0.000000 0.000000 0.000000 1.000000
0.998291 0.055809 0.017324 0.000000 -0.047518 0.947832 -0.315210 0.093100 -0.034012 0.313848 0.948864 0.000000 0.000000 0.000000 0.000000 1.000000
0.998623 0.049241 0.018089 0.000000 -0.040957 0.947324 -0.317647 0.093100 -0.032777 0.316469 0.948036 -0.000000 0.000000 0.000000 0.000000 1.000000
0.998916 0.041362 0.021332 -0.000000 -0.032415 0.947267 -0.318802 0.093100 -0.033394 0.317765 0.947581 0.000000 0.000000 0.000000 0.000000 1.000000
0.999104 0.032786 0.026748 0.000000 -0.022552 0.947492 -0.318983 0.093100 -0.035802 0.318094 0.947383 0.000000 0.000000 0.000000 0.000000 1.000000
0.999205 0.023163 0.032437 0.000000 -0.011655 0.948038 -0.317942 0.093100 -0.038116 0.317311 0.947555 0.000000 0.000000 0.000000 0.000000 1.000000
0.999296 0.010973 0.035889 0.000000 0.000895 0.949057 -0.315103 0.093100 -0.037519 0.314913 0.948379 0.000000 0.000000 0.000000 0.000000 1.000000
0.999377 -0.004621 0.034989 0.000000 0.015225 0.950847 -0.309286 0.093100 -0.031840 0.309626 0.950325 -0.000000 0.000000 0.000000 0.000000 1.000000
0.999338 -0.021931 0.029044 -0.000000 0.029630 0.953684 -0.299348 0.093100 -0.021134 0.300010 0.953702 -0.000000 0.000000 0.000000 0.000000 1.000000
0.999107 -0.037795 0.018872 0.000000 0.041613 0.957459 -0.285554 0.093100 -0.007277 0.286085 0.958177 0.000000 0.000000 0.000000 0.000000 1.000000
0.998709 -0.050479 0.005655 0.000000 0.050134 0.961694 -0.269500 0.093100 0.008166 0.269436 0.962984 -0.000000 0.000000 0.000000 0.000000 1.000000
0.998134 -0.060336 -0.009413 -0.000000 0.056019 0.966054 -0.252193 0.093100 0.024310 0.251195 0.967631 0.000000 0.000000 0.000000 0.000000 1.000000
0.997443 -0.067410 -0.023751 0.000000 0.060033 0.970527 -0.233396 0.093100 0.038784 0.231373 0.972092 0.000000 0.000000 0.000000 0.000000 1.000000
0.996962 -0.070289 -0.033558 -0.000000 0.061565 0.975048 -0.213286 0.093100 0.047712 0.210572 0.976413 0.000000 0.000000 0.000000 0.000000 1.000000
0.996968 -0.068338 -0.037224 -0.000000 0.059937 0.979411 -0.192771 0.093100 0.049631 0.189956 0.980537 -0.000000 0.000000 0.000000 0.000000 1.000000
0.997347 -0.062950 -0.036566 0.000000 0.055759 0.983474 -0.172247 0.093100 0.046805 0.169751 0.984375 0.000000 0.000000 0.000000 0.000000 1.000000
0.997854 -0.055971 -0.033978 -0.000000 0.050211 0.987171 -0.151567 0.093100 0.042025 0.149536 0.987863 0.000000 0.000000 0.000000 0.000000 1.000000
0.998356 -0.048452 -0.030623 0.000000 0.044060 0.990445 -0.130681 0.093100 0.036662 0.129117 0.990951 0.000000 0.000000 0.000000 0.000000 1.000000
0.998799 -0.040830 -0.027090 0.000000 0.037623 0.993237 -0.109840 0.093100 0.031391 0.108689 0.993580 -0.000000 0.000000 0.000000 0.000000 1.000000
0.999154 -0.033355 -0.024051 0.000000 0.031075 0.995491 -0.089619 0.093100 0.026932 0.088795 0.995686 0.000000 0.000000 0.000000 0.000000 1.000000
0.999416 -0.026242 -0.021865 -0.000000 0.024634 0.997187 -0.070788 0.093100 0.023662 0.070208 0.997252 0.000000 0.000000 0.000000 0.000000 1.000000
0.999602 -0.019614 -0.020278 -0.000000 0.018500 0.998383 -0.053755 0.093100 0.021299 0.053358 0.998348 0.000000 0.000000 0.000000 0.000000 1.000000
0.999731 -0.013517 -0.018840 -0.000000 0.012785 0.999180 -0.038422 0.093100 0.019344 0.038171 0.999084 0.000000 0.000000 0.000000 0.000000 1.000000</float_array>
        <technique_common>
          <accessor source="#mixamorig_Spine2-Matrix-animation-output-transform-array" count="36" stride="16">
            <param type="float4x4"/>
          </accessor>
        </technique_common>
      </source>
      <source id="mixamorig_Spine2-Interpolations">
        <Name_array id="mixamorig_Spine2-Interpolations-array" count="36">
 LINEAR LINEAR LINEAR LINEAR LINEAR LINEAR LINEAR LINEAR LINEAR LINEAR LINEAR
LINEAR LINEAR LINEAR LINEAR LINEAR LINEAR LINEAR LINEAR LINEAR LINEAR LINEAR LINEAR
LINEAR LINEAR LINEAR LINEAR LINEAR LINEAR LINEAR LINEAR LINEAR LINEAR LINEAR LINEAR
LINEAR</Name_array>
        <technique_common>
          <accessor source="#mixamorig_Spine2-Interpolations-array" count="36">
            <param type="name"/>
          </accessor>
        </technique_common>
      </source>
      <sampler id="mixamorig_Spine2-Matrix-animation-transform">
        <input semantic="INPUT" source="#mixamorig_Spine2-Matrix-animation-input"/>
        <input semantic="OUTPUT" source="#mixamorig_Spine2-Matrix-animation-output-transform"/>
        <input semantic="INTERPOLATION" source="#mixamorig_Spine2-Interpolations"/>
      </sampler>
      <channel source="#mixamorig_Spine2-Matrix-animation-transform" target="mixamorig_Spine2/matrix"/>
      <source id="mixamorig_Neck-Matrix-animation-input">
        <float_array id="mixamorig_Neck-Matrix-animation-input-array" count="36">

0.000000 0.033333 0.066667 0.100000 0.133333 0.166667 0.200000 0.233333 0.266667 0.300000 0.333333 0.366667 0.400000 0.433333 0.466667 0.500000
0.533333 0.566667 0.600000 0.633333 0.666667 0.700000 0.733333 0.766667 0.800000 0.833333 0.866667 0.900000 0.933333 0.966667 1.000000 1.033333
1.066667 1.100000 1.133333 1.166667</float_array>
        <technique_common>
          <accessor source="#mixamorig_Neck-Matrix-animation-input-array" count="36">
            <param name="TIME" type="float"/>
          </accessor>
        </technique_common>
      </source>
      <source id="mixamorig_Neck-Matrix-animation-output-transform">
        <float_array id="mixamorig_Neck-Matrix-animation-output-transform-array" count="576">

0.970444 -0.003170 -0.241305 -0.000000 -0.105266 0.894213 -0.435089 0.104700 0.217157 0.447631 0.867450 0.000000 0.000000 0.000000 0.000000 1.000000
0.979623 -0.012121 -0.200481 0.000000 -0.084635 0.880314 -0.466780 0.104700 0.182144 0.474236 0.861350 0.000000 0.000000 0.000000 0.000000 1.000000
0.989765 -0.025248 -0.140458 -0.000000 -0.048089 0.867657 -0.494833 0.104700 0.134362 0.496523 0.857562 0.000000 0.000000 0.000000 0.000000 1.000000
0.997531 -0.020745 -0.067096 0.000000 -0.015245 0.868635 -0.495218 0.104700 0.068555 0.495018 0.866174 0.000000 0.000000 0.000000 0.000000 1.000000
0.999697 0.024407 -0.003141 0.000000 -0.023142 0.889013 -0.457297 0.104700 -0.008369 0.457231 0.889308 -0.000000 0.000000 0.000000 0.000000 1.000000
0.994021 0.105378 0.028596 0.000000 -0.085219 0.912461 -0.400190 0.104700 -0.068264 0.395360 0.915986 0.000000 0.000000 0.000000 0.000000 1.000000
0.982367 0.184544 0.029967 -0.000000 -0.162023 0.920304 -0.356075 0.104700 -0.093290 0.344942 0.933977 0.000000 0.000000 0.000000 0.000000 1.000000
