<?xml version="1.0" encoding="utf-8"?>
<COLLADA xmlns="http://www.collada.org/2005/11/COLLADASchema" version="1.4.1">
  <asset>
    <contributor>
      <author>Mixamo</author>
      <authoring_tool>COLLADA Mixamo exporter</authoring_tool>
      <comments/>
    </contributor>
    <created>2024-05-10T12:22:05Z</created>
    <modified>2024-05-10T12:22:05Z</modified>
    <revision/>
    <title/>
    <unit meter="0.010000"/>
    <up_axis>Y_UP</up_axis>
  </asset>
  <library_animations>
    <animation>
      <source id="Armature.001-Matrix-animation-input">
        <float_array id="Armature.001-Matrix-animation-input-array" count="38">

0.000000 0.033333 0.066667 0.100000 0.133333 0.166667 0.200000 0.233333 0.266667 0.300000 0.333333 0.366667 0.400000 0.433333 0.466667 0.500000
0.533333 0.566667 0.600000 0.633333 0.666667 0.700000 0.733333 0.766667 0.800000 0.833333 0.866667 0.900000 0.933333 0.966667 1.000000 1.033333
1.066667 1.100000 1.133333 1.166667 1.200000 1.233333</float_array>
        <technique_common>
          <accessor source="#Armature.001-Matrix-animation-input-array" count="38">
            <param name="TIME" type="float"/>
          </accessor>
        </technique_common>
      </source>
      <source id="Armature.001-Matrix-animation-output-transform">
        <float_array id="Armature.001-Matrix-animation-output-transform-array" count="608">

100.000000 0.000000 0.000000 0.000000 0.000000 0.000000 100.000000 0.000000 0.000000 -100.000000 0.000000 0.000000 0.000000 0.000000 0.000000 1.000000
100.000000 0.000000 0.000000 0.000000 0.000000 0.000000 100.000000 0.000000 0.000000 -100.000000 0.000000 0.000000 0.000000 0.000000 0.000000 1.000000
100.000000 0.000000 0.000000 0.000000 0.000000 0.000000 100.000000 0.000000 0.000000 -100.000000 0.000000 0.000000 0.000000 0.000000 0.000000 1.000000
100.000000 0.000000 0.000000 0.000000 0.000000 0.000000 100.000000 0.000000 0.000000 -100.000000 0.000000 0.000000 0.000000 0.000000 0.000000 1.000000
100.000000 0.000000 0.000000 0.000000 0.000000 0.000000 100.000000 0.000000 0.000000 -100.000000 0.000000 0.000000 0.000000 0.000000 0.000000 1.000000
100.000000 0.000000 0.000000 0.000000 0.000000 0.000000 100.000000 0.000000 0.000000 -100.000000 0.000000 0.000000 0.000000 0.000000 0.000000 1.000000
100.000000 0.000000 0.000000 0.000000 0.000000 0.000000 100.000000 0.000000 0.000000 -100.000000 0.000000 0.000000 0.000000 0.000000 0.000000 1.000000
100.000000 0.000000 0.000000 0.000000 0.000000 0.000000 100.000000 0.000000 0.000000 -100.000000 0.000000 0.000000 0.000000 0.000000 0.000000 1.000000
100.000000 0.000000 0.000000 0.000000 0.000000 0.000000 100.000000 0.000000 0.000000 -100.000000 0.000000 0.000000 0.000000 0.000000 0.000000 1.000000
100.000000 0.000000 0.000000 0.000000 0.000000 0.000000 100.000000 0.000000 0.000000 -100.000000 0.000000 0.000000 0.000000 0.000000 0.000000 1.000000
100.000000 0.000000 0.000000 0.000000 0.000000 0.000000 100.000000 0.000000 0.000000 -100.000000 0.000000 0.000000 0.000000 0.000000 0.000000 1.000000
100.000000 0.000000 0.000000 0.000000 0.000000 0.000000 100.000000 0.000000 0.000000 -100.000000 0.000000 0.000000 0.000000 0.000000 0.000000 1.000000
100.000000 0.000000 0.000000 0.000000 0.000000 0.000000 100.000000 0.000000 0.000000 -100.000000 0.000000 0.000000 0.000000 0.000000 0.000000 1.000000
100.000000 0.000000 0.000000 0.000000 0.000000 0.000000 100.000000 0.000000 0.000000 -100.000000 0.000000 0.000000 0.000000 0.000000 0.000000 1.000000
100.000000 0.000000 0.000000 0.000000 0.000000 0.000000 100.000000 0.000000 0.000000 -100.000000 0.000000 0.000000 0.000000 0.000000 0.000000 1.000000
100.000000 0.000000 0.000000 0.000000 0.000000 0.000000 100.000000 0.000000 0.000000 -100.000000 0.000000 0.000000 0.000000 0.000000 0.000000 1.000000
100.000000 0.000000 0.000000 0.000000 0.000000 0.000000 100.000000 0.000000 0.000000 -100.000000 0.000000 0.000000 0.000000 0.000000 0.000000 1.000000
100.000000 0.000000 0.000000 0.000000 0.000000 0.000000 100.000000 0.000000 0.000000 -100.000000 0.000000 0.000000 0.000000 0.000000 0.000000 1.000000
100.000000 0.000000 0.000000 0.000000 0.000000 0.000000 100.000000 0.000000 0.000000 -100.000000 0.000000 0.000000 0.000000 0.000000 0.000000 1.000000
100.000000 0.000000 0.000000 0.000000 0.000000 0.000000 100.000000 0.000000 0.000000 -100.000000 0.000000 0.000000 0.000000 0.000000 0.000000 1.000000
100.000000 0.000000 0.000000 0.000000 0.000000 0.000000 100.000000 0.000000 0.000000 -100.000000 0.000000 0.000000 0.000000 0.000000 0.000000 1.000000
100.000000 0.000000 0.000000 0.000000 0.000000 0.000000 100.000000 0.000000 0.000000 -100.000000 0.000000 0.000000 0.000000 0.000000 0.000000 1.000000
100.000000 0.000000 0.000000 0.000000 0.000000 0.000000 100.000000 0.000000 0.000000 -100.000000 0.000000 0.000000 0.000000 0.000000 0.000000 1.000000
100.000000 0.000000 0.000000 0.000000 0.000000 0.000000 100.000000 0.000000 0.000000 -100.000000 0.000000 0.000000 0.000000 0.000000 0.000000 1.000000
100.000000 0.000000 0.000000 0.000000 0.000000 0.000000 100.000000 0.000000 0.000000 -100.000000 0.000000 0.000000 0.000000 0.000000 0.000000 1.000000
100.000000 0.000000 0.000000 0.000000 0.000000 0.000000 100.000000 0.000000 0.000000 -100.000000 0.000000 0.000000 0.000000 0.000000 0.000000 1.000000
100.000000 0.000000 0.000000 0.000000 0.000000 0.000000 100.000000 0.000000 0.000000 -100.000000 0.000000 0.000000 0.000000 0.000000 0.000000 1.000000
100.000000 0.000000 0.000000 0.000000 0.000000 0.000000 100.000000 0.000000 0.000000 -100.000000 0.000000 0.000000 0.000000 0.000000 0.000000 1.000000
100.000000 0.000000 0.000000 0.000000 0.000000 0.000000 100.000000 0.000000 0.000000 -100.000000 0.000000 0.000000 0.000000 0.000000 0.000000 1.000000
100.000000 0.000000 0.000000 0.000000 0.000000 0.000000 100.000000 0.000000 0.000000 -100.000000 0.000000 0.000000 0.000000 0.000000 0.000000 1.000000
100.000000 0.000000 0.000000 0.000000 0.000000 0.000000 100.000000 0.000000 0.000000 -100.000000 0.000000 0.000000 0.000000 0.000000 0.000000 1.000000
100.000000 0.000000 0.000000 0.000000 0.000000 0.000000 100.000000 0.000000 0.000000 -100.000000 0.000000 0.000000 0.000000 0.000000 0.000000 1.000000
100.000000 0.000000 0.000000 0.000000 0.000000 0.000000 100.000000 0.000000 0.000000 -100.000000 0.000000 0.000000 0.000000 0.000000 0.000000 1.000000
100.000000 0.000000 0.000000 0.000000 0.000000 0.000000 100.000000 0.000000 0.000000 -100.000000 0.000000 0.000000 0.000000 0.000000 0.000000 1.000000
100.000000 0.000000 0.000000 0.000000 0.000000 0.000000 100.000000 0.000000 0.000000 -100.000000 0.000000 0.000000 0.000000 0.000000 0.000000 1.000000
100.000000 0.000000 0.000000 0.000000 0.000000 0.000000 100.000000 0.000000 0.000000 -100.000000 0.000000 0.000000 0.000000 0.000000 0.000000 1.000000
100.000000 0.000000 0.000000 0.000000 0.000000 0.000000 100.000000 0.000000 0.000000 -100.000000 0.000000 0.000000 0.000000 0.000000 0.000000 1.000000
100.000000 0.000000 0.000000 0.000000 0.000000 0.000000 100.000000 0.000000 0.000000 -100.000000 0.000000 0.000000 0.000000 0.000000 0.000000 1.000000</float_array>
        <technique_common>
          <accessor source="#Armature.001-Matrix-animation-output-transform-array" count="38" stride="16">
            <param type="float4x4"/>
          </accessor>
        </technique_common>
      </source>
      <source id="Armature.001-Interpolations">
        <Name_array id="Armature.001-Interpolations-array" count="38">
 LINEAR LINEAR LINEAR LINEAR LINEAR LINEAR LINEAR LINEAR LINEAR LINEAR LINEAR
LINEAR LINEAR LINEAR LINEAR LINEAR LINEAR LINEAR LINEAR LINEAR LINEAR LINEAR LINEAR
LINEAR LINEAR LINEAR LINEAR LINEAR LINEAR LINEAR LINEAR LINEAR LINEAR LINEAR LINEAR
LINEAR LINEAR LINEAR</Name_array>
        <technique_common>
          <accessor source="#Armature.001-Interpolations-array" count="38">
            <param type="name"/>
          </accessor>
        </technique_common>
      </source>
      <sampler id="Armature.001-Matrix-animation-transform">
        <input semantic="INPUT" source="#Armature.001-Matrix-animation-input"/>
        <input semantic="OUTPUT" source="#Armature.001-Matrix-animation-output-transform"/>
        <input semantic="INTERPOLATION" source="#Armature.001-Interpolations"/>
      </sampler>
      <channel source="#Armature.001-Matrix-animation-transform" target="Armature.001/matrix"/>
      <source id="mixamorig_Hips-Matrix-animation-input">
        <float_array id="mixamorig_Hips-Matrix-animation-input-array" count="38">

0.000000 0.033333 0.066667 0.100000 0.133333 0.166667 0.200000 0.233333 0.266667 0.300000 0.333333 0.366667 0.400000 0.433333 0.466667 0.500000
0.533333 0.566667 0.600000 0.633333 0.666667 0.700000 0.733333 0.766667 0.800000 0.833333 0.866667 0.900000 0.933333 0.966667 1.000000 1.033333
1.066667 1.100000 1.133333 1.166667 1.200000 1.233333</float_array>
        <technique_common>
          <accessor source="#mixamorig_Hips-Matrix-animation-input-array" count="38">
            <param name="TIME" type="float"/>
          </accessor>
        </technique_common>
      </source>
      <source id="mixamorig_Hips-Matrix-animation-output-transform">
        <float_array id="mixamorig_Hips-Matrix-animation-output-transform-array" count="608">

0.690791 0.000451 -0.723055 0.006427 -0.719909 0.093612 -0.687727 0.006908 0.067376 0.995609 0.064991 0.794401 0.000000 0.000000 0.000000 1.000000
0.682320 0.000231 -0.731054 0.002039 -0.726547 0.111080 -0.678078 0.001795 0.081049 0.993811 0.075960 0.805805 0.000000 0.000000 0.000000 1.000000
0.682650 0.004649 -0.730730 -0.007809 -0.722227 0.156532 -0.673711 -0.013128 0.111251 0.987662 0.110214 0.821211 0.000000 0.000000 0.000000 1.000000
0.692383 0.003918 -0.721520 -0.023009 -0.699877 0.246792 -0.670273 -0.043855 0.175439 0.969061 0.173617 0.837100 0.000000 0.000000 0.000000 1.000000
0.677462 -0.000383 -0.735558 -0.027545 -0.701021 0.302490 -0.645810 -0.058872 0.222746 0.953153 0.204657 0.845039 0.000000 0.000000 0.000000 1.000000
0.665148 -0.004459 -0.746698 -0.025051 -0.706360 0.320519 -0.631129 -0.058070 0.242145 0.947232 0.210043 0.844125 0.000000 0.000000 0.000000 1.000000
0.670396 -0.009114 -0.741947 -0.022965 -0.696867 0.335691 -0.633788 -0.054759 0.254842 0.941928 0.218695 0.839787 0.000000 0.000000 0.000000 1.000000
0.674668 -0.009013 -0.738066 -0.020413 -0.689409 0.349537 -0.634460 -0.048457 0.263700 0.936879 0.229608 0.836212 0.000000 0.000000 0.000000 1.000000
0.674811 -0.005009 -0.737974 -0.017066 -0.687819 0.358141 -0.631380 -0.039112 0.267461 0.933654 0.238232 0.833752 0.000000 0.000000 0.000000 1.000000
0.673338 -0.002110 -0.739331 -0.013391 -0.689009 0.360843 -0.628537 -0.027625 0.268109 0.932624 0.241516 0.832478 0.000000 0.000000 0.000000 1.000000
0.672125 -0.004308 -0.740425 -0.009465 -0.690439 0.357582 -0.628831 -0.014138 0.267471 0.933872 0.237366 0.831922 0.000000 0.000000 0.000000 1.000000
0.671832 -0.011601 -0.740613 -0.005525 -0.691282 0.349290 -0.632554 0.000971 0.266027 0.936943 0.226645 0.831436 0.000000 0.000000 0.000000 1.000000
0.672272 -0.021549 -0.739990 -0.002009 -0.692248 0.335972 -0.638683 0.016796 0.262379 0.941625 0.210948 0.830595 0.000000 0.000000 0.000000 1.000000
0.671223 -0.031448 -0.740588 0.001212 -0.696158 0.316425 -0.644391 0.032509 0.254606 0.948096 0.190499 0.829388 0.000000 0.000000 0.000000 1.000000
0.666712 -0.039064 -0.744291 0.004558 -0.704806 0.291699 -0.646653 0.047417 0.242370 0.955712 0.166947 0.828134 0.000000 0.000000 0.000000 1.000000
0.659345 -0.042915 -0.750614 0.007845 -0.716738 0.265618 -0.644774 0.060670 0.227047 0.963123 0.144375 0.827264 0.000000 0.000000 0.000000 1.000000
0.649508 -0.041780 -0.759206 0.010473 -0.731049 0.240225 -0.638639 0.071590 0.209063 0.969818 0.125485 0.827007 0.000000 0.000000 0.000000 1.000000
0.636424 -0.035085 -0.770541 0.012062 -0.748123 0.215171 -0.627705 0.080076 0.187821 0.975946 0.110693 0.827355 0.000000 0.000000 0.000000 1.000000
0.621198 -0.024526 -0.783269 0.012583 -0.766034 0.191751 -0.613533 0.086234 0.165240 0.981137 0.100328 0.828210 0.000000 0.000000 0.000000 1.000000
0.606015 -0.013430 -0.795340 0.012333 -0.782139 0.172113 -0.598862 0.089796 0.144931 0.984986 0.093799 0.829123 0.000000 0.000000 0.000000 1.000000
0.589622 -0.003636 -0.807671 0.011775 -0.797415 0.156299 -0.582838 0.090238 0.128357 0.987703 0.089257 0.829773 0.000000 0.000000 0.000000 1.000000
0.572672 0.004605 -0.819772 0.011119 -0.811728 0.143034 -0.566250 0.087432 0.114648 0.989707 0.085649 0.829842 0.000000 0.000000 0.000000 1.000000
0.560420 0.011218 -0.828132 0.010296 -0.821683 0.132804 -0.554257 0.081924 0.103762 0.991079 0.083644 0.829155 0.000000 0.000000 0.000000 1.000000
0.556887 0.016012 -0.830434 0.009341 -0.824937 0.127096 -0.550750 0.074638 0.096726 0.991761 0.083986 0.827747 0.000000 0.000000 0.000000 1.000000
0.561355 0.019147 -0.827353 0.008449 -0.822286 0.125751 -0.555007 0.066391 0.093414 0.991877 0.086335 0.825888 0.000000 0.000000 0.000000 1.000000
0.571143 0.021554 -0.820567 0.007743 -0.815710 0.126602 -0.564437 0.057310 0.091720 0.991719 0.089890 0.823942 0.000000 0.000000 0.000000 1.000000
0.582922 0.023162 -0.812198 0.007283 -0.807540 0.127103 -0.575954 0.048299 0.089893 0.991619 0.092796 0.822022 0.000000 0.000000 0.000000 1.000000
0.594069 0.022751 -0.804092 0.007051 -0.799600 0.125898 -0.587188 0.041105 0.087874 0.991782 0.092984 0.819915 0.000000 0.000000 0.000000 1.000000
0.604758 0.021128 -0.796129 0.006905 -0.791767 0.123727 -0.598161 0.034952 0.085865 0.992091 0.091553 0.817626 0.000000 0.000000 0.000000 1.000000
0.615433 0.018992 -0.787961 0.006797 -0.783718 0.121083 -0.609200 0.029213 0.083839 0.992461 0.089403 0.815238 0.000000 0.000000 0.000000 1.000000
0.625857 0.016361 -0.779766 0.006729 -0.775633 0.117959 -0.620064 0.024060 0.081836 0.992884 0.086515 0.812760 0.000000 0.000000 0.000000 1.000000
0.636072 0.013563 -0.771511 0.006685 -0.767487 0.114587 -0.630740 0.019438 0.079850 0.993321 0.083295 0.810216 0.000000 0.000000 0.000000 1.000000
0.646052 0.010685 -0.763219 0.006651 -0.759309 0.111028 -0.641188 0.015371 0.077888 0.993760 0.079843 0.807625 0.000000 0.000000 0.000000 1.000000
0.655772 0.007945 -0.754917 0.006617 -0.751130 0.107443 -0.651352 0.011788 0.075936 0.994179 0.076426 0.805023 0.000000 0.000000 0.000000 1.000000
0.665231 0.005582 -0.746617 0.006568 -0.742967 0.103988 -0.661201 0.008666 0.073948 0.994563 0.073324 0.802434 0.000000 0.000000 0.000000 1.000000
0.674386 0.003660 -0.738370 0.006509 -0.734889 0.100437 -0.670709 0.007121 0.071705 0.994937 0.070423 0.799715 0.000000 0.000000 0.000000 1.000000
0.682958 0.001975 -0.730455 0.006462 -0.727150 0.096893 -0.679606 0.006985 0.069434 0.995293 0.067610 0.796951 0.000000 0.000000 0.000000 1.000000
0.690791 0.000451 -0.723055 0.006427 -0.719909 0.093612 -0.687727 0.006908 0.067376 0.995609 0.064991 0.794401 0.000000 0.000000 0.000000 1.000000</float_array>
        <technique_common>
          <accessor source="#mixamorig_Hips-Matrix-animation-output-transform-array" count="38" stride="16">
            <param type="float4x4"/>
          </accessor>
        </technique_common>
      </source>
      <source id="mixamorig_Hips-Interpolations">
        <Name_array id="mixamorig_Hips-Interpolations-array" count="38">
 LINEAR LINEAR LINEAR LINEAR LINEAR LINEAR LINEAR LINEAR LINEAR LINEAR LINEAR
LINEAR LINEAR LINEAR LINEAR LINEAR LINEAR LINEAR LINEAR LINEAR LINEAR LINEAR LINEAR
LINEAR LINEAR LINEAR LINEAR LINEAR LINEAR LINEAR LINEAR LINEAR LINEAR LINEAR LINEAR
LINEAR LINEAR LINEAR</Name_array>
        <technique_common>
          <accessor source="#mixamorig_Hips-Interpolations-array" count="38">
            <param type="name"/>
          </accessor>
        </technique_common>
      </source>
      <sampler id="mixamorig_Hips-Matrix-animation-transform">
        <input semantic="INPUT" source="#mixamorig_Hips-Matrix-animation-input"/>
        <input semantic="OUTPUT" source="#mixamorig_Hips-Matrix-animation-output-transform"/>
        <input semantic="INTERPOLATION" source="#mixamorig_Hips-Interpolations"/>
      </sampler>
      <channel source="#mixamorig_Hips-Matrix-animation-transform" target="mixamorig_Hips/matrix"/>
      <source id="mixamorig_Spine-Matrix-animation-input">
        <float_array id="mixamorig_Spine-Matrix-animation-input-array" count="38">

0.000000 0.033333 0.066667 0.100000 0.133333 0.166667 0.200000 0.233333 0.266667 0.300000 0.333333 0.366667 0.400000 0.433333 0.466667 0.500000
0.533333 0.566667 0.600000 0.633333 0.666667 0.700000 0.733333 0.766667 0.800000 0.833333 0.866667 0.900000 0.933333 0.966667 1.000000 1.033333
1.066667 1.100000 1.133333 1.166667 1.200000 1.233333</float_array>
        <technique_common>
          <accessor source="#mixamorig_Spine-Matrix-animation-input-array" count="38">
            <param name="TIME" type="float"/>
          </accessor>
        </technique_common>
      </source>
      <source id="mixamorig_Spine-Matrix-animation-output-transform">
        <float_array id="mixamorig_Spine-Matrix-animation-output-transform-array" count="608">

0.991537 0.016945 0.128712 0.000000 -0.010800 0.998775 -0.048289 0.069300 -0.129372 0.046490 0.990506 -0.008100 0.000000 0.000000 0.000000 1.000000
0.994793 0.009533 0.101468 0.000000 -0.007758 0.999810 -0.017873 0.069300 -0.101619 0.016993 0.994678 -0.008100 0.000000 0.000000 0.000000 1.000000
0.996147 -0.003914 0.087617 -0.000000 0.001821 0.999711 0.023955 0.069300 -0.087686 -0.023703 0.995866 -0.008100 0.000000 0.000000 0.000000 1.000000
0.994986 -0.027952 0.096029 0.000000 0.020971 0.997115 0.072953 0.069300 -0.097791 -0.070573 0.992702 -0.008100 0.000000 0.000000 0.000000 1.000000
0.995506 -0.042272 0.084741 -0.000000 0.034447 0.995184 0.091770 0.069300 -0.088212 -0.088439 0.992168 -0.008100 0.000000 0.000000 0.000000 1.000000
0.996501 -0.052401 0.065111 0.000000 0.046523 0.994969 0.088726 0.069300 -0.069433 -0.085387 0.993926 -0.008100 0.000000 0.000000 0.000000 1.000000
0.996293 -0.062799 0.058797 -0.000000 0.058039 0.995148 0.079447 0.069300 -0.063501 -0.075740 0.995104 -0.008100 0.000000 0.000000 0.000000 1.000000
0.996216 -0.068451 0.053554 0.000000 0.065039 0.995889 0.063054 0.069300 -0.057650 -0.059332 0.996572 -0.008100 0.000000 0.000000 0.000000 1.000000
0.996544 -0.072216 0.041040 -0.000000 0.070536 0.996666 0.040997 0.069300 -0.043864 -0.037960 0.998316 -0.008100 0.000000 0.000000 0.000000 1.000000
0.996854 -0.075419 0.024355 -0.000000 0.074963 0.997003 0.019145 0.069300 -0.025726 -0.017259 0.999520 -0.008100 0.000000 0.000000 0.000000 1.000000
0.997021 -0.076555 0.009382 -0.000000 0.076556 0.997065 0.000174 0.069300 -0.009368 0.000544 0.999956 -0.008100 0.000000 0.000000 0.000000 1.000000
0.997168 -0.075100 -0.003947 -0.000000 0.075023 0.997037 -0.016970 0.069300 0.005209 0.016626 0.999848 -0.008100 0.000000 0.000000 0.000000 1.000000
0.997277 -0.071892 -0.016410 -0.000000 0.071337 0.996932 -0.032217 0.069300 0.018676 0.030958 0.999346 -0.008100 0.000000 0.000000 0.000000 1.000000
0.997361 -0.067979 -0.025479 0.000000 0.066810 0.996785 -0.044235 0.069300 0.028405 0.042416 0.998696 -0.008100 0.000000 0.000000 0.000000 1.000000
0.997485 -0.063672 -0.031126 0.000000 0.061930 0.996617 -0.054023 0.069300 0.034460 0.051960 0.998054 -0.008100 0.000000 0.000000 0.000000 1.000000
0.997628 -0.058055 -0.036977 0.000000 0.055623 0.996417 -0.063706 0.069300 0.040543 0.061498 0.997283 -0.008100 0.000000 0.000000 0.000000 1.000000
0.997812 -0.050144 -0.043097 0.000000 0.046910 0.996226 -0.073030 0.069300 0.046597 0.070848 0.996398 -0.008100 0.000000 0.000000 0.000000 1.000000
0.998147 -0.039784 -0.046034 0.000000 0.036003 0.996125 -0.080244 0.069300 0.049048 0.078438 0.995712 -0.008100 0.000000 0.000000 0.000000 1.000000
0.998606 -0.026967 -0.045373 0.000000 0.023056 0.996147 -0.084614 0.069300 0.047480 0.083450 0.995380 -0.008100 0.000000 0.000000 0.000000 1.000000
0.999058 -0.012172 -0.041653 -0.000000 0.008544 0.996241 -0.086208 0.069300 0.042546 0.085771 0.995406 -0.008100 0.000000 0.000000 0.000000 1.000000
0.999428 0.002733 -0.033698 0.000000 -0.005572 0.996413 -0.084439 0.069300 0.033346 0.084579 0.995859 -0.008100 0.000000 0.000000 0.000000 1.000000
0.999647 0.014999 -0.021936 0.000000 -0.016693 0.996719 -0.079195 0.069300 0.020676 0.079533 0.996618 -0.008100 0.000000 0.000000 0.000000 1.000000
0.999674 0.023455 -0.010104 0.000000 -0.024121 0.997126 -0.071813 0.069300 0.008391 0.072034 0.997367 -0.008100 0.000000 0.000000 0.000000 1.000000
0.999571 0.029277 -0.000057 0.000000 -0.029220 0.997489 -0.064519 0.069300 -0.001832 0.064493 0.997916 -0.008100 0.000000 0.000000 0.000000 1.000000
0.999388 0.033726 0.009260 0.000000 -0.033124 0.997717 -0.058853 0.069300 -0.011224 0.058510 0.998224 -0.008100 0.000000 0.000000 0.000000 1.000000
0.999172 0.036199 0.018578 -0.000000 -0.035137 0.997888 -0.054626 0.069300 -0.020517 0.053928 0.998334 -0.008100 0.000000 0.000000 0.000000 1.000000
0.998949 0.036160 0.028173 0.000000 -0.034683 0.998082 -0.051286 0.069300 -0.029973 0.050255 0.998287 -0.008100 0.000000 0.000000 0.000000 1.000000
0.998664 0.034830 0.038185 0.000000 -0.032944 0.998258 -0.048944 0.069300 -0.039823 0.047621 0.998071 -0.008100 0.000000 0.000000 0.000000 1.000000
0.998267 0.033266 0.048553 -0.000000 -0.030982 0.998411 -0.047064 0.069300 -0.050041 0.045479 0.997711 -0.008100 0.000000 0.000000 0.000000 1.000000
0.997751 0.031526 0.059151 0.000000 -0.028861 0.998552 -0.045391 0.069300 -0.060497 0.043582 0.997217 -0.008100 0.000000 0.000000 0.000000 1.000000
0.997121 0.029647 0.069795 -0.000000 -0.026611 0.998676 -0.044032 0.069300 -0.071008 0.042048 0.996589 -0.008100 0.000000 0.000000 0.000000 1.000000
0.996385 0.027710 0.080306 0.000000 -0.024312 0.998780 -0.042988 0.069300 -0.081399 0.040880 0.995843 -0.008100 0.000000 0.000000 0.000000 1.000000
0.995565 0.025766 0.090479 -0.000000 -0.022005 0.998862 -0.042320 0.069300 -0.091466 0.040141 0.994999 -0.008100 0.000000 0.000000 0.000000 1.000000
0.994683 0.023868 0.100175 -0.000000 -0.019739 0.998923 -0.042002 0.069300 -0.101070 0.039801 0.994083 -0.008100 0.000000 0.000000 0.000000 1.000000
0.993775 0.022072 0.109200 0.000000 -0.017564 0.998960 -0.042069 0.069300 -0.110015 0.039889 0.993129 -0.008100 0.000000 0.000000 0.000000 1.000000
0.992957 0.020243 0.116731 0.000000 -0.015257 0.998939 -0.043450 0.069300 -0.117487 0.041363 0.992213 -0.008100 0.000000 0.000000 0.000000 1.000000
0.992239 0.018523 0.122959 -0.000000 -0.012954 0.998861 -0.045933 0.069300 -0.123670 0.043983 0.991348 -0.008100 0.000000 0.000000 0.000000 1.000000
0.991537 0.016945 0.128712 -0.000000 -0.010800 0.998775 -0.048289 0.069300 -0.129373 0.046490 0.990506 -0.008100 0.000000 0.000000 0.000000 1.000000</float_array>
        <technique_common>
          <accessor source="#mixamorig_Spine-Matrix-animation-output-transform-array" count="38" stride="16">
            <param type="float4x4"/>
          </accessor>
        </technique_common>
      </source>
      <source id="mixamorig_Spine-Interpolations">
        <Name_array id="mixamorig_Spine-Interpolations-array" count="38">
 LINEAR LINEAR LINEAR LINEAR LINEAR LINEAR LINEAR LINEAR LINEAR LINEAR LINEAR
LINEAR LINEAR LINEAR LINEAR LINEAR LINEAR LINEAR LINEAR LINEAR LINEAR LINEAR LINEAR
LINEAR LINEAR LINEAR LINEAR LINEAR LINEAR LINEAR LINEAR LINEAR LINEAR LINEAR LINEAR
LINEAR LINEAR LINEAR</Name_array>
        <technique_common>
          <accessor source="#mixamorig_Spine-Interpolations-array" count="38">
            <param type="name"/>
          </accessor>
        </technique_common>
      </source>
      <sampler id="mixamorig_Spine-Matrix-animation-transform">
        <input semantic="INPUT" source="#mixamorig_Spine-Matrix-animation-input"/>
        <input semantic="OUTPUT" source="#mixamorig_Spine-Matrix-animation-output-transform"/>
        <input semantic="INTERPOLATION" source="#mixamorig_Spine-Interpolations"/>
      </sampler>
      <channel source="#mixamorig_Spine-Matrix-animation-transform" target="mixamorig_Spine/matrix"/>
      <source id="mixamorig_Spine1-Matrix-animation-input">
        <float_array id="mixamorig_Spine1-Matrix-animation-input-array" count="38">

0.000000 0.033333 0.066667 0.100000 0.133333 0.166667 0.200000 0.233333 0.266667 0.300000 0.333333 0.366667 0.400000 0.433333 0.466667 0.500000
0.533333 0.566667 0.600000 0.633333 0.666667 0.700000 0.733333 0.766667 0.800000 0.833333 0.866667 0.900000 0.933333 0.966667 1.000000 1.033333
1.066667 1.100000 1.133333 1.166667 1.200000 1.233333</float_array>
        <technique_common>
          <accessor source="#mixamorig_Spine1-Matrix-animation-input-array" count="38">
            <param name="TIME" type="float"/>
          </accessor>
        </technique_common>
      </source>
      <source id="mixamorig_Spine1-Matrix-animation-output-transform">
        <float_array id="mixamorig_Spine1-Matrix-animation-output-transform-array" count="608">

0.999723 0.013875 0.019007 0.000000 -0.013141 0.999185 -0.038166 0.081400 -0.019521 0.037905 0.999091 0.000000 0.000000 0.000000 0.000000 1.000000
0.999539 0.022188 0.020734 0.000000 -0.020679 0.997307 -0.070366 0.081400 -0.022239 0.069905 0.997306 0.000000 0.000000 0.000000 0.000000 1.000000
0.998982 0.027731 0.035583 0.000000 -0.023947 0.994427 -0.102673 0.081400 -0.038232 0.101716 0.994079 0.000000 0.000000 0.000000 0.000000 1.000000
0.997430 0.027540 0.066139 -0.000000 -0.018966 0.991731 -0.126928 0.081400 -0.069087 0.125348 0.989704 -0.000000 0.000000 0.000000 0.000000 1.000000
0.996505 0.029674 0.078082 0.000000 -0.017194 0.987623 -0.155901 0.081400 -0.081742 0.154013 0.984682 -0.000000 0.000000 0.000000 0.000000 1.000000
0.996972 0.026357 0.073165 -0.000000 -0.013262 0.984657 -0.173998 0.081400 -0.076628 0.172501 0.982024 0.000000 0.000000 0.000000 0.000000 1.000000
0.997353 0.020485 0.069762 -0.000000 -0.007547 0.983473 -0.180897 0.081400 -0.072315 0.179891 0.981025 0.000000 0.000000 0.000000 0.000000 1.000000
0.997599 0.018352 0.066777 0.000000 -0.005122 0.981159 -0.193132 0.081400 -0.069063 0.192326 0.978898 0.000000 0.000000 0.000000 0.000000 1.000000
0.998141 0.015624 0.058918 0.000000 -0.002985 0.977960 -0.208770 0.081400 -0.060881 0.208206 0.976188 0.000000 0.000000 0.000000 0.000000 1.000000
0.998773 0.011523 0.048160 0.000000 -0.000476 0.974741 -0.223336 0.081400 -0.049517 0.223039 0.973551 -0.000000 0.000000 0.000000 0.000000 1.000000
0.999238 0.008106 0.038192 0.000000 0.001117 0.971879 -0.235479 0.081400 -0.039027 0.235342 0.971129 0.000000 0.000000 0.000000 0.000000 1.000000
0.999554 0.006618 0.029106 0.000000 0.000766 0.969106 -0.246642 0.081400 -0.029839 0.246554 0.968670 -0.000000 0.000000 0.000000 0.000000 1.000000
0.999758 0.007628 0.020629 0.000000 -0.002074 0.966450 -0.256845 0.081400 -0.021896 0.256740 0.966232 -0.000000 0.000000 0.000000 0.000000 1.000000
0.999839 0.010562 0.014478 0.000000 -0.006356 0.964346 -0.264569 0.081400 -0.016757 0.264434 0.964258 0.000000 0.000000 0.000000 0.000000 1.000000
0.999847 0.013995 0.010537 -0.000000 -0.010628 0.962754 -0.270169 0.081400 -0.013926 0.270016 0.962755 0.000000 0.000000 0.000000 0.000000 1.000000
0.999825 0.017651 0.006246 -0.000000 -0.015250 0.961236 -0.275304 0.081400 -0.010863 0.275161 0.961337 0.000000 0.000000 0.000000 0.000000 1.000000
0.999754 0.022109 0.001550 0.000000 -0.020792 0.959814 -0.279865 0.081400 -0.007675 0.279764 0.960038 0.000000 0.000000 0.000000 0.000000 1.000000
0.999617 0.027652 -0.001155 -0.000000 -0.026849 0.958774 -0.282898 0.081400 -0.006716 0.282821 0.959149 -0.000000 0.000000 0.000000 0.000000 1.000000
0.999388 0.034942 -0.001692 -0.000000 -0.033980 0.958081 -0.284475 0.081400 -0.008319 0.284358 0.958682 0.000000 0.000000 0.000000 0.000000 1.000000
0.999026 0.044117 -0.001179 -0.000000 -0.042643 0.958076 -0.283322 0.081400 -0.011370 0.283096 0.959024 0.000000 0.000000 0.000000 0.000000 1.000000
0.998562 0.053588 0.001252 0.000000 -0.051126 0.959182 -0.278128 0.081400 -0.016106 0.277664 0.960543 0.000000 0.000000 0.000000 0.000000 1.000000
0.998146 0.060613 0.005558 -0.000000 -0.056901 0.961633 -0.268374 0.081400 -0.021612 0.267560 0.963299 0.000000 0.000000 0.000000 0.000000 1.000000
0.997885 0.064329 0.009388 0.000000 -0.059806 0.964987 -0.255390 0.081400 -0.025488 0.254288 0.966793 0.000000 0.000000 0.000000 0.000000 1.000000
0.997739 0.066208 0.011590 0.000000 -0.061468 0.968528 -0.241196 0.081400 -0.027195 0.239938 0.970407 0.000000 0.000000 0.000000 0.000000 1.000000
0.997641 0.067412 0.012980 0.000000 -0.062718 0.971884 -0.226953 0.081400 -0.027914 0.225604 0.973819 -0.000000 0.000000 0.000000 0.000000 1.000000
0.997634 0.067281 0.014135 0.000000 -0.062750 0.975122 -0.212600 0.081400 -0.028087 0.211210 0.977037 0.000000 0.000000 0.000000 0.000000 1.000000
0.997770 0.064988 0.015238 -0.000000 -0.060703 0.978360 -0.197807 0.081400 -0.027763 0.196441 0.980123 0.000000 0.000000 0.000000 0.000000 1.000000
0.997989 0.061251 0.016339 0.000000 -0.057250 0.981516 -0.182615 0.081400 -0.027223 0.181313 0.983049 0.000000 0.000000 0.000000 0.000000 1.000000
0.998221 0.057024 0.017433 0.000000 -0.053327 0.984525 -0.166934 0.081400 -0.026682 0.165707 0.985814 -0.000000 0.000000 0.000000 0.000000 1.000000
0.998453 0.052434 0.018504 -0.000000 -0.049055 0.987336 -0.150869 0.081400 -0.026181 0.149727 0.988381 0.000000 0.000000 0.000000 0.000000 1.000000
0.998679 0.047542 0.019493 -0.000000 -0.044495 0.989890 -0.134677 0.081400 -0.025699 0.133632 0.990698 0.000000 0.000000 0.000000 0.000000 1.000000
0.998890 0.042476 0.020353 -0.000000 -0.039774 0.992149 -0.118568 0.081400 -0.025230 0.117627 0.992737 0.000000 0.000000 0.000000 0.000000 1.000000
0.999082 0.037335 0.021019 -0.000000 -0.034986 0.994088 -0.102788 0.081400 -0.024732 0.101958 0.994481 0.000000 0.000000 0.000000 0.000000 1.000000
0.999250 0.032235 0.021476 0.000000 -0.030239 0.995703 -0.087524 0.081400 -0.024205 0.086808 0.995931 0.000000 0.000000 0.000000 0.000000 1.000000
0.999396 0.027180 0.021652 0.000000 -0.025533 0.997005 -0.072999 0.081400 -0.023571 0.072402 0.997097 0.000000 0.000000 0.000000 0.000000 1.000000
0.999528 0.022351 0.021084 0.000000 -0.021050 0.997975 -0.060016 0.081400 -0.022383 0.059544 0.997975 0.000000 0.000000 0.000000 0.000000 1.000000
0.999639 0.017949 0.020007 -0.000000 -0.016959 0.998673 -0.048620 0.081400 -0.020853 0.048263 0.998617 0.000000 0.000000 0.000000 0.000000 1.000000
0.999723 0.013875 0.019006 0.000000 -0.013141 0.999185 -0.038166 0.081400 -0.019520 0.037905 0.999091 -0.000000 0.000000 0.000000 0.000000 1.000000</float_array>
        <technique_common>
          <accessor source="#mixamorig_Spine1-Matrix-animation-output-transform-array" count="38" stride="16">
            <param type="float4x4"/>
          </accessor>
        </technique_common>
      </source>
      <source id="mixamorig_Spine1-Interpolations">
        <Name_array id="mixamorig_Spine1-Interpolations-array" count="38">
 LINEAR LINEAR LINEAR LINEAR LINEAR LINEAR LINEAR LINEAR LINEAR LINEAR LINEAR
LINEAR LINEAR LINEAR LINEAR LINEAR LINEAR LINEAR LINEAR LINEAR LINEAR LINEAR LINEAR
LINEAR LINEAR LINEAR LINEAR LINEAR LINEAR LINEAR LINEAR LINEAR LINEAR LINEAR LINEAR
LINEAR LINEAR LINEAR</Name_array>
        <technique_common>
          <accessor source="#mixamorig_Spine1-Interpolations-array" count="38">
            <param type="name"/>
          </accessor>
        </technique_common>
      </source>
      <sampler id="mixamorig_Spine1-Matrix-animation-transform">
        <input semantic="INPUT" source="#mixamorig_Spine1-Matrix-animation-input"/>
        <input semantic="OUTPUT" source="#mixamorig_Spine1-Matrix-animation-output-transform"/>
        <input semantic="INTERPOLATION" source="#mixamorig_Spine1-Interpolations"/>
      </sampler>
      <channel source="#mixamorig_Spine1-Matrix-animation-transform" target="mixamorig_Spine1/matrix"/>
      <source id="mixamorig_Spine2-Matrix-animation-input">
        <float_array id="mixamorig_Spine2-Matrix-animation-input-array" count="38">

0.000000 0.033333 0.066667 0.100000 0.133333 0.166667 0.200000 0.233333 0.266667 0.300000 0.333333 0.366667 0.400000 0.433333 0.466667 0.500000
0.533333 0.566667 0.600000 0.633333 0.666667 0.700000 0.733333 0.766667 0.800000 0.833333 0.866667 0.900000 0.933333 0.966667 1.000000 1.033333
1.066667 1.100000 1.133333 1.166667 1.200000 1.233333</float_array>
        <technique_common>
          <accessor source="#mixamorig_Spine2-Matrix-animation-input-array" count="38">
            <param name="TIME" type="float"/>
          </accessor>
        </technique_common>
      </source>
      <source id="mixamorig_Spine2-Matrix-animation-output-transform">
        <float_array id="mixamorig_Spine2-Matrix-animation-output-transform-array" count="608">

0.999731 0.013517 0.018840 0.000000 -0.012785 0.999180 -0.038422 0.093100 -0.019344 0.038171 0.999084 0.000000 0.000000 0.000000 0.000000 1.000000
0.999553 0.021827 0.020407 0.000000 -0.020336 0.997296 -0.070617 0.093100 -0.021894 0.070170 0.997295 0.000000 0.000000 0.000000 0.000000 1.000000
0.999015 0.027226 0.035034 0.000000 -0.023491 0.994413 -0.102914 0.093100 -0.037640 0.101990 0.994073 0.000000 0.000000 0.000000 0.000000 1.000000
0.997509 0.026673 0.065306 0.000000 -0.018189 0.991708 -0.127217 0.093100 -0.068158 0.125712 0.989723 0.000000 0.000000 0.000000 0.000000 1.000000
0.996611 0.028658 0.077108 0.000000 -0.016305 0.987575 -0.156297 0.093100 -0.080629 0.154510 0.984696 0.000000 0.000000 0.000000 0.000000 1.000000
0.997078 0.025343 0.072068 0.000000 -0.012412 0.984578 -0.174507 0.093100 -0.075379 0.173102 0.982015 -0.000000 0.000000 0.000000 0.000000 1.000000
0.997458 0.019453 0.068549 0.000000 -0.006708 0.983376 -0.181456 0.093100 -0.070939 0.180535 0.981007 0.000000 0.000000 0.000000 0.000000 1.000000
0.997700 0.017367 0.065526 0.000000 -0.004356 0.981053 -0.193692 0.093100 -0.067648 0.192961 0.978872 0.000000 0.000000 0.000000 0.000000 1.000000
0.998227 0.014773 0.057658 0.000000 -0.002380 0.977842 -0.209331 0.093100 -0.059473 0.208822 0.976144 0.000000 0.000000 0.000000 0.000000 1.000000
0.998843 0.010809 0.046859 -0.000000 -0.000042 0.974610 -0.223908 0.093100 -0.048090 0.223647 0.973483 0.000000 0.000000 0.000000 0.000000 1.000000
0.999295 0.007482 0.036801 0.000000 0.001418 0.971736 -0.236067 0.093100 -0.037528 0.235952 0.971040 -0.000000 0.000000 0.000000 0.000000 1.000000
0.999600 0.006063 0.027624 0.000000 0.000955 0.968956 -0.247230 0.093100 -0.028265 0.247158 0.968563 0.000000 0.000000 0.000000 0.000000 1.000000
0.999791 0.007148 0.019144 -0.000000 -0.001980 0.966303 -0.257402 0.093100 -0.020338 0.257310 0.966115 -0.000000 0.000000 0.000000 0.000000 1.000000
0.999863 0.010159 0.013096 0.000000 -0.006325 0.964207 -0.265075 0.093100 -0.015320 0.264956 0.964139 0.000000 0.000000 0.000000 0.000000 1.000000
0.999864 0.013648 0.009277 -0.000000 -0.010629 0.962624 -0.270634 0.093100 -0.012624 0.270498 0.962638 0.000000 0.000000 0.000000 0.000000 1.000000
0.999837 0.017343 0.005065 -0.000000 -0.015274 0.961112 -0.275737 0.093100 -0.009650 0.275615 0.961220 0.000000 0.000000 0.000000 0.000000 1.000000
0.999761 0.021843 0.000467 0.000000 -0.020837 0.959696 -0.280265 0.093100 -0.006570 0.280188 0.959923 0.000000 0.000000 0.000000 0.000000 1.000000
0.999621 0.027453 -0.002046 0.000000 -0.026908 0.958664 -0.283264 0.093100 -0.005815 0.283212 0.959040 0.000000 0.000000 0.000000 0.000000 1.000000
0.999391 0.034819 -0.002350 -0.000000 -0.034046 0.957980 -0.284809 0.093100 -0.007666 0.284715 0.958582 0.000000 0.000000 0.000000 0.000000 1.000000
0.999028 0.044058 -0.001622 0.000000 -0.042708 0.957985 -0.283620 0.093100 -0.010942 0.283413 0.958935 -0.000000 0.000000 0.000000 0.000000 1.000000
0.998563 0.053590 0.001007 0.000000 -0.051192 0.959106 -0.278379 0.093100 -0.015884 0.277927 0.960471 -0.000000 0.000000 0.000000 0.000000 1.000000
0.998143 0.060661 0.005477 0.000000 -0.056965 0.961574 -0.268571 0.093100 -0.021559 0.267760 0.963244 0.000000 0.000000 0.000000 0.000000 1.000000
0.997881 0.064386 0.009395 0.000000 -0.059855 0.964944 -0.255541 0.093100 -0.025519 0.254437 0.966752 0.000000 0.000000 0.000000 0.000000 1.000000
0.997736 0.066239 0.011627 0.000000 -0.061486 0.968498 -0.241312 0.093100 -0.027245 0.240051 0.970378 0.000000 0.000000 0.000000 0.000000 1.000000
0.997640 0.067405 0.013042 -0.000000 -0.062696 0.971866 -0.227037 0.093100 -0.027978 0.225684 0.973799 -0.000000 0.000000 0.000000 0.000000 1.000000
0.997636 0.067231 0.014223 0.000000 -0.062682 0.975115 -0.212655 0.093100 -0.028166 0.211261 0.977024 -0.000000 0.000000 0.000000 0.000000 1.000000
0.997775 0.064881 0.015325 -0.000000 -0.060580 0.978359 -0.197846 0.093100 -0.027830 0.196478 0.980113 0.000000 0.000000 0.000000 0.000000 1.000000
0.997999 0.061063 0.016406 -0.000000 -0.057053 0.981521 -0.182653 0.093100 -0.027256 0.181352 0.983041 0.000000 0.000000 0.000000 0.000000 1.000000
0.998238 0.056711 0.017476 0.000000 -0.053010 0.984535 -0.166976 0.093100 -0.026675 0.165756 0.985806 0.000000 0.000000 0.000000 0.000000 1.000000
0.998472 0.052061 0.018512 -0.000000 -0.048682 0.987346 -0.150921 0.093100 -0.026135 0.149790 0.988372 0.000000 0.000000 0.000000 0.000000 1.000000
0.998698 0.047153 0.019459 0.000000 -0.044112 0.989898 -0.134746 0.093100 -0.025616 0.133713 0.990689 0.000000 0.000000 0.000000 0.000000 1.000000
0.998911 0.042015 0.020280 0.000000 -0.039322 0.992156 -0.118657 0.093100 -0.025107 0.117730 0.992728 0.000000 0.000000 0.000000 0.000000 1.000000
0.999104 0.036804 0.020909 0.000000 -0.034466 0.994094 -0.102900 0.093100 -0.024572 0.102087 0.994472 0.000000 0.000000 0.000000 0.000000 1.000000
0.999272 0.031636 0.021330 0.000000 -0.029652 0.995709 -0.087661 0.093100 -0.024012 0.086965 0.995922 0.000000 0.000000 0.000000 0.000000 1.000000
0.999410 0.026781 0.021494 0.000000 -0.025142 0.997003 -0.073169 0.093100 -0.023389 0.072585 0.997088 0.000000 0.000000 0.000000 0.000000 1.000000
0.999537 0.022082 0.020932 -0.000000 -0.020787 0.997969 -0.060216 0.093100 -0.022219 0.059753 0.997966 0.000000 0.000000 0.000000 0.000000 1.000000
0.999648 0.017634 0.019847 0.000000 -0.016647 0.998667 -0.048848 0.093100 -0.020682 0.048501 0.998609 0.000000 0.000000 0.000000 0.000000 1.000000
0.999731 0.013517 0.018840 0.000000 -0.012785 0.999180 -0.038422 0.093100 -0.019344 0.038171 0.999084 0.000000 0.000000 0.000000 0.000000 1.000000</float_array>
        <technique_common>
          <accessor source="#mixamorig_Spine2-Matrix-animation-output-transform-array" count="38" stride="16">
            <param type="float4x4"/>
          </accessor>
        </technique_common>
      </source>
      <source id="mixamorig_Spine2-Interpolations">
        <Name_array id="mixamorig_Spine2-Interpolations-array" count="38">
 LINEAR LINEAR LINEAR LINEAR LINEAR LINEAR LINEAR LINEAR LINEAR LINEAR LINEAR
LINEAR LINEAR LINEAR LINEAR LINEAR LINEAR LINEAR LINEAR LINEAR LINEAR LINEAR LINEAR
LINEAR LINEAR LINEAR LINEAR LINEAR LINEAR LINEAR LINEAR LINEAR LINEAR LINEAR LINEAR
LINEAR LINEAR LINEAR</Name_array>
        <technique_common>
          <accessor source="#mixamorig_Spine2-Interpolations-array" count="38">
            <param type="name"/>
          </accessor>
        </technique_common>
      </source>
      <sampler id="mixamorig_Spine2-Matrix-animation-transform">
        <input semantic="INPUT" source="#mixamorig_Spine2-Matrix-animation-input"/>
        <input semantic="OUTPUT" source="#mixamorig_Spine2-Matrix-animation-output-transform"/>
        <input semantic="INTERPOLATION" source="#mixamorig_Spine2-Interpolations"/>
      </sampler>
      <channel source="#mixamorig_Spine2-Matrix-animation-transform" target="mixamorig_Spine2/matrix"/>
      <source id="mixamorig_Neck-Matrix-animation-input">
        <float_array id="mixamorig_Neck-Matrix-animation-input-array" count="38">

0.000000 0.033333 0.066667 0.100000 0.133333 0.166667 0.200000 0.233333 0.266667 0.300000 0.333333 0.366667 0.400000 0.433333 0.466667 0.500000
