<?xml version="1.0" encoding="utf-8"?>
<COLLADA xmlns="http://www.collada.org/2005/11/COLLADASchema" version="1.4.1">
  <asset>
    <contributor>
      <author>Mixamo</author>
      <authoring_tool>COLLADA Mixamo exporter</authoring_tool>
      <comments/>
    </contributor>
    <created>2024-05-10T12:19:12Z</created>
    <modified>2024-05-10T12:19:12Z</modified>
    <revision/>
    <title/>
    <unit meter="0.010000"/>
    <up_axis>Y_UP</up_axis>
  </asset>
  <library_animations>
    <animation>
      <source id="Armature.001-Matrix-animation-input">
        <float_array id="Armature.001-Matrix-animation-input-array" count="36">

0.000000 0.033333 0.066667 0.100000 0.133333 0.166667 0.200000 0.233333 0.266667 0.300000 0.333333 0.366667 0.400000 0.433333 0.466667 0.500000
0.533333 0.566667 0.600000 0.633333 0.666667 0.700000 0.733333 0.766667 0.800000 0.833333 0.866667 0.900000 0.933333 0.966667 1.000000 1.033333
1.066667 1.100000 1.133333 1.166667</float_array>
        <technique_common>
          <accessor source="#Armature.001-Matrix-animation-input-array" count="36">
            <param name="TIME" type="float"/>
          </accessor>
        </technique_common>
      </source>
      <source id="Armature.001-Matrix-animation-output-transform">
        <float_array id="Armature.001-Matrix-animation-output-transform-array" count="576">

100.000000 0.000000 0.000000 0.000000 0.000000 0.000000 100.000000 0.000000 0.000000 -100.000000 0.000000 0.000000 0.000000 0.000000 0.000000 1.000000
100.000000 0.000000 0.000000 0.000000 0.000000 0.000000 100.000000 0.000000 0.000000 -100.000000 0.000000 0.000000 0.000000 0.000000 0.000000 1.000000
100.000000 0.000000 0.000000 0.000000 0.000000 0.000000 100.000000 0.000000 0.000000 -100.000000 0.000000 0.000000 0.000000 0.000000 0.000000 1.000000
100.000000 0.000000 0.000000 0.000000 0.000000 0.000000 100.000000 0.000000 0.000000 -100.000000 0.000000 0.000000 0.000000 0.000000 0.000000 1.000000
100.000000 0.000000 0.000000 0.000000 0.000000 0.000000 100.000000 0.000000 0.000000 -100.000000 0.000000 0.000000 0.000000 0.000000 0.000000 1.000000
100.000000 0.000000 0.000000 0.000000 0.000000 0.000000 100.000000 0.000000 0.000000 -100.000000 0.000000 0.000000 0.000000 0.000000 0.000000 1.000000
100.000000 0.000000 0.000000 0.000000 0.000000 0.000000 100.000000 0.000000 0.000000 -100.000000 0.000000 0.000000 0.000000 0.000000 0.000000 1.000000
100.000000 0.000000 0.000000 0.000000 0.000000 0.000000 100.000000 0.000000 0.000000 -100.000000 0.000000 0.000000 0.000000 0.000000 0.000000 1.000000
100.000000 0.000000 0.000000 0.000000 0.000000 0.000000 100.000000 0.000000 0.000000 -100.000000 0.000000 0.000000 0.000000 0.000000 0.000000 1.000000
100.000000 0.000000 0.000000 0.000000 0.000000 0.000000 100.000000 0.000000 0.000000 -100.000000 0.000000 0.000000 0.000000 0.000000 0.000000 1.000000
100.000000 0.000000 0.000000 0.000000 0.000000 0.000000 100.000000 0.000000 0.000000 -100.000000 0.000000 0.000000 0.000000 0.000000 0.000000 1.000000
100.000000 0.000000 0.000000 0.000000 0.000000 0.000000 100.000000 0.000000 0.000000 -100.000000 0.000000 0.000000 0.000000 0.000000 0.000000 1.000000
100.000000 0.000000 0.000000 0.000000 0.000000 0.000000 100.000000 0.000000 0.000000 -100.000000 0.000000 0.000000 0.000000 0.000000 0.000000 1.000000
100.000000 0.000000 0.000000 0.000000 0.000000 0.000000 100.000000 0.000000 0.000000 -100.000000 0.000000 0.000000 0.000000 0.000000 0.000000 1.000000
100.000000 0.000000 0.000000 0.000000 0.000000 0.000000 100.000000 0.000000 0.000000 -100.000000 0.000000 0.000000 0.000000 0.000000 0.000000 1.000000
100.000000 0.000000 0.000000 0.000000 0.000000 0.000000 100.000000 0.000000 0.000000 -100.000000 0.000000 0.000000 0.000000 0.000000 0.000000 1.000000
100.000000 0.000000 0.000000 0.000000 0.000000 0.000000 100.000000 0.000000 0.000000 -100.000000 0.000000 0.000000 0.000000 0.000000 0.000000 1.000000
100.000000 0.000000 0.000000 0.000000 0.000000 0.000000 100.000000 0.000000 0.000000 -100.000000 0.000000 0.000000 0.000000 0.000000 0.000000 1.000000
100.000000 0.000000 0.000000 0.000000 0.000000 0.000000 100.000000 0.000000 0.000000 -100.000000 0.000000 0.000000 0.000000 0.000000 0.000000 1.000000
100.000000 0.000000 0.000000 0.000000 0.000000 0.000000 100.000000 0.000000 0.000000 -100.000000 0.000000 0.000000 0.000000 0.000000 0.000000 1.000000
100.000000 0.000000 0.000000 0.000000 0.000000 0.000000 100.000000 0.000000 0.000000 -100.000000 0.000000 0.000000 0.000000 0.000000 0.000000 1.000000
100.000000 0.000000 0.000000 0.000000 0.000000 0.000000 100.000000 0.000000 0.000000 -100.000000 0.000000 0.000000 0.000000 0.000000 0.000000 1.000000
100.000000 0.000000 0.000000 0.000000 0.000000 0.000000 100.000000 0.000000 0.000000 -100.000000 0.000000 0.000000 0.000000 0.000000 0.000000 1.000000
100.000000 0.000000 0.000000 0.000000 0.000000 0.000000 100.000000 0.000000 0.000000 -100.000000 0.000000 0.000000 0.000000 0.000000 0.000000 1.000000
100.000000 0.000000 0.000000 0.000000 0.000000 0.000000 100.000000 0.000000 0.000000 -100.000000 0.000000 0.000000 0.000000 0.000000 0.000000 1.000000
100.000000 0.000000 0.000000 0.000000 0.000000 0.000000 100.000000 0.000000 0.000000 -100.000000 0.000000 0.000000 0.000000 0.000000 0.000000 1.000000
100.000000 0.000000 0.000000 0.000000 0.000000 0.000000 100.000000 0.000000 0.000000 -100.000000 0.000000 0.000000 0.000000 0.000000 0.000000 1.000000
100.000000 0.000000 0.000000 0.000000 0.000000 0.000000 100.000000 0.000000 0.000000 -100.000000 0.000000 0.000000 0.000000 0.000000 0.000000 1.000000
100.000000 0.000000 0.000000 0.000000 0.000000 0.000000 100.000000 0.000000 0.000000 -100.000000 0.000000 0.000000 0.000000 0.000000 0.000000 1.000000
100.000000 0.000000 0.000000 0.000000 0.000000 0.000000 100.000000 0.000000 0.000000 -100.000000 0.000000 0.000000 0.000000 0.000000 0.000000 1.000000
100.000000 0.000000 0.000000 0.000000 0.000000 0.000000 100.000000 0.000000 0.000000 -100.000000 0.000000 0.000000 0.000000 0.000000 0.000000 1.000000
100.000000 0.000000 0.000000 0.000000 0.000000 0.000000 100.000000 0.000000 0.000000 -100.000000 0.000000 0.000000 0.000000 0.000000 0.000000 1.000000
100.000000 0.000000 0.000000 0.000000 0.000000 0.000000 100.000000 0.000000 0.000000 -100.000000 0.000000 0.000000 0.000000 0.000000 0.000000 1.000000
100.000000 0.000000 0.000000 0.000000 0.000000 0.000000 100.000000 0.000000 0.000000 -100.000000 0.000000 0.000000 0.000000 0.000000 0.000000 1.000000
100.000000 0.000000 0.000000 0.000000 0.000000 0.000000 100.000000 0.000000 0.000000 -100.000000 0.000000 0.000000 0.000000 0.000000 0.000000 1.000000
100.000000 0.000000 0.000000 0.000000 0.000000 0.000000 100.000000 0.000000 0.000000 -100.000000 0.000000 0.000000 0.000000 0.000000 0.000000 1.000000</float_array>
        <technique_common>
          <accessor source="#Armature.001-Matrix-animation-output-transform-array" count="36" stride="16">
            <param type="float4x4"/>
          </accessor>
        </technique_common>
      </source>
      <source id="Armature.001-Interpolations">
        <Name_array id="Armature.001-Interpolations-array" count="36">
 LINEAR LINEAR LINEAR LINEAR LINEAR LINEAR LINEAR LINEAR LINEAR LINEAR LINEAR
LINEAR LINEAR LINEAR LINEAR LINEAR LINEAR LINEAR LINEAR LINEAR LINEAR LINEAR LINEAR
LINEAR LINEAR LINEAR LINEAR LINEAR LINEAR LINEAR LINEAR LINEAR LINEAR LINEAR LINEAR
LINEAR</Name_array>
        <technique_common>
          <accessor source="#Armature.001-Interpolations-array" count="36">
            <param type="name"/>
          </accessor>
        </technique_common>
      </source>
      <sampler id="Armature.001-Matrix-animation-transform">
        <input semantic="INPUT" source="#Armature.001-Matrix-animation-input"/>
        <input semantic="OUTPUT" source="#Armature.001-Matrix-animation-output-transform"/>
        <input semantic="INTERPOLATION" source="#Armature.001-Interpolations"/>
      </sampler>
      <channel source="#Armature.001-Matrix-animation-transform" target="Armature.001/matrix"/>
      <source id="mixamorig_Hips-Matrix-animation-input">
        <float_array id="mixamorig_Hips-Matrix-animation-input-array" count="36">

0.000000 0.033333 0.066667 0.100000 0.133333 0.166667 0.200000 0.233333 0.266667 0.300000 0.333333 0.366667 0.400000 0.433333 0.466667 0.500000
0.533333 0.566667 0.600000 0.633333 0.666667 0.700000 0.733333 0.766667 0.800000 0.833333 0.866667 0.900000 0.933333 0.966667 1.000000 1.033333
1.066667 1.100000 1.133333 1.166667</float_array>
        <technique_common>
          <accessor source="#mixamorig_Hips-Matrix-animation-input-array" count="36">
            <param name="TIME" type="float"/>
          </accessor>
        </technique_common>
      </source>
      <source id="mixamorig_Hips-Matrix-animation-output-transform">
        <float_array id="mixamorig_Hips-Matrix-animation-output-transform-array" count="576">

0.690790 0.000452 -0.723055 0.006427 -0.719909 0.093611 -0.687727 0.006908 0.067376 0.995609 0.064991 0.794401 0.000000 0.000000 0.000000 1.000000
0.690508 0.002628 -0.723320 0.000570 -0.717770 0.126182 -0.684751 0.007301 0.089470 0.992004 0.089016 0.797515 0.000000 0.000000 0.000000 1.000000
0.701363 0.009948 -0.712735 -0.010516 -0.702482 0.179204 -0.688771 0.002763 0.120873 0.983762 0.132675 0.803224 0.000000 0.000000 0.000000 1.000000
0.690539 0.016906 -0.723098 -0.025362 -0.704635 0.241343 -0.667265 -0.008646 0.163234 0.970293 0.178569 0.814453 0.000000 0.000000 0.000000 1.000000
0.624623 0.019256 -0.780689 -0.037725 -0.750915 0.289285 -0.593667 -0.023241 0.214411 0.957049 0.195154 0.831431 0.000000 0.000000 0.000000 1.000000
0.502439 0.018429 -0.864416 -0.041227 -0.825564 0.307290 -0.473305 -0.033603 0.256904 0.951438 0.169609 0.849547 0.000000 0.000000 0.000000 1.000000
0.366402 0.016462 -0.930311 -0.035926 -0.888711 0.302320 -0.344668 -0.036558 0.275577 0.953064 0.125400 0.863223 0.000000 0.000000 0.000000 1.000000
0.256301 0.010388 -0.966541 -0.027028 -0.924769 0.293607 -0.242068 -0.035307 0.281269 0.955870 0.084859 0.870403 0.000000 0.000000 0.000000 1.000000
0.172493 -0.002673 -0.985007 -0.018837 -0.942198 0.291167 -0.165787 -0.033830 0.287245 0.956669 0.047705 0.872317 0.000000 0.000000 0.000000 1.000000
0.103195 -0.018801 -0.994483 -0.012290 -0.950960 0.291240 -0.104184 -0.032412 0.291592 0.956465 0.012175 0.870888 0.000000 0.000000 0.000000 1.000000
0.052648 -0.028893 -0.998195 -0.006425 -0.956005 0.287407 -0.058742 -0.029186 0.288586 0.957373 -0.012491 0.866796 0.000000 0.000000 0.000000 1.000000
0.030901 -0.028292 -0.999122 -0.000293 -0.959577 0.278925 -0.037576 -0.023251 0.279744 0.959896 -0.018529 0.861963 0.000000 0.000000 0.000000 1.000000
0.037788 -0.021345 -0.999058 0.006484 -0.962466 0.268111 -0.042132 -0.015361 0.268758 0.963151 -0.010413 0.857252 0.000000 0.000000 0.000000 1.000000
0.064757 -0.015127 -0.997786 0.013717 -0.964349 0.256150 -0.066470 -0.006821 0.256589 0.966519 0.002000 0.852890 0.000000 0.000000 0.000000 1.000000
0.103158 -0.011840 -0.994595 0.020826 -0.964654 0.242582 -0.102940 0.001458 0.242490 0.970059 0.013602 0.848633 0.000000 0.000000 0.000000 1.000000
0.147095 -0.009129 -0.989080 0.027160 -0.963121 0.226446 -0.145325 0.009093 0.225300 0.973981 0.024517 0.844126 0.000000 0.000000 0.000000 1.000000
0.192877 -0.004947 -0.981211 0.032392 -0.959804 0.206849 -0.189711 0.015887 0.203901 0.978360 0.035148 0.839416 0.000000 0.000000 0.000000 1.000000
0.238413 0.000374 -0.971164 0.036629 -0.954627 0.183845 -0.234282 0.021576 0.178456 0.982955 0.044188 0.835134 0.000000 0.000000 0.000000 1.000000
0.282086 0.005690 -0.959372 0.040005 -0.947323 0.159751 -0.277596 0.025934 0.151681 0.987141 0.050454 0.832072 0.000000 0.000000 0.000000 1.000000
0.321701 0.010785 -0.946780 0.042303 -0.938235 0.138147 -0.317224 0.028768 0.127374 0.990353 0.054561 0.830273 0.000000 0.000000 0.000000 1.000000
0.355011 0.016109 -0.934723 0.043067 -0.928593 0.121679 -0.350585 0.029782 0.108088 0.992439 0.058156 0.828991 0.000000 0.000000 0.000000 1.000000
0.381114 0.021648 -0.924275 0.042135 -0.919721 0.110691 -0.376644 0.028686 0.094156 0.993619 0.062097 0.827441 0.000000 0.000000 0.000000 1.000000
0.400815 0.026571 -0.915774 0.039932 -0.912230 0.104055 -0.396244 0.025670 0.084763 0.994217 0.065945 0.825526 0.000000 0.000000 0.000000 1.000000
0.416707 0.029811 -0.908552 0.037164 -0.905580 0.100737 -0.412039 0.021466 0.079241 0.994466 0.068974 0.823681 0.000000 0.000000 0.000000 1.000000
0.433625 0.030676 -0.900571 0.034172 -0.897778 0.100360 -0.428862 0.016748 0.077225 0.994478 0.071058 0.822239 0.000000 0.000000 0.000000 1.000000
0.456378 0.029195 -0.889307 0.030646 -0.886368 0.102433 -0.451507 0.011896 0.077912 0.994311 0.072626 0.821164 0.000000 0.000000 0.000000 1.000000
0.485139 0.026232 -0.874044 0.026159 -0.870797 0.105604 -0.480167 0.007553 0.079707 0.994062 0.074076 0.820255 0.000000 0.000000 0.000000 1.000000
0.515896 0.022881 -0.856346 0.020878 -0.852806 0.108332 -0.510868 0.004714 0.081080 0.993851 0.075401 0.819268 0.000000 0.000000 0.000000 1.000000
0.545561 0.019661 -0.837840 0.015602 -0.834098 0.109965 -0.540544 0.003890 0.081505 0.993741 0.076392 0.817896 0.000000 0.000000 0.000000 1.000000
0.573701 0.016570 -0.818897 0.011266 -0.815033 0.110625 -0.568756 0.004571 0.081166 0.993724 0.076971 0.815790 0.000000 0.000000 0.000000 1.000000
0.600695 0.013554 -0.799364 0.008480 -0.795440 0.110507 -0.595872 0.005666 0.080259 0.993783 0.077163 0.812757 0.000000 0.000000 0.000000 1.000000
0.626108 0.010644 -0.779664 0.007186 -0.775747 0.109520 -0.621467 0.006402 0.078774 0.993928 0.076829 0.808996 0.000000 0.000000 0.000000 1.000000
0.648419 0.007858 -0.761243 0.006752 -0.757420 0.107280 -0.644054 0.006706 0.076605 0.994198 0.075514 0.804995 0.000000 0.000000 0.000000 1.000000
0.666161 0.005204 -0.745790 0.006587 -0.742153 0.103514 -0.662189 0.006817 0.073754 0.994614 0.072819 0.801158 0.000000 0.000000 0.000000 1.000000
0.679689 0.002717 -0.733495 0.006476 -0.730103 0.098649 -0.676179 0.006879 0.070521 0.995119 0.069035 0.797629 0.000000 0.000000 0.000000 1.000000
0.690791 0.000452 -0.723055 0.006427 -0.719909 0.093611 -0.687727 0.006908 0.067375 0.995609 0.064991 0.794401 0.000000 0.000000 0.000000 1.000000</float_array>
        <technique_common>
          <accessor source="#mixamorig_Hips-Matrix-animation-output-transform-array" count="36" stride="16">
            <param type="float4x4"/>
          </accessor>
        </technique_common>
      </source>
      <source id="mixamorig_Hips-Interpolations">
        <Name_array id="mixamorig_Hips-Interpolations-array" count="36">
 LINEAR LINEAR LINEAR LINEAR LINEAR LINEAR LINEAR LINEAR LINEAR LINEAR LINEAR
LINEAR LINEAR LINEAR LINEAR LINEAR LINEAR LINEAR LINEAR LINEAR LINEAR LINEAR LINEAR
LINEAR LINEAR LINEAR LINEAR LINEAR LINEAR LINEAR LINEAR LINEAR LINEAR LINEAR LINEAR
LINEAR</Name_array>
        <technique_common>
          <accessor source="#mixamorig_Hips-Interpolations-array" count="36">
            <param type="name"/>
          </accessor>
        </technique_common>
      </source>
      <sampler id="mixamorig_Hips-Matrix-animation-transform">
        <input semantic="INPUT" source="#mixamorig_Hips-Matrix-animation-input"/>
        <input semantic="OUTPUT" source="#mixamorig_Hips-Matrix-animation-output-transform"/>
        <input semantic="INTERPOLATION" source="#mixamorig_Hips-Interpolations"/>
      </sampler>
      <channel source="#mixamorig_Hips-Matrix-animation-transform" target="mixamorig_Hips/matrix"/>
      <source id="mixamorig_Spine-Matrix-animation-input">
        <float_array id="mixamorig_Spine-Matrix-animation-input-array" count="36">

0.000000 0.033333 0.066667 0.100000 0.133333 0.166667 0.200000 0.233333 0.266667 0.300000 0.333333 0.366667 0.400000 0.433333 0.466667 0.500000
0.533333 0.566667 0.600000 0.633333 0.666667 0.700000 0.733333 0.766667 0.800000 0.833333 0.866667 0.900000 0.933333 0.966667 1.000000 1.033333
1.066667 1.100000 1.133333 1.166667</float_array>
        <technique_common>
          <accessor source="#mixamorig_Spine-Matrix-animation-input-array" count="36">
            <param name="TIME" type="float"/>
          </accessor>
        </technique_common>
      </source>
      <source id="mixamorig_Spine-Matrix-animation-output-transform">
        <float_array id="mixamorig_Spine-Matrix-animation-output-transform-array" count="576">

0.991537 0.016944 0.128712 0.000000 -0.010800 0.998775 -0.048289 0.069300 -0.129373 0.046490 0.990506 -0.008100 0.000000 0.000000 0.000000 1.000000
0.990730 0.024765 0.133569 0.000000 -0.020344 0.999202 -0.034359 0.069300 -0.134313 0.031323 0.990444 -0.008100 0.000000 0.000000 0.000000 1.000000
0.989720 0.021570 0.141386 0.000000 -0.021261 0.999767 -0.003697 0.069300 -0.141433 0.000653 0.989948 -0.008100 0.000000 0.000000 0.000000 1.000000
0.990278 -0.001593 0.139095 -0.000000 -0.004029 0.999187 0.040125 0.069300 -0.139046 -0.040295 0.989466 -0.008100 0.000000 0.000000 0.000000 1.000000
0.992653 -0.041318 0.113725 -0.000000 0.032773 0.996568 0.076012 0.069300 -0.116476 -0.071726 0.990600 -0.008100 0.000000 0.000000 0.000000 1.000000
0.994556 -0.081388 0.065079 0.000000 0.076172 0.993963 0.078966 0.069300 -0.071113 -0.073579 0.994751 -0.008100 0.000000 0.000000 0.000000 1.000000
0.994172 -0.107524 0.007835 0.000000 0.107057 0.993192 0.045909 0.069300 -0.012718 -0.044803 0.998915 -0.008100 0.000000 0.000000 0.000000 1.000000
0.992204 -0.118207 -0.039466 0.000000 0.118257 0.992982 -0.001072 0.069300 0.039315 -0.003604 0.999220 -0.008100 0.000000 0.000000 0.000000 1.000000
0.990316 -0.121207 -0.067700 -0.000000 0.118837 0.992186 -0.038020 0.069300 0.071779 0.029607 0.996981 -0.008100 0.000000 0.000000 0.000000 1.000000
0.989331 -0.122380 -0.079037 0.000000 0.117910 0.991272 -0.058961 0.069300 0.085563 0.049012 0.995127 -0.008100 0.000000 0.000000 0.000000 1.000000
0.989099 -0.122524 -0.081677 -0.000000 0.116725 0.990524 -0.072369 0.069300 0.089770 0.062047 0.994028 -0.008100 0.000000 0.000000 0.000000 1.000000
0.989215 -0.120688 -0.082999 0.000000 0.113510 0.989776 -0.086366 0.069300 0.092574 0.076013 0.992800 -0.008100 0.000000 0.000000 0.000000 1.000000
0.989440 -0.117417 -0.084986 0.000000 0.108652 0.988905 -0.101302 0.069300 0.095938 0.090998 0.991219 -0.008100 0.000000 0.000000 0.000000 1.000000
0.989780 -0.113999 -0.085675 0.000000 0.103965 0.988067 -0.113644 0.069300 0.097608 0.103575 0.989821 -0.008100 0.000000 0.000000 0.000000 1.000000
0.990270 -0.110596 -0.084463 0.000000 0.099879 0.987491 -0.122010 0.069300 0.096900 0.112387 0.988929 -0.008100 0.000000 0.000000 0.000000 1.000000
0.990810 -0.106019 -0.083999 0.000000 0.094816 0.987273 -0.127680 0.069300 0.096466 0.118542 0.988252 -0.008100 0.000000 0.000000 0.000000 1.000000
0.991252 -0.099242 -0.087005 0.000000 0.087294 0.987430 -0.131766 0.069300 0.098989 0.123018 0.987455 -0.008100 0.000000 0.000000 0.000000 1.000000
0.991543 -0.090181 -0.093326 0.000000 0.077237 0.987958 -0.134064 0.069300 0.104292 0.125722 0.986568 -0.008100 0.000000 0.000000 0.000000 1.000000
0.991884 -0.078370 -0.100119 0.000000 0.064633 0.988904 -0.133757 0.069300 0.109490 0.126200 0.985944 -0.008100 0.000000 0.000000 0.000000 1.000000
0.992663 -0.062651 -0.103421 -0.000000 0.048973 0.990322 -0.129861 0.069300 0.110556 0.123844 0.986124 -0.008100 0.000000 0.000000 0.000000 1.000000
0.994112 -0.042652 -0.099613 0.000000 0.030405 0.992141 -0.121377 0.069300 0.104007 0.117634 0.987595 -0.008100 0.000000 0.000000 0.000000 1.000000
0.995987 -0.020566 -0.087105 0.000000 0.011067 0.994072 -0.108158 0.069300 0.088813 0.106760 0.990310 -0.008100 0.000000 0.000000 0.000000 1.000000
0.997754 -0.000131 -0.066980 0.000000 -0.006031 0.995761 -0.091779 0.069300 0.066708 0.091977 0.993524 -0.008100 0.000000 0.000000 0.000000 1.000000
0.999010 0.016251 -0.041407 0.000000 -0.019324 0.997001 -0.074938 0.069300 0.040065 0.075664 0.996328 -0.008100 0.000000 0.000000 0.000000 1.000000
0.999518 0.028504 -0.012321 -0.000000 -0.029192 0.997781 -0.059838 0.069300 0.010588 0.060169 0.998132 -0.008100 0.000000 0.000000 0.000000 1.000000
0.999172 0.036996 0.016937 0.000000 -0.036151 0.998207 -0.047714 0.069300 -0.018672 0.047062 0.998717 -0.008100 0.000000 0.000000 0.000000 1.000000
0.998302 0.041314 0.041068 0.000000 -0.039695 0.998432 -0.039481 0.069300 -0.042634 0.037784 0.998376 -0.008100 0.000000 0.000000 0.000000 1.000000
0.997479 0.041698 0.057416 0.000000 -0.039716 0.998590 -0.035231 0.069300 -0.058804 0.032862 0.997729 -0.008100 0.000000 0.000000 0.000000 1.000000
0.996880 0.039640 0.068257 0.000000 -0.037399 0.998729 -0.033801 0.069300 -0.069510 0.031143 0.997095 -0.008100 0.000000 0.000000 0.000000 1.000000
0.996371 0.036472 0.076912 0.000000 -0.033947 0.998849 -0.033882 0.069300 -0.078059 0.031148 0.996462 -0.008100 0.000000 0.000000 0.000000 1.000000
0.995848 0.032715 0.084949 0.000000 -0.029850 0.998949 -0.034777 0.069300 -0.085997 0.032097 0.995778 -0.008100 0.000000 0.000000 0.000000 1.000000
0.995255 0.028696 0.092975 0.000000 -0.025419 0.999020 -0.036236 0.069300 -0.093924 0.033701 0.995009 -0.008100 0.000000 0.000000 0.000000 1.000000
0.994516 0.024939 0.101572 0.000000 -0.021141 0.999043 -0.038296 0.069300 -0.102430 0.035939 0.994091 -0.008100 0.000000 0.000000 0.000000 1.000000
0.993599 0.021818 0.110841 -0.000000 -0.017347 0.999003 -0.041142 0.069300 -0.111628 0.038956 0.992986 -0.008100 0.000000 0.000000 0.000000 1.000000
0.992571 0.019248 0.120138 -0.000000 -0.013967 0.998905 -0.044646 0.069300 -0.120866 0.042637 0.991753 -0.008100 0.000000 0.000000 0.000000 1.000000
0.991537 0.016944 0.128712 0.000000 -0.010800 0.998775 -0.048289 0.069300 -0.129372 0.046490 0.990506 -0.008100 0.000000 0.000000 0.000000 1.000000</float_array>
        <technique_common>
          <accessor source="#mixamorig_Spine-Matrix-animation-output-transform-array" count="36" stride="16">
            <param type="float4x4"/>
          </accessor>
        </technique_common>
      </source>
      <source id="mixamorig_Spine-Interpolations">
        <Name_array id="mixamorig_Spine-Interpolations-array" count="36">
 LINEAR LINEAR LINEAR LINEAR LINEAR LINEAR LINEAR LINEAR LINEAR LINEAR LINEAR
LINEAR LINEAR LINEAR LINEAR LINEAR LINEAR LINEAR LINEAR LINEAR LINEAR LINEAR LINEAR
LINEAR LINEAR LINEAR LINEAR LINEAR LINEAR LINEAR LINEAR LINEAR LINEAR LINEAR LINEAR
LINEAR</Name_array>
        <technique_common>
          <accessor source="#mixamorig_Spine-Interpolations-array" count="36">
            <param type="name"/>
          </accessor>
        </technique_common>
      </source>
      <sampler id="mixamorig_Spine-Matrix-animation-transform">
        <input semantic="INPUT" source="#mixamorig_Spine-Matrix-animation-input"/>
        <input semantic="OUTPUT" source="#mixamorig_Spine-Matrix-animation-output-transform"/>
        <input semantic="INTERPOLATION" source="#mixamorig_Spine-Interpolations"/>
      </sampler>
      <channel source="#mixamorig_Spine-Matrix-animation-transform" target="mixamorig_Spine/matrix"/>
      <source id="mixamorig_Spine1-Matrix-animation-input">
        <float_array id="mixamorig_Spine1-Matrix-animation-input-array" count="36">

0.000000 0.033333 0.066667 0.100000 0.133333 0.166667 0.200000 0.233333 0.266667 0.300000 0.333333 0.366667 0.400000 0.433333 0.466667 0.500000
0.533333 0.566667 0.600000 0.633333 0.666667 0.700000 0.733333 0.766667 0.800000 0.833333 0.866667 0.900000 0.933333 0.966667 1.000000 1.033333
1.066667 1.100000 1.133333 1.166667</float_array>
        <technique_common>
          <accessor source="#mixamorig_Spine1-Matrix-animation-input-array" count="36">
            <param name="TIME" type="float"/>
          </accessor>
        </technique_common>
      </source>
      <source id="mixamorig_Spine1-Matrix-animation-output-transform">
        <float_array id="mixamorig_Spine1-Matrix-animation-output-transform-array" count="576">

0.999723 0.013875 0.019007 0.000000 -0.013141 0.999185 -0.038166 0.081400 -0.019521 0.037905 0.999091 -0.000000 0.000000 0.000000 0.000000 1.000000
0.999082 0.026033 0.034026 0.000000 -0.023952 0.997899 -0.060192 0.081400 -0.035521 0.059321 0.997607 0.000000 0.000000 0.000000 0.000000 1.000000
0.998038 0.034577 0.052204 0.000000 -0.030571 0.996663 -0.075691 0.081400 -0.054647 0.073947 0.995764 0.000000 0.000000 0.000000 0.000000 1.000000
0.997462 0.029742 0.064688 0.000000 -0.024298 0.996222 -0.083371 0.081400 -0.066924 0.081587 0.994417 -0.000000 0.000000 0.000000 0.000000 1.000000
0.998020 0.007892 0.062395 0.000000 -0.002070 0.995680 -0.092827 0.081400 -0.062858 0.092514 0.993725 0.000000 0.000000 0.000000 0.000000 1.000000
0.998743 -0.022303 0.044899 -0.000000 0.027512 0.992519 -0.118953 0.081400 -0.041910 0.120039 0.991884 0.000000 0.000000 0.000000 0.000000 1.000000
0.998640 -0.047607 0.021260 0.000000 0.050462 0.985102 -0.164400 0.081400 -0.013116 0.165249 0.986165 0.000000 0.000000 0.000000 0.000000 1.000000
0.998071 -0.062062 0.001486 0.000000 0.060941 0.974928 -0.214014 0.081400 0.011833 0.213692 0.976829 -0.000000 0.000000 0.000000 0.000000 1.000000
0.997623 -0.068170 -0.010042 0.000000 0.063501 0.966142 -0.250075 0.081400 0.026750 0.248842 0.968175 0.000000 0.000000 0.000000 0.000000 1.000000
0.997446 -0.069964 -0.014352 -0.000000 0.063550 0.961119 -0.268723 0.081400 0.032595 0.267124 0.963111 0.000000 0.000000 0.000000 0.000000 1.000000
0.997481 -0.069331 -0.015023 0.000000 0.062407 0.958291 -0.278897 0.081400 0.033733 0.277257 0.960204 0.000000 0.000000 0.000000 0.000000 1.000000
0.997623 -0.067158 -0.015421 0.000000 0.059842 0.955369 -0.289291 0.081400 0.034161 0.287681 0.957117 0.000000 0.000000 0.000000 0.000000 1.000000
0.997802 -0.064189 -0.016459 -0.000000 0.056285 0.952050 -0.300720 0.081400 0.034973 0.299133 0.953570 0.000000 0.000000 0.000000 0.000000 1.000000
0.998022 -0.060512 -0.017052 -0.000000 0.052270 0.949375 -0.309766 0.081400 0.034934 0.308262 0.950660 0.000000 0.000000 0.000000 0.000000 1.000000
0.998310 -0.055579 -0.016947 0.000000 0.047429 0.947939 -0.314902 0.081400 0.033566 0.313566 0.948973 0.000000 0.000000 0.000000 0.000000 1.000000
0.998641 -0.048992 -0.017772 -0.000000 0.040832 0.947428 -0.317353 0.081400 0.032385 0.316196 0.948141 0.000000 0.000000 0.000000 0.000000 1.000000
0.998932 -0.041097 -0.021093 0.000000 0.032250 0.947368 -0.318518 0.081400 0.033073 0.317498 0.947682 0.000000 0.000000 0.000000 0.000000 1.000000
0.999116 -0.032510 -0.026640 0.000000 0.022336 0.947592 -0.318701 0.081400 0.035605 0.317824 0.947481 0.000000 0.000000 0.000000 0.000000 1.000000
0.999210 -0.022890 -0.032499 0.000000 0.011389 0.948142 -0.317643 0.081400 0.038084 0.317022 0.947653 -0.000000 0.000000 0.000000 0.000000 1.000000
0.999289 -0.010737 -0.036131 0.000000 -0.001183 0.949167 -0.314772 0.081400 0.037674 0.314591 0.948479 0.000000 0.000000 0.000000 0.000000 1.000000
0.999362 0.004768 -0.035384 -0.000000 -0.015475 0.950961 -0.308922 0.081400 0.032176 0.309273 0.950429 0.000000 0.000000 0.000000 0.000000 1.000000
0.999324 0.021948 -0.029505 -0.000000 -0.029775 0.953798 -0.298971 0.081400 0.021580 0.299647 0.953806 0.000000 0.000000 0.000000 0.000000 1.000000
0.999104 0.037689 -0.019274 0.000000 -0.041624 0.957565 -0.285196 0.081400 0.007707 0.285743 0.958275 0.000000 0.000000 0.000000 0.000000 1.000000
0.998717 0.050297 -0.005918 0.000000 -0.050033 0.961784 -0.269198 0.081400 -0.007848 0.269149 0.963067 0.000000 0.000000 0.000000 0.000000 1.000000
0.998148 0.060130 0.009259 -0.000000 -0.055863 0.966118 -0.251983 0.081400 -0.024097 0.250999 0.967687 0.000000 0.000000 0.000000 0.000000 1.000000
0.997459 0.067217 0.023629 -0.000000 -0.059878 0.970560 -0.233296 0.081400 -0.038615 0.231288 0.972119 -0.000000 0.000000 0.000000 0.000000 1.000000
0.996977 0.070142 0.033431 0.000000 -0.061448 0.975058 -0.213275 0.081400 -0.047557 0.210576 0.976420 0.000000 0.000000 0.000000 0.000000 1.000000
0.996976 0.068274 0.037111 0.000000 -0.059894 0.979408 -0.192801 0.081400 -0.049510 0.189995 0.980536 -0.000000 0.000000 0.000000 0.000000 1.000000
0.997345 0.063014 0.036491 -0.000000 -0.055834 0.983465 -0.172275 0.081400 -0.046743 0.169780 0.984373 -0.000000 0.000000 0.000000 0.000000 1.000000
0.997844 0.056165 0.033948 0.000000 -0.050407 0.987160 -0.151570 0.081400 -0.042025 0.149532 0.987863 -0.000000 0.000000 0.000000 0.000000 1.000000
0.998344 0.048692 0.030643 0.000000 -0.044296 0.990439 -0.130644 0.081400 -0.036711 0.129070 0.990956 0.000000 0.000000 0.000000 0.000000 1.000000
0.998789 0.041027 0.027166 0.000000 -0.037813 0.993239 -0.109754 0.081400 -0.031485 0.108594 0.993587 0.000000 0.000000 0.000000 0.000000 1.000000
0.999145 0.033536 0.024172 0.000000 -0.031248 0.995498 -0.089486 0.081400 -0.027064 0.088654 0.995695 0.000000 0.000000 0.000000 0.000000 1.000000
0.999407 0.026483 0.022012 -0.000000 -0.024869 0.997194 -0.070612 0.081400 -0.023821 0.070023 0.997261 -0.000000 0.000000 0.000000 0.000000 1.000000
0.999592 0.019933 0.020435 -0.000000 -0.018814 0.998389 -0.053539 0.081400 -0.021469 0.053132 0.998357 -0.000000 0.000000 0.000000 0.000000 1.000000
0.999723 0.013875 0.019007 -0.000000 -0.013141 0.999185 -0.038166 0.081400 -0.019521 0.037905 0.999091 0.000000 0.000000 0.000000 0.000000 1.000000</float_array>
        <technique_common>
          <accessor source="#mixamorig_Spine1-Matrix-animation-output-transform-array" count="36" stride="16">
            <param type="float4x4"/>
          </accessor>
        </technique_common>
      </source>
      <source id="mixamorig_Spine1-Interpolations">
        <Name_array id="mixamorig_Spine1-Interpolations-array" count="36">
 LINEAR LINEAR LINEAR LINEAR LINEAR LINEAR LINEAR LINEAR LINEAR LINEAR LINEAR
LINEAR LINEAR LINEAR LINEAR LINEAR LINEAR LINEAR LINEAR LINEAR LINEAR LINEAR LINEAR
LINEAR LINEAR LINEAR LINEAR LINEAR LINEAR LINEAR LINEAR LINEAR LINEAR LINEAR LINEAR
LINEAR</Name_array>
        <technique_common>
          <accessor source="#mixamorig_Spine1-Interpolations-array" count="36">
            <param type="name"/>
          </accessor>
        </technique_common>
      </source>
      <sampler id="mixamorig_Spine1-Matrix-animation-transform">
        <input semantic="INPUT" source="#mixamorig_Spine1-Matrix-animation-input"/>
        <input semantic="OUTPUT" source="#mixamorig_Spine1-Matrix-animation-output-transform"/>
        <input semantic="INTERPOLATION" source="#mixamorig_Spine1-Interpolations"/>
      </sampler>
      <channel source="#mixamorig_Spine1-Matrix-animation-transform" target="mixamorig_Spine1/matrix"/>
      <source id="mixamorig_Spine2-Matrix-animation-input">
        <float_array id="mixamorig_Spine2-Matrix-animation-input-array" count="36">

0.000000 0.033333 0.066667 0.100000 0.133333 0.166667 0.200000 0.233333 0.266667 0.300000 0.333333 0.366667 0.400000 0.433333 0.466667 0.500000
0.533333 0.566667 0.600000 0.633333 0.666667 0.700000 0.733333 0.766667 0.800000 0.833333 0.866667 0.900000 0.933333 0.966667 1.000000 1.033333
1.066667 1.100000 1.133333 1.166667</float_array>
        <technique_common>
          <accessor source="#mixamorig_Spine2-Matrix-animation-input-array" count="36">
            <param name="TIME" type="float"/>
          </accessor>
        </technique_common>
      </source>
      <source id="mixamorig_Spine2-Matrix-animation-output-transform">
        <float_array id="mixamorig_Spine2-Matrix-animation-output-transform-array" count="576">

0.999731 0.013517 0.018840 -0.000000 -0.012785 0.999180 -0.038422 0.093100 -0.019344 0.038171 0.999084 0.000000 0.000000 0.000000 0.000000 1.000000
0.999100 0.025679 0.033760 -0.000000 -0.023608 0.997897 -0.060375 0.093100 -0.035239 0.059524 0.997605 0.000000 0.000000 0.000000 0.000000 1.000000
0.998076 0.034081 0.051801 0.000000 -0.030099 0.996670 -0.075787 0.093100 -0.054212 0.074082 0.995778 0.000000 0.000000 0.000000 0.000000 1.000000
0.997525 0.029041 0.064039 -0.000000 -0.023643 0.996228 -0.083496 0.093100 -0.066222 0.081775 0.994448 0.000000 0.000000 0.000000 0.000000 1.000000
0.998091 0.007081 0.061358 -0.000000 -0.001336 0.995650 -0.093161 0.093100 -0.061751 0.092901 0.993759 0.000000 0.000000 0.000000 0.000000 1.000000
0.998792 -0.023045 0.043407 0.000000 0.028094 0.992431 -0.119550 0.093100 -0.040324 0.120625 0.991879 0.000000 0.000000 0.000000 0.000000 1.000000
0.998651 -0.048175 0.019399 0.000000 0.050723 0.984971 -0.165105 0.093100 -0.011153 0.165866 0.986085 0.000000 0.000000 0.000000 0.000000 1.000000
0.998046 -0.062479 -0.000516 0.000000 0.060913 0.974795 -0.214628 0.093100 0.013912 0.214177 0.976696 0.000000 0.000000 0.000000 0.000000 1.000000
0.997580 -0.068504 -0.011914 0.000000 0.063346 0.966031 -0.250543 0.093100 0.028673 0.249182 0.968032 -0.000000 0.000000 0.000000 0.000000 1.000000
0.997403 -0.070251 -0.015896 0.000000 0.063399 0.961018 -0.269119 0.093100 0.034182 0.267413 0.962976 0.000000 0.000000 0.000000 0.000000 1.000000
0.997445 -0.069577 -0.016181 -0.000000 0.062307 0.958184 -0.279288 0.093100 0.034937 0.277566 0.960071 0.000000 0.000000 0.000000 0.000000 1.000000
0.997595 -0.067377 -0.016256 -0.000000 0.059797 0.955254 -0.289678 0.093100 0.035046 0.288010 0.956986 0.000000 0.000000 0.000000 0.000000 1.000000
0.997778 -0.064398 -0.017069 0.000000 0.056289 0.951936 -0.301080 0.093100 0.035637 0.299450 0.953446 0.000000 0.000000 0.000000 0.000000 1.000000
0.998001 -0.060728 -0.017517 0.000000 0.052320 0.949265 -0.310094 0.093100 0.035460 0.308558 0.950544 0.000000 0.000000 0.000000 0.000000 1.000000
0.998291 -0.055809 -0.017324 0.000000 0.047518 0.947832 -0.315210 0.093100 0.034012 0.313848 0.948864 -0.000000 0.000000 0.000000 0.000000 1.000000
0.998623 -0.049241 -0.018089 0.000000 0.040957 0.947324 -0.317647 0.093100 0.032778 0.316469 0.948036 0.000000 0.000000 0.000000 0.000000 1.000000
0.998916 -0.041362 -0.021332 0.000000 0.032415 0.947267 -0.318802 0.093100 0.033394 0.317766 0.947581 0.000000 0.000000 0.000000 0.000000 1.000000
0.999104 -0.032786 -0.026748 0.000000 0.022552 0.947492 -0.318983 0.093100 0.035802 0.318094 0.947383 0.000000 0.000000 0.000000 0.000000 1.000000
0.999205 -0.023163 -0.032437 0.000000 0.011655 0.948038 -0.317942 0.093100 0.038116 0.317311 0.947555 0.000000 0.000000 0.000000 0.000000 1.000000
0.999296 -0.010973 -0.035889 0.000000 -0.000895 0.949057 -0.315103 0.093100 0.037519 0.314913 0.948379 -0.000000 0.000000 0.000000 0.000000 1.000000
0.999377 0.004621 -0.034989 0.000000 -0.015225 0.950847 -0.309286 0.093100 0.031839 0.309626 0.950325 0.000000 0.000000 0.000000 0.000000 1.000000
0.999338 0.021932 -0.029044 -0.000000 -0.029630 0.953684 -0.299347 0.093100 0.021134 0.300010 0.953702 0.000000 0.000000 0.000000 0.000000 1.000000
0.999107 0.037795 -0.018872 0.000000 -0.041613 0.957459 -0.285554 0.093100 0.007277 0.286085 0.958177 -0.000000 0.000000 0.000000 0.000000 1.000000
0.998709 0.050479 -0.005655 -0.000000 -0.050134 0.961694 -0.269500 0.093100 -0.008166 0.269436 0.962984 0.000000 0.000000 0.000000 0.000000 1.000000
0.998134 0.060336 0.009413 -0.000000 -0.056019 0.966054 -0.252193 0.093100 -0.024310 0.251195 0.967631 0.000000 0.000000 0.000000 0.000000 1.000000
0.997443 0.067410 0.023751 0.000000 -0.060033 0.970527 -0.233396 0.093100 -0.038784 0.231373 0.972092 0.000000 0.000000 0.000000 0.000000 1.000000
0.996962 0.070289 0.033558 0.000000 -0.061565 0.975048 -0.213286 0.093100 -0.047712 0.210572 0.976413 -0.000000 0.000000 0.000000 0.000000 1.000000
0.996968 0.068338 0.037224 -0.000000 -0.059937 0.979411 -0.192772 0.093100 -0.049631 0.189956 0.980537 0.000000 0.000000 0.000000 0.000000 1.000000
0.997347 0.062950 0.036566 -0.000000 -0.055759 0.983474 -0.172247 0.093100 -0.046805 0.169751 0.984375 0.000000 0.000000 0.000000 0.000000 1.000000
0.997854 0.055971 0.033978 0.000000 -0.050211 0.987171 -0.151567 0.093100 -0.042025 0.149536 0.987863 0.000000 0.000000 0.000000 0.000000 1.000000
0.998356 0.048452 0.030623 -0.000000 -0.044060 0.990445 -0.130681 0.093100 -0.036662 0.129117 0.990951 0.000000 0.000000 0.000000 0.000000 1.000000
0.998799 0.040830 0.027090 0.000000 -0.037623 0.993237 -0.109840 0.093100 -0.031392 0.108689 0.993580 0.000000 0.000000 0.000000 0.000000 1.000000
0.999154 0.033355 0.024051 0.000000 -0.031075 0.995491 -0.089619 0.093100 -0.026932 0.088795 0.995686 0.000000 0.000000 0.000000 0.000000 1.000000
0.999416 0.026242 0.021865 -0.000000 -0.024634 0.997187 -0.070788 0.093100 -0.023662 0.070208 0.997252 0.000000 0.000000 0.000000 0.000000 1.000000
0.999602 0.019614 0.020277 -0.000000 -0.018500 0.998383 -0.053755 0.093100 -0.021299 0.053358 0.998348 -0.000000 0.000000 0.000000 0.000000 1.000000
0.999731 0.013517 0.018840 0.000000 -0.012785 0.999180 -0.038422 0.093100 -0.019344 0.038171 0.999084 0.000000 0.000000 0.000000 0.000000 1.000000</float_array>
        <technique_common>
          <accessor source="#mixamorig_Spine2-Matrix-animation-output-transform-array" count="36" stride="16">
            <param type="float4x4"/>
          </accessor>
        </technique_common>
      </source>
      <source id="mixamorig_Spine2-Interpolations">
        <Name_array id="mixamorig_Spine2-Interpolations-array" count="36">
 LINEAR LINEAR LINEAR LINEAR LINEAR LINEAR LINEAR LINEAR LINEAR LINEAR LINEAR
LINEAR LINEAR LINEAR LINEAR LINEAR LINEAR LINEAR LINEAR LINEAR LINEAR LINEAR LINEAR
LINEAR LINEAR LINEAR LINEAR LINEAR LINEAR LINEAR LINEAR LINEAR LINEAR LINEAR LINEAR
LINEAR</Name_array>
        <technique_common>
          <accessor source="#mixamorig_Spine2-Interpolations-array" count="36">
            <param type="name"/>
          </accessor>
        </technique_common>
      </source>
      <sampler id="mixamorig_Spine2-Matrix-animation-transform">
        <input semantic="INPUT" source="#mixamorig_Spine2-Matrix-animation-input"/>
        <input semantic="OUTPUT" source="#mixamorig_Spine2-Matrix-animation-output-transform"/>
        <input semantic="INTERPOLATION" source="#mixamorig_Spine2-Interpolations"/>
      </sampler>
      <channel source="#mixamorig_Spine2-Matrix-animation-transform" target="mixamorig_Spine2/matrix"/>
      <source id="mixamorig_Neck-Matrix-animation-input">
        <float_array id="mixamorig_Neck-Matrix-animation-input-array" count="36">

0.000000 0.033333 0.066667 0.100000 0.133333 0.166667 0.200000 0.233333 0.266667 0.300000 0.333333 0.366667 0.400000 0.433333 0.466667 0.500000
0.533333 0.566667 0.600000 0.633333 0.666667 0.700000 0.733333 0.766667 0.800000 0.833333 0.866667 0.900000 0.933333 0.966667 1.000000 1.033333
1.066667 1.100000 1.133333 1.166667</float_array>
        <technique_common>
          <accessor source="#mixamorig_Neck-Matrix-animation-input-array" count="36">
            <param name="TIME" type="float"/>
          </accessor>
        </technique_common>
      </source>
      <source id="mixamorig_Neck-Matrix-animation-output-transform">
        <float_array id="mixamorig_Neck-Matrix-animation-output-transform-array" count="576">

0.970444 0.003170 0.241305 -0.000000 0.105266 0.894213 -0.435089 0.104700 -0.217157 0.447631 0.867450 0.000000 0.000000 0.000000 0.000000 1.000000
0.979623 0.012121 0.200481 0.000000 0.084635 0.880314 -0.466780 0.104700 -0.182144 0.474236 0.861350 -0.000000 0.000000 0.000000 0.000000 1.000000
0.989765 0.025248 0.140458 0.000000 0.048089 0.867657 -0.494833 0.104700 -0.134362 0.496523 0.857562 0.000000 0.000000 0.000000 0.000000 1.000000
0.997531 0.020745 0.067096 -0.000000 0.015245 0.868635 -0.495218 0.104700 -0.068555 0.495018 0.866174 -0.000000 0.000000 0.000000 0.000000 1.000000
0.999697 -0.024407 0.003141 0.000000 0.023142 0.889013 -0.457297 0.104700 0.008369 0.457232 0.889308 0.000000 0.000000 0.000000 0.000000 1.000000
0.994021 -0.105378 -0.028596 0.000000 0.085219 0.912461 -0.400190 0.104700 0.068263 0.395360 0.915986 -0.000000 0.000000 0.000000 0.000000 1.000000
0.982367 -0.184544 -0.029967 0.000000 0.162023 0.920304 -0.356075 0.104700 0.093291 0.344941 0.933977 0.000000 0.000000 0.000000 0.000000 1.000000
