<?xml version="1.0" encoding="utf-8"?>
<COLLADA xmlns="http://www.collada.org/2005/11/COLLADASchema" version="1.4.1">
  <asset>
    <contributor>
      <author>Mixamo</author>
      <authoring_tool>COLLADA Mixamo exporter</authoring_tool>
      <comments/>
    </contributor>
    <created>2024-07-03T21:57:29Z</created>
    <modified>2024-07-03T21:57:29Z</modified>
    <revision/>
    <title/>
    <unit meter="0.010000"/>
    <up_axis>Y_UP</up_axis>
  </asset>
  <library_animations>
    <animation>
      <source id="mixamorig6_Hips-Matrix-animation-input">
        <float_array id="mixamorig6_Hips-Matrix-animation-input-array" count="50">

0.000000 0.033333 0.066667 0.100000 0.133333 0.166667 0.200000 0.233333 0.266667 0.300000 0.333333 0.366667 0.400000 0.433333 0.466667 0.500000
0.533333 0.566667 0.600000 0.633333 0.666667 0.700000 0.733333 0.766667 0.800000 0.833333 0.866667 0.900000 0.933333 0.966667 1.000000 1.033333
1.066667 1.100000 1.133333 1.166667 1.200000 1.233333 1.266667 1.300000 1.333333 1.366667 1.400000 1.433333 1.466667 1.500000 1.533333 1.566667
1.600000 1.633333</float_array>
        <technique_common>
          <accessor source="#mixamorig6_Hips-Matrix-animation-input-array" count="50">
            <param name="TIME" type="float"/>
          </accessor>
        </technique_common>
      </source>
      <source id="mixamorig6_Hips-Matrix-animation-output-transform">
        <float_array id="mixamorig6_Hips-Matrix-animation-output-transform-array" count="800">

0.486470 0.143178 0.861886 -0.589929 -0.004057 0.986840 -0.161646 78.202965 -0.873688 0.075140 0.480649 0.893247 0.000000 0.000000 0.000000 1.000000
0.495774 0.151994 0.855048 -0.329899 -0.006588 0.985195 -0.171309 77.824890 -0.868427 0.079298 0.489435 -0.104949 0.000000 0.000000 0.000000 1.000000
0.502293 0.154933 0.850704 -0.143676 -0.007556 0.984566 -0.174851 77.641953 -0.864665 0.081399 0.495711 -0.993178 0.000000 0.000000 0.000000 1.000000
0.503818 0.152487 0.850244 -0.012250 -0.006287 0.984917 -0.172915 77.650169 -0.863787 0.081772 0.497178 -1.762165 0.000000 0.000000 0.000000 1.000000
0.498951 0.152659 0.853079 0.098914 -0.005308 0.984883 -0.173141 77.872261 -0.866614 0.081861 0.492218 -2.361215 0.000000 0.000000 0.000000 1.000000
0.491088 0.152282 0.857696 0.178587 -0.005198 0.985096 -0.171926 78.223999 -0.871094 0.079973 0.484560 -2.741771 0.000000 0.000000 0.000000 1.000000
0.482507 0.153203 0.862390 0.253567 -0.006408 0.985175 -0.171430 78.604515 -0.875869 0.077190 0.476336 -2.893987 0.000000 0.000000 0.000000 1.000000
0.471825 0.155817 0.867815 0.304436 -0.007694 0.984950 -0.172666 79.004089 -0.881659 0.074791 0.465923 -2.824111 0.000000 0.000000 0.000000 1.000000
0.460955 0.158136 0.873220 0.327035 -0.010070 0.984864 -0.173038 79.331490 -0.887366 0.070969 0.455570 -2.586817 0.000000 0.000000 0.000000 1.000000
0.450552 0.158444 0.878577 0.298133 -0.010489 0.984996 -0.172257 79.387573 -0.892688 0.068396 0.445454 -2.187059 0.000000 0.000000 0.000000 1.000000
0.446276 0.155510 0.881280 0.196287 -0.008443 0.985473 -0.169620 79.188461 -0.894855 0.068257 0.441106 -1.675981 0.000000 0.000000 0.000000 1.000000
0.447958 0.150670 0.881267 0.063063 -0.006456 0.986217 -0.165332 78.841415 -0.894031 0.068373 0.442757 -1.058132 0.000000 0.000000 0.000000 1.000000
0.452985 0.147497 0.879232 -0.067890 -0.007294 0.986799 -0.161785 78.572807 -0.891488 0.066873 0.448081 -0.311422 0.000000 0.000000 0.000000 1.000000
0.457357 0.141238 0.877996 -0.226762 -0.007245 0.987866 -0.155138 78.474228 -0.889254 0.064592 0.452831 0.558701 0.000000 0.000000 0.000000 1.000000
0.459264 0.133215 0.878254 -0.398667 -0.005681 0.989111 -0.147059 78.452698 -0.888282 0.062549 0.455020 1.489411 0.000000 0.000000 0.000000 1.000000
0.460256 0.123497 0.879154 -0.559407 -0.003718 0.990537 -0.137197 78.537689 -0.887778 0.059877 0.456360 2.431476 0.000000 0.000000 0.000000 1.000000
0.459312 0.122386 0.879804 -0.725137 -0.002861 0.990662 -0.136313 78.768997 -0.888271 0.060093 0.455373 3.370379 0.000000 0.000000 0.000000 1.000000
0.457183 0.123152 0.880805 -0.851493 -0.001349 0.990461 -0.137784 79.145958 -0.889372 0.061804 0.452988 4.209582 0.000000 0.000000 0.000000 1.000000
0.456259 0.123986 0.881167 -0.968190 0.000900 0.990181 -0.139791 79.599083 -0.889847 0.064574 0.451667 4.853486 0.000000 0.000000 0.000000 1.000000
0.455745 0.122801 0.881599 -1.076635 0.002156 0.990282 -0.139054 80.016708 -0.890108 0.065274 0.451051 5.258428 0.000000 0.000000 0.000000 1.000000
0.455000 0.123259 0.881920 -1.185080 0.001416 0.990273 -0.139133 80.264809 -0.890491 0.064554 0.450399 5.403878 0.000000 0.000000 0.000000 1.000000
0.457388 0.121517 0.880926 -1.287283 -0.000397 0.990647 -0.136446 80.189758 -0.889267 0.062059 0.453158 5.215536 0.000000 0.000000 0.000000 1.000000
0.460377 0.117349 0.879933 -1.347465 -0.000289 0.991244 -0.132043 79.790306 -0.887724 0.060535 0.456379 4.671314 0.000000 0.000000 0.000000 1.000000
0.465433 0.111909 0.877980 -1.345213 0.000089 0.991968 -0.126486 79.131943 -0.885083 0.058949 0.461685 3.887265 0.000000 0.000000 0.000000 1.000000
0.467296 0.106928 0.877611 -1.290486 0.000167 0.992648 -0.121033 78.443962 -0.884101 0.056705 0.463843 3.002389 0.000000 0.000000 0.000000 1.000000
0.467651 0.106096 0.877523 -1.228943 -0.000911 0.992828 -0.119551 77.870865 -0.883913 0.055109 0.464393 2.096017 0.000000 0.000000 0.000000 1.000000
0.468351 0.111371 0.876495 -1.160621 -0.004195 0.992293 -0.123843 77.539223 -0.883533 0.054325 0.465208 1.189439 0.000000 0.000000 0.000000 1.000000
0.464568 0.118568 0.877564 -1.101522 -0.007079 0.991461 -0.130209 77.487152 -0.885509 0.054278 0.461441 0.312212 0.000000 0.000000 0.000000 1.000000
0.455228 0.127774 0.881159 -1.032699 -0.011000 0.990381 -0.137929 77.638672 -0.890307 0.053097 0.452255 -0.456962 0.000000 0.000000 0.000000 1.000000
0.444649 0.129836 0.886245 -0.942860 -0.013673 0.990307 -0.138221 77.969666 -0.895600 0.049343 0.442115 -1.013941 0.000000 0.000000 0.000000 1.000000
0.434256 0.132981 0.890920 -0.853084 -0.016684 0.990061 -0.139647 78.416344 -0.900635 0.045778 0.432158 -1.378878 0.000000 0.000000 0.000000 1.000000
0.423928 0.137049 0.895267 -0.774095 -0.019749 0.989649 -0.142145 78.898079 -0.905481 0.042579 0.422246 -1.542955 0.000000 0.000000 0.000000 1.000000
0.417714 0.139138 0.897862 -0.711222 -0.020613 0.989402 -0.143734 79.305725 -0.908345 0.041532 0.416155 -1.529270 0.000000 0.000000 0.000000 1.000000
0.416675 0.140293 0.898165 -0.686764 -0.019805 0.989186 -0.145323 79.584724 -0.908840 0.042765 0.414947 -1.358371 0.000000 0.000000 0.000000 1.000000
0.419298 0.142234 0.896637 -0.705106 -0.019931 0.988855 -0.147542 79.663460 -0.907630 0.043994 0.417460 -1.047451 0.000000 0.000000 0.000000 1.000000
0.426407 0.143117 0.893137 -0.770381 -0.019801 0.988644 -0.148967 79.498734 -0.904315 0.045836 0.424399 -0.592367 0.000000 0.000000 0.000000 1.000000
0.439231 0.143172 0.886892 -0.851180 -0.019165 0.988488 -0.150082 79.177673 -0.898170 0.048923 0.436919 0.014248 0.000000 0.000000 0.000000 1.000000
0.453471 0.139672 0.880259 -0.944266 -0.018962 0.988933 -0.147147 78.853249 -0.891069 0.050035 0.451101 0.677982 0.000000 0.000000 0.000000 1.000000
0.464131 0.135048 0.875411 -1.059650 -0.019012 0.989600 -0.142584 78.648102 -0.885563 0.049534 0.461871 1.448699 0.000000 0.000000 0.000000 1.000000
0.467139 0.136733 0.873547 -1.155537 -0.020087 0.989357 -0.144119 78.673035 -0.883956 0.049776 0.464914 2.282996 0.000000 0.000000 0.000000 1.000000
0.461909 0.142975 0.875327 -1.274865 -0.024209 0.988586 -0.148700 78.924835 -0.886597 0.047495 0.460098 3.151489 0.000000 0.000000 0.000000 1.000000
0.456273 0.144711 0.877994 -1.420003 -0.024407 0.988352 -0.150217 79.254990 -0.889505 0.047110 0.454490 3.914429 0.000000 0.000000 0.000000 1.000000
0.453236 0.140067 0.880317 -1.513594 -0.019043 0.988873 -0.147535 79.551804 -0.891187 0.050105 0.450860 4.475674 0.000000 0.000000 0.000000 1.000000
0.454658 0.136701 0.880113 -1.525241 -0.014455 0.989154 -0.146170 79.766563 -0.890549 0.053735 0.451703 4.717186 0.000000 0.000000 0.000000 1.000000
0.459390 0.132963 0.878227 -1.471864 -0.010248 0.989460 -0.144443 79.825027 -0.888176 0.057356 0.455911 4.637934 0.000000 0.000000 0.000000 1.000000
0.464999 0.133744 0.875150 -1.343620 -0.009895 0.989246 -0.145923 79.699333 -0.885256 0.059195 0.461322 4.267642 0.000000 0.000000 0.000000 1.000000
0.468675 0.134963 0.873000 -1.198998 -0.008261 0.988886 -0.148444 79.438957 -0.883332 0.062360 0.464581 3.560284 0.000000 0.000000 0.000000 1.000000
0.471790 0.134115 0.871451 -1.057493 -0.005326 0.988779 -0.149288 79.090378 -0.881695 0.065792 0.467210 2.651383 0.000000 0.000000 0.000000 1.000000
0.478335 0.136237 0.867545 -0.859492 -0.003383 0.988172 -0.153314 78.656860 -0.878171 0.070400 0.473138 1.667330 0.000000 0.000000 0.000000 1.000000
0.486361 0.143102 0.861960 -0.593004 -0.004073 0.986858 -0.161539 78.205704 -0.873749 0.075056 0.480552 0.898507 0.000000 0.000000 0.000000 1.000000</float_array>
        <technique_common>
          <accessor source="#mixamorig6_Hips-Matrix-animation-output-transform-array" count="50" stride="16">
            <param type="float4x4"/>
          </accessor>
        </technique_common>
      </source>
      <source id="mixamorig6_Hips-Interpolations">
        <Name_array id="mixamorig6_Hips-Interpolations-array" count="50">
 LINEAR LINEAR LINEAR LINEAR LINEAR LINEAR LINEAR LINEAR LINEAR LINEAR LINEAR
LINEAR LINEAR LINEAR LINEAR LINEAR LINEAR LINEAR LINEAR LINEAR LINEAR LINEAR LINEAR
LINEAR LINEAR LINEAR LINEAR LINEAR LINEAR LINEAR LINEAR LINEAR LINEAR LINEAR LINEAR
LINEAR LINEAR LINEAR LINEAR LINEAR LINEAR LINEAR LINEAR LINEAR LINEAR LINEAR LINEAR
LINEAR LINEAR LINEAR</Name_array>
        <technique_common>
          <accessor source="#mixamorig6_Hips-Interpolations-array" count="50">
            <param type="name"/>
          </accessor>
        </technique_common>
      </source>
      <sampler id="mixamorig6_Hips-Matrix-animation-transform">
        <input semantic="INPUT" source="#mixamorig6_Hips-Matrix-animation-input"/>
        <input semantic="OUTPUT" source="#mixamorig6_Hips-Matrix-animation-output-transform"/>
        <input semantic="INTERPOLATION" source="#mixamorig6_Hips-Interpolations"/>
      </sampler>
      <channel source="#mixamorig6_Hips-Matrix-animation-transform" target="mixamorig6_Hips/matrix"/>
      <source id="mixamorig6_Spine-Matrix-animation-input">
        <float_array id="mixamorig6_Spine-Matrix-animation-input-array" count="50">

0.000000 0.033333 0.066667 0.100000 0.133333 0.166667 0.200000 0.233333 0.266667 0.300000 0.333333 0.366667 0.400000 0.433333 0.466667 0.500000
0.533333 0.566667 0.600000 0.633333 0.666667 0.700000 0.733333 0.766667 0.800000 0.833333 0.866667 0.900000 0.933333 0.966667 1.000000 1.033333
1.066667 1.100000 1.133333 1.166667 1.200000 1.233333 1.266667 1.300000 1.333333 1.366667 1.400000 1.433333 1.466667 1.500000 1.533333 1.566667
1.600000 1.633333</float_array>
        <technique_common>
          <accessor source="#mixamorig6_Spine-Matrix-animation-input-array" count="50">
            <param name="TIME" type="float"/>
          </accessor>
        </technique_common>
      </source>
      <source id="mixamorig6_Spine-Matrix-animation-output-transform">
        <float_array id="mixamorig6_Spine-Matrix-animation-output-transform-array" count="800">

0.999457 0.030534 0.012410 0.000000 -0.030483 0.999526 -0.004284 10.156800 -0.012535 0.003903 0.999914 -0.418800 0.000000 0.000000 0.000000 1.000000
0.999530 0.028145 0.012116 0.000000 -0.028150 0.999604 0.000233 10.156800 -0.012105 -0.000574 0.999927 -0.418800 0.000000 0.000000 0.000000 1.000000
0.999483 0.029210 0.013415 0.000000 -0.029181 0.999571 -0.002347 10.156800 -0.013478 0.001954 0.999907 -0.418800 0.000000 0.000000 0.000000 1.000000
0.999331 0.033335 0.015011 0.000000 -0.033201 0.999407 -0.009128 10.156800 -0.015307 0.008623 0.999846 -0.418800 0.000000 0.000000 0.000000 1.000000
0.999232 0.035858 0.015772 0.000000 -0.035641 0.999269 -0.013856 10.156800 -0.016258 0.013283 0.999780 -0.418800 0.000000 0.000000 0.000000 1.000000
0.999112 0.038573 0.016922 0.000000 -0.038252 0.999090 -0.018877 10.156800 -0.017635 0.018213 0.999679 -0.418800 0.000000 0.000000 0.000000 1.000000
0.998993 0.041032 0.018164 0.000000 -0.040643 0.998946 -0.021321 10.156800 -0.019020 0.020562 0.999608 -0.418800 0.000000 0.000000 0.000000 1.000000
0.998888 0.043088 0.019116 0.000000 -0.042683 0.998865 -0.021137 10.156800 -0.020005 0.020298 0.999594 -0.418800 0.000000 0.000000 0.000000 1.000000
0.998843 0.043699 0.020079 -0.000000 -0.043307 0.998871 -0.019547 10.156800 -0.020911 0.018654 0.999607 -0.418800 0.000000 0.000000 0.000000 1.000000
0.998818 0.043975 0.020685 0.000000 -0.043617 0.998896 -0.017451 10.156800 -0.021430 0.016528 0.999634 -0.418800 0.000000 0.000000 0.000000 1.000000
0.998791 0.044362 0.021157 0.000000 -0.044020 0.998897 -0.016369 10.156800 -0.021859 0.015418 0.999642 -0.418800 0.000000 0.000000 0.000000 1.000000
0.998811 0.043600 0.021788 -0.000000 -0.043252 0.998933 -0.016198 10.156800 -0.022471 0.015236 0.999631 -0.418800 0.000000 0.000000 0.000000 1.000000
0.998898 0.041289 0.022336 -0.000000 -0.040961 0.999049 -0.014949 10.156800 -0.022932 0.014018 0.999639 -0.418800 0.000000 0.000000 0.000000 1.000000
0.998910 0.040886 0.022505 -0.000000 -0.040541 0.999056 -0.015611 10.156800 -0.023122 0.014682 0.999625 -0.418800 0.000000 0.000000 0.000000 1.000000
0.998971 0.039627 0.022070 0.000000 -0.039275 0.999098 -0.016134 10.156800 -0.022689 0.015250 0.999626 -0.418800 0.000000 0.000000 0.000000 1.000000
0.999115 0.036396 0.021078 0.000000 -0.036022 0.999191 -0.017866 10.156800 -0.021712 0.017091 0.999618 -0.418800 0.000000 0.000000 0.000000 1.000000
0.999288 0.032470 0.019215 -0.000000 -0.032144 0.999338 -0.017035 10.156800 -0.019756 0.016405 0.999670 -0.418800 0.000000 0.000000 0.000000 1.000000
0.999433 0.028784 0.017459 0.000000 -0.028530 0.999486 -0.014611 10.156800 -0.017870 0.014104 0.999741 -0.418800 0.000000 0.000000 0.000000 1.000000
0.999508 0.026646 0.016571 0.000000 -0.026462 0.999587 -0.011203 10.156800 -0.016863 0.010759 0.999800 -0.418800 0.000000 0.000000 0.000000 1.000000
0.999548 0.025469 0.015978 0.000000 -0.025317 0.999633 -0.009609 10.156800 -0.016217 0.009200 0.999826 -0.418800 0.000000 0.000000 0.000000 1.000000
0.999598 0.023820 0.015348 0.000000 -0.023692 0.999684 -0.008421 10.156800 -0.015543 0.008054 0.999847 -0.418800 0.000000 0.000000 0.000000 1.000000
0.999649 0.021749 0.015125 0.000000 -0.021617 0.999727 -0.008868 10.156800 -0.015314 0.008538 0.999846 -0.418800 0.000000 0.000000 0.000000 1.000000
0.999722 0.018452 0.014695 -0.000000 -0.018285 0.999768 -0.011426 10.156800 -0.014902 0.011154 0.999827 -0.418800 0.000000 0.000000 0.000000 1.000000
0.999747 0.016787 0.014990 0.000000 -0.016571 0.999759 -0.014373 10.156800 -0.015228 0.014121 0.999784 -0.418800 0.000000 0.000000 0.000000 1.000000
0.999747 0.016360 0.015437 -0.000000 -0.016099 0.999728 -0.016853 10.156800 -0.015708 0.016600 0.999739 -0.418800 0.000000 0.000000 0.000000 1.000000
0.999696 0.018434 0.016402 0.000000 -0.018152 0.999688 -0.017185 10.156800 -0.016713 0.016882 0.999718 -0.418800 0.000000 0.000000 0.000000 1.000000
0.999652 0.019310 0.017975 0.000000 -0.019032 0.999699 -0.015500 10.156800 -0.018269 0.015152 0.999718 -0.418800 0.000000 0.000000 0.000000 1.000000
0.999593 0.021285 0.019014 0.000000 -0.020997 0.999664 -0.015203 10.156800 -0.019331 0.014798 0.999704 -0.418800 0.000000 0.000000 0.000000 1.000000
0.999529 0.024320 0.018720 0.000000 -0.024068 0.999619 -0.013546 10.156800 -0.019042 0.013089 0.999733 -0.418800 0.000000 0.000000 0.000000 1.000000
0.999395 0.029571 0.018308 0.000000 -0.029304 0.999462 -0.014705 10.156800 -0.018733 0.014159 0.999724 -0.418800 0.000000 0.000000 0.000000 1.000000
0.999253 0.034214 0.017962 0.000000 -0.033973 0.999330 -0.013603 10.156800 -0.018415 0.012983 0.999746 -0.418800 0.000000 0.000000 0.000000 1.000000
0.999109 0.038465 0.017350 -0.000000 -0.038257 0.999194 -0.012170 10.156800 -0.017805 0.011495 0.999775 -0.418800 0.000000 0.000000 0.000000 1.000000
0.998936 0.042549 0.017775 0.000000 -0.042339 0.999031 -0.012019 10.156800 -0.018269 0.011254 0.999770 -0.418800 0.000000 0.000000 0.000000 1.000000
0.998745 0.046466 0.018684 0.000000 -0.046240 0.998854 -0.012318 10.156800 -0.019235 0.011438 0.999750 -0.418800 0.000000 0.000000 0.000000 1.000000
0.998656 0.048239 0.018967 0.000000 -0.048019 0.998776 -0.011894 10.156800 -0.019518 0.010967 0.999749 -0.418800 0.000000 0.000000 0.000000 1.000000
0.998701 0.047146 0.019308 0.000000 -0.046928 0.998831 -0.011595 10.156800 -0.019832 0.010674 0.999746 -0.418800 0.000000 0.000000 0.000000 1.000000
0.998850 0.043628 0.019897 -0.000000 -0.043408 0.998993 -0.011337 10.156800 -0.020371 0.010460 0.999738 -0.418800 0.000000 0.000000 0.000000 1.000000
0.998989 0.039999 0.020533 0.000000 -0.039745 0.999130 -0.012629 10.156800 -0.021021 0.011800 0.999709 -0.418800 0.000000 0.000000 0.000000 1.000000
0.999124 0.036197 0.021014 0.000000 -0.035906 0.999256 -0.014068 10.156800 -0.021507 0.013301 0.999680 -0.418800 0.000000 0.000000 0.000000 1.000000
0.999271 0.032306 0.020352 0.000000 -0.032071 0.999417 -0.011728 10.156800 -0.020719 0.011066 0.999724 -0.418800 0.000000 0.000000 0.000000 1.000000
0.999395 0.029745 0.018025 0.000000 -0.029630 0.999539 -0.006567 10.156800 -0.018212 0.006029 0.999816 -0.418800 0.000000 0.000000 0.000000 1.000000
0.999450 0.029560 0.015011 0.000000 -0.029494 0.999554 -0.004580 10.156800 -0.015140 0.004135 0.999877 -0.418800 0.000000 0.000000 0.000000 1.000000
0.999373 0.032816 0.013330 0.000000 -0.032731 0.999443 -0.006534 10.156800 -0.013537 0.006093 0.999890 -0.418800 0.000000 0.000000 0.000000 1.000000
0.999296 0.035172 0.013072 -0.000000 -0.035063 0.999349 -0.008517 10.156800 -0.013363 0.008053 0.999878 -0.418800 0.000000 0.000000 0.000000 1.000000
0.999223 0.037214 0.013011 0.000000 -0.037067 0.999248 -0.011374 10.156800 -0.013424 0.010883 0.999851 -0.418800 0.000000 0.000000 0.000000 1.000000
0.999259 0.036437 0.012431 0.000000 -0.036305 0.999283 -0.010710 10.156800 -0.012812 0.010251 0.999865 -0.418800 0.000000 0.000000 0.000000 1.000000
0.999332 0.034339 0.012504 0.000000 -0.034217 0.999366 -0.009881 10.156800 -0.012835 0.009447 0.999873 -0.418800 0.000000 0.000000 0.000000 1.000000
0.999350 0.033473 0.013373 0.000000 -0.033327 0.999383 -0.011045 10.156800 -0.013734 0.010592 0.999850 -0.418800 0.000000 0.000000 0.000000 1.000000
0.999368 0.032905 0.013454 0.000000 -0.032781 0.999418 -0.009391 10.156800 -0.013755 0.008944 0.999865 -0.418800 0.000000 0.000000 0.000000 1.000000
0.999474 0.030004 0.012316 0.000000 -0.029953 0.999542 -0.004306 10.156800 -0.012440 0.003934 0.999915 -0.418800 0.000000 0.000000 0.000000 1.000000</float_array>
        <technique_common>
          <accessor source="#mixamorig6_Spine-Matrix-animation-output-transform-array" count="50" stride="16">
            <param type="float4x4"/>
          </accessor>
        </technique_common>
      </source>
      <source id="mixamorig6_Spine-Interpolations">
        <Name_array id="mixamorig6_Spine-Interpolations-array" count="50">
 LINEAR LINEAR LINEAR LINEAR LINEAR LINEAR LINEAR LINEAR LINEAR LINEAR LINEAR
LINEAR LINEAR LINEAR LINEAR LINEAR LINEAR LINEAR LINEAR LINEAR LINEAR LINEAR LINEAR
LINEAR LINEAR LINEAR LINEAR LINEAR LINEAR LINEAR LINEAR LINEAR LINEAR LINEAR LINEAR
LINEAR LINEAR LINEAR LINEAR LINEAR LINEAR LINEAR LINEAR LINEAR LINEAR LINEAR LINEAR
LINEAR LINEAR LINEAR</Name_array>
        <technique_common>
          <accessor source="#mixamorig6_Spine-Interpolations-array" count="50">
            <param type="name"/>
          </accessor>
        </technique_common>
      </source>
      <sampler id="mixamorig6_Spine-Matrix-animation-transform">
        <input semantic="INPUT" source="#mixamorig6_Spine-Matrix-animation-input"/>
        <input semantic="OUTPUT" source="#mixamorig6_Spine-Matrix-animation-output-transform"/>
        <input semantic="INTERPOLATION" source="#mixamorig6_Spine-Interpolations"/>
      </sampler>
      <channel source="#mixamorig6_Spine-Matrix-animation-transform" target="mixamorig6_Spine/matrix"/>
      <source id="mixamorig6_Spine1-Matrix-animation-input">
        <float_array id="mixamorig6_Spine1-Matrix-animation-input-array" count="50">

0.000000 0.033333 0.066667 0.100000 0.133333 0.166667 0.200000 0.233333 0.266667 0.300000 0.333333 0.366667 0.400000 0.433333 0.466667 0.500000
0.533333 0.566667 0.600000 0.633333 0.666667 0.700000 0.733333 0.766667 0.800000 0.833333 0.866667 0.900000 0.933333 0.966667 1.000000 1.033333
1.066667 1.100000 1.133333 1.166667 1.200000 1.233333 1.266667 1.300000 1.333333 1.366667 1.400000 1.433333 1.466667 1.500000 1.533333 1.566667
1.600000 1.633333</float_array>
        <technique_common>
          <accessor source="#mixamorig6_Spine1-Matrix-animation-input-array" count="50">
            <param name="TIME" type="float"/>
          </accessor>
        </technique_common>
      </source>
      <source id="mixamorig6_Spine1-Matrix-animation-output-transform">
        <float_array id="mixamorig6_Spine1-Matrix-animation-output-transform-array" count="800">

0.999908 0.012980 -0.003938 0.000000 -0.013384 0.991277 -0.131116 11.859600 0.002202 0.131157 0.991359 0.000000 0.000000 0.000000 0.000000 1.000000
0.999962 0.008578 -0.001550 0.000000 -0.008706 0.991581 -0.129198 11.859600 0.000429 0.129206 0.991618 0.000000 0.000000 0.000000 0.000000 1.000000
0.999967 0.007825 0.002190 0.000000 -0.007462 0.990971 -0.133868 11.859600 -0.003218 0.133847 0.990997 0.000000 0.000000 0.000000 0.000000 1.000000
0.999937 0.009654 0.005785 0.000000 -0.008746 0.990034 -0.140554 11.859600 -0.007084 0.140494 0.990056 0.000000 0.000000 0.000000 0.000000 1.000000
0.999901 0.011350 0.008324 0.000000 -0.010028 0.989443 -0.144576 11.859600 -0.009877 0.144478 0.989459 -0.000000 0.000000 0.000000 0.000000 1.000000
0.999862 0.011878 0.011599 0.000000 -0.010035 0.988979 -0.147718 11.859600 -0.013225 0.147582 0.988961 0.000000 0.000000 0.000000 0.000000 1.000000
0.999806 0.012378 0.015317 0.000000 -0.009962 0.988809 -0.148852 11.859600 -0.016988 0.148671 0.988741 0.000000 0.000000 0.000000 0.000000 1.000000
0.999740 0.013324 0.018530 0.000000 -0.010450 0.989029 -0.147353 11.859600 -0.020290 0.147121 0.988910 0.000000 0.000000 0.000000 0.000000 1.000000
0.999670 0.014601 0.021132 0.000000 -0.011382 0.989345 -0.145146 11.859600 -0.023026 0.144858 0.989185 0.000000 0.000000 0.000000 0.000000 1.000000
0.999616 0.017390 0.021577 -0.000000 -0.014136 0.989664 -0.142706 11.859600 -0.023836 0.142347 0.989530 -0.000000 0.000000 0.000000 0.000000 1.000000
0.999551 0.021661 0.020682 -0.000000 -0.018472 0.989468 -0.143568 11.859600 -0.023575 0.143122 0.989424 -0.000000 0.000000 0.000000 0.000000 1.000000
0.999499 0.024597 0.019922 -0.000000 -0.021416 0.988965 -0.146592 11.859600 -0.023308 0.146092 0.988996 0.000000 0.000000 0.000000 0.000000 1.000000
0.999473 0.026643 0.018552 0.000000 -0.023596 0.988617 -0.148590 11.859600 -0.022300 0.148074 0.988725 0.000000 0.000000 0.000000 0.000000 1.000000
0.999344 0.032550 0.015893 0.000000 -0.029767 0.987979 -0.151695 11.859600 -0.020640 0.151122 0.988300 0.000000 0.000000 0.000000 0.000000 1.000000
0.999273 0.036005 0.012563 0.000000 -0.033640 0.987456 -0.154272 11.859600 -0.017960 0.153737 0.987949 0.000000 0.000000 0.000000 0.000000 1.000000
0.999337 0.035379 0.008601 0.000000 -0.033577 0.986864 -0.158025 11.859600 -0.014078 0.157632 0.987398 0.000000 0.000000 0.000000 0.000000 1.000000
0.999476 0.032089 0.004259 0.000000 -0.031025 0.987160 -0.156695 11.859600 -0.009233 0.156481 0.987638 -0.000000 0.000000 0.000000 0.000000 1.000000
0.999572 0.029228 0.000729 0.000000 -0.028773 0.987819 -0.152922 11.859600 -0.005190 0.152835 0.988238 0.000000 0.000000 0.000000 0.000000 1.000000
0.999622 0.027469 -0.000608 -0.000000 -0.027257 0.988648 -0.147758 11.859600 -0.003458 0.147718 0.989023 0.000000 0.000000 0.000000 0.000000 1.000000
0.999670 0.025678 -0.001097 0.000000 -0.025568 0.989235 -0.144087 11.859600 -0.002614 0.144068 0.989564 -0.000000 0.000000 0.000000 0.000000 1.000000
0.999740 0.022710 -0.001844 0.000000 -0.022744 0.989812 -0.140554 11.859600 -0.001367 0.140560 0.990071 -0.000000 0.000000 0.000000 0.000000 1.000000
0.999810 0.019347 -0.002524 0.000000 -0.019510 0.990061 -0.139277 11.859600 -0.000195 0.139300 0.990250 -0.000000 0.000000 0.000000 0.000000 1.000000
0.999888 0.014394 -0.004071 0.000000 -0.014825 0.989823 -0.141526 11.859600 0.001993 0.141571 0.989926 0.000000 0.000000 0.000000 0.000000 1.000000
0.999941 0.010025 -0.004103 0.000000 -0.010516 0.989290 -0.145585 11.859600 0.002599 0.145620 0.989337 0.000000 0.000000 0.000000 0.000000 1.000000
0.999971 0.006972 -0.003084 0.000000 -0.007353 0.988803 -0.149042 11.859600 0.002010 0.149061 0.988826 0.000000 0.000000 0.000000 0.000000 1.000000
0.999984 0.005661 -0.000570 0.000000 -0.005683 0.988701 -0.149796 11.859600 -0.000285 0.149797 0.988717 0.000000 0.000000 0.000000 0.000000 1.000000
0.999981 0.005231 0.003293 0.000000 -0.004684 0.988885 -0.148609 11.859600 -0.004034 0.148591 0.988891 0.000000 0.000000 0.000000 0.000000 1.000000
0.999968 0.004864 0.006378 0.000000 -0.003869 0.989034 -0.147634 11.859600 -0.007026 0.147605 0.989021 -0.000000 0.000000 0.000000 0.000000 1.000000
0.999952 0.005586 0.008052 -0.000000 -0.004352 0.989296 -0.145855 11.859600 -0.008781 0.145813 0.989273 0.000000 0.000000 0.000000 0.000000 1.000000
0.999932 0.006647 0.009623 0.000000 -0.005163 0.989166 -0.146712 11.859600 -0.010494 0.146652 0.989132 0.000000 0.000000 0.000000 0.000000 1.000000
0.999903 0.007970 0.011394 -0.000000 -0.006235 0.989427 -0.144899 11.859600 -0.012429 0.144814 0.989381 0.000000 0.000000 0.000000 0.000000 1.000000
0.999867 0.010781 0.012264 -0.000000 -0.008932 0.989833 -0.141955 11.859600 -0.013669 0.141827 0.989797 0.000000 0.000000 0.000000 0.000000 1.000000
0.999783 0.015651 0.013772 0.000000 -0.013557 0.989939 -0.140845 11.859600 -0.015838 0.140628 0.989936 0.000000 0.000000 0.000000 0.000000 1.000000
0.999636 0.022561 0.014763 0.000000 -0.020252 0.989770 -0.141227 11.859600 -0.017798 0.140877 0.989867 0.000000 0.000000 0.000000 0.000000 1.000000
0.999467 0.029335 0.014325 0.000000 -0.027034 0.989709 -0.140517 11.859600 -0.018300 0.140055 0.989975 0.000000 0.000000 0.000000 0.000000 1.000000
0.999378 0.032759 0.013041 0.000000 -0.030627 0.989786 -0.139230 11.859600 -0.017469 0.138744 0.990174 0.000000 0.000000 0.000000 0.000000 1.000000
0.999373 0.033395 0.011772 0.000000 -0.031431 0.989738 -0.139391 11.859600 -0.016307 0.138933 0.990167 0.000000 0.000000 0.000000 0.000000 1.000000
0.999357 0.034441 0.009967 0.000000 -0.032679 0.989319 -0.142054 11.859600 -0.014753 0.141637 0.989809 0.000000 0.000000 0.000000 0.000000 1.000000
0.999381 0.034234 0.008148 0.000000 -0.032693 0.988887 -0.145033 11.859600 -0.013022 0.144677 0.989393 -0.000000 0.000000 0.000000 0.000000 1.000000
0.999524 0.030383 0.005405 -0.000000 -0.029317 0.989565 -0.141074 11.859600 -0.009635 0.140848 0.989984 0.000000 0.000000 0.000000 0.000000 1.000000
0.999658 0.026124 0.001001 0.000000 -0.025754 0.990631 -0.134116 11.859600 -0.004496 0.134044 0.990965 0.000000 0.000000 0.000000 0.000000 1.000000
0.999671 0.025321 -0.003969 0.000000 -0.025624 0.990862 -0.132424 11.859600 0.000579 0.132482 0.991185 0.000000 0.000000 0.000000 0.000000 1.000000
0.999570 0.028493 -0.006970 0.000000 -0.029171 0.990500 -0.134383 11.859600 0.003075 0.134528 0.990905 0.000000 0.000000 0.000000 0.000000 1.000000
0.999516 0.030174 -0.007553 0.000000 -0.030916 0.990421 -0.134574 11.859600 0.003421 0.134742 0.990875 -0.000000 0.000000 0.000000 0.000000 1.000000
0.999523 0.029912 -0.007725 0.000000 -0.030680 0.990426 -0.134593 11.859600 0.003625 0.134766 0.990871 -0.000000 0.000000 0.000000 0.000000 1.000000
0.999643 0.025499 -0.008010 0.000000 -0.026334 0.990865 -0.132263 11.859600 0.004565 0.132427 0.991182 -0.000000 0.000000 0.000000 0.000000 1.000000
0.999750 0.021082 -0.007456 0.000000 -0.021881 0.991051 -0.131676 11.859600 0.004613 0.131807 0.991265 0.000000 0.000000 0.000000 0.000000 1.000000
0.999791 0.019649 -0.005670 -0.000000 -0.020233 0.990717 -0.134428 11.859600 0.002976 0.134514 0.990907 -0.000000 0.000000 0.000000 0.000000 1.000000
0.999838 0.017452 -0.004394 0.000000 -0.017885 0.990671 -0.135097 11.859600 0.001995 0.135154 0.990823 0.000000 0.000000 0.000000 0.000000 1.000000
0.999911 0.012708 -0.003945 0.000000 -0.013116 0.991272 -0.131182 11.859600 0.002243 0.131222 0.991351 0.000000 0.000000 0.000000 0.000000 1.000000</float_array>
        <technique_common>
          <accessor source="#mixamorig6_Spine1-Matrix-animation-output-transform-array" count="50" stride="16">
            <param type="float4x4"/>
          </accessor>
        </technique_common>
      </source>
      <source id="mixamorig6_Spine1-Interpolations">
        <Name_array id="mixamorig6_Spine1-Interpolations-array" count="50">
 LINEAR LINEAR LINEAR LINEAR LINEAR LINEAR LINEAR LINEAR LINEAR LINEAR LINEAR
LINEAR LINEAR LINEAR LINEAR LINEAR LINEAR LINEAR LINEAR LINEAR LINEAR LINEAR LINEAR
LINEAR LINEAR LINEAR LINEAR LINEAR LINEAR LINEAR LINEAR LINEAR LINEAR LINEAR LINEAR
LINEAR LINEAR LINEAR LINEAR LINEAR LINEAR LINEAR LINEAR LINEAR LINEAR LINEAR LINEAR
LINEAR LINEAR LINEAR</Name_array>
        <technique_common>
          <accessor source="#mixamorig6_Spine1-Interpolations-array" count="50">
            <param type="name"/>
          </accessor>
        </technique_common>
      </source>
      <sampler id="mixamorig6_Spine1-Matrix-animation-transform">
        <input semantic="INPUT" source="#mixamorig6_Spine1-Matrix-animation-input"/>
        <input semantic="OUTPUT" source="#mixamorig6_Spine1-Matrix-animation-output-transform"/>
        <input semantic="INTERPOLATION" source="#mixamorig6_Spine1-Interpolations"/>
      </sampler>
      <channel source="#mixamorig6_Spine1-Matrix-animation-transform" target="mixamorig6_Spine1/matrix"/>
      <source id="mixamorig6_Spine2-Matrix-animation-input">
        <float_array id="mixamorig6_Spine2-Matrix-animation-input-array" count="50">

0.000000 0.033333 0.066667 0.100000 0.133333 0.166667 0.200000 0.233333 0.266667 0.300000 0.333333 0.366667 0.400000 0.433333 0.466667 0.500000
0.533333 0.566667 0.600000 0.633333 0.666667 0.700000 0.733333 0.766667 0.800000 0.833333 0.866667 0.900000 0.933333 0.966667 1.000000 1.033333
1.066667 1.100000 1.133333 1.166667 1.200000 1.233333 1.266667 1.300000 1.333333 1.366667 1.400000 1.433333 1.466667 1.500000 1.533333 1.566667
1.600000 1.633333</float_array>
        <technique_common>
          <accessor source="#mixamorig6_Spine2-Matrix-animation-input-array" count="50">
            <param name="TIME" type="float"/>
          </accessor>
        </technique_common>
      </source>
      <source id="mixamorig6_Spine2-Matrix-animation-output-transform">
        <float_array id="mixamorig6_Spine2-Matrix-animation-output-transform-array" count="800">

0.999898 0.012849 -0.006220 -0.000000 -0.013553 0.991289 -0.131007 13.553800 0.004482 0.131078 0.991362 -0.000000 0.000000 0.000000 0.000000 1.000000
0.999959 0.008477 -0.003223 0.000000 -0.008823 0.991592 -0.129099 13.553800 0.002101 0.129122 0.991626 0.000000 0.000000 0.000000 0.000000 1.000000
0.999970 0.007783 0.000574 -0.000000 -0.007636 0.990976 -0.133825 13.553800 -0.001611 0.133816 0.991005 0.000000 0.000000 0.000000 0.000000 1.000000
0.999946 0.009631 0.003901 -0.000000 -0.008987 0.990030 -0.140569 13.553800 -0.005216 0.140526 0.990063 -0.000000 0.000000 0.000000 0.000000 1.000000
0.999916 0.011330 0.006354 0.000000 -0.010292 0.989432 -0.144634 13.553800 -0.007925 0.144556 0.989465 0.000000 0.000000 0.000000 0.000000 1.000000
0.999885 0.011850 0.009457 0.000000 -0.010322 0.988952 -0.147879 13.553800 -0.011105 0.147764 0.988960 0.000000 0.000000 0.000000 0.000000 1.000000
0.999839 0.012340 0.013017 -0.000000 -0.010263 0.988771 -0.149087 13.553800 -0.014711 0.148929 0.988738 0.000000 0.000000 0.000000 0.000000 1.000000
0.999782 0.013282 0.016101 0.000000 -0.010760 0.988983 -0.147638 13.553800 -0.017884 0.147433 0.988910 -0.000000 0.000000 0.000000 0.000000 1.000000
0.999720 0.014569 0.018672 -0.000000 -0.011701 0.989298 -0.145439 13.553800 -0.020592 0.145180 0.989191 0.000000 0.000000 0.000000 0.000000 1.000000
0.999665 0.017373 0.019187 0.000000 -0.014455 0.989621 -0.142973 13.553800 -0.021472 0.142648 0.989541 -0.000000 0.000000 0.000000 0.000000 1.000000
0.999597 0.021665 0.018340 0.000000 -0.018807 0.989431 -0.143782 13.553800 -0.021261 0.143379 0.989439 0.000000 0.000000 0.000000 0.000000 1.000000
0.999542 0.024618 0.017621 0.000000 -0.021769 0.988934 -0.146753 13.553800 -0.021039 0.146302 0.989016 0.000000 0.000000 0.000000 0.000000 1.000000
0.999511 0.026692 0.016319 -0.000000 -0.023973 0.988594 -0.148683 13.553800 -0.020101 0.148219 0.988750 0.000000 0.000000 0.000000 0.000000 1.000000
0.999377 0.032578 0.013608 0.000000 -0.030140 0.987964 -0.151719 13.553800 -0.018387 0.151214 0.988330 0.000000 0.000000 0.000000 0.000000 1.000000
0.999299 0.036008 0.010214 0.000000 -0.034004 0.987444 -0.154269 13.553800 -0.015640 0.153814 0.987976 0.000000 0.000000 0.000000 0.000000 1.000000
0.999356 0.035346 0.006185 0.000000 -0.033925 0.986850 -0.158038 13.553800 -0.011690 0.157727 0.987414 -0.000000 0.000000 0.000000 0.000000 1.000000
0.999485 0.032032 0.001987 0.000000 -0.031325 0.987142 -0.156749 13.553800 -0.006982 0.156606 0.987636 0.000000 0.000000 0.000000 0.000000 1.000000
0.999574 0.029152 -0.001405 -0.000000 -0.029024 0.987800 -0.152998 13.553800 -0.003072 0.152974 0.988225 -0.000000 0.000000 0.000000 0.000000 1.000000
0.999621 0.027394 -0.002681 0.000000 -0.027489 0.988623 -0.147884 13.553800 -0.001401 0.147902 0.989001 0.000000 0.000000 0.000000 0.000000 1.000000
0.999667 0.025607 -0.003183 0.000000 -0.025798 0.989202 -0.144268 13.553800 -0.000546 0.144302 0.989534 0.000000 0.000000 0.000000 0.000000 1.000000
0.999736 0.022634 -0.003897 0.000000 -0.022957 0.989780 -0.140742 13.553800 0.000672 0.140794 0.990039 0.000000 0.000000 0.000000 0.000000 1.000000
0.999804 0.019270 -0.004531 -0.000000 -0.019714 0.990032 -0.139454 13.553800 0.001798 0.139516 0.990218 -0.000000 0.000000 0.000000 0.000000 1.000000
0.999880 0.014303 -0.005916 0.000000 -0.014997 0.989803 -0.141648 13.553800 0.003829 0.141720 0.989899 -0.000000 0.000000 0.000000 0.000000 1.000000
0.999933 0.009931 -0.005916 0.000000 -0.010686 0.989276 -0.145668 13.553800 0.004406 0.145722 0.989316 -0.000000 0.000000 0.000000 0.000000 1.000000
0.999964 0.006868 -0.004946 0.000000 -0.007529 0.988797 -0.149074 13.553800 0.003867 0.149106 0.988814 0.000000 0.000000 0.000000 0.000000 1.000000
0.999981 0.005560 -0.002631 0.000000 -0.005891 0.988695 -0.149825 13.553800 0.001768 0.149838 0.988709 0.000000 0.000000 0.000000 0.000000 1.000000
0.999986 0.005156 0.001188 -0.000000 -0.004923 0.988876 -0.148659 13.553800 -0.001941 0.148652 0.988888 0.000000 0.000000 0.000000 0.000000 1.000000
0.999980 0.004800 0.004106 0.000000 -0.004141 0.989027 -0.147680 13.553800 -0.004769 0.147660 0.989027 0.000000 0.000000 0.000000 0.000000 1.000000
0.999969 0.005539 0.005632 0.000000 -0.004657 0.989284 -0.145932 13.553800 -0.006380 0.145901 0.989279 0.000000 0.000000 0.000000 0.000000 1.000000
0.999955 0.006598 0.006828 0.000000 -0.005524 0.989139 -0.146878 13.553800 -0.007723 0.146833 0.989131 -0.000000 0.000000 0.000000 0.000000 1.000000
0.999934 0.007948 0.008344 0.000000 -0.006653 0.989383 -0.145181 13.553800 -0.009409 0.145116 0.989370 -0.000000 0.000000 0.000000 0.000000 1.000000
0.999901 0.010784 0.009067 -0.000000 -0.009384 0.989775 -0.142325 13.553800 -0.010509 0.142226 0.989778 -0.000000 0.000000 0.000000 0.000000 1.000000
0.999823 0.015673 0.010380 -0.000000 -0.014050 0.989863 -0.141332 13.553800 -0.012490 0.141161 0.989908 -0.000000 0.000000 0.000000 0.000000 1.000000
0.999683 0.022588 0.011144 0.000000 -0.020782 0.989683 -0.141758 13.553800 -0.014232 0.141481 0.989839 -0.000000 0.000000 0.000000 0.000000 1.000000
0.999511 0.029357 0.010810 0.000000 -0.027542 0.989629 -0.140980 13.553800 -0.014837 0.140613 0.989953 0.000000 0.000000 0.000000 0.000000 1.000000
0.999416 0.032766 0.009742 0.000000 -0.031088 0.989723 -0.139578 13.553800 -0.014215 0.139194 0.990163 -0.000000 0.000000 0.000000 0.000000 1.000000
0.999404 0.033392 0.008746 0.000000 -0.031845 0.989691 -0.139636 13.553800 -0.013319 0.139274 0.990164 0.000000 0.000000 0.000000 0.000000 1.000000
0.999381 0.034421 0.007240 0.000000 -0.033043 0.989286 -0.142202 13.553800 -0.012058 0.141875 0.989811 -0.000000 0.000000 0.000000 0.000000 1.000000
0.999400 0.034197 0.005578 -0.000000 -0.033026 0.988861 -0.145134 13.553800 -0.010479 0.144863 0.989396 0.000000 0.000000 0.000000 0.000000 1.000000
0.999536 0.030318 0.002758 0.000000 -0.029626 0.989546 -0.141142 13.553800 -0.007008 0.140994 0.989986 0.000000 0.000000 0.000000 0.000000 1.000000
0.999660 0.026027 -0.001826 0.000000 -0.026036 0.990611 -0.134207 13.553800 -0.001684 0.134208 0.990952 0.000000 0.000000 0.000000 0.000000 1.000000
0.999659 0.025175 -0.006876 0.000000 -0.025865 0.990836 -0.132573 13.553800 0.003475 0.132705 0.991149 0.000000 0.000000 0.000000 0.000000 1.000000
0.999548 0.028318 -0.010110 0.000000 -0.029421 0.990472 -0.134534 13.553800 0.006204 0.134770 0.990857 0.000000 0.000000 0.000000 0.000000 1.000000
0.999491 0.030012 -0.010832 0.000000 -0.031199 0.990395 -0.134699 13.553800 0.006685 0.134968 0.990827 0.000000 0.000000 0.000000 0.000000 1.000000
0.999495 0.029775 -0.011107 -0.000000 -0.031000 0.990409 -0.134648 13.553800 0.006991 0.134924 0.990831 0.000000 0.000000 0.000000 0.000000 1.000000
0.999615 0.025353 -0.011289 0.000000 -0.026625 0.990860 -0.132244 13.553800 0.007833 0.132494 0.991153 -0.000000 0.000000 0.000000 0.000000 1.000000
0.999725 0.020923 -0.010633 0.000000 -0.022141 0.991052 -0.131624 13.553800 0.007784 0.131824 0.991243 0.000000 0.000000 0.000000 0.000000 1.000000
0.999771 0.019489 -0.008785 -0.000000 -0.020493 0.990717 -0.134389 13.553800 0.006085 0.134538 0.990890 0.000000 0.000000 0.000000 0.000000 1.000000
0.999824 0.017290 -0.007265 0.000000 -0.018113 0.990677 -0.135025 13.553800 0.004863 0.135133 0.990816 -0.000000 0.000000 0.000000 0.000000 1.000000
0.999902 0.012573 -0.006175 0.000000 -0.013274 0.991283 -0.131076 13.553800 0.004473 0.131145 0.991353 0.000000 0.000000 0.000000 0.000000 1.000000</float_array>
        <technique_common>
          <accessor source="#mixamorig6_Spine2-Matrix-animation-output-transform-array" count="50" stride="16">
            <param type="float4x4"/>
          </accessor>
        </technique_common>
      </source>
      <source id="mixamorig6_Spine2-Interpolations">
        <Name_array id="mixamorig6_Spine2-Interpolations-array" count="50">
 LINEAR LINEAR LINEAR LINEAR LINEAR LINEAR LINEAR LINEAR LINEAR LINEAR LINEAR
LINEAR LINEAR LINEAR LINEAR LINEAR LINEAR LINEAR LINEAR LINEAR LINEAR LINEAR LINEAR
LINEAR LINEAR LINEAR LINEAR LINEAR LINEAR LINEAR LINEAR LINEAR LINEAR LINEAR LINEAR
LINEAR LINEAR LINEAR LINEAR LINEAR LINEAR LINEAR LINEAR LINEAR LINEAR LINEAR LINEAR
LINEAR LINEAR LINEAR</Name_array>
        <technique_common>
          <accessor source="#mixamorig6_Spine2-Interpolations-array" count="50">
            <param type="name"/>
          </accessor>
        </technique_common>
      </source>
      <sampler id="mixamorig6_Spine2-Matrix-animation-transform">
        <input semantic="INPUT" source="#mixamorig6_Spine2-Matrix-animation-input"/>
        <input semantic="OUTPUT" source="#mixamorig6_Spine2-Matrix-animation-output-transform"/>
        <input semantic="INTERPOLATION" source="#mixamorig6_Spine2-Interpolations"/>
      </sampler>
      <channel source="#mixamorig6_Spine2-Matrix-animation-transform" target="mixamorig6_Spine2/matrix"/>
      <source id="mixamorig6_Neck-Matrix-animation-input">
