<?xml version="1.0" encoding="utf-8"?>
<COLLADA xmlns="http://www.collada.org/2005/11/COLLADASchema" version="1.4.1">
  <asset>
    <contributor>
      <author>Mixamo</author>
      <authoring_tool>COLLADA Mixamo exporter</authoring_tool>
      <comments/>
    </contributor>
    <created>2024-06-27T09:45:13Z</created>
    <modified>2024-06-27T09:45:13Z</modified>
    <revision/>
    <title/>
    <unit meter="0.010000"/>
    <up_axis>Y_UP</up_axis>
  </asset>
  <library_animations>
    <animation>
      <source id="mixamorig6_Hips-Matrix-animation-input">
        <float_array id="mixamorig6_Hips-Matrix-animation-input-array" count="181">

0.000000 0.033333 0.066667 0.100000 0.133333 0.166667 0.200000 0.233333 0.266667 0.300000 0.333333 0.366667 0.400000 0.433333 0.466667 0.500000
0.533333 0.566667 0.600000 0.633333 0.666667 0.700000 0.733333 0.766667 0.800000 0.833333 0.866667 0.900000 0.933333 0.966667 1.000000 1.033333
1.066667 1.100000 1.133333 1.166667 1.200000 1.233333 1.266667 1.300000 1.333333 1.366667 1.400000 1.433333 1.466667 1.500000 1.533333 1.566667
1.600000 1.633333 1.666667 1.700000 1.733333 1.766667 1.800000 1.833333 1.866667 1.900000 1.933333 1.966667 2.000000 2.033333 2.066667 2.100000
2.133333 2.166667 2.200000 2.233333 2.266667 2.300000 2.333333 2.366667 2.400000 2.433333 2.466667 2.500000 2.533333 2.566667 2.600000 2.633333
2.666667 2.700000 2.733333 2.766667 2.800000 2.833333 2.866667 2.900000 2.933333 2.966667 3.000000 3.033333 3.066667 3.100000 3.133333 3.166667
3.200000 3.233333 3.266667 3.300000 3.333333 3.366667 3.400000 3.433333 3.466667 3.500000 3.533333 3.566667 3.600000 3.633333 3.666667 3.700000
3.733333 3.766667 3.800000 3.833333 3.866667 3.900000 3.933333 3.966667 4.000000 4.033333 4.066667 4.100000 4.133333 4.166667 4.200000 4.233333
4.266667 4.300000 4.333333 4.366667 4.400000 4.433333 4.466667 4.500000 4.533333 4.566667 4.600000 4.633333 4.666667 4.700000 4.733333 4.766667
4.800000 4.833333 4.866667 4.900000 4.933333 4.966667 5.000000 5.033333 5.066667 5.100000 5.133333 5.166667 5.200000 5.233333 5.266667 5.300000
5.333333 5.366667 5.400000 5.433333 5.466667 5.500000 5.533333 5.566667 5.600000 5.633333 5.666667 5.700000 5.733333 5.766667 5.800000 5.833333
5.866667 5.900000 5.933333 5.966667 6.000000</float_array>
        <technique_common>
          <accessor source="#mixamorig6_Hips-Matrix-animation-input-array" count="181">
            <param name="TIME" type="float"/>
          </accessor>
        </technique_common>
      </source>
      <source id="mixamorig6_Hips-Matrix-animation-output-transform">
        <float_array id="mixamorig6_Hips-Matrix-animation-output-transform-array" count="2896">

0.995669 0.045273 -0.081202 4.658905 -0.044315 0.998925 0.013570 93.258125 0.081729 -0.009912 0.996605 -0.039361 0.000000 0.000000 0.000000 1.000000
0.995637 0.045077 -0.081696 4.661460 -0.044121 0.998935 0.013473 93.258194 0.082216 -0.009810 0.996566 -0.042576 0.000000 0.000000 0.000000 1.000000
0.995608 0.045049 -0.082069 4.663383 -0.044092 0.998937 0.013435 93.258080 0.082587 -0.009758 0.996536 -0.042896 0.000000 0.000000 0.000000 1.000000
0.995595 0.045041 -0.082230 4.665763 -0.044083 0.998938 0.013429 93.257835 0.082748 -0.009744 0.996523 -0.042971 0.000000 0.000000 0.000000 1.000000
0.995591 0.045044 -0.082276 4.668710 -0.044089 0.998938 0.013387 93.257607 0.082792 -0.009701 0.996520 -0.042858 0.000000 0.000000 0.000000 1.000000
0.995589 0.045039 -0.082306 4.672351 -0.044094 0.998939 0.013274 93.257530 0.082817 -0.009586 0.996519 -0.042512 0.000000 0.000000 0.000000 1.000000
0.995587 0.045020 -0.082343 4.676697 -0.044084 0.998941 0.013145 93.257553 0.082847 -0.009457 0.996517 -0.041799 0.000000 0.000000 0.000000 1.000000
0.995584 0.044997 -0.082384 4.681769 -0.044065 0.998943 0.013097 93.257416 0.082886 -0.009409 0.996515 -0.040603 0.000000 0.000000 0.000000 1.000000
0.995578 0.044997 -0.082463 4.687617 -0.044061 0.998942 0.013143 93.257141 0.082968 -0.009451 0.996507 -0.038924 0.000000 0.000000 0.000000 1.000000
0.995564 0.045043 -0.082606 4.694267 -0.044101 0.998940 0.013190 93.256828 0.083113 -0.009488 0.996495 -0.036918 0.000000 0.000000 0.000000 1.000000
0.995552 0.045132 -0.082699 4.701491 -0.044189 0.998936 0.013202 93.256485 0.083206 -0.009489 0.996487 -0.034702 0.000000 0.000000 0.000000 1.000000
0.995559 0.045299 -0.082529 4.708522 -0.044351 0.998928 0.013282 93.255959 0.083042 -0.009563 0.996500 -0.027826 0.000000 0.000000 0.000000 1.000000
0.995584 0.045544 -0.082082 4.715264 -0.044585 0.998915 0.013482 93.255119 0.082607 -0.009763 0.996534 -0.021081 0.000000 0.000000 0.000000 1.000000
0.995611 0.045803 -0.081613 4.722602 -0.044830 0.998901 0.013711 93.254280 0.082152 -0.009992 0.996570 -0.015033 0.000000 0.000000 0.000000 1.000000
0.995621 0.046029 -0.081361 4.731369 -0.045046 0.998888 0.013880 93.253662 0.081909 -0.010154 0.996588 -0.009093 0.000000 0.000000 0.000000 1.000000
0.995616 0.046194 -0.081333 4.741935 -0.045204 0.998880 0.013978 93.253319 0.081888 -0.010240 0.996589 -0.001785 0.000000 0.000000 0.000000 1.000000
0.995601 0.046256 -0.081482 4.754482 -0.045261 0.998877 0.014019 93.253159 0.082039 -0.010270 0.996576 0.008046 0.000000 0.000000 0.000000 1.000000
0.995572 0.046217 -0.081861 4.768865 -0.045216 0.998879 0.014044 93.253067 0.082418 -0.010281 0.996545 0.021139 0.000000 0.000000 0.000000 1.000000
0.995523 0.046121 -0.082498 4.784700 -0.045110 0.998883 0.014083 93.252945 0.083055 -0.010298 0.996492 0.037524 0.000000 0.000000 0.000000 1.000000
0.995455 0.046058 -0.083360 4.801389 -0.045031 0.998885 0.014159 93.252838 0.083919 -0.010341 0.996419 0.054905 0.000000 0.000000 0.000000 1.000000
0.995353 0.046134 -0.084519 4.818429 -0.045081 0.998881 0.014334 93.252815 0.085086 -0.010457 0.996319 0.068301 0.000000 0.000000 0.000000 1.000000
0.995206 0.046366 -0.086109 4.835981 -0.045269 0.998867 0.014652 93.252815 0.086691 -0.010684 0.996178 0.071245 0.000000 0.000000 0.000000 1.000000
0.995019 0.046695 -0.088068 4.854231 -0.045542 0.998849 0.015050 93.252701 0.088670 -0.010964 0.996001 0.074805 0.000000 0.000000 0.000000 1.000000
0.994824 0.047101 -0.090041 4.872568 -0.045900 0.998828 0.015360 93.252609 0.090659 -0.011147 0.995820 0.078208 0.000000 0.000000 0.000000 1.000000
0.994659 0.047565 -0.091598 4.890221 -0.046337 0.998806 0.015483 93.252510 0.092225 -0.011156 0.995676 0.080936 0.000000 0.000000 0.000000 1.000000
0.994548 0.048076 -0.092537 4.906796 -0.046838 0.998782 0.015506 93.252502 0.093170 -0.011087 0.995588 0.082850 0.000000 0.000000 0.000000 1.000000
0.994486 0.048632 -0.092916 4.922319 -0.047385 0.998755 0.015578 93.252594 0.093558 -0.011090 0.995552 0.083796 0.000000 0.000000 0.000000 1.000000
0.994461 0.049197 -0.092880 4.936966 -0.047936 0.998726 0.015764 93.252838 0.093537 -0.011225 0.995552 0.083453 0.000000 0.000000 0.000000 1.000000
0.994463 0.049696 -0.092594 4.950931 -0.048418 0.998699 0.016003 93.253113 0.093269 -0.011432 0.995575 0.081646 0.000000 0.000000 0.000000 1.000000
0.994478 0.050104 -0.092215 4.964365 -0.048811 0.998676 0.016228 93.253433 0.092906 -0.011637 0.995607 0.078416 0.000000 0.000000 0.000000 1.000000
0.994493 0.050510 -0.091828 4.977107 -0.049205 0.998654 0.016422 93.253670 0.092533 -0.011813 0.995640 0.073836 0.000000 0.000000 0.000000 1.000000
0.994502 0.051012 -0.091450 4.988997 -0.049699 0.998627 0.016576 93.253723 0.092170 -0.011940 0.995672 0.067965 0.000000 0.000000 0.000000 1.000000
0.994505 0.051601 -0.091089 5.000112 -0.050289 0.998596 0.016644 93.253761 0.091820 -0.011972 0.995704 0.060575 0.000000 0.000000 0.000000 1.000000
0.994503 0.052220 -0.090753 5.010543 -0.050915 0.998564 0.016642 93.253876 0.091491 -0.011930 0.995734 0.051625 0.000000 0.000000 0.000000 1.000000
0.994500 0.052816 -0.090443 5.020231 -0.051516 0.998533 0.016657 93.254059 0.091190 -0.011906 0.995762 0.041477 0.000000 0.000000 0.000000 1.000000
0.994498 0.053351 -0.090156 5.029087 -0.052050 0.998504 0.016722 93.254387 0.090913 -0.011937 0.995787 0.030446 0.000000 0.000000 0.000000 1.000000
0.994501 0.053789 -0.089858 5.037000 -0.052485 0.998480 0.016805 93.254890 0.090625 -0.011996 0.995813 0.018716 0.000000 0.000000 0.000000 1.000000
0.994515 0.054114 -0.089506 5.043878 -0.052811 0.998462 0.016865 93.255478 0.090281 -0.012046 0.995843 0.006415 0.000000 0.000000 0.000000 1.000000
0.994533 0.054355 -0.089161 5.049698 -0.053054 0.998449 0.016901 93.256088 0.089942 -0.012078 0.995874 -0.006283 0.000000 0.000000 0.000000 1.000000
0.994536 0.054558 -0.089007 5.054661 -0.053257 0.998437 0.016928 93.256599 0.089791 -0.012095 0.995887 -0.019284 0.000000 0.000000 0.000000 1.000000
0.994514 0.054663 -0.089184 5.059663 -0.053360 0.998432 0.016940 93.257156 0.089970 -0.012088 0.995871 -0.032630 0.000000 0.000000 0.000000 1.000000
0.994473 0.054627 -0.089668 5.064898 -0.053317 0.998434 0.016935 93.257774 0.090453 -0.012061 0.995828 -0.046330 0.000000 0.000000 0.000000 1.000000
0.994420 0.054493 -0.090331 5.069508 -0.053178 0.998442 0.016907 93.258560 0.091112 -0.012009 0.995768 -0.060428 0.000000 0.000000 0.000000 1.000000
0.994355 0.054332 -0.091137 5.072712 -0.053011 0.998452 0.016857 93.259354 0.091912 -0.011931 0.995696 -0.074946 0.000000 0.000000 0.000000 1.000000
0.994263 0.054169 -0.092237 5.080617 -0.052840 0.998462 0.016794 93.260284 0.093005 -0.011824 0.995595 -0.089863 0.000000 0.000000 0.000000 1.000000
0.994128 0.053983 -0.093780 5.085990 -0.052643 0.998474 0.016713 93.261223 0.094539 -0.011678 0.995453 -0.105184 0.000000 0.000000 0.000000 1.000000
0.993961 0.053811 -0.095636 5.089000 -0.052454 0.998485 0.016651 93.262169 0.096387 -0.011534 0.995277 -0.120851 0.000000 0.000000 0.000000 1.000000
0.993808 0.053695 -0.097274 5.092318 -0.052316 0.998491 0.016669 93.262863 0.098023 -0.011477 0.995118 -0.136774 0.000000 0.000000 0.000000 1.000000
0.993724 0.053693 -0.098134 5.093556 -0.052291 0.998490 0.016805 93.262909 0.098889 -0.011568 0.995031 -0.152945 0.000000 0.000000 0.000000 1.000000
0.993709 0.053812 -0.098216 5.092725 -0.052386 0.998481 0.017045 93.262421 0.098984 -0.011792 0.995019 -0.169311 0.000000 0.000000 0.000000 1.000000
0.993714 0.053966 -0.098085 5.091013 -0.052516 0.998470 0.017309 93.261742 0.098869 -0.012049 0.995028 -0.185819 0.000000 0.000000 0.000000 1.000000
0.993698 0.054073 -0.098187 5.089353 -0.052600 0.998462 0.017532 93.261238 0.098984 -0.012257 0.995014 -0.202440 0.000000 0.000000 0.000000 1.000000
0.993670 0.054133 -0.098433 5.087648 -0.052637 0.998456 0.017734 93.260818 0.099241 -0.012441 0.994986 -0.219133 0.000000 0.000000 0.000000 1.000000
0.993654 0.054198 -0.098564 5.085421 -0.052677 0.998450 0.017973 93.260361 0.099385 -0.012667 0.994968 -0.235830 0.000000 0.000000 0.000000 1.000000
0.993650 0.054283 -0.098558 5.082586 -0.052734 0.998442 0.018252 93.259727 0.099395 -0.012939 0.994964 -0.252423 0.000000 0.000000 0.000000 1.000000
0.993646 0.054339 -0.098565 5.079470 -0.052766 0.998436 0.018499 93.259171 0.099416 -0.013181 0.994959 -0.268887 0.000000 0.000000 0.000000 1.000000
0.993633 0.054307 -0.098711 5.076427 -0.052719 0.998436 0.018625 93.258781 0.099568 -0.013302 0.994942 -0.285306 0.000000 0.000000 0.000000 1.000000
0.993617 0.054197 -0.098933 5.073392 -0.052606 0.998442 0.018629 93.258636 0.099788 -0.013306 0.994920 -0.301677 0.000000 0.000000 0.000000 1.000000
0.993621 0.054157 -0.098916 5.069546 -0.052563 0.998444 0.018645 93.258354 0.099772 -0.013327 0.994921 -0.317840 0.000000 0.000000 0.000000 1.000000
0.993667 0.054333 -0.098351 5.064120 -0.052727 0.998431 0.018849 93.257401 0.099221 -0.013543 0.994973 -0.333556 0.000000 0.000000 0.000000 1.000000
0.993747 0.054698 -0.097343 5.057491 -0.053066 0.998405 0.019273 93.255684 0.098242 -0.013987 0.995064 -0.348707 0.000000 0.000000 0.000000 1.000000
0.993817 0.055080 -0.096407 5.050932 -0.053416 0.998377 0.019762 93.253464 0.097339 -0.014490 0.995146 -0.363320 0.000000 0.000000 0.000000 1.000000
0.993847 0.055330 -0.095946 5.045537 -0.053640 0.998358 0.020108 93.250938 0.096901 -0.014838 0.995183 -0.377529 0.000000 0.000000 0.000000 1.000000
0.993846 0.055450 -0.095889 5.041214 -0.053746 0.998349 0.020267 93.248169 0.096855 -0.014989 0.995186 -0.391405 0.000000 0.000000 0.000000 1.000000
0.993840 0.055528 -0.095905 5.037214 -0.053813 0.998343 0.020378 93.245293 0.096878 -0.015091 0.995182 -0.404759 0.000000 0.000000 0.000000 1.000000
0.993842 0.055605 -0.095842 5.033251 -0.053874 0.998336 0.020559 93.242462 0.096825 -0.015269 0.995184 -0.415385 0.000000 0.000000 0.000000 1.000000
0.993845 0.055672 -0.095778 5.029518 -0.053919 0.998329 0.020798 93.239967 0.096776 -0.015505 0.995185 -0.425515 0.000000 0.000000 0.000000 1.000000
0.993844 0.055696 -0.095775 5.026210 -0.053924 0.998324 0.021001 93.237923 0.096784 -0.015707 0.995181 -0.434687 0.000000 0.000000 0.000000 1.000000
0.993844 0.055644 -0.095806 5.023255 -0.053861 0.998326 0.021099 93.236496 0.096819 -0.015809 0.995176 -0.440361 0.000000 0.000000 0.000000 1.000000
0.993842 0.055506 -0.095903 5.020610 -0.053723 0.998333 0.021080 93.235985 0.096913 -0.015798 0.995167 -0.441562 0.000000 0.000000 0.000000 1.000000
0.993826 0.055331 -0.096169 5.018406 -0.053550 0.998344 0.020999 93.236938 0.097172 -0.015719 0.995143 -0.439269 0.000000 0.000000 0.000000 1.000000
0.993792 0.055196 -0.096597 5.016557 -0.053414 0.998353 0.020948 93.239235 0.097594 -0.015658 0.995103 -0.434747 0.000000 0.000000 0.000000 1.000000
0.993752 0.055123 -0.097051 5.014827 -0.053332 0.998357 0.020961 93.242355 0.098047 -0.015654 0.995059 -0.429336 0.000000 0.000000 0.000000 1.000000
0.993718 0.055051 -0.097433 5.013080 -0.053252 0.998361 0.020965 93.245728 0.098427 -0.015644 0.995021 -0.424212 0.000000 0.000000 0.000000 1.000000
0.993694 0.054926 -0.097749 5.011334 -0.053131 0.998369 0.020877 93.248901 0.098736 -0.015552 0.994992 -0.419157 0.000000 0.000000 0.000000 1.000000
0.993673 0.054754 -0.098065 5.009628 -0.052970 0.998381 0.020702 93.251518 0.099039 -0.015376 0.994965 -0.413545 0.000000 0.000000 0.000000 1.000000
0.993649 0.054562 -0.098413 5.008001 -0.052793 0.998395 0.020498 93.253067 0.099374 -0.015173 0.994934 -0.408162 0.000000 0.000000 0.000000 1.000000
0.993631 0.054371 -0.098697 5.006367 -0.052615 0.998408 0.020319 93.253563 0.099645 -0.014996 0.994910 -0.403493 0.000000 0.000000 0.000000 1.000000
0.993638 0.054215 -0.098712 5.004430 -0.052470 0.998418 0.020192 93.253334 0.099651 -0.014884 0.994911 -0.397293 0.000000 0.000000 0.000000 1.000000
0.993676 0.054116 -0.098388 5.002016 -0.052384 0.998425 0.020101 93.252579 0.099321 -0.014820 0.994945 -0.387216 0.000000 0.000000 0.000000 1.000000
0.993725 0.054027 -0.097935 4.995403 -0.052312 0.998431 0.019995 93.251671 0.098861 -0.014746 0.994992 -0.374617 0.000000 0.000000 0.000000 1.000000
0.993763 0.053864 -0.097645 4.986272 -0.052170 0.998441 0.019828 93.250832 0.098560 -0.014610 0.995024 -0.362909 0.000000 0.000000 0.000000 1.000000
0.993778 0.053578 -0.097646 4.977492 -0.051903 0.998459 0.019615 93.250000 0.098546 -0.014424 0.995028 -0.353678 0.000000 0.000000 0.000000 1.000000
0.993774 0.053193 -0.097900 4.969191 -0.051535 0.998483 0.019388 93.249161 0.098782 -0.014222 0.995007 -0.346395 0.000000 0.000000 0.000000 1.000000
0.993754 0.052813 -0.098306 4.961068 -0.051167 0.998506 0.019188 93.248230 0.099172 -0.014038 0.994971 -0.339400 0.000000 0.000000 0.000000 1.000000
0.993726 0.052529 -0.098736 4.952755 -0.050890 0.998522 0.019055 93.246964 0.099591 -0.013911 0.994931 -0.330847 0.000000 0.000000 0.000000 1.000000
0.993707 0.052347 -0.099026 4.943953 -0.050711 0.998533 0.018971 93.245529 0.099874 -0.013830 0.994904 -0.319790 0.000000 0.000000 0.000000 1.000000
0.993708 0.052229 -0.099076 4.934295 -0.050604 0.998541 0.018840 93.244034 0.099916 -0.013708 0.994901 -0.306969 0.000000 0.000000 0.000000 1.000000
0.993723 0.052109 -0.098986 4.924020 -0.050514 0.998551 0.018552 93.242691 0.099810 -0.013436 0.994916 -0.295026 0.000000 0.000000 0.000000 1.000000
0.993737 0.051940 -0.098938 4.913855 -0.050396 0.998566 0.018050 93.241783 0.099734 -0.012951 0.994930 -0.286432 0.000000 0.000000 0.000000 1.000000
0.993748 0.051731 -0.098942 4.904068 -0.050252 0.998585 0.017385 93.241035 0.099701 -0.012304 0.994941 -0.279087 0.000000 0.000000 0.000000 1.000000
0.993769 0.051531 -0.098833 4.894285 -0.050131 0.998605 0.016597 93.240158 0.099550 -0.011539 0.994966 -0.266285 0.000000 0.000000 0.000000 1.000000
0.993813 0.051361 -0.098481 4.884064 -0.050060 0.998624 0.015643 93.239357 0.099149 -0.010616 0.995016 -0.241905 0.000000 0.000000 0.000000 1.000000
0.993869 0.051184 -0.098006 4.873703 -0.049994 0.998643 0.014570 93.238808 0.098619 -0.009581 0.995079 -0.207417 0.000000 0.000000 0.000000 1.000000
0.993906 0.051018 -0.097709 4.863708 -0.049920 0.998660 0.013655 93.238579 0.098275 -0.008694 0.995121 -0.172504 0.000000 0.000000 0.000000 1.000000
0.993919 0.050968 -0.097609 4.854014 -0.049918 0.998667 0.013164 93.238693 0.098149 -0.008212 0.995138 -0.143611 0.000000 0.000000 0.000000 1.000000
0.993936 0.051111 -0.097360 4.843905 -0.050072 0.998660 0.013088 93.239357 0.097898 -0.008134 0.995163 -0.117650 0.000000 0.000000 0.000000 1.000000
0.993977 0.051350 -0.096816 4.833195 -0.050305 0.998647 0.013207 93.240715 0.097363 -0.008257 0.995215 -0.091061 0.000000 0.000000 0.000000 1.000000
0.994026 0.051476 -0.096239 4.822575 -0.050434 0.998640 0.013231 93.242744 0.096789 -0.008298 0.995270 -0.066309 0.000000 0.000000 0.000000 1.000000
0.994069 0.051417 -0.095831 4.812442 -0.050398 0.998644 0.013024 93.245338 0.096370 -0.008117 0.995312 -0.045428 0.000000 0.000000 0.000000 1.000000
0.994108 0.051269 -0.095507 4.802484 -0.050288 0.998655 0.012653 93.248039 0.096027 -0.007775 0.995348 -0.026792 0.000000 0.000000 0.000000 1.000000
0.994154 0.051160 -0.095086 4.792188 -0.050217 0.998663 0.012289 93.250656 0.095588 -0.007443 0.995393 -0.009243 0.000000 0.000000 0.000000 1.000000
0.994218 0.051124 -0.094426 4.781226 -0.050206 0.998666 0.012078 93.253242 0.094917 -0.007268 0.995459 0.007147 0.000000 0.000000 0.000000 1.000000
0.994308 0.051119 -0.093480 4.769510 -0.050213 0.998666 0.012018 93.255585 0.093970 -0.007255 0.995549 0.023813 0.000000 0.000000 0.000000 1.000000
0.994411 0.051103 -0.092389 4.757317 -0.050208 0.998667 0.011983 93.257729 0.092879 -0.007278 0.995651 0.042386 0.000000 0.000000 0.000000 1.000000
0.994508 0.051062 -0.091355 4.745010 -0.050187 0.998669 0.011856 93.259666 0.091838 -0.007206 0.995748 0.061252 0.000000 0.000000 0.000000 1.000000
0.994596 0.050986 -0.090441 4.732791 -0.050142 0.998675 0.011576 93.261139 0.090911 -0.006978 0.995835 0.076786 0.000000 0.000000 0.000000 1.000000
0.994678 0.050884 -0.089592 4.720672 -0.050081 0.998683 0.011183 93.262291 0.090043 -0.006636 0.995916 0.088225 0.000000 0.000000 0.000000 1.000000
0.994756 0.050778 -0.088779 4.708660 -0.050021 0.998691 0.010728 93.263351 0.089208 -0.006231 0.995994 0.098177 0.000000 0.000000 0.000000 1.000000
0.994825 0.050671 -0.088068 4.696904 -0.049962 0.998699 0.010240 93.264420 0.088473 -0.005787 0.996062 0.108859 0.000000 0.000000 0.000000 1.000000
0.994876 0.050554 -0.087561 4.685590 -0.049893 0.998707 0.009723 93.265617 0.087939 -0.005304 0.996112 0.119494 0.000000 0.000000 0.000000 1.000000
0.994904 0.050420 -0.087317 4.674815 -0.049808 0.998717 0.009171 93.266968 0.087668 -0.004775 0.996138 0.128279 0.000000 0.000000 0.000000 1.000000
0.994917 0.050270 -0.087256 4.664448 -0.049706 0.998727 0.008620 93.268394 0.087578 -0.004239 0.996149 0.135744 0.000000 0.000000 0.000000 1.000000
0.994936 0.050095 -0.087138 4.654118 -0.049574 0.998737 0.008134 93.269547 0.087435 -0.003773 0.996163 0.144279 0.000000 0.000000 0.000000 1.000000
0.994980 0.049881 -0.086757 4.643560 -0.049393 0.998749 0.007767 93.270370 0.087036 -0.003443 0.996199 0.155080 0.000000 0.000000 0.000000 1.000000
0.995053 0.049604 -0.086078 4.626344 -0.049137 0.998764 0.007543 93.270691 0.086346 -0.003276 0.996260 0.166727 0.000000 0.000000 0.000000 1.000000
0.995149 0.049256 -0.085160 4.609633 -0.048798 0.998781 0.007453 93.270706 0.085423 -0.003261 0.996339 0.177460 0.000000 0.000000 0.000000 1.000000
0.995265 0.048832 -0.084037 4.592667 -0.048375 0.998801 0.007467 93.270508 0.084301 -0.003366 0.996435 0.188537 0.000000 0.000000 0.000000 1.000000
0.995395 0.048339 -0.082783 4.573312 -0.047880 0.998825 0.007524 93.270119 0.083049 -0.003525 0.996539 0.203203 0.000000 0.000000 0.000000 1.000000
0.995512 0.047824 -0.081664 4.549409 -0.047364 0.998849 0.007562 93.269737 0.081932 -0.003660 0.996631 0.221741 0.000000 0.000000 0.000000 1.000000
0.995583 0.047355 -0.081067 4.520417 -0.046896 0.998871 0.007562 93.269455 0.081333 -0.003726 0.996680 0.239693 0.000000 0.000000 0.000000 1.000000
0.995601 0.046950 -0.081087 4.486484 -0.046490 0.998890 0.007544 93.268959 0.081351 -0.003741 0.996678 0.254537 0.000000 0.000000 0.000000 1.000000
0.995596 0.046556 -0.081370 4.447286 -0.046097 0.998909 0.007507 93.268082 0.081630 -0.003723 0.996656 0.270397 0.000000 0.000000 0.000000 1.000000
0.995609 0.046138 -0.081443 4.402871 -0.045684 0.998928 0.007434 93.266930 0.081699 -0.003681 0.996650 0.292183 0.000000 0.000000 0.000000 1.000000
0.995650 0.045795 -0.081141 4.355017 -0.045343 0.998944 0.007402 93.265587 0.081394 -0.003691 0.996675 0.317345 0.000000 0.000000 0.000000 1.000000
0.995696 0.045631 -0.080673 4.307217 -0.045172 0.998951 0.007504 93.264259 0.080931 -0.003827 0.996712 0.337747 0.000000 0.000000 0.000000 1.000000
0.995724 0.045619 -0.080326 4.262025 -0.045145 0.998951 0.007707 93.263107 0.080593 -0.004048 0.996739 0.350171 0.000000 0.000000 0.000000 1.000000
0.995733 0.045637 -0.080203 4.220405 -0.045151 0.998949 0.007864 93.262245 0.080477 -0.004209 0.996748 0.358647 0.000000 0.000000 0.000000 1.000000
0.995734 0.045553 -0.080240 4.183012 -0.045066 0.998953 0.007871 93.261810 0.080515 -0.004221 0.996744 0.367252 0.000000 0.000000 0.000000 1.000000
0.995737 0.045345 -0.080321 4.149931 -0.044866 0.998963 0.007755 93.261765 0.080589 -0.004119 0.996739 0.376263 0.000000 0.000000 0.000000 1.000000
0.995745 0.045088 -0.080373 4.121248 -0.044619 0.998975 0.007621 93.262016 0.080634 -0.004002 0.996736 0.383828 0.000000 0.000000 0.000000 1.000000
0.995749 0.044850 -0.080457 4.098742 -0.044387 0.998986 0.007542 93.262489 0.080713 -0.003938 0.996730 0.387670 0.000000 0.000000 0.000000 1.000000
0.995737 0.044655 -0.080709 4.084671 -0.044193 0.998995 0.007495 93.263191 0.080963 -0.003897 0.996709 0.386425 0.000000 0.000000 0.000000 1.000000
0.995710 0.044449 -0.081158 4.079210 -0.043994 0.999005 0.007384 93.264198 0.081406 -0.003782 0.996674 0.381583 0.000000 0.000000 0.000000 1.000000
0.995680 0.044167 -0.081678 4.082193 -0.043728 0.999018 0.007157 93.265640 0.081914 -0.003555 0.996633 0.376009 0.000000 0.000000 0.000000 1.000000
0.995659 0.043825 -0.082117 4.086882 -0.043406 0.999034 0.006884 93.267242 0.082340 -0.003290 0.996599 0.369978 0.000000 0.000000 0.000000 1.000000
0.995651 0.043503 -0.082384 4.092923 -0.043098 0.999048 0.006692 93.269257 0.082597 -0.003113 0.996578 0.361390 0.000000 0.000000 0.000000 1.000000
0.995657 0.043247 -0.082438 4.100161 -0.042845 0.999060 0.006642 93.271667 0.082648 -0.003081 0.996574 0.349566 0.000000 0.000000 0.000000 1.000000
0.995679 0.043052 -0.082280 4.108539 -0.042645 0.999068 0.006700 93.274025 0.082491 -0.003162 0.996587 0.335906 0.000000 0.000000 0.000000 1.000000
0.995710 0.042907 -0.081983 4.118121 -0.042492 0.999074 0.006804 93.275909 0.082199 -0.003291 0.996610 0.320871 0.000000 0.000000 0.000000 1.000000
0.995743 0.042802 -0.081632 4.128930 -0.042378 0.999078 0.006919 93.277435 0.081853 -0.003430 0.996639 0.304345 0.000000 0.000000 0.000000 1.000000
0.995777 0.042726 -0.081252 4.140893 -0.042291 0.999080 0.007059 93.278732 0.081478 -0.003593 0.996669 0.288107 0.000000 0.000000 0.000000 1.000000
0.995807 0.042684 -0.080914 4.154058 -0.042236 0.999081 0.007247 93.279640 0.081149 -0.003799 0.996695 0.273081 0.000000 0.000000 0.000000 1.000000
0.995815 0.042780 -0.080767 4.168010 -0.042313 0.999076 0.007476 93.279991 0.081012 -0.004027 0.996705 0.256857 0.000000 0.000000 0.000000 1.000000
0.995799 0.043052 -0.080816 4.182521 -0.042566 0.999064 0.007726 93.279991 0.081073 -0.004254 0.996699 0.238146 0.000000 0.000000 0.000000 1.000000
0.995775 0.043409 -0.080918 4.197837 -0.042903 0.999047 0.007985 93.279945 0.081188 -0.004480 0.996689 0.219054 0.000000 0.000000 0.000000 1.000000
0.995748 0.043744 -0.081065 4.214396 -0.043217 0.999032 0.008235 93.279800 0.081346 -0.004697 0.996675 0.200162 0.000000 0.000000 0.000000 1.000000
0.995711 0.043963 -0.081406 4.232871 -0.043417 0.999021 0.008456 93.279770 0.081698 -0.004886 0.996645 0.178656 0.000000 0.000000 0.000000 1.000000
0.995666 0.044079 -0.081897 4.252975 -0.043514 0.999015 0.008669 93.279770 0.082199 -0.005068 0.996603 0.153099 0.000000 0.000000 0.000000 1.000000
0.995633 0.044180 -0.082243 4.273599 -0.043591 0.999009 0.008942 93.279587 0.082557 -0.005318 0.996572 0.124689 0.000000 0.000000 0.000000 1.000000
0.995629 0.044311 -0.082218 4.294194 -0.043691 0.999002 0.009315 93.279076 0.082549 -0.005682 0.996571 0.094213 0.000000 0.000000 0.000000 1.000000
0.995651 0.044480 -0.081853 4.314713 -0.043826 0.998991 0.009763 93.278351 0.082204 -0.006133 0.996597 0.062323 0.000000 0.000000 0.000000 1.000000
0.995684 0.044639 -0.081368 4.335460 -0.043952 0.998981 0.010213 93.277580 0.081741 -0.006593 0.996632 0.031822 0.000000 0.000000 0.000000 1.000000
0.995706 0.044724 -0.081054 4.356776 -0.044008 0.998975 0.010591 93.277130 0.081445 -0.006978 0.996653 0.006118 0.000000 0.000000 0.000000 1.000000
0.995707 0.044704 -0.081048 4.378692 -0.043966 0.998974 0.010872 93.277061 0.081451 -0.007262 0.996651 -0.014298 0.000000 0.000000 0.000000 1.000000
0.995707 0.044622 -0.081092 4.400449 -0.043865 0.998976 0.011095 93.277206 0.081504 -0.007490 0.996645 -0.031350 0.000000 0.000000 0.000000 1.000000
0.995735 0.044541 -0.080799 4.421061 -0.043768 0.998978 0.011319 93.277191 0.081220 -0.007734 0.996666 -0.046383 0.000000 0.000000 0.000000 1.000000
0.995793 0.044467 -0.080116 4.440454 -0.043680 0.998979 0.011553 93.277000 0.080548 -0.008005 0.996719 -0.059294 0.000000 0.000000 0.000000 1.000000
0.995863 0.044385 -0.079292 4.459061 -0.043587 0.998980 0.011769 93.276695 0.079733 -0.008264 0.996782 -0.070079 0.000000 0.000000 0.000000 1.000000
0.995925 0.044317 -0.078545 4.476996 -0.043511 0.998982 0.011947 93.276382 0.078994 -0.008481 0.996839 -0.079158 0.000000 0.000000 0.000000 1.000000
0.995976 0.044293 -0.077907 4.494081 -0.043480 0.998981 0.012105 93.276131 0.078364 -0.008669 0.996887 -0.086509 0.000000 0.000000 0.000000 1.000000
0.996019 0.044340 -0.077329 4.510009 -0.043516 0.998977 0.012309 93.275734 0.077796 -0.008894 0.996930 -0.091196 0.000000 0.000000 0.000000 1.000000
0.996054 0.044420 -0.076836 4.524979 -0.043580 0.998971 0.012571 93.275124 0.077316 -0.009173 0.996964 -0.092910 0.000000 0.000000 0.000000 1.000000
0.996076 0.044471 -0.076518 4.539388 -0.043613 0.998966 0.012853 93.274399 0.077010 -0.009465 0.996985 -0.093236 0.000000 0.000000 0.000000 1.000000
0.996085 0.044494 -0.076387 4.553267 -0.043616 0.998962 0.013134 93.273636 0.076893 -0.009750 0.996992 -0.094090 0.000000 0.000000 0.000000 1.000000
0.996086 0.044508 -0.076363 4.566454 -0.043609 0.998959 0.013401 93.272980 0.076880 -0.010019 0.996990 -0.096134 0.000000 0.000000 0.000000 1.000000
0.996084 0.044514 -0.076387 4.578826 -0.043599 0.998956 0.013611 93.272301 0.076913 -0.010228 0.996985 -0.099000 0.000000 0.000000 0.000000 1.000000
0.996077 0.044486 -0.076495 4.590510 -0.043565 0.998957 0.013672 93.271690 0.077024 -0.010286 0.996976 -0.102484 0.000000 0.000000 0.000000 1.000000
0.996060 0.044418 -0.076759 4.601619 -0.043503 0.998961 0.013560 93.271187 0.077282 -0.010167 0.996957 -0.106333 0.000000 0.000000 0.000000 1.000000
0.996029 0.044349 -0.077203 4.612070 -0.043446 0.998967 0.013347 93.270752 0.077715 -0.009940 0.996926 -0.109941 0.000000 0.000000 0.000000 1.000000
0.995987 0.044329 -0.077751 4.621540 -0.043436 0.998970 0.013149 93.270309 0.078254 -0.009719 0.996886 -0.111922 0.000000 0.000000 0.000000 1.000000
0.995944 0.044389 -0.078267 4.629589 -0.043498 0.998968 0.013052 93.269592 0.078766 -0.009594 0.996847 -0.110316 0.000000 0.000000 0.000000 1.000000
0.995906 0.044508 -0.078672 4.636104 -0.043614 0.998963 0.013041 93.268600 0.079171 -0.009557 0.996815 -0.104405 0.000000 0.000000 0.000000 1.000000
0.995876 0.044633 -0.078991 4.641379 -0.043736 0.998958 0.013052 93.267479 0.079491 -0.009544 0.996790 -0.095336 0.000000 0.000000 0.000000 1.000000
0.995848 0.044738 -0.079285 4.645702 -0.043837 0.998953 0.013075 93.266411 0.079787 -0.009545 0.996766 -0.084421 0.000000 0.000000 0.000000 1.000000
0.995819 0.044827 -0.079591 4.649246 -0.043919 0.998949 0.013129 93.265335 0.080096 -0.009579 0.996741 -0.072539 0.000000 0.000000 0.000000 1.000000
0.995788 0.044932 -0.079917 4.652053 -0.044010 0.998943 0.013257 93.264091 0.080429 -0.009684 0.996713 -0.060564 0.000000 0.000000 0.000000 1.000000
0.995753 0.045075 -0.080279 4.654221 -0.044136 0.998935 0.013440 93.262558 0.080800 -0.009840 0.996682 -0.050399 0.000000 0.000000 0.000000 1.000000
0.995713 0.045237 -0.080684 4.655938 -0.044280 0.998926 0.013614 93.260818 0.081213 -0.009983 0.996647 -0.043942 0.000000 0.000000 0.000000 1.000000
0.995677 0.045356 -0.081058 4.657308 -0.044390 0.998921 0.013675 93.259262 0.081591 -0.010017 0.996616 -0.041125 0.000000 0.000000 0.000000 1.000000
0.995669 0.045273 -0.081202 4.658906 -0.044315 0.998925 0.013570 93.258125 0.081729 -0.009912 0.996605 -0.039361 0.000000 0.000000 0.000000 1.000000</float_array>
        <technique_common>
          <accessor source="#mixamorig6_Hips-Matrix-animation-output-transform-array" count="181" stride="16">
            <param type="float4x4"/>
          </accessor>
        </technique_common>
      </source>
      <source id="mixamorig6_Hips-Interpolations">
        <Name_array id="mixamorig6_Hips-Interpolations-array" count="181">
 LINEAR LINEAR LINEAR LINEAR LINEAR LINEAR LINEAR LINEAR LINEAR LINEAR LINEAR
LINEAR LINEAR LINEAR LINEAR LINEAR LINEAR LINEAR LINEAR LINEAR LINEAR LINEAR LINEAR
LINEAR LINEAR LINEAR LINEAR LINEAR LINEAR LINEAR LINEAR LINEAR LINEAR LINEAR LINEAR
LINEAR LINEAR LINEAR LINEAR LINEAR LINEAR LINEAR LINEAR LINEAR LINEAR LINEAR LINEAR
LINEAR LINEAR LINEAR LINEAR LINEAR LINEAR LINEAR LINEAR LINEAR LINEAR LINEAR LINEAR
LINEAR LINEAR LINEAR LINEAR LINEAR LINEAR LINEAR LINEAR LINEAR LINEAR LINEAR LINEAR
LINEAR LINEAR LINEAR LINEAR LINEAR LINEAR LINEAR LINEAR LINEAR LINEAR LINEAR LINEAR
LINEAR LINEAR LINEAR LINEAR LINEAR LINEAR LINEAR LINEAR LINEAR LINEAR LINEAR LINEAR
LINEAR LINEAR LINEAR LINEAR LINEAR LINEAR LINEAR LINEAR LINEAR LINEAR LINEAR LINEAR
LINEAR LINEAR LINEAR LINEAR LINEAR LINEAR LINEAR LINEAR LINEAR LINEAR LINEAR LINEAR
LINEAR LINEAR LINEAR LINEAR LINEAR LINEAR LINEAR LINEAR LINEAR LINEAR LINEAR LINEAR
LINEAR LINEAR LINEAR LINEAR LINEAR LINEAR LINEAR LINEAR LINEAR LINEAR LINEAR LINEAR
LINEAR LINEAR LINEAR LINEAR LINEAR LINEAR LINEAR LINEAR LINEAR LINEAR LINEAR LINEAR
LINEAR LINEAR LINEAR LINEAR LINEAR LINEAR LINEAR LINEAR LINEAR LINEAR LINEAR LINEAR
LINEAR LINEAR LINEAR LINEAR LINEAR LINEAR LINEAR LINEAR LINEAR LINEAR LINEAR LINEAR
LINEAR LINEAR</Name_array>
        <technique_common>
          <accessor source="#mixamorig6_Hips-Interpolations-array" count="181">
            <param type="name"/>
          </accessor>
        </technique_common>
      </source>
      <sampler id="mixamorig6_Hips-Matrix-animation-transform">
        <input semantic="INPUT" source="#mixamorig6_Hips-Matrix-animation-input"/>
        <input semantic="OUTPUT" source="#mixamorig6_Hips-Matrix-animation-output-transform"/>
        <input semantic="INTERPOLATION" source="#mixamorig6_Hips-Interpolations"/>
      </sampler>
      <channel source="#mixamorig6_Hips-Matrix-animation-transform" target="mixamorig6_Hips/matrix"/>
      <source id="mixamorig6_Spine-Matrix-animation-input">
        <float_array id="mixamorig6_Spine-Matrix-animation-input-array" count="181">

0.000000 0.033333 0.066667 0.100000 0.133333 0.166667 0.200000 0.233333 0.266667 0.300000 0.333333 0.366667 0.400000 0.433333 0.466667 0.500000
0.533333 0.566667 0.600000 0.633333 0.666667 0.700000 0.733333 0.766667 0.800000 0.833333 0.866667 0.900000 0.933333 0.966667 1.000000 1.033333
1.066667 1.100000 1.133333 1.166667 1.200000 1.233333 1.266667 1.300000 1.333333 1.366667 1.400000 1.433333 1.466667 1.500000 1.533333 1.566667
1.600000 1.633333 1.666667 1.700000 1.733333 1.766667 1.800000 1.833333 1.866667 1.900000 1.933333 1.966667 2.000000 2.033333 2.066667 2.100000
2.133333 2.166667 2.200000 2.233333 2.266667 2.300000 2.333333 2.366667 2.400000 2.433333 2.466667 2.500000 2.533333 2.566667 2.600000 2.633333
2.666667 2.700000 2.733333 2.766667 2.800000 2.833333 2.866667 2.900000 2.933333 2.966667 3.000000 3.033333 3.066667 3.100000 3.133333 3.166667
3.200000 3.233333 3.266667 3.300000 3.333333 3.366667 3.400000 3.433333 3.466667 3.500000 3.533333 3.566667 3.600000 3.633333 3.666667 3.700000
3.733333 3.766667 3.800000 3.833333 3.866667 3.900000 3.933333 3.966667 4.000000 4.033333 4.066667 4.100000 4.133333 4.166667 4.200000 4.233333
4.266667 4.300000 4.333333 4.366667 4.400000 4.433333 4.466667 4.500000 4.533333 4.566667 4.600000 4.633333 4.666667 4.700000 4.733333 4.766667
4.800000 4.833333 4.866667 4.900000 4.933333 4.966667 5.000000 5.033333 5.066667 5.100000 5.133333 5.166667 5.200000 5.233333 5.266667 5.300000
5.333333 5.366667 5.400000 5.433333 5.466667 5.500000 5.533333 5.566667 5.600000 5.633333 5.666667 5.700000 5.733333 5.766667 5.800000 5.833333
5.866667 5.900000 5.933333 5.966667 6.000000</float_array>
        <technique_common>
          <accessor source="#mixamorig6_Spine-Matrix-animation-input-array" count="181">
            <param name="TIME" type="float"/>
          </accessor>
        </technique_common>
      </source>
      <source id="mixamorig6_Spine-Matrix-animation-output-transform">
        <float_array id="mixamorig6_Spine-Matrix-animation-output-transform-array" count="2896">

0.999626 -0.024856 0.011424 0.000000 0.024623 0.999495 0.020108 10.156800 -0.011918 -0.019820 0.999733 -0.418800 0.000000 0.000000 0.000000 1.000000
0.999625 -0.024852 0.011465 0.000000 0.024618 0.999494 0.020119 10.156800 -0.011960 -0.019830 0.999732 -0.418800 0.000000 0.000000 0.000000 1.000000
0.999625 -0.024842 0.011489 -0.000000 0.024607 0.999494 0.020133 10.156800 -0.011984 -0.019843 0.999731 -0.418800 0.000000 0.000000 0.000000 1.000000
0.999626 -0.024837 0.011487 -0.000000 0.024602 0.999494 0.020153 10.156800 -0.011981 -0.019863 0.999731 -0.418800 0.000000 0.000000 0.000000 1.000000
0.999626 -0.024836 0.011471 0.000000 0.024601 0.999493 0.020195 10.156800 -0.011967 -0.019906 0.999730 -0.418800 0.000000 0.000000 0.000000 1.000000
0.999626 -0.024836 0.011456 -0.000000 0.024600 0.999492 0.020268 10.156800 -0.011954 -0.019978 0.999729 -0.418800 0.000000 0.000000 0.000000 1.000000
0.999626 -0.024829 0.011443 0.000000 0.024592 0.999490 0.020362 10.156800 -0.011942 -0.020073 0.999727 -0.418800 0.000000 0.000000 0.000000 1.000000
0.999627 -0.024815 0.011424 -0.000000 0.024578 0.999489 0.020458 10.156800 -0.011926 -0.020170 0.999725 -0.418800 0.000000 0.000000 0.000000 1.000000
0.999627 -0.024799 0.011398 -0.000000 0.024561 0.999487 0.020558 10.156800 -0.011902 -0.020270 0.999724 -0.418800 0.000000 0.000000 0.000000 1.000000
0.999628 -0.024787 0.011367 0.000000 0.024548 0.999485 0.020677 10.156800 -0.011874 -0.020390 0.999722 -0.418800 0.000000 0.000000 0.000000 1.000000
0.999629 -0.024781 0.011322 0.000000 0.024542 0.999482 0.020819 10.156800 -0.011832 -0.020533 0.999719 -0.418800 0.000000 0.000000 0.000000 1.000000
0.999630 -0.024774 0.011244 -0.000000 0.024534 0.999479 0.020964 10.156800 -0.011758 -0.020680 0.999717 -0.418800 0.000000 0.000000 0.000000 1.000000
0.999631 -0.024764 0.011130 0.000000 0.024526 0.999477 0.021097 10.156800 -0.011646 -0.020816 0.999715 -0.418800 0.000000 0.000000 0.000000 1.000000
0.999633 -0.024750 0.010994 0.000000 0.024513 0.999474 0.021235 10.156800 -0.011514 -0.020958 0.999714 -0.418800 0.000000 0.000000 0.000000 1.000000
0.999635 -0.024737 0.010854 0.000000 0.024501 0.999471 0.021390 10.156800 -0.011377 -0.021117 0.999712 -0.418800 0.000000 0.000000 0.000000 1.000000
0.999637 -0.024728 0.010706 0.000000 0.024493 0.999467 0.021563 10.156800 -0.011233 -0.021293 0.999710 -0.418800 0.000000 0.000000 0.000000 1.000000
0.999639 -0.024724 0.010545 -0.000000 0.024490 0.999464 0.021746 10.156800 -0.011077 -0.021480 0.999708 -0.418800 0.000000 0.000000 0.000000 1.000000
0.999641 -0.024719 0.010371 0.000000 0.024487 0.999459 0.021936 10.156800 -0.010908 -0.021675 0.999706 -0.418800 0.000000 0.000000 0.000000 1.000000
0.999643 -0.024714 0.010185 0.000000 0.024484 0.999455 0.022129 10.156800 -0.010726 -0.021871 0.999703 -0.418800 0.000000 0.000000 0.000000 1.000000
0.999645 -0.024710 0.009990 0.000000 0.024482 0.999451 0.022314 10.156800 -0.010536 -0.022062 0.999701 -0.418800 0.000000 0.000000 0.000000 1.000000
0.999646 -0.024715 0.009808 -0.000000 0.024490 0.999447 0.022476 10.156800 -0.010358 -0.022228 0.999699 -0.418800 0.000000 0.000000 0.000000 1.000000
0.999647 -0.024732 0.009659 0.000000 0.024509 0.999444 0.022601 10.156800 -0.010213 -0.022356 0.999698 -0.418800 0.000000 0.000000 0.000000 1.000000
0.999648 -0.024761 0.009540 0.000000 0.024539 0.999441 0.022695 10.156800 -0.010097 -0.022453 0.999697 -0.418800 0.000000 0.000000 0.000000 1.000000
0.999648 -0.024803 0.009417 -0.000000 0.024584 0.999438 0.022785 10.156800 -0.009977 -0.022545 0.999696 -0.418800 0.000000 0.000000 0.000000 1.000000
0.999648 -0.024862 0.009253 0.000000 0.024644 0.999434 0.022891 10.156800 -0.009817 -0.022655 0.999695 -0.418800 0.000000 0.000000 0.000000 1.000000
0.999648 -0.024935 0.009030 0.000000 0.024722 0.999430 0.023000 10.156800 -0.009598 -0.022768 0.999695 -0.418800 0.000000 0.000000 0.000000 1.000000
0.999648 -0.025023 0.008761 0.000000 0.024815 0.999426 0.023082 10.156800 -0.009333 -0.022857 0.999695 -0.418800 0.000000 0.000000 0.000000 1.000000
0.999649 -0.025118 0.008471 -0.000000 0.024917 0.999422 0.023128 10.156800 -0.009047 -0.022908 0.999697 -0.418800 0.000000 0.000000 0.000000 1.000000
0.999649 -0.025205 0.008191 -0.000000 0.025010 0.999419 0.023148 10.156800 -0.008770 -0.022935 0.999698 -0.418800 0.000000 0.000000 0.000000 1.000000
0.999649 -0.025279 0.007945 -0.000000 0.025090 0.999417 0.023160 10.156800 -0.008526 -0.022953 0.999700 -0.418800 0.000000 0.000000 0.000000 1.000000
0.999649 -0.025354 0.007735 0.000000 0.025169 0.999415 0.023167 10.156800 -0.008318 -0.022964 0.999702 -0.418800 0.000000 0.000000 0.000000 1.000000
0.999648 -0.025441 0.007542 0.000000 0.025261 0.999412 0.023174 10.156800 -0.008127 -0.022975 0.999703 -0.418800 0.000000 0.000000 0.000000 1.000000
0.999647 -0.025545 0.007347 -0.000000 0.025369 0.999409 0.023185 10.156800 -0.007935 -0.022991 0.999704 -0.418800 0.000000 0.000000 0.000000 1.000000
0.999645 -0.025657 0.007141 -0.000000 0.025485 0.999406 0.023194 10.156800 -0.007732 -0.023003 0.999705 -0.418800 0.000000 0.000000 0.000000 1.000000
0.999644 -0.025765 0.006925 0.000000 0.025598 0.999403 0.023187 10.156800 -0.007519 -0.023001 0.999707 -0.418800 0.000000 0.000000 0.000000 1.000000
0.999643 -0.025859 0.006705 -0.000000 0.025698 0.999401 0.023165 10.156800 -0.007300 -0.022984 0.999709 -0.418800 0.000000 0.000000 0.000000 1.000000
0.999643 -0.025931 0.006480 0.000000 0.025775 0.999400 0.023138 10.156800 -0.007077 -0.022962 0.999711 -0.418800 0.000000 0.000000 0.000000 1.000000
0.999643 -0.025979 0.006254 0.000000 0.025828 0.999399 0.023119 10.156800 -0.006851 -0.022950 0.999713 -0.418800 0.000000 0.000000 0.000000 1.000000
0.999643 -0.026009 0.006041 0.000000 0.025863 0.999398 0.023116 10.156800 -0.006639 -0.022951 0.999715 -0.418800 0.000000 0.000000 0.000000 1.000000
