<?xml version="1.0" encoding="utf-8"?>
<COLLADA xmlns="http://www.collada.org/2005/11/COLLADASchema" version="1.4.1">
  <asset>
    <contributor>
      <author>Mixamo</author>
      <authoring_tool>COLLADA Mixamo exporter</authoring_tool>
      <comments/>
    </contributor>
    <created>2024-07-03T21:57:06Z</created>
    <modified>2024-07-03T21:57:06Z</modified>
    <revision/>
    <title/>
    <unit meter="0.010000"/>
    <up_axis>Y_UP</up_axis>
  </asset>
  <library_animations>
    <animation>
      <source id="mixamorig6_Hips-Matrix-animation-input">
        <float_array id="mixamorig6_Hips-Matrix-animation-input-array" count="50">

0.000000 0.033333 0.066667 0.100000 0.133333 0.166667 0.200000 0.233333 0.266667 0.300000 0.333333 0.366667 0.400000 0.433333 0.466667 0.500000
0.533333 0.566667 0.600000 0.633333 0.666667 0.700000 0.733333 0.766667 0.800000 0.833333 0.866667 0.900000 0.933333 0.966667 1.000000 1.033333
1.066667 1.100000 1.133333 1.166667 1.200000 1.233333 1.266667 1.300000 1.333333 1.366667 1.400000 1.433333 1.466667 1.500000 1.533333 1.566667
1.600000 1.633333</float_array>
        <technique_common>
          <accessor source="#mixamorig6_Hips-Matrix-animation-input-array" count="50">
            <param name="TIME" type="float"/>
          </accessor>
        </technique_common>
      </source>
      <source id="mixamorig6_Hips-Matrix-animation-output-transform">
        <float_array id="mixamorig6_Hips-Matrix-animation-output-transform-array" count="800">

0.486624 -0.143704 -0.861711 0.583803 0.005176 0.986835 -0.161648 78.188400 0.873596 0.074202 0.480961 0.846149 0.000000 0.000000 0.000000 1.000000
0.495901 -0.152530 -0.854878 0.324830 0.007705 0.985187 -0.171311 77.819427 0.868345 0.078367 0.489731 -0.146063 0.000000 0.000000 0.000000 1.000000
0.502404 -0.155471 -0.850540 0.139220 0.008661 0.984557 -0.174852 77.641212 0.864589 0.080480 0.495992 -1.030392 0.000000 0.000000 0.000000 1.000000
0.503918 -0.153020 -0.850089 0.008225 0.007374 0.984909 -0.172917 77.652603 0.863720 0.080867 0.497442 -1.796061 0.000000 0.000000 0.000000 1.000000
0.499049 -0.153174 -0.852929 -0.102871 0.006370 0.984876 -0.173143 77.873207 0.866550 0.080974 0.492478 -2.393526 0.000000 0.000000 0.000000 1.000000
0.491183 -0.152777 -0.857554 -0.182508 0.006233 0.985090 -0.171929 78.223541 0.871034 0.079103 0.484812 -2.772445 0.000000 0.000000 0.000000 1.000000
0.482597 -0.153678 -0.862255 -0.257459 0.007419 0.985168 -0.171432 78.602905 0.875811 0.076336 0.476580 -2.923222 0.000000 0.000000 0.000000 1.000000
0.471910 -0.156274 -0.867686 -0.308315 0.008686 0.984942 -0.172667 79.001846 0.881604 0.073946 0.466161 -2.852256 0.000000 0.000000 0.000000 1.000000
0.461041 -0.158577 -0.873095 -0.331090 0.011052 0.984853 -0.173039 79.326897 0.887310 0.070129 0.455810 -2.615340 0.000000 0.000000 0.000000 1.000000
0.450642 -0.158880 -0.878452 -0.302458 0.011482 0.984985 -0.172258 79.381653 0.892631 0.067540 0.445700 -2.217339 0.000000 0.000000 0.000000 1.000000
0.446374 -0.155954 -0.881152 -0.200954 0.009464 0.985464 -0.169621 79.181984 0.894797 0.067375 0.441361 -1.709029 0.000000 0.000000 0.000000 1.000000
0.448068 -0.151131 -0.881133 -0.068095 0.007512 0.986209 -0.165333 78.834465 0.893968 0.067462 0.443024 -1.094596 0.000000 0.000000 0.000000 1.000000
0.453107 -0.147976 -0.879089 0.062421 0.008381 0.986790 -0.161785 78.563736 0.891417 0.065939 0.448362 -0.351860 0.000000 0.000000 0.000000 1.000000
0.457492 -0.141730 -0.877846 0.220793 0.008353 0.987857 -0.155139 78.461937 0.889174 0.063642 0.453121 0.514027 0.000000 0.000000 0.000000 1.000000
0.459413 -0.133719 -0.878100 0.392192 0.006810 0.989104 -0.147060 78.437271 0.888197 0.061582 0.455317 1.440580 0.000000 0.000000 0.000000 1.000000
0.460405 -0.124010 -0.879005 0.552868 0.004859 0.990532 -0.137199 78.523949 0.887696 0.058896 0.456648 2.381323 0.000000 0.000000 0.000000 1.000000
0.459456 -0.122899 -0.879657 0.718573 0.004006 0.990657 -0.136315 78.757004 0.888191 0.059107 0.455656 3.319639 0.000000 0.000000 0.000000 1.000000
0.457321 -0.123658 -0.880662 0.844944 0.002482 0.990459 -0.137786 79.135353 0.889298 0.060827 0.453264 4.159121 0.000000 0.000000 0.000000 1.000000
0.456388 -0.124475 -0.881031 0.961754 0.000199 0.990181 -0.139794 79.588898 0.889781 0.063625 0.451931 4.804276 0.000000 0.000000 0.000000 1.000000
0.455860 -0.123259 -0.881475 1.070375 -0.001126 0.990284 -0.139057 80.005341 0.890051 0.064383 0.451292 5.211630 0.000000 0.000000 0.000000 1.000000
0.455111 -0.123708 -0.881799 1.178838 -0.000406 0.990273 -0.139135 80.253059 0.890434 0.063680 0.450634 5.358013 0.000000 0.000000 0.000000 1.000000
0.457510 -0.121986 -0.880797 1.280871 0.001447 0.990646 -0.136448 80.178970 0.889203 0.061152 0.453407 5.168594 0.000000 0.000000 0.000000 1.000000
0.460511 -0.117838 -0.879798 1.340897 0.001376 0.991243 -0.132045 79.779381 0.887653 0.059598 0.456640 4.623084 0.000000 0.000000 0.000000 1.000000
0.465580 -0.112420 -0.877837 1.338482 0.001032 0.991968 -0.126488 79.120331 0.885005 0.057985 0.461956 3.837543 0.000000 0.000000 0.000000 1.000000
0.467452 -0.107453 -0.877463 1.283592 0.000981 0.992648 -0.121036 78.431297 0.884018 0.055718 0.464121 2.951453 0.000000 0.000000 0.000000 1.000000
0.467816 -0.106627 -0.877370 1.221924 0.002072 0.992826 -0.119554 77.856789 0.883824 0.054112 0.464680 2.044569 0.000000 0.000000 0.000000 1.000000
0.468500 -0.111903 -0.876348 1.154272 0.005354 0.992287 -0.123845 77.530243 0.883447 0.053330 0.465486 1.141903 0.000000 0.000000 0.000000 1.000000
0.464706 -0.119089 -0.877420 1.095703 0.008225 0.991452 -0.130210 77.481598 0.885427 0.053293 0.461714 0.268413 0.000000 0.000000 0.000000 1.000000
0.455355 -0.128275 -0.881021 1.027187 0.012125 0.990368 -0.137929 77.634575 0.890227 0.052124 0.452524 -0.497629 0.000000 0.000000 0.000000 1.000000
0.444769 -0.130315 -0.886114 0.937471 0.014773 0.990291 -0.138221 77.965332 0.895523 0.048386 0.442376 -1.052191 0.000000 0.000000 0.000000 1.000000
0.434369 -0.133437 -0.890797 0.847737 0.017756 0.990042 -0.139646 78.410690 0.900560 0.044841 0.432413 -1.415172 0.000000 0.000000 0.000000 1.000000
0.424036 -0.137483 -0.895149 0.768682 0.020794 0.989628 -0.142143 78.890167 0.905406 0.041660 0.422497 -1.578035 0.000000 0.000000 0.000000 1.000000
0.417822 -0.139557 -0.897746 0.705662 0.021638 0.989380 -0.143731 79.295212 0.908271 0.040629 0.416405 -1.564024 0.000000 0.000000 0.000000 1.000000
0.416787 -0.140707 -0.898048 0.680965 0.020820 0.989165 -0.145321 79.571381 0.908766 0.041871 0.415201 -1.393863 0.000000 0.000000 0.000000 1.000000
0.419417 -0.142651 -0.896516 0.698966 0.020949 0.988834 -0.147539 79.647385 0.907552 0.043099 0.417722 -1.084803 0.000000 0.000000 0.000000 1.000000
0.426533 -0.143548 -0.893008 0.763938 0.020840 0.988623 -0.148964 79.481384 0.904232 0.044928 0.424672 -0.632241 0.000000 0.000000 0.000000 1.000000
0.439369 -0.143628 -0.886750 0.844443 0.020232 0.988467 -0.150078 79.159294 0.898079 0.047999 0.437207 -0.028972 0.000000 0.000000 0.000000 1.000000
0.453615 -0.140154 -0.880108 0.937406 0.020056 0.988912 -0.147144 78.835182 0.890972 0.049095 0.451396 0.631916 0.000000 0.000000 0.000000 1.000000
0.464277 -0.135553 -0.875256 1.052807 0.020129 0.989578 -0.142581 78.631790 0.885461 0.048579 0.462167 1.400721 0.000000 0.000000 0.000000 1.000000
0.467283 -0.137246 -0.873390 1.148723 0.021215 0.989334 -0.144115 78.658356 0.883853 0.048813 0.465211 2.233822 0.000000 0.000000 0.000000 1.000000
0.462047 -0.143484 -0.875171 1.268059 0.025341 0.988558 -0.148695 78.911728 0.886493 0.046526 0.460397 3.101826 0.000000 0.000000 0.000000 1.000000
0.456405 -0.145206 -0.877844 1.413290 0.025523 0.988324 -0.150211 79.242996 0.889406 0.046152 0.454782 3.865120 0.000000 0.000000 0.000000 1.000000
0.453361 -0.140538 -0.880178 1.507065 0.020112 0.988853 -0.147531 79.539795 0.891100 0.049183 0.451134 4.427676 0.000000 0.000000 0.000000 1.000000
0.454773 -0.137150 -0.879984 1.518878 0.015470 0.989139 -0.146168 79.753365 0.890473 0.052860 0.451955 4.670853 0.000000 0.000000 0.000000 1.000000
0.459502 -0.133410 -0.878100 1.465637 0.011246 0.989449 -0.144442 79.811295 0.888105 0.056497 0.456155 4.592239 0.000000 0.000000 0.000000 1.000000
0.465125 -0.134222 -0.875010 1.337296 0.010951 0.989235 -0.145923 79.686859 0.885177 0.058290 0.461588 4.220361 0.000000 0.000000 0.000000 1.000000
0.468813 -0.135460 -0.872849 1.192546 0.009352 0.988877 -0.148444 79.426201 0.883248 0.061429 0.464865 3.512145 0.000000 0.000000 0.000000 1.000000
0.471937 -0.134620 -0.871294 1.050979 0.006430 0.988773 -0.149289 79.076363 0.881609 0.064852 0.467504 2.603059 0.000000 0.000000 0.000000 1.000000
0.478491 -0.136752 -0.867379 0.853027 0.004497 0.988167 -0.153315 78.641304 0.878081 0.069459 0.473444 1.618989 0.000000 0.000000 0.000000 1.000000
0.486515 -0.143628 -0.861786 0.586877 0.005192 0.986852 -0.161540 78.191147 0.873657 0.074117 0.480864 0.851404 0.000000 0.000000 0.000000 1.000000</float_array>
        <technique_common>
          <accessor source="#mixamorig6_Hips-Matrix-animation-output-transform-array" count="50" stride="16">
            <param type="float4x4"/>
          </accessor>
        </technique_common>
      </source>
      <source id="mixamorig6_Hips-Interpolations">
        <Name_array id="mixamorig6_Hips-Interpolations-array" count="50">
 LINEAR LINEAR LINEAR LINEAR LINEAR LINEAR LINEAR LINEAR LINEAR LINEAR LINEAR
LINEAR LINEAR LINEAR LINEAR LINEAR LINEAR LINEAR LINEAR LINEAR LINEAR LINEAR LINEAR
LINEAR LINEAR LINEAR LINEAR LINEAR LINEAR LINEAR LINEAR LINEAR LINEAR LINEAR LINEAR
LINEAR LINEAR LINEAR LINEAR LINEAR LINEAR LINEAR LINEAR LINEAR LINEAR LINEAR LINEAR
LINEAR LINEAR LINEAR</Name_array>
        <technique_common>
          <accessor source="#mixamorig6_Hips-Interpolations-array" count="50">
            <param type="name"/>
          </accessor>
        </technique_common>
      </source>
      <sampler id="mixamorig6_Hips-Matrix-animation-transform">
        <input semantic="INPUT" source="#mixamorig6_Hips-Matrix-animation-input"/>
        <input semantic="OUTPUT" source="#mixamorig6_Hips-Matrix-animation-output-transform"/>
        <input semantic="INTERPOLATION" source="#mixamorig6_Hips-Interpolations"/>
      </sampler>
      <channel source="#mixamorig6_Hips-Matrix-animation-transform" target="mixamorig6_Hips/matrix"/>
      <source id="mixamorig6_Spine-Matrix-animation-input">
        <float_array id="mixamorig6_Spine-Matrix-animation-input-array" count="50">

0.000000 0.033333 0.066667 0.100000 0.133333 0.166667 0.200000 0.233333 0.266667 0.300000 0.333333 0.366667 0.400000 0.433333 0.466667 0.500000
0.533333 0.566667 0.600000 0.633333 0.666667 0.700000 0.733333 0.766667 0.800000 0.833333 0.866667 0.900000 0.933333 0.966667 1.000000 1.033333
1.066667 1.100000 1.133333 1.166667 1.200000 1.233333 1.266667 1.300000 1.333333 1.366667 1.400000 1.433333 1.466667 1.500000 1.533333 1.566667
1.600000 1.633333</float_array>
        <technique_common>
          <accessor source="#mixamorig6_Spine-Matrix-animation-input-array" count="50">
            <param name="TIME" type="float"/>
          </accessor>
        </technique_common>
      </source>
      <source id="mixamorig6_Spine-Matrix-animation-output-transform">
        <float_array id="mixamorig6_Spine-Matrix-animation-output-transform-array" count="800">

0.999484 -0.029460 -0.012770 0.000000 0.029408 0.999558 -0.004267 10.156800 0.012890 0.003889 0.999909 -0.418800 0.000000 0.000000 0.000000 1.000000
0.999556 -0.027071 -0.012460 -0.000000 0.027076 0.999633 0.000250 10.156800 0.012448 -0.000587 0.999922 -0.418800 0.000000 0.000000 0.000000 1.000000
0.999509 -0.028147 -0.013744 0.000000 0.028117 0.999602 -0.002329 10.156800 0.013804 0.001941 0.999903 -0.418800 0.000000 0.000000 0.000000 1.000000
0.999361 -0.032289 -0.015326 -0.000000 0.032152 0.999442 -0.009107 10.156800 0.015612 0.008609 0.999841 -0.418800 0.000000 0.000000 0.000000 1.000000
0.999264 -0.034837 -0.016082 -0.000000 0.034616 0.999305 -0.013835 10.156800 0.016553 0.013268 0.999775 -0.418800 0.000000 0.000000 0.000000 1.000000
0.999145 -0.037579 -0.017230 -0.000000 0.037253 0.999128 -0.018856 10.156800 0.017923 0.018198 0.999674 -0.418800 0.000000 0.000000 0.000000 1.000000
0.999027 -0.040061 -0.018463 0.000000 0.039666 0.998986 -0.021299 10.156800 0.019297 0.020546 0.999603 -0.418800 0.000000 0.000000 0.000000 1.000000
0.998923 -0.042135 -0.019406 -0.000000 0.041724 0.998906 -0.021114 10.156800 0.020275 0.020282 0.999589 -0.418800 0.000000 0.000000 0.000000 1.000000
0.998878 -0.042756 -0.020370 0.000000 0.042359 0.998912 -0.019524 10.156800 0.021182 0.018639 0.999602 -0.418800 0.000000 0.000000 0.000000 1.000000
0.998854 -0.043020 -0.020978 0.000000 0.042658 0.998938 -0.017427 10.156800 0.021705 0.016512 0.999628 -0.418800 0.000000 0.000000 0.000000 1.000000
0.998828 -0.043381 -0.021462 -0.000000 0.043034 0.998940 -0.016344 10.156800 0.022149 0.015402 0.999636 -0.418800 0.000000 0.000000 0.000000 1.000000
0.998848 -0.042585 -0.022104 -0.000000 0.042233 0.998977 -0.016172 10.156800 0.022770 0.015220 0.999625 -0.418800 0.000000 0.000000 0.000000 1.000000
0.998933 -0.040245 -0.022668 -0.000000 0.039913 0.999092 -0.014922 10.156800 0.023248 0.014001 0.999632 -0.418800 0.000000 0.000000 0.000000 1.000000
0.998946 -0.039821 -0.022847 0.000000 0.039471 0.999099 -0.015583 10.156800 0.023447 0.014665 0.999618 -0.418800 0.000000 0.000000 0.000000 1.000000
0.999005 -0.038542 -0.022422 0.000000 0.038185 0.999141 -0.016106 10.156800 0.023023 0.015234 0.999619 -0.418800 0.000000 0.000000 0.000000 1.000000
0.999147 -0.035296 -0.021424 -0.000000 0.034917 0.999231 -0.017840 10.156800 0.022037 0.017077 0.999611 -0.418800 0.000000 0.000000 0.000000 1.000000
0.999317 -0.031365 -0.019554 0.000000 0.031033 0.999374 -0.017010 10.156800 0.020076 0.016392 0.999664 -0.418800 0.000000 0.000000 0.000000 1.000000
0.999458 -0.027688 -0.017789 0.000000 0.027430 0.999517 -0.014588 10.156800 0.018184 0.014093 0.999735 -0.418800 0.000000 0.000000 0.000000 1.000000
0.999530 -0.025582 -0.016881 -0.000000 0.025395 0.999615 -0.011183 10.156800 0.017161 0.010749 0.999795 -0.418800 0.000000 0.000000 0.000000 1.000000
0.999568 -0.024470 -0.016259 0.000000 0.024316 0.999658 -0.009590 10.156800 0.016489 0.009191 0.999822 -0.418800 0.000000 0.000000 0.000000 1.000000
0.999617 -0.022839 -0.015620 -0.000000 0.022710 0.999707 -0.008404 10.156800 0.015807 0.008046 0.999843 -0.418800 0.000000 0.000000 0.000000 1.000000
0.999666 -0.020731 -0.015415 0.000000 0.020596 0.999749 -0.008850 10.156800 0.015595 0.008529 0.999842 -0.418800 0.000000 0.000000 0.000000 1.000000
0.999736 -0.017398 -0.015001 0.000000 0.017228 0.999787 -0.011408 10.156800 0.015196 0.011146 0.999822 -0.418800 0.000000 0.000000 0.000000 1.000000
0.999760 -0.015700 -0.015311 0.000000 0.015481 0.999777 -0.014354 10.156800 0.015533 0.014114 0.999780 -0.418800 0.000000 0.000000 0.000000 1.000000
0.999759 -0.015247 -0.015772 0.000000 0.014981 0.999746 -0.016833 10.156800 0.016025 0.016592 0.999734 -0.418800 0.000000 0.000000 0.000000 1.000000
0.999710 -0.017309 -0.016745 0.000000 0.017022 0.999708 -0.017163 10.156800 0.017038 0.016873 0.999712 -0.418800 0.000000 0.000000 0.000000 1.000000
0.999667 -0.018187 -0.018308 0.000000 0.017904 0.999720 -0.015476 10.156800 0.018584 0.015143 0.999713 -0.418800 0.000000 0.000000 0.000000 1.000000
0.999609 -0.020175 -0.019338 0.000000 0.019883 0.999687 -0.015178 10.156800 0.019638 0.014788 0.999698 -0.418800 0.000000 0.000000 0.000000 1.000000
0.999549 -0.023231 -0.019039 0.000000 0.022975 0.999645 -0.013521 10.156800 0.019347 0.013078 0.999727 -0.418800 0.000000 0.000000 0.000000 1.000000
0.999420 -0.028506 -0.018615 -0.000000 0.028235 0.999493 -0.014681 10.156800 0.019024 0.014147 0.999719 -0.418800 0.000000 0.000000 0.000000 1.000000
0.999283 -0.033176 -0.018259 0.000000 0.032931 0.999365 -0.013580 10.156800 0.018698 0.012969 0.999741 -0.418800 0.000000 0.000000 0.000000 1.000000
0.999143 -0.037453 -0.017639 0.000000 0.037242 0.999232 -0.012148 10.156800 0.018081 0.011481 0.999771 -0.418800 0.000000 0.000000 0.000000 1.000000
0.998973 -0.041557 -0.018063 -0.000000 0.041344 0.999073 -0.011998 10.156800 0.018545 0.011239 0.999765 -0.418800 0.000000 0.000000 0.000000 1.000000
0.998785 -0.045485 -0.018975 0.000000 0.045257 0.998900 -0.012296 10.156800 0.019513 0.011422 0.999744 -0.418800 0.000000 0.000000 0.000000 1.000000
0.998697 -0.047257 -0.019267 0.000000 0.047034 0.998823 -0.011871 10.156800 0.019805 0.010950 0.999744 -0.418800 0.000000 0.000000 0.000000 1.000000
0.998742 -0.046146 -0.019624 0.000000 0.045925 0.998878 -0.011572 10.156800 0.020136 0.010656 0.999740 -0.418800 0.000000 0.000000 0.000000 1.000000
0.998887 -0.042601 -0.020229 -0.000000 0.042379 0.999038 -0.011313 10.156800 0.020691 0.010443 0.999731 -0.418800 0.000000 0.000000 0.000000 1.000000
0.999023 -0.038947 -0.020879 0.000000 0.038690 0.999172 -0.012604 10.156800 0.021353 0.011784 0.999703 -0.418800 0.000000 0.000000 0.000000 1.000000
0.999155 -0.035122 -0.021363 0.000000 0.034827 0.999295 -0.014041 10.156800 0.021841 0.013286 0.999673 -0.418800 0.000000 0.000000 0.000000 1.000000
0.999298 -0.031219 -0.020702 0.000000 0.030981 0.999451 -0.011702 10.156800 0.021056 0.011053 0.999717 -0.418800 0.000000 0.000000 0.000000 1.000000
0.999421 -0.028653 -0.018369 -0.000000 0.028537 0.999571 -0.006544 10.156800 0.018549 0.006016 0.999810 -0.418800 0.000000 0.000000 0.000000 1.000000
0.999477 -0.028483 -0.015344 0.000000 0.028416 0.999586 -0.004561 10.156800 0.015468 0.004122 0.999872 -0.418800 0.000000 0.000000 0.000000 1.000000
0.999402 -0.031783 -0.013640 0.000000 0.031696 0.999476 -0.006518 10.156800 0.013840 0.006081 0.999886 -0.418800 0.000000 0.000000 0.000000 1.000000
0.999326 -0.034191 -0.013364 0.000000 0.034079 0.999383 -0.008502 10.156800 0.013646 0.008041 0.999875 -0.418800 0.000000 0.000000 0.000000 1.000000
0.999254 -0.036249 -0.013295 0.000000 0.036099 0.999284 -0.011359 10.156800 0.013697 0.010870 0.999847 -0.418800 0.000000 0.000000 0.000000 1.000000
0.999291 -0.035417 -0.012740 0.000000 0.035282 0.999320 -0.010695 10.156800 0.013110 0.010238 0.999862 -0.418800 0.000000 0.000000 0.000000 1.000000
0.999363 -0.033288 -0.012834 0.000000 0.033162 0.999401 -0.009865 10.156800 0.013155 0.009433 0.999869 -0.418800 0.000000 0.000000 0.000000 1.000000
0.999380 -0.032411 -0.013718 -0.000000 0.032261 0.999419 -0.011028 10.156800 0.014068 0.010578 0.999845 -0.418800 0.000000 0.000000 0.000000 1.000000
0.999398 -0.031836 -0.013812 0.000000 0.031708 0.999453 -0.009374 10.156800 0.014103 0.008930 0.999861 -0.418800 0.000000 0.000000 0.000000 1.000000
0.999501 -0.028931 -0.012679 0.000000 0.028878 0.999574 -0.004289 10.156800 0.012798 0.003921 0.999910 -0.418800 0.000000 0.000000 0.000000 1.000000</float_array>
        <technique_common>
          <accessor source="#mixamorig6_Spine-Matrix-animation-output-transform-array" count="50" stride="16">
            <param type="float4x4"/>
          </accessor>
        </technique_common>
      </source>
      <source id="mixamorig6_Spine-Interpolations">
        <Name_array id="mixamorig6_Spine-Interpolations-array" count="50">
 LINEAR LINEAR LINEAR LINEAR LINEAR LINEAR LINEAR LINEAR LINEAR LINEAR LINEAR
LINEAR LINEAR LINEAR LINEAR LINEAR LINEAR LINEAR LINEAR LINEAR LINEAR LINEAR LINEAR
LINEAR LINEAR LINEAR LINEAR LINEAR LINEAR LINEAR LINEAR LINEAR LINEAR LINEAR LINEAR
LINEAR LINEAR LINEAR LINEAR LINEAR LINEAR LINEAR LINEAR LINEAR LINEAR LINEAR LINEAR
LINEAR LINEAR LINEAR</Name_array>
        <technique_common>
          <accessor source="#mixamorig6_Spine-Interpolations-array" count="50">
            <param type="name"/>
          </accessor>
        </technique_common>
      </source>
      <sampler id="mixamorig6_Spine-Matrix-animation-transform">
        <input semantic="INPUT" source="#mixamorig6_Spine-Matrix-animation-input"/>
        <input semantic="OUTPUT" source="#mixamorig6_Spine-Matrix-animation-output-transform"/>
        <input semantic="INTERPOLATION" source="#mixamorig6_Spine-Interpolations"/>
      </sampler>
      <channel source="#mixamorig6_Spine-Matrix-animation-transform" target="mixamorig6_Spine/matrix"/>
      <source id="mixamorig6_Spine1-Matrix-animation-input">
        <float_array id="mixamorig6_Spine1-Matrix-animation-input-array" count="50">

0.000000 0.033333 0.066667 0.100000 0.133333 0.166667 0.200000 0.233333 0.266667 0.300000 0.333333 0.366667 0.400000 0.433333 0.466667 0.500000
0.533333 0.566667 0.600000 0.633333 0.666667 0.700000 0.733333 0.766667 0.800000 0.833333 0.866667 0.900000 0.933333 0.966667 1.000000 1.033333
1.066667 1.100000 1.133333 1.166667 1.200000 1.233333 1.266667 1.300000 1.333333 1.366667 1.400000 1.433333 1.466667 1.500000 1.533333 1.566667
1.600000 1.633333</float_array>
        <technique_common>
          <accessor source="#mixamorig6_Spine1-Matrix-animation-input-array" count="50">
            <param name="TIME" type="float"/>
          </accessor>
        </technique_common>
      </source>
      <source id="mixamorig6_Spine1-Matrix-animation-output-transform">
        <float_array id="mixamorig6_Spine1-Matrix-animation-output-transform-array" count="800">

0.999908 -0.012980 0.003938 0.000000 0.013385 0.991277 -0.131116 11.859600 -0.002202 0.131157 0.991359 0.000000 0.000000 0.000000 0.000000 1.000000
0.999962 -0.008578 0.001550 0.000000 0.008706 0.991581 -0.129198 11.859600 -0.000429 0.129207 0.991618 0.000000 0.000000 0.000000 0.000000 1.000000
0.999967 -0.007825 -0.002190 -0.000000 0.007462 0.990971 -0.133868 11.859600 0.003218 0.133847 0.990997 0.000000 0.000000 0.000000 0.000000 1.000000
0.999937 -0.009655 -0.005785 0.000000 0.008746 0.990034 -0.140554 11.859600 0.007084 0.140494 0.990056 0.000000 0.000000 0.000000 0.000000 1.000000
0.999901 -0.011350 -0.008324 0.000000 0.010028 0.989443 -0.144576 11.859600 0.009877 0.144478 0.989459 0.000000 0.000000 0.000000 0.000000 1.000000
0.999862 -0.011878 -0.011599 0.000000 0.010035 0.988979 -0.147719 11.859600 0.013225 0.147582 0.988961 0.000000 0.000000 0.000000 0.000000 1.000000
0.999806 -0.012379 -0.015317 0.000000 0.009962 0.988809 -0.148852 11.859600 0.016989 0.148670 0.988741 -0.000000 0.000000 0.000000 0.000000 1.000000
0.999740 -0.013324 -0.018530 -0.000000 0.010450 0.989029 -0.147353 11.859600 0.020290 0.147121 0.988910 -0.000000 0.000000 0.000000 0.000000 1.000000
0.999670 -0.014601 -0.021132 -0.000000 0.011382 0.989345 -0.145146 11.859600 0.023026 0.144857 0.989185 0.000000 0.000000 0.000000 0.000000 1.000000
0.999616 -0.017390 -0.021577 -0.000000 0.014136 0.989664 -0.142706 11.859600 0.023836 0.142347 0.989530 0.000000 0.000000 0.000000 0.000000 1.000000
0.999551 -0.021661 -0.020682 0.000000 0.018472 0.989468 -0.143568 11.859600 0.023574 0.143122 0.989424 -0.000000 0.000000 0.000000 0.000000 1.000000
0.999499 -0.024597 -0.019922 0.000000 0.021416 0.988965 -0.146592 11.859600 0.023308 0.146092 0.988996 0.000000 0.000000 0.000000 0.000000 1.000000
0.999473 -0.026643 -0.018552 -0.000000 0.023596 0.988617 -0.148590 11.859600 0.022300 0.148074 0.988725 0.000000 0.000000 0.000000 0.000000 1.000000
0.999344 -0.032550 -0.015893 0.000000 0.029767 0.987979 -0.151695 11.859600 0.020640 0.151122 0.988300 0.000000 0.000000 0.000000 0.000000 1.000000
0.999273 -0.036005 -0.012563 0.000000 0.033640 0.987456 -0.154272 11.859600 0.017960 0.153737 0.987948 0.000000 0.000000 0.000000 0.000000 1.000000
0.999337 -0.035379 -0.008601 0.000000 0.033577 0.986864 -0.158025 11.859600 0.014078 0.157632 0.987398 0.000000 0.000000 0.000000 0.000000 1.000000
0.999476 -0.032089 -0.004260 0.000000 0.031025 0.987160 -0.156695 11.859600 0.009233 0.156481 0.987638 0.000000 0.000000 0.000000 0.000000 1.000000
0.999573 -0.029228 -0.000729 0.000000 0.028773 0.987819 -0.152922 11.859600 0.005190 0.152835 0.988238 0.000000 0.000000 0.000000 0.000000 1.000000
0.999622 -0.027469 0.000608 0.000000 0.027257 0.988648 -0.147758 11.859600 0.003458 0.147718 0.989023 0.000000 0.000000 0.000000 0.000000 1.000000
0.999670 -0.025678 0.001097 0.000000 0.025568 0.989235 -0.144087 11.859600 0.002614 0.144068 0.989564 0.000000 0.000000 0.000000 0.000000 1.000000
0.999740 -0.022710 0.001843 0.000000 0.022744 0.989812 -0.140554 11.859600 0.001367 0.140560 0.990071 0.000000 0.000000 0.000000 0.000000 1.000000
0.999810 -0.019347 0.002524 0.000000 0.019510 0.990061 -0.139277 11.859600 0.000196 0.139300 0.990250 -0.000000 0.000000 0.000000 0.000000 1.000000
0.999888 -0.014394 0.004071 0.000000 0.014825 0.989823 -0.141526 11.859600 -0.001993 0.141571 0.989926 0.000000 0.000000 0.000000 0.000000 1.000000
0.999941 -0.010025 0.004103 0.000000 0.010516 0.989290 -0.145585 11.859600 -0.002599 0.145619 0.989337 0.000000 0.000000 0.000000 0.000000 1.000000
0.999971 -0.006972 0.003084 -0.000000 0.007353 0.988803 -0.149042 11.859600 -0.002011 0.149061 0.988826 -0.000000 0.000000 0.000000 0.000000 1.000000
0.999984 -0.005661 0.000570 0.000000 0.005683 0.988701 -0.149796 11.859600 0.000284 0.149797 0.988717 0.000000 0.000000 0.000000 0.000000 1.000000
0.999981 -0.005231 -0.003293 0.000000 0.004684 0.988885 -0.148609 11.859600 0.004034 0.148591 0.988891 0.000000 0.000000 0.000000 0.000000 1.000000
0.999968 -0.004864 -0.006378 0.000000 0.003869 0.989034 -0.147634 11.859600 0.007026 0.147605 0.989021 0.000000 0.000000 0.000000 0.000000 1.000000
0.999952 -0.005586 -0.008052 0.000000 0.004352 0.989296 -0.145855 11.859600 0.008780 0.145813 0.989273 0.000000 0.000000 0.000000 0.000000 1.000000
0.999932 -0.006647 -0.009622 0.000000 0.005163 0.989166 -0.146712 11.859600 0.010493 0.146652 0.989132 -0.000000 0.000000 0.000000 0.000000 1.000000
0.999903 -0.007969 -0.011394 0.000000 0.006235 0.989427 -0.144899 11.859600 0.012428 0.144814 0.989381 -0.000000 0.000000 0.000000 0.000000 1.000000
0.999867 -0.010782 -0.012264 0.000000 0.008932 0.989833 -0.141955 11.859600 0.013669 0.141827 0.989797 -0.000000 0.000000 0.000000 0.000000 1.000000
0.999783 -0.015651 -0.013772 0.000000 0.013557 0.989939 -0.140845 11.859600 0.015838 0.140628 0.989936 0.000000 0.000000 0.000000 0.000000 1.000000
0.999636 -0.022561 -0.014762 0.000000 0.020252 0.989770 -0.141227 11.859600 0.017798 0.140877 0.989867 0.000000 0.000000 0.000000 0.000000 1.000000
0.999467 -0.029335 -0.014325 -0.000000 0.027034 0.989709 -0.140517 11.859600 0.018300 0.140055 0.989975 0.000000 0.000000 0.000000 0.000000 1.000000
0.999378 -0.032759 -0.013042 0.000000 0.030627 0.989786 -0.139230 11.859600 0.017469 0.138744 0.990174 0.000000 0.000000 0.000000 0.000000 1.000000
0.999373 -0.033395 -0.011773 -0.000000 0.031431 0.989738 -0.139391 11.859600 0.016307 0.138933 0.990167 0.000000 0.000000 0.000000 0.000000 1.000000
0.999357 -0.034441 -0.009967 0.000000 0.032679 0.989319 -0.142054 11.859600 0.014753 0.141637 0.989809 0.000000 0.000000 0.000000 0.000000 1.000000
0.999381 -0.034234 -0.008147 0.000000 0.032693 0.988887 -0.145033 11.859600 0.013022 0.144677 0.989393 -0.000000 0.000000 0.000000 0.000000 1.000000
0.999524 -0.030383 -0.005405 0.000000 0.029317 0.989565 -0.141074 11.859600 0.009635 0.140848 0.989984 0.000000 0.000000 0.000000 0.000000 1.000000
0.999658 -0.026124 -0.001001 0.000000 0.025754 0.990631 -0.134116 11.859600 0.004495 0.134044 0.990965 0.000000 0.000000 0.000000 0.000000 1.000000
0.999671 -0.025321 0.003969 0.000000 0.025624 0.990862 -0.132424 11.859600 -0.000579 0.132482 0.991185 0.000000 0.000000 0.000000 0.000000 1.000000
0.999570 -0.028493 0.006970 0.000000 0.029171 0.990500 -0.134383 11.859600 -0.003075 0.134528 0.990905 0.000000 0.000000 0.000000 0.000000 1.000000
0.999516 -0.030173 0.007553 0.000000 0.030916 0.990421 -0.134574 11.859600 -0.003421 0.134743 0.990875 0.000000 0.000000 0.000000 0.000000 1.000000
0.999523 -0.029912 0.007725 0.000000 0.030680 0.990426 -0.134593 11.859600 -0.003625 0.134766 0.990871 0.000000 0.000000 0.000000 0.000000 1.000000
0.999643 -0.025499 0.008010 0.000000 0.026335 0.990865 -0.132263 11.859600 -0.004564 0.132427 0.991182 0.000000 0.000000 0.000000 0.000000 1.000000
0.999750 -0.021083 0.007456 0.000000 0.021881 0.991051 -0.131676 11.859600 -0.004613 0.131807 0.991265 0.000000 0.000000 0.000000 0.000000 1.000000
0.999791 -0.019649 0.005670 0.000000 0.020233 0.990717 -0.134428 11.859600 -0.002976 0.134514 0.990907 0.000000 0.000000 0.000000 0.000000 1.000000
0.999838 -0.017452 0.004394 0.000000 0.017885 0.990671 -0.135097 11.859600 -0.001996 0.135154 0.990823 0.000000 0.000000 0.000000 0.000000 1.000000
0.999911 -0.012708 0.003944 -0.000000 0.013116 0.991272 -0.131182 11.859600 -0.002243 0.131222 0.991350 0.000000 0.000000 0.000000 0.000000 1.000000</float_array>
        <technique_common>
          <accessor source="#mixamorig6_Spine1-Matrix-animation-output-transform-array" count="50" stride="16">
            <param type="float4x4"/>
          </accessor>
        </technique_common>
      </source>
      <source id="mixamorig6_Spine1-Interpolations">
        <Name_array id="mixamorig6_Spine1-Interpolations-array" count="50">
 LINEAR LINEAR LINEAR LINEAR LINEAR LINEAR LINEAR LINEAR LINEAR LINEAR LINEAR
LINEAR LINEAR LINEAR LINEAR LINEAR LINEAR LINEAR LINEAR LINEAR LINEAR LINEAR LINEAR
LINEAR LINEAR LINEAR LINEAR LINEAR LINEAR LINEAR LINEAR LINEAR LINEAR LINEAR LINEAR
LINEAR LINEAR LINEAR LINEAR LINEAR LINEAR LINEAR LINEAR LINEAR LINEAR LINEAR LINEAR
LINEAR LINEAR LINEAR</Name_array>
        <technique_common>
          <accessor source="#mixamorig6_Spine1-Interpolations-array" count="50">
            <param type="name"/>
          </accessor>
        </technique_common>
      </source>
      <sampler id="mixamorig6_Spine1-Matrix-animation-transform">
        <input semantic="INPUT" source="#mixamorig6_Spine1-Matrix-animation-input"/>
        <input semantic="OUTPUT" source="#mixamorig6_Spine1-Matrix-animation-output-transform"/>
        <input semantic="INTERPOLATION" source="#mixamorig6_Spine1-Interpolations"/>
      </sampler>
      <channel source="#mixamorig6_Spine1-Matrix-animation-transform" target="mixamorig6_Spine1/matrix"/>
      <source id="mixamorig6_Spine2-Matrix-animation-input">
        <float_array id="mixamorig6_Spine2-Matrix-animation-input-array" count="50">

0.000000 0.033333 0.066667 0.100000 0.133333 0.166667 0.200000 0.233333 0.266667 0.300000 0.333333 0.366667 0.400000 0.433333 0.466667 0.500000
0.533333 0.566667 0.600000 0.633333 0.666667 0.700000 0.733333 0.766667 0.800000 0.833333 0.866667 0.900000 0.933333 0.966667 1.000000 1.033333
1.066667 1.100000 1.133333 1.166667 1.200000 1.233333 1.266667 1.300000 1.333333 1.366667 1.400000 1.433333 1.466667 1.500000 1.533333 1.566667
1.600000 1.633333</float_array>
        <technique_common>
          <accessor source="#mixamorig6_Spine2-Matrix-animation-input-array" count="50">
            <param name="TIME" type="float"/>
          </accessor>
        </technique_common>
      </source>
      <source id="mixamorig6_Spine2-Matrix-animation-output-transform">
        <float_array id="mixamorig6_Spine2-Matrix-animation-output-transform-array" count="800">

0.999898 -0.012848 0.006220 0.000000 0.013553 0.991289 -0.131007 13.553800 -0.004482 0.131078 0.991362 0.000000 0.000000 0.000000 0.000000 1.000000
0.999959 -0.008477 0.003223 -0.000000 0.008823 0.991592 -0.129099 13.553800 -0.002101 0.129122 0.991626 0.000000 0.000000 0.000000 0.000000 1.000000
0.999970 -0.007783 -0.000575 0.000000 0.007636 0.990976 -0.133825 13.553800 0.001611 0.133816 0.991005 0.000000 0.000000 0.000000 0.000000 1.000000
0.999946 -0.009631 -0.003901 0.000000 0.008987 0.990030 -0.140569 13.553800 0.005216 0.140526 0.990063 0.000000 0.000000 0.000000 0.000000 1.000000
0.999916 -0.011330 -0.006353 -0.000000 0.010292 0.989432 -0.144634 13.553800 0.007925 0.144556 0.989465 0.000000 0.000000 0.000000 0.000000 1.000000
0.999885 -0.011850 -0.009457 0.000000 0.010322 0.988952 -0.147879 13.553800 0.011105 0.147764 0.988960 -0.000000 0.000000 0.000000 0.000000 1.000000
0.999839 -0.012340 -0.013017 0.000000 0.010263 0.988771 -0.149087 13.553800 0.014710 0.148929 0.988738 0.000000 0.000000 0.000000 0.000000 1.000000
0.999782 -0.013281 -0.016100 -0.000000 0.010760 0.988983 -0.147638 13.553800 0.017884 0.147433 0.988910 -0.000000 0.000000 0.000000 0.000000 1.000000
0.999719 -0.014569 -0.018673 -0.000000 0.011701 0.989298 -0.145439 13.553800 0.020592 0.145180 0.989191 0.000000 0.000000 0.000000 0.000000 1.000000
0.999665 -0.017373 -0.019187 0.000000 0.014455 0.989621 -0.142973 13.553800 0.021471 0.142648 0.989541 0.000000 0.000000 0.000000 0.000000 1.000000
0.999597 -0.021664 -0.018339 -0.000000 0.018806 0.989431 -0.143781 13.553800 0.021260 0.143379 0.989440 0.000000 0.000000 0.000000 0.000000 1.000000
0.999542 -0.024617 -0.017621 0.000000 0.021769 0.988934 -0.146753 13.553800 0.021038 0.146302 0.989016 -0.000000 0.000000 0.000000 0.000000 1.000000
0.999510 -0.026692 -0.016319 0.000000 0.023973 0.988594 -0.148683 13.553800 0.020102 0.148219 0.988750 0.000000 0.000000 0.000000 0.000000 1.000000
0.999377 -0.032578 -0.013608 0.000000 0.030140 0.987964 -0.151718 13.553800 0.018387 0.151214 0.988330 -0.000000 0.000000 0.000000 0.000000 1.000000
0.999299 -0.036007 -0.010214 0.000000 0.034003 0.987444 -0.154269 13.553800 0.015640 0.153814 0.987976 0.000000 0.000000 0.000000 0.000000 1.000000
0.999356 -0.035346 -0.006185 0.000000 0.033925 0.986850 -0.158039 13.553800 0.011690 0.157727 0.987414 0.000000 0.000000 0.000000 0.000000 1.000000
0.999485 -0.032032 -0.001987 0.000000 0.031325 0.987142 -0.156749 13.553800 0.006982 0.156606 0.987636 -0.000000 0.000000 0.000000 0.000000 1.000000
0.999574 -0.029153 0.001404 0.000000 0.029024 0.987800 -0.152998 13.553800 0.003073 0.152974 0.988225 0.000000 0.000000 0.000000 0.000000 1.000000
0.999621 -0.027393 0.002681 0.000000 0.027488 0.988623 -0.147884 13.553800 0.001400 0.147902 0.989001 0.000000 0.000000 0.000000 0.000000 1.000000
0.999667 -0.025607 0.003183 0.000000 0.025798 0.989202 -0.144268 13.553800 0.000546 0.144302 0.989534 -0.000000 0.000000 0.000000 0.000000 1.000000
0.999736 -0.022634 0.003897 0.000000 0.022957 0.989780 -0.140742 13.553800 -0.000672 0.140794 0.990039 0.000000 0.000000 0.000000 0.000000 1.000000
0.999804 -0.019270 0.004531 0.000000 0.019714 0.990032 -0.139454 13.553800 -0.001799 0.139516 0.990218 -0.000000 0.000000 0.000000 0.000000 1.000000
0.999880 -0.014303 0.005915 0.000000 0.014997 0.989803 -0.141648 13.553800 -0.003829 0.141720 0.989899 0.000000 0.000000 0.000000 0.000000 1.000000
0.999933 -0.009931 0.005915 0.000000 0.010687 0.989276 -0.145668 13.553800 -0.004405 0.145722 0.989316 0.000000 0.000000 0.000000 0.000000 1.000000
0.999964 -0.006868 0.004946 0.000000 0.007529 0.988797 -0.149074 13.553800 -0.003867 0.149106 0.988814 -0.000000 0.000000 0.000000 0.000000 1.000000
0.999981 -0.005560 0.002631 0.000000 0.005891 0.988695 -0.149825 13.553800 -0.001768 0.149838 0.988709 0.000000 0.000000 0.000000 0.000000 1.000000
0.999986 -0.005157 -0.001188 -0.000000 0.004923 0.988876 -0.148659 13.553800 0.001942 0.148651 0.988888 0.000000 0.000000 0.000000 0.000000 1.000000
0.999980 -0.004800 -0.004106 -0.000000 0.004141 0.989027 -0.147680 13.553800 0.004770 0.147660 0.989027 0.000000 0.000000 0.000000 0.000000 1.000000
0.999969 -0.005538 -0.005631 -0.000000 0.004657 0.989284 -0.145932 13.553800 0.006379 0.145901 0.989279 0.000000 0.000000 0.000000 0.000000 1.000000
0.999955 -0.006599 -0.006829 0.000000 0.005524 0.989139 -0.146878 13.553800 0.007724 0.146834 0.989131 -0.000000 0.000000 0.000000 0.000000 1.000000
0.999934 -0.007948 -0.008343 0.000000 0.006653 0.989383 -0.145181 13.553800 0.009409 0.145116 0.989370 0.000000 0.000000 0.000000 0.000000 1.000000
0.999901 -0.010784 -0.009067 0.000000 0.009384 0.989775 -0.142325 13.553800 0.010509 0.142226 0.989778 0.000000 0.000000 0.000000 0.000000 1.000000
0.999823 -0.015673 -0.010380 0.000000 0.014050 0.989863 -0.141332 13.553800 0.012490 0.141161 0.989908 0.000000 0.000000 0.000000 0.000000 1.000000
0.999683 -0.022588 -0.011144 0.000000 0.020782 0.989683 -0.141758 13.553800 0.014231 0.141481 0.989839 -0.000000 0.000000 0.000000 0.000000 1.000000
0.999511 -0.029357 -0.010811 0.000000 0.027542 0.989629 -0.140980 13.553800 0.014837 0.140613 0.989953 0.000000 0.000000 0.000000 0.000000 1.000000
0.999416 -0.032766 -0.009741 -0.000000 0.031088 0.989723 -0.139578 13.553800 0.014214 0.139194 0.990163 0.000000 0.000000 0.000000 0.000000 1.000000
0.999404 -0.033391 -0.008746 0.000000 0.031845 0.989691 -0.139635 13.553800 0.013318 0.139274 0.990164 -0.000000 0.000000 0.000000 0.000000 1.000000
0.999381 -0.034421 -0.007240 0.000000 0.033043 0.989286 -0.142202 13.553800 0.012058 0.141875 0.989811 0.000000 0.000000 0.000000 0.000000 1.000000
0.999400 -0.034197 -0.005579 -0.000000 0.033026 0.988861 -0.145134 13.553800 0.010480 0.144863 0.989396 0.000000 0.000000 0.000000 0.000000 1.000000
0.999536 -0.030318 -0.002758 0.000000 0.029626 0.989546 -0.141141 13.553800 0.007008 0.140994 0.989986 0.000000 0.000000 0.000000 0.000000 1.000000
0.999660 -0.026027 0.001826 -0.000000 0.026036 0.990611 -0.134207 13.553800 0.001684 0.134208 0.990952 0.000000 0.000000 0.000000 0.000000 1.000000
0.999659 -0.025175 0.006876 0.000000 0.025865 0.990836 -0.132573 13.553800 -0.003475 0.132706 0.991149 -0.000000 0.000000 0.000000 0.000000 1.000000
0.999548 -0.028318 0.010110 0.000000 0.029422 0.990472 -0.134534 13.553800 -0.006204 0.134771 0.990857 -0.000000 0.000000 0.000000 0.000000 1.000000
0.999491 -0.030013 0.010832 0.000000 0.031199 0.990395 -0.134699 13.553800 -0.006686 0.134968 0.990827 0.000000 0.000000 0.000000 0.000000 1.000000
0.999495 -0.029774 0.011108 0.000000 0.031000 0.990409 -0.134647 13.553800 -0.006992 0.134924 0.990831 0.000000 0.000000 0.000000 0.000000 1.000000
0.999615 -0.025353 0.011289 0.000000 0.026625 0.990860 -0.132244 13.553800 -0.007833 0.132494 0.991153 0.000000 0.000000 0.000000 0.000000 1.000000
0.999725 -0.020923 0.010633 -0.000000 0.022141 0.991052 -0.131624 13.553800 -0.007784 0.131823 0.991243 0.000000 0.000000 0.000000 0.000000 1.000000
0.999771 -0.019488 0.008786 -0.000000 0.020493 0.990717 -0.134389 13.553800 -0.006085 0.134538 0.990890 0.000000 0.000000 0.000000 0.000000 1.000000
0.999824 -0.017290 0.007265 0.000000 0.018113 0.990677 -0.135025 13.553800 -0.004863 0.135133 0.990816 0.000000 0.000000 0.000000 0.000000 1.000000
0.999902 -0.012573 0.006175 0.000000 0.013274 0.991283 -0.131076 13.553800 -0.004473 0.131145 0.991353 0.000000 0.000000 0.000000 0.000000 1.000000</float_array>
        <technique_common>
          <accessor source="#mixamorig6_Spine2-Matrix-animation-output-transform-array" count="50" stride="16">
            <param type="float4x4"/>
          </accessor>
        </technique_common>
      </source>
      <source id="mixamorig6_Spine2-Interpolations">
        <Name_array id="mixamorig6_Spine2-Interpolations-array" count="50">
 LINEAR LINEAR LINEAR LINEAR LINEAR LINEAR LINEAR LINEAR LINEAR LINEAR LINEAR
LINEAR LINEAR LINEAR LINEAR LINEAR LINEAR LINEAR LINEAR LINEAR LINEAR LINEAR LINEAR
LINEAR LINEAR LINEAR LINEAR LINEAR LINEAR LINEAR LINEAR LINEAR LINEAR LINEAR LINEAR
LINEAR LINEAR LINEAR LINEAR LINEAR LINEAR LINEAR LINEAR LINEAR LINEAR LINEAR LINEAR
LINEAR LINEAR LINEAR</Name_array>
        <technique_common>
          <accessor source="#mixamorig6_Spine2-Interpolations-array" count="50">
            <param type="name"/>
          </accessor>
        </technique_common>
      </source>
      <sampler id="mixamorig6_Spine2-Matrix-animation-transform">
        <input semantic="INPUT" source="#mixamorig6_Spine2-Matrix-animation-input"/>
        <input semantic="OUTPUT" source="#mixamorig6_Spine2-Matrix-animation-output-transform"/>
        <input semantic="INTERPOLATION" source="#mixamorig6_Spine2-Interpolations"/>
      </sampler>
      <channel source="#mixamorig6_Spine2-Matrix-animation-transform" target="mixamorig6_Spine2/matrix"/>
      <source id="mixamorig6_Neck-Matrix-animation-input">
