<?xml version="1.0" encoding="utf-8"?>
<COLLADA xmlns="http://www.collada.org/2005/11/COLLADASchema" version="1.4.1">
  <asset>
    <contributor>
      <author>Mixamo</author>
      <authoring_tool>COLLADA Mixamo exporter</authoring_tool>
      <comments/>
    </contributor>
    <created>2024-06-29T08:39:01Z</created>
    <modified>2024-06-29T08:39:01Z</modified>
    <revision/>
    <title/>
    <unit meter="0.010000"/>
    <up_axis>Y_UP</up_axis>
  </asset>
  <library_animations>
    <animation>
      <source id="mixamorig_Hips-Matrix-animation-input">
        <float_array id="mixamorig_Hips-Matrix-animation-input-array" count="251">

0.000000 0.033333 0.066667 0.100000 0.133333 0.166667 0.200000 0.233333 0.266667 0.300000 0.333333 0.366667 0.400000 0.433333 0.466667 0.500000
0.533333 0.566667 0.600000 0.633333 0.666667 0.700000 0.733333 0.766667 0.800000 0.833333 0.866667 0.900000 0.933333 0.966667 1.000000 1.033333
1.066667 1.100000 1.133333 1.166667 1.200000 1.233333 1.266667 1.300000 1.333333 1.366667 1.400000 1.433333 1.466667 1.500000 1.533333 1.566667
1.600000 1.633333 1.666667 1.700000 1.733333 1.766667 1.800000 1.833333 1.866667 1.900000 1.933333 1.966667 2.000000 2.033333 2.066667 2.100000
2.133333 2.166667 2.200000 2.233333 2.266667 2.300000 2.333333 2.366667 2.400000 2.433333 2.466667 2.500000 2.533333 2.566667 2.600000 2.633333
2.666667 2.700000 2.733333 2.766667 2.800000 2.833333 2.866667 2.900000 2.933333 2.966667 3.000000 3.033333 3.066667 3.100000 3.133333 3.166667
3.200000 3.233333 3.266667 3.300000 3.333333 3.366667 3.400000 3.433333 3.466667 3.500000 3.533333 3.566667 3.600000 3.633333 3.666667 3.700000
3.733333 3.766667 3.800000 3.833333 3.866667 3.900000 3.933333 3.966667 4.000000 4.033333 4.066667 4.100000 4.133333 4.166667 4.200000 4.233333
4.266667 4.300000 4.333333 4.366667 4.400000 4.433333 4.466667 4.500000 4.533333 4.566667 4.600000 4.633333 4.666667 4.700000 4.733333 4.766667
4.800000 4.833333 4.866667 4.900000 4.933333 4.966667 5.000000 5.033333 5.066667 5.100000 5.133333 5.166667 5.200000 5.233333 5.266667 5.300000
5.333333 5.366667 5.400000 5.433333 5.466667 5.500000 5.533333 5.566667 5.600000 5.633333 5.666667 5.700000 5.733333 5.766667 5.800000 5.833333
5.866667 5.900000 5.933333 5.966667 6.000000 6.033333 6.066667 6.100000 6.133333 6.166667 6.200000 6.233333 6.266667 6.300000 6.333333 6.366667
6.400000 6.433333 6.466667 6.500000 6.533333 6.566667 6.600000 6.633333 6.666667 6.700000 6.733333 6.766667 6.800000 6.833333 6.866667 6.900000
6.933333 6.966667 7.000000 7.033333 7.066667 7.100000 7.133333 7.166667 7.200000 7.233333 7.266667 7.300000 7.333333 7.366667 7.400000 7.433333
7.466667 7.500000 7.533333 7.566667 7.600000 7.633333 7.666667 7.700000 7.733333 7.766667 7.800000 7.833333 7.866667 7.900000 7.933333 7.966667
8.000000 8.033333 8.066667 8.100000 8.133333 8.166667 8.200000 8.233333 8.266667 8.300000 8.333333</float_array>
        <technique_common>
          <accessor source="#mixamorig_Hips-Matrix-animation-input-array" count="251">
            <param name="TIME" type="float"/>
          </accessor>
        </technique_common>
      </source>
      <source id="mixamorig_Hips-Matrix-animation-output-transform">
        <float_array id="mixamorig_Hips-Matrix-animation-output-transform-array" count="4016">

0.996083 0.083982 0.027660 0.188683 -0.084433 0.996307 0.015577 97.166748 -0.026250 -0.017851 0.999496 0.144081 0.000000 0.000000 0.000000 1.000000
0.996076 0.084049 0.027728 0.199951 -0.084499 0.996304 0.015455 97.169060 -0.026327 -0.017737 0.999496 0.171395 0.000000 0.000000 0.000000 1.000000
0.996064 0.084135 0.027894 0.211020 -0.084585 0.996298 0.015366 97.172234 -0.026498 -0.017665 0.999493 0.199013 0.000000 0.000000 0.000000 1.000000
0.996049 0.084238 0.028128 0.222116 -0.084690 0.996290 0.015292 97.175430 -0.026736 -0.017613 0.999487 0.226485 0.000000 0.000000 0.000000 1.000000
0.996033 0.084352 0.028353 0.233577 -0.084806 0.996281 0.015209 97.177788 -0.026965 -0.017554 0.999482 0.253107 0.000000 0.000000 0.000000 1.000000
0.996019 0.084471 0.028493 0.245463 -0.084925 0.996273 0.015117 97.179039 -0.027110 -0.017477 0.999480 0.278259 0.000000 0.000000 0.000000 1.000000
0.996006 0.084603 0.028530 0.257844 -0.085056 0.996263 0.015037 97.179787 -0.027151 -0.017403 0.999480 0.301783 0.000000 0.000000 0.000000 1.000000
0.995994 0.084761 0.028504 0.270668 -0.085212 0.996250 0.014984 97.180695 -0.027127 -0.017353 0.999481 0.323945 0.000000 0.000000 0.000000 1.000000
0.995978 0.084951 0.028469 0.283986 -0.085400 0.996235 0.014950 97.181587 -0.027091 -0.017322 0.999483 0.345033 0.000000 0.000000 0.000000 1.000000
0.995960 0.085172 0.028467 0.297741 -0.085620 0.996216 0.014908 97.181671 -0.027090 -0.017285 0.999484 0.364976 0.000000 0.000000 0.000000 1.000000
0.995936 0.085425 0.028526 0.312056 -0.085872 0.996196 0.014828 97.180565 -0.027151 -0.017217 0.999483 0.383349 0.000000 0.000000 0.000000 1.000000
0.995909 0.085709 0.028623 0.326785 -0.086154 0.996174 0.014687 97.178864 -0.027254 -0.017093 0.999482 0.399725 0.000000 0.000000 0.000000 1.000000
0.995882 0.086006 0.028673 0.341390 -0.086445 0.996152 0.014460 97.177910 -0.027319 -0.016879 0.999484 0.413991 0.000000 0.000000 0.000000 1.000000
0.995861 0.086271 0.028590 0.355039 -0.086700 0.996134 0.014132 97.178574 -0.027260 -0.016552 0.999491 0.426317 0.000000 0.000000 0.000000 1.000000
0.995851 0.086460 0.028385 0.367240 -0.086875 0.996125 0.013714 97.181267 -0.027090 -0.016123 0.999503 0.436949 0.000000 0.000000 0.000000 1.000000
0.995848 0.086553 0.028188 0.378564 -0.086951 0.996125 0.013242 97.185806 -0.026933 -0.015638 0.999515 0.446181 0.000000 0.000000 0.000000 1.000000
0.995850 0.086549 0.028135 0.390437 -0.086934 0.996132 0.012755 97.191788 -0.026923 -0.015148 0.999523 0.454554 0.000000 0.000000 0.000000 1.000000
0.995853 0.086475 0.028260 0.403954 -0.086849 0.996146 0.012273 97.198380 -0.027090 -0.014676 0.999525 0.462904 0.000000 0.000000 0.000000 1.000000
0.995855 0.086382 0.028483 0.418899 -0.086747 0.996160 0.011812 97.204071 -0.027354 -0.014234 0.999524 0.471955 0.000000 0.000000 0.000000 1.000000
0.995853 0.086326 0.028699 0.434165 -0.086682 0.996171 0.011396 97.207413 -0.027605 -0.013836 0.999523 0.481827 0.000000 0.000000 0.000000 1.000000
0.995848 0.086338 0.028855 0.448740 -0.086687 0.996174 0.011044 97.208344 -0.027791 -0.013500 0.999523 0.492021 0.000000 0.000000 0.000000 1.000000
0.995839 0.086402 0.028956 0.462316 -0.086744 0.996172 0.010765 97.208359 -0.027915 -0.013232 0.999523 0.501871 0.000000 0.000000 0.000000 1.000000
0.995831 0.086478 0.029007 0.475084 -0.086815 0.996169 0.010554 97.209618 -0.027983 -0.013028 0.999523 0.510856 0.000000 0.000000 0.000000 1.000000
0.995828 0.086535 0.028966 0.487367 -0.086867 0.996166 0.010400 97.213226 -0.027955 -0.012873 0.999526 0.518376 0.000000 0.000000 0.000000 1.000000
0.995831 0.086564 0.028767 0.499398 -0.086890 0.996165 0.010284 97.218399 -0.027766 -0.012741 0.999533 0.523461 0.000000 0.000000 0.000000 1.000000
0.995840 0.086582 0.028381 0.511549 -0.086900 0.996165 0.010165 97.223419 -0.027392 -0.012589 0.999546 0.525006 0.000000 0.000000 0.000000 1.000000
0.995851 0.086627 0.027861 0.524119 -0.086934 0.996164 0.010003 97.226364 -0.026887 -0.012383 0.999562 0.522366 0.000000 0.000000 0.000000 1.000000
0.995856 0.086743 0.027305 0.537198 -0.087038 0.996157 0.009799 97.226448 -0.026350 -0.012135 0.999579 0.515732 0.000000 0.000000 0.000000 1.000000
0.995853 0.086944 0.026783 0.550848 -0.087228 0.996142 0.009614 97.224312 -0.025843 -0.011910 0.999595 0.506021 0.000000 0.000000 0.000000 1.000000
0.995843 0.087202 0.026301 0.565154 -0.087478 0.996121 0.009520 97.221489 -0.025369 -0.011781 0.999609 0.494553 0.000000 0.000000 0.000000 1.000000
0.995833 0.087462 0.025827 0.580315 -0.087733 0.996098 0.009544 97.219406 -0.024892 -0.011770 0.999621 0.482771 0.000000 0.000000 0.000000 1.000000
0.995825 0.087690 0.025341 0.596565 -0.087958 0.996077 0.009657 97.218628 -0.024395 -0.011846 0.999632 0.471892 0.000000 0.000000 0.000000 1.000000
0.995820 0.087888 0.024873 0.613891 -0.088154 0.996059 0.009811 97.218758 -0.023912 -0.011963 0.999642 0.462487 0.000000 0.000000 0.000000 1.000000
0.995812 0.088076 0.024500 0.632003 -0.088342 0.996040 0.009967 97.218979 -0.023525 -0.012090 0.999650 0.454285 0.000000 0.000000 0.000000 1.000000
0.995800 0.088264 0.024314 0.650573 -0.088531 0.996022 0.010101 97.218575 -0.023326 -0.012211 0.999653 0.446538 0.000000 0.000000 0.000000 1.000000
0.995783 0.088449 0.024364 0.669673 -0.088718 0.996004 0.010203 97.217583 -0.023364 -0.012322 0.999651 0.438842 0.000000 0.000000 0.000000 1.000000
0.995761 0.088628 0.024614 0.689284 -0.088902 0.995987 0.010296 97.216736 -0.023603 -0.012441 0.999644 0.431737 0.000000 0.000000 0.000000 1.000000
0.995737 0.088800 0.024962 0.709167 -0.089082 0.995970 0.010436 97.216843 -0.023934 -0.012615 0.999634 0.426413 0.000000 0.000000 0.000000 1.000000
0.995714 0.088960 0.025284 0.729186 -0.089253 0.995952 0.010666 97.218040 -0.024233 -0.012877 0.999623 0.423706 0.000000 0.000000 0.000000 1.000000
0.995696 0.089104 0.025488 0.749302 -0.089406 0.995935 0.010970 97.219406 -0.024407 -0.013201 0.999615 0.423299 0.000000 0.000000 0.000000 1.000000
0.995683 0.089234 0.025545 0.769263 -0.089545 0.995919 0.011284 97.219971 -0.024434 -0.013522 0.999610 0.423926 0.000000 0.000000 0.000000 1.000000
0.995672 0.089363 0.025506 0.787890 -0.089680 0.995904 0.011550 97.219788 -0.024369 -0.013787 0.999608 0.424439 0.000000 0.000000 0.000000 1.000000
0.995661 0.089502 0.025478 0.803676 -0.089824 0.995888 0.011769 97.219788 -0.024320 -0.014007 0.999606 0.424799 0.000000 0.000000 0.000000 1.000000
0.995646 0.089645 0.025559 0.815283 -0.089973 0.995872 0.011996 97.220802 -0.024378 -0.014243 0.999601 0.426073 0.000000 0.000000 0.000000 1.000000
0.995629 0.089771 0.025773 0.822655 -0.090110 0.995856 0.012281 97.222794 -0.024564 -0.014550 0.999592 0.429470 0.000000 0.000000 0.000000 1.000000
0.995613 0.089865 0.026075 0.826782 -0.090217 0.995842 0.012626 97.224930 -0.024832 -0.014923 0.999580 0.435383 0.000000 0.000000 0.000000 1.000000
0.995598 0.089935 0.026394 0.828825 -0.090300 0.995830 0.012984 97.226242 -0.025117 -0.015310 0.999567 0.443439 0.000000 0.000000 0.000000 1.000000
0.995583 0.090012 0.026688 0.829332 -0.090390 0.995817 0.013313 97.226006 -0.025378 -0.015667 0.999555 0.453343 0.000000 0.000000 0.000000 1.000000
0.995566 0.090120 0.026950 0.828196 -0.090510 0.995802 0.013617 97.224197 -0.025609 -0.015996 0.999544 0.465316 0.000000 0.000000 0.000000 1.000000
0.995548 0.090246 0.027193 0.825486 -0.090648 0.995786 0.013925 97.221779 -0.025822 -0.016328 0.999533 0.479510 0.000000 0.000000 0.000000 1.000000
0.995534 0.090331 0.027419 0.822126 -0.090745 0.995772 0.014245 97.220032 -0.026017 -0.016669 0.999523 0.495279 0.000000 0.000000 0.000000 1.000000
0.995530 0.090318 0.027605 0.819401 -0.090743 0.995768 0.014546 97.220230 -0.026175 -0.016986 0.999513 0.511389 0.000000 0.000000 0.000000 1.000000
0.995538 0.090202 0.027711 0.818064 -0.090635 0.995774 0.014793 97.222305 -0.026260 -0.017238 0.999507 0.526795 0.000000 0.000000 0.000000 1.000000
0.995553 0.090037 0.027712 0.817697 -0.090475 0.995786 0.014982 97.224709 -0.026246 -0.017422 0.999504 0.540947 0.000000 0.000000 0.000000 1.000000
0.995567 0.089912 0.027625 0.817072 -0.090352 0.995795 0.015141 97.225456 -0.026148 -0.017570 0.999504 0.553514 0.000000 0.000000 0.000000 1.000000
0.995572 0.089892 0.027508 0.815277 -0.090335 0.995794 0.015301 97.223740 -0.026017 -0.017718 0.999504 0.564280 0.000000 0.000000 0.000000 1.000000
0.995568 0.089964 0.027411 0.812490 -0.090409 0.995785 0.015468 97.220581 -0.025904 -0.017878 0.999505 0.573429 0.000000 0.000000 0.000000 1.000000
0.995564 0.090024 0.027333 0.809918 -0.090472 0.995776 0.015619 97.218559 -0.025811 -0.018023 0.999504 0.581620 0.000000 0.000000 0.000000 1.000000
0.995574 0.089956 0.027212 0.808536 -0.090405 0.995781 0.015718 97.219536 -0.025683 -0.018109 0.999506 0.589546 0.000000 0.000000 0.000000 1.000000
0.995600 0.089732 0.026995 0.808498 -0.090177 0.995801 0.015745 97.223251 -0.025468 -0.018110 0.999512 0.597461 0.000000 0.000000 0.000000 1.000000
0.995635 0.089437 0.026698 0.808831 -0.089875 0.995829 0.015704 97.227684 -0.025182 -0.018035 0.999520 0.605224 0.000000 0.000000 0.000000 1.000000
0.995665 0.089184 0.026414 0.808460 -0.089615 0.995854 0.015612 97.230965 -0.024912 -0.017912 0.999529 0.612735 0.000000 0.000000 0.000000 1.000000
0.995684 0.089016 0.026248 0.806794 -0.089441 0.995872 0.015484 97.232796 -0.024761 -0.017765 0.999536 0.620297 0.000000 0.000000 0.000000 1.000000
0.995695 0.088896 0.026246 0.803779 -0.089317 0.995885 0.015331 97.234192 -0.024775 -0.017609 0.999538 0.628518 0.000000 0.000000 0.000000 1.000000
0.995703 0.088767 0.026384 0.799469 -0.089186 0.995900 0.015165 97.236183 -0.024930 -0.017453 0.999537 0.637920 0.000000 0.000000 0.000000 1.000000
0.995712 0.088602 0.026594 0.793939 -0.089021 0.995917 0.015003 97.238960 -0.025157 -0.017306 0.999534 0.648630 0.000000 0.000000 0.000000 1.000000
0.995724 0.088409 0.026805 0.787552 -0.088827 0.995936 0.014860 97.242149 -0.025382 -0.017178 0.999530 0.660390 0.000000 0.000000 0.000000 1.000000
0.995738 0.088198 0.026965 0.781003 -0.088616 0.995957 0.014737 97.245338 -0.025556 -0.017064 0.999528 0.672730 0.000000 0.000000 0.000000 1.000000
0.995755 0.087974 0.027051 0.775119 -0.088391 0.995979 0.014620 97.248222 -0.025656 -0.016949 0.999527 0.685019 0.000000 0.000000 0.000000 1.000000
0.995775 0.087746 0.027062 0.770191 -0.088160 0.996001 0.014498 97.250519 -0.025681 -0.016823 0.999529 0.696441 0.000000 0.000000 0.000000 1.000000
0.995796 0.087526 0.026996 0.765529 -0.087935 0.996022 0.014376 97.252197 -0.025631 -0.016689 0.999532 0.706148 0.000000 0.000000 0.000000 1.000000
0.995818 0.087322 0.026849 0.760029 -0.087726 0.996043 0.014265 97.253670 -0.025497 -0.016561 0.999538 0.713540 0.000000 0.000000 0.000000 1.000000
0.995842 0.087126 0.026615 0.753034 -0.087524 0.996062 0.014164 97.255409 -0.025276 -0.016435 0.999545 0.718374 0.000000 0.000000 0.000000 1.000000
0.995867 0.086930 0.026300 0.744839 -0.087320 0.996081 0.014049 97.257393 -0.024976 -0.016288 0.999555 0.720547 0.000000 0.000000 0.000000 1.000000
0.995893 0.086750 0.025928 0.736070 -0.087130 0.996100 0.013904 97.258850 -0.024621 -0.016106 0.999567 0.719851 0.000000 0.000000 0.000000 1.000000
0.995914 0.086620 0.025526 0.727044 -0.086989 0.996115 0.013738 97.259178 -0.024237 -0.015903 0.999580 0.716033 0.000000 0.000000 0.000000 1.000000
0.995931 0.086555 0.025107 0.717863 -0.086914 0.996123 0.013580 97.258453 -0.023834 -0.015707 0.999593 0.709171 0.000000 0.000000 0.000000 1.000000
0.995944 0.086525 0.024664 0.708967 -0.086873 0.996129 0.013441 97.257378 -0.023405 -0.015529 0.999605 0.699995 0.000000 0.000000 0.000000 1.000000
0.995960 0.086479 0.024185 0.701142 -0.086818 0.996135 0.013310 97.256393 -0.022941 -0.015356 0.999619 0.689688 0.000000 0.000000 0.000000 1.000000
0.995979 0.086392 0.023695 0.694856 -0.086720 0.996146 0.013176 97.255264 -0.022465 -0.015178 0.999632 0.679322 0.000000 0.000000 0.000000 1.000000
0.996000 0.086270 0.023263 0.689745 -0.086589 0.996159 0.013056 97.253876 -0.022047 -0.015018 0.999644 0.669512 0.000000 0.000000 0.000000 1.000000
0.996018 0.086138 0.022973 0.684862 -0.086451 0.996171 0.012995 97.252739 -0.021766 -0.014930 0.999652 0.660622 0.000000 0.000000 0.000000 1.000000
0.996032 0.086005 0.022868 0.679254 -0.086317 0.996182 0.013033 97.252754 -0.021659 -0.014955 0.999654 0.653048 0.000000 0.000000 0.000000 1.000000
0.996043 0.085866 0.022930 0.672572 -0.086182 0.996192 0.013164 97.254120 -0.021713 -0.015088 0.999650 0.647047 0.000000 0.000000 0.000000 1.000000
0.996052 0.085717 0.023108 0.665191 -0.086039 0.996202 0.013338 97.256058 -0.021877 -0.015273 0.999644 0.642299 0.000000 0.000000 0.000000 1.000000
0.996059 0.085562 0.023342 0.657788 -0.085891 0.996213 0.013496 97.257278 -0.022099 -0.015447 0.999636 0.637902 0.000000 0.000000 0.000000 1.000000
0.996065 0.085425 0.023580 0.650563 -0.085761 0.996223 0.013616 97.256683 -0.022328 -0.015585 0.999629 0.632860 0.000000 0.000000 0.000000 1.000000
0.996067 0.085348 0.023789 0.643085 -0.085690 0.996227 0.013727 97.254005 -0.022528 -0.015712 0.999623 0.626584 0.000000 0.000000 0.000000 1.000000
0.996062 0.085362 0.023960 0.634450 -0.085709 0.996224 0.013876 97.249619 -0.022685 -0.015875 0.999617 0.619017 0.000000 0.000000 0.000000 1.000000
0.996050 0.085467 0.024100 0.623868 -0.085821 0.996211 0.014076 97.243919 -0.022806 -0.016089 0.999610 0.610607 0.000000 0.000000 0.000000 1.000000
0.996033 0.085627 0.024214 0.610930 -0.085989 0.996193 0.014303 97.237358 -0.022898 -0.016328 0.999604 0.602334 0.000000 0.000000 0.000000 1.000000
0.996017 0.085791 0.024291 0.595698 -0.086159 0.996176 0.014512 97.230453 -0.022953 -0.016547 0.999600 0.595608 0.000000 0.000000 0.000000 1.000000
0.996006 0.085915 0.024313 0.578319 -0.086287 0.996162 0.014687 97.224121 -0.022958 -0.016726 0.999597 0.591715 0.000000 0.000000 0.000000 1.000000
0.996002 0.085968 0.024284 0.558925 -0.086343 0.996155 0.014839 97.219452 -0.022915 -0.016876 0.999595 0.590963 0.000000 0.000000 0.000000 1.000000
0.996006 0.085938 0.024241 0.537808 -0.086315 0.996155 0.014977 97.217125 -0.022861 -0.017010 0.999594 0.592347 0.000000 0.000000 0.000000 1.000000
0.996015 0.085834 0.024228 0.515808 -0.086213 0.996163 0.015080 97.216812 -0.022841 -0.017109 0.999593 0.594193 0.000000 0.000000 0.000000 1.000000
0.996027 0.085685 0.024255 0.494038 -0.086066 0.996175 0.015108 97.217346 -0.022868 -0.017136 0.999592 0.595298 0.000000 0.000000 0.000000 1.000000
0.996040 0.085527 0.024286 0.473415 -0.085907 0.996190 0.015049 97.217468 -0.022906 -0.017076 0.999592 0.595475 0.000000 0.000000 0.000000 1.000000
0.996053 0.085380 0.024273 0.454029 -0.085757 0.996204 0.014938 97.216675 -0.022905 -0.016960 0.999594 0.595069 0.000000 0.000000 0.000000 1.000000
0.996065 0.085256 0.024214 0.435566 -0.085629 0.996217 0.014830 97.214989 -0.022858 -0.016845 0.999597 0.594185 0.000000 0.000000 0.000000 1.000000
0.996074 0.085160 0.024175 0.417723 -0.085531 0.996226 0.014753 97.212692 -0.022828 -0.016763 0.999599 0.592501 0.000000 0.000000 0.000000 1.000000
0.996078 0.085093 0.024245 0.400765 -0.085464 0.996233 0.014690 97.209999 -0.022903 -0.016705 0.999598 0.589722 0.000000 0.000000 0.000000 1.000000
0.996077 0.085042 0.024445 0.385378 -0.085414 0.996238 0.014609 97.207062 -0.023110 -0.016640 0.999594 0.585953 0.000000 0.000000 0.000000 1.000000
0.996077 0.084980 0.024682 0.371994 -0.085354 0.996245 0.014499 97.204498 -0.023357 -0.016549 0.999590 0.581561 0.000000 0.000000 0.000000 1.000000
0.996082 0.084887 0.024807 0.360510 -0.085259 0.996255 0.014367 97.202866 -0.023494 -0.016426 0.999589 0.576673 0.000000 0.000000 0.000000 1.000000
0.996094 0.084759 0.024751 0.350635 -0.085127 0.996269 0.014215 97.202324 -0.023454 -0.016266 0.999593 0.570896 0.000000 0.000000 0.000000 1.000000
0.996110 0.084615 0.024591 0.342340 -0.084976 0.996284 0.014023 97.202415 -0.023313 -0.016058 0.999599 0.563659 0.000000 0.000000 0.000000 1.000000
0.996124 0.084491 0.024472 0.335698 -0.084845 0.996299 0.013777 97.202469 -0.023217 -0.015800 0.999606 0.554916 0.000000 0.000000 0.000000 1.000000
0.996129 0.084427 0.024463 0.330487 -0.084773 0.996309 0.013500 97.201927 -0.023233 -0.015521 0.999610 0.545380 0.000000 0.000000 0.000000 1.000000
0.996127 0.084443 0.024509 0.326153 -0.084784 0.996311 0.013236 97.200562 -0.023301 -0.015262 0.999612 0.535966 0.000000 0.000000 0.000000 1.000000
0.996120 0.084525 0.024497 0.322441 -0.084861 0.996308 0.013007 97.198578 -0.023307 -0.015035 0.999615 0.527088 0.000000 0.000000 0.000000 1.000000
0.996115 0.084622 0.024359 0.320022 -0.084950 0.996303 0.012797 97.196640 -0.023186 -0.014816 0.999621 0.518648 0.000000 0.000000 0.000000 1.000000
0.996117 0.084673 0.024110 0.319565 -0.084993 0.996302 0.012576 97.195808 -0.022956 -0.014576 0.999630 0.510619 0.000000 0.000000 0.000000 1.000000
0.996125 0.084663 0.023825 0.321194 -0.084973 0.996307 0.012340 97.196579 -0.022693 -0.014317 0.999640 0.503338 0.000000 0.000000 0.000000 1.000000
0.996133 0.084632 0.023604 0.324411 -0.084934 0.996313 0.012112 97.198540 -0.022492 -0.014070 0.999648 0.497195 0.000000 0.000000 0.000000 1.000000
0.996134 0.084636 0.023529 0.328683 -0.084932 0.996316 0.011912 97.200447 -0.022435 -0.013864 0.999652 0.492195 0.000000 0.000000 0.000000 1.000000
0.996127 0.084689 0.023635 0.333991 -0.084983 0.996313 0.011734 97.201424 -0.022554 -0.013697 0.999652 0.487987 0.000000 0.000000 0.000000 1.000000
0.996116 0.084750 0.023878 0.340475 -0.085044 0.996310 0.011563 97.201561 -0.022810 -0.013549 0.999648 0.484256 0.000000 0.000000 0.000000 1.000000
0.996107 0.084769 0.024169 0.347962 -0.085063 0.996310 0.011400 97.201355 -0.023113 -0.013412 0.999643 0.481038 0.000000 0.000000 0.000000 1.000000
0.996104 0.084743 0.024415 0.355877 -0.085037 0.996314 0.011269 97.201218 -0.023370 -0.013301 0.999638 0.478740 0.000000 0.000000 0.000000 1.000000
0.996102 0.084715 0.024570 0.363502 -0.085009 0.996317 0.011198 97.201180 -0.023531 -0.013243 0.999635 0.477848 0.000000 0.000000 0.000000 1.000000
0.996101 0.084716 0.024626 0.370229 -0.085012 0.996317 0.011192 97.201286 -0.023587 -0.013242 0.999634 0.478501 0.000000 0.000000 0.000000 1.000000
0.996099 0.084737 0.024607 0.376215 -0.085033 0.996315 0.011226 97.201904 -0.023565 -0.013275 0.999634 0.480259 0.000000 0.000000 0.000000 1.000000
0.996101 0.084736 0.024562 0.382083 -0.085032 0.996315 0.011258 97.203354 -0.023517 -0.013303 0.999635 0.482268 0.000000 0.000000 0.000000 1.000000
0.996105 0.084697 0.024538 0.388326 -0.084992 0.996318 0.011255 97.205284 -0.023495 -0.013297 0.999636 0.483756 0.000000 0.000000 0.000000 1.000000
0.996109 0.084641 0.024566 0.394596 -0.084936 0.996323 0.011215 97.206993 -0.023526 -0.013258 0.999635 0.484435 0.000000 0.000000 0.000000 1.000000
0.996109 0.084615 0.024647 0.399980 -0.084910 0.996326 0.011168 97.208076 -0.023611 -0.013218 0.999634 0.484544 0.000000 0.000000 0.000000 1.000000
0.996103 0.084641 0.024782 0.404176 -0.084937 0.996324 0.011138 97.208450 -0.023748 -0.013199 0.999631 0.484526 0.000000 0.000000 0.000000 1.000000
0.996093 0.084703 0.024979 0.408057 -0.085001 0.996319 0.011114 97.208405 -0.023946 -0.013194 0.999626 0.484626 0.000000 0.000000 0.000000 1.000000
0.996081 0.084774 0.025225 0.412722 -0.085074 0.996313 0.011079 97.208168 -0.024193 -0.013181 0.999620 0.484756 0.000000 0.000000 0.000000 1.000000
0.996069 0.084847 0.025463 0.418004 -0.085150 0.996307 0.011045 97.207840 -0.024432 -0.013170 0.999615 0.484735 0.000000 0.000000 0.000000 1.000000
0.996056 0.084942 0.025619 0.422579 -0.085247 0.996299 0.011054 97.207504 -0.024585 -0.013195 0.999611 0.484525 0.000000 0.000000 0.000000 1.000000
0.996045 0.085062 0.025668 0.425765 -0.085369 0.996287 0.011117 97.207092 -0.024627 -0.013264 0.999609 0.484192 0.000000 0.000000 0.000000 1.000000
0.996035 0.085186 0.025653 0.428455 -0.085494 0.996276 0.011181 97.206596 -0.024605 -0.013330 0.999608 0.483674 0.000000 0.000000 0.000000 1.000000
0.996026 0.085294 0.025653 0.432018 -0.085603 0.996267 0.011183 97.205879 -0.024603 -0.013335 0.999608 0.482712 0.000000 0.000000 0.000000 1.000000
0.996014 0.085404 0.025719 0.437017 -0.085711 0.996258 0.011108 97.204796 -0.024674 -0.013269 0.999608 0.481024 0.000000 0.000000 0.000000 1.000000
0.995999 0.085548 0.025842 0.443149 -0.085855 0.996247 0.011002 97.203659 -0.024803 -0.013177 0.999606 0.478593 0.000000 0.000000 0.000000 1.000000
0.995980 0.085730 0.025951 0.450281 -0.086036 0.996232 0.010924 97.203094 -0.024917 -0.013113 0.999604 0.475856 0.000000 0.000000 0.000000 1.000000
0.995965 0.085901 0.025961 0.458743 -0.086207 0.996218 0.010905 97.203911 -0.024926 -0.013099 0.999603 0.473509 0.000000 0.000000 0.000000 1.000000
0.995961 0.085991 0.025849 0.468917 -0.086296 0.996210 0.010925 97.206459 -0.024811 -0.013112 0.999606 0.471924 0.000000 0.000000 0.000000 1.000000
0.995966 0.085973 0.025689 0.480806 -0.086276 0.996211 0.010942 97.210274 -0.024651 -0.013114 0.999610 0.470732 0.000000 0.000000 0.000000 1.000000
0.995976 0.085888 0.025601 0.494052 -0.086190 0.996219 0.010934 97.214134 -0.024566 -0.013096 0.999612 0.469086 0.000000 0.000000 0.000000 1.000000
0.995981 0.085813 0.025652 0.507861 -0.086116 0.996225 0.010927 97.217201 -0.024618 -0.013092 0.999611 0.466335 0.000000 0.000000 0.000000 1.000000
0.995979 0.085790 0.025803 0.521374 -0.086095 0.996227 0.010967 97.219398 -0.024765 -0.013144 0.999607 0.462369 0.000000 0.000000 0.000000 1.000000
0.995975 0.085792 0.025957 0.534166 -0.086102 0.996225 0.011067 97.221710 -0.024910 -0.013258 0.999602 0.457362 0.000000 0.000000 0.000000 1.000000
0.995975 0.085768 0.026046 0.546450 -0.086083 0.996225 0.011200 97.224953 -0.024987 -0.013397 0.999598 0.451321 0.000000 0.000000 0.000000 1.000000
0.995979 0.085709 0.026068 0.558333 -0.086026 0.996229 0.011322 97.228775 -0.024999 -0.013519 0.999596 0.443937 0.000000 0.000000 0.000000 1.000000
0.995983 0.085659 0.026074 0.569319 -0.085979 0.996232 0.011416 97.231827 -0.024997 -0.013612 0.999595 0.434818 0.000000 0.000000 0.000000 1.000000
0.995980 0.085681 0.026109 0.578336 -0.086004 0.996228 0.011498 97.232811 -0.025025 -0.013698 0.999593 0.423879 0.000000 0.000000 0.000000 1.000000
0.995970 0.085787 0.026176 0.584619 -0.086113 0.996218 0.011597 97.231827 -0.025082 -0.013804 0.999590 0.411591 0.000000 0.000000 0.000000 1.000000
0.995956 0.085930 0.026235 0.588636 -0.086260 0.996204 0.011725 97.230042 -0.025128 -0.013941 0.999587 0.398863 0.000000 0.000000 0.000000 1.000000
0.995945 0.086054 0.026244 0.591233 -0.086388 0.996191 0.011879 97.228729 -0.025122 -0.014098 0.999585 0.386581 0.000000 0.000000 0.000000 1.000000
0.995939 0.086136 0.026188 0.592419 -0.086473 0.996181 0.012050 97.228111 -0.025050 -0.014266 0.999584 0.375048 0.000000 0.000000 0.000000 1.000000
0.995936 0.086201 0.026098 0.591068 -0.086542 0.996173 0.012230 97.227646 -0.024944 -0.014439 0.999585 0.363727 0.000000 0.000000 0.000000 1.000000
0.995930 0.086285 0.026034 0.585981 -0.086630 0.996163 0.012403 97.226639 -0.024864 -0.014608 0.999584 0.351496 0.000000 0.000000 0.000000 1.000000
0.995919 0.086399 0.026072 0.577346 -0.086747 0.996151 0.012543 97.224831 -0.024888 -0.014754 0.999581 0.337378 0.000000 0.000000 0.000000 1.000000
0.995904 0.086527 0.026253 0.566717 -0.086880 0.996139 0.012637 97.222404 -0.025058 -0.014867 0.999575 0.321259 0.000000 0.000000 0.000000 1.000000
0.995886 0.086640 0.026541 0.555666 -0.087000 0.996127 0.012714 97.219818 -0.025337 -0.014970 0.999567 0.303984 0.000000 0.000000 0.000000 1.000000
0.995873 0.086707 0.026825 0.544797 -0.087074 0.996119 0.012822 97.217499 -0.025609 -0.015105 0.999558 0.286727 0.000000 0.000000 0.000000 1.000000
0.995868 0.086710 0.027002 0.533748 -0.087083 0.996116 0.012988 97.215584 -0.025771 -0.015286 0.999551 0.270235 0.000000 0.000000 0.000000 1.000000
0.995871 0.086646 0.027071 0.522073 -0.087026 0.996119 0.013191 97.213791 -0.025823 -0.015492 0.999546 0.254660 0.000000 0.000000 0.000000 1.000000
0.995880 0.086532 0.027132 0.509465 -0.086918 0.996125 0.013391 97.211746 -0.025868 -0.015694 0.999542 0.239969 0.000000 0.000000 0.000000 1.000000
0.995887 0.086395 0.027287 0.495631 -0.086788 0.996134 0.013575 97.209114 -0.026008 -0.015887 0.999535 0.226477 0.000000 0.000000 0.000000 1.000000
0.995892 0.086258 0.027550 0.479791 -0.086660 0.996143 0.013759 97.205894 -0.026257 -0.016090 0.999526 0.215039 0.000000 0.000000 0.000000 1.000000
0.995894 0.086135 0.027852 0.461145 -0.086547 0.996150 0.013967 97.202499 -0.026542 -0.016320 0.999514 0.206814 0.000000 0.000000 0.000000 1.000000
0.995897 0.086021 0.028113 0.439620 -0.086445 0.996155 0.014213 97.199562 -0.026783 -0.016585 0.999504 0.202736 0.000000 0.000000 0.000000 1.000000
0.995901 0.085905 0.028300 0.415986 -0.086340 0.996160 0.014501 97.197762 -0.026945 -0.016885 0.999494 0.202963 0.000000 0.000000 0.000000 1.000000
0.995909 0.085780 0.028414 0.391457 -0.086225 0.996165 0.014829 97.197037 -0.027033 -0.017219 0.999486 0.206549 0.000000 0.000000 0.000000 1.000000
0.995919 0.085649 0.028456 0.367040 -0.086104 0.996171 0.015176 97.196587 -0.027047 -0.017564 0.999480 0.211601 0.000000 0.000000 0.000000 1.000000
0.995931 0.085518 0.028414 0.343636 -0.085981 0.996176 0.015484 97.195404 -0.026981 -0.017864 0.999476 0.215974 0.000000 0.000000 0.000000 1.000000
0.995947 0.085386 0.028276 0.322006 -0.085852 0.996184 0.015691 97.193329 -0.026829 -0.018055 0.999477 0.218223 0.000000 0.000000 0.000000 1.000000
0.995966 0.085237 0.028049 0.302468 -0.085701 0.996196 0.015779 97.191315 -0.026598 -0.018119 0.999482 0.218139 0.000000 0.000000 0.000000 1.000000
0.995989 0.085058 0.027754 0.284732 -0.085517 0.996212 0.015794 97.190346 -0.026305 -0.018104 0.999490 0.216383 0.000000 0.000000 0.000000 1.000000
0.996016 0.084851 0.027420 0.268110 -0.085304 0.996230 0.015797 97.190247 -0.025976 -0.018073 0.999499 0.213548 0.000000 0.000000 0.000000 1.000000
0.996043 0.084647 0.027090 0.252295 -0.085094 0.996248 0.015799 97.189651 -0.025651 -0.018042 0.999508 0.209615 0.000000 0.000000 0.000000 1.000000
0.996064 0.084484 0.026802 0.237355 -0.084924 0.996263 0.015758 97.187576 -0.025371 -0.017972 0.999517 0.204321 0.000000 0.000000 0.000000 1.000000
0.996081 0.084360 0.026577 0.223360 -0.084794 0.996276 0.015641 97.184677 -0.025159 -0.017833 0.999524 0.197968 0.000000 0.000000 0.000000 1.000000
0.996097 0.084224 0.026411 0.210167 -0.084650 0.996291 0.015456 97.182770 -0.025011 -0.017631 0.999532 0.191758 0.000000 0.000000 0.000000 1.000000
0.996118 0.084004 0.026292 0.197469 -0.084423 0.996314 0.015234 97.183105 -0.024916 -0.017394 0.999538 0.187297 0.000000 0.000000 0.000000 1.000000
0.996148 0.083677 0.026228 0.184858 -0.084089 0.996345 0.015000 97.185532 -0.024877 -0.017148 0.999543 0.185820 0.000000 0.000000 0.000000 1.000000
0.996179 0.083290 0.026255 0.171782 -0.083697 0.996382 0.014780 97.188560 -0.024929 -0.016921 0.999546 0.187819 0.000000 0.000000 0.000000 1.000000
0.996206 0.082919 0.026426 0.157708 -0.083324 0.996415 0.014607 97.190865 -0.025120 -0.016753 0.999544 0.193199 0.000000 0.000000 0.000000 1.000000
0.996222 0.082619 0.026760 0.142121 -0.083027 0.996442 0.014518 97.191849 -0.025466 -0.016685 0.999536 0.201508 0.000000 0.000000 0.000000 1.000000
0.996227 0.082407 0.027208 0.124605 -0.082823 0.996458 0.014523 97.191765 -0.025915 -0.016722 0.999524 0.211956 0.000000 0.000000 0.000000 1.000000
0.996226 0.082270 0.027652 0.105198 -0.082695 0.996468 0.014603 97.190948 -0.026353 -0.016835 0.999511 0.223415 0.000000 0.000000 0.000000 1.000000
0.996225 0.082178 0.027963 0.084718 -0.082611 0.996473 0.014713 97.189629 -0.026655 -0.016968 0.999501 0.234680 0.000000 0.000000 0.000000 1.000000
0.996229 0.082104 0.028060 0.064529 -0.082541 0.996478 0.014814 97.187889 -0.026745 -0.017074 0.999496 0.244901 0.000000 0.000000 0.000000 1.000000
0.996238 0.082035 0.027940 0.045691 -0.082473 0.996482 0.014906 97.185921 -0.026619 -0.017154 0.999498 0.253782 0.000000 0.000000 0.000000 1.000000
0.996251 0.081972 0.027664 0.028163 -0.082409 0.996485 0.015034 97.184158 -0.026334 -0.017257 0.999504 0.261356 0.000000 0.000000 0.000000 1.000000
0.996265 0.081908 0.027333 0.011480 -0.082344 0.996488 0.015232 97.183289 -0.025990 -0.017426 0.999510 0.267595 0.000000 0.000000 0.000000 1.000000
0.996280 0.081819 0.027049 -0.003943 -0.082256 0.996491 0.015464 97.183563 -0.025689 -0.017631 0.999514 0.272258 0.000000 0.000000 0.000000 1.000000
0.996296 0.081691 0.026861 -0.016995 -0.082130 0.996499 0.015633 97.184494 -0.025490 -0.017781 0.999517 0.275084 0.000000 0.000000 0.000000 1.000000
0.996310 0.081546 0.026751 -0.027236 -0.081984 0.996510 0.015684 97.184814 -0.025379 -0.017820 0.999519 0.276007 0.000000 0.000000 0.000000 1.000000
0.996322 0.081433 0.026678 -0.035602 -0.081868 0.996520 0.015655 97.183540 -0.025310 -0.017782 0.999521 0.275161 0.000000 0.000000 0.000000 1.000000
0.996326 0.081390 0.026648 -0.043498 -0.081824 0.996524 0.015625 97.180824 -0.025284 -0.017748 0.999523 0.272705 0.000000 0.000000 0.000000 1.000000
0.996322 0.081422 0.026719 -0.051154 -0.081858 0.996521 0.015628 97.177773 -0.025354 -0.017758 0.999521 0.268767 0.000000 0.000000 0.000000 1.000000
0.996310 0.081501 0.026921 -0.057698 -0.081940 0.996515 0.015640 97.175301 -0.025552 -0.017788 0.999515 0.263556 0.000000 0.000000 0.000000 1.000000
0.996294 0.081596 0.027192 -0.062222 -0.082040 0.996506 0.015629 97.173233 -0.025821 -0.017802 0.999508 0.257375 0.000000 0.000000 0.000000 1.000000
0.996280 0.081693 0.027412 -0.064933 -0.082140 0.996499 0.015591 97.170906 -0.026043 -0.017785 0.999503 0.250248 0.000000 0.000000 0.000000 1.000000
0.996271 0.081779 0.027501 -0.066393 -0.082226 0.996493 0.015534 97.168205 -0.026134 -0.017737 0.999501 0.241546 0.000000 0.000000 0.000000 1.000000
0.996268 0.081830 0.027471 -0.066926 -0.082274 0.996490 0.015456 97.166275 -0.026110 -0.017658 0.999503 0.230308 0.000000 0.000000 0.000000 1.000000
0.996270 0.081821 0.027396 -0.066399 -0.082261 0.996492 0.015355 97.166527 -0.026043 -0.017552 0.999507 0.216237 0.000000 0.000000 0.000000 1.000000
0.996277 0.081766 0.027329 -0.064976 -0.082202 0.996499 0.015247 97.168739 -0.025987 -0.017437 0.999510 0.200317 0.000000 0.000000 0.000000 1.000000
0.996283 0.081716 0.027265 -0.063233 -0.082149 0.996505 0.015157 97.171120 -0.025931 -0.017340 0.999513 0.184254 0.000000 0.000000 0.000000 1.000000
0.996285 0.081719 0.027174 -0.061646 -0.082149 0.996506 0.015100 97.171707 -0.025845 -0.017276 0.999517 0.169374 0.000000 0.000000 0.000000 1.000000
0.996283 0.081775 0.027071 -0.060199 -0.082203 0.996502 0.015075 97.170013 -0.025743 -0.017244 0.999520 0.156228 0.000000 0.000000 0.000000 1.000000
0.996278 0.081857 0.027014 -0.058591 -0.082284 0.996495 0.015077 97.166901 -0.025685 -0.017244 0.999521 0.145150 0.000000 0.000000 0.000000 1.000000
0.996269 0.081954 0.027045 -0.056782 -0.082383 0.996486 0.015124 97.163269 -0.025710 -0.017295 0.999520 0.136865 0.000000 0.000000 0.000000 1.000000
0.996256 0.082083 0.027139 -0.054793 -0.082516 0.996473 0.015257 97.159554 -0.025790 -0.017439 0.999515 0.132263 0.000000 0.000000 0.000000 1.000000
0.996240 0.082247 0.027225 -0.052689 -0.082688 0.996455 0.015511 97.156448 -0.025853 -0.017704 0.999509 0.131635 0.000000 0.000000 0.000000 1.000000
0.996227 0.082400 0.027252 -0.050145 -0.082851 0.996436 0.015858 97.154999 -0.025848 -0.018057 0.999503 0.134250 0.000000 0.000000 0.000000 1.000000
0.996222 0.082470 0.027225 -0.046535 -0.082930 0.996424 0.016209 97.155983 -0.025790 -0.018405 0.999498 0.138689 0.000000 0.000000 0.000000 1.000000
0.996226 0.082426 0.027182 -0.041478 -0.082891 0.996423 0.016464 97.158760 -0.025728 -0.018655 0.999495 0.143425 0.000000 0.000000 0.000000 1.000000
0.996235 0.082326 0.027174 -0.035069 -0.082794 0.996428 0.016593 97.161560 -0.025711 -0.018781 0.999493 0.147147 0.000000 0.000000 0.000000 1.000000
0.996238 0.082268 0.027238 -0.027605 -0.082739 0.996432 0.016635 97.162643 -0.025772 -0.018826 0.999491 0.148845 0.000000 0.000000 0.000000 1.000000
0.996232 0.082296 0.027379 -0.019147 -0.082769 0.996430 0.016646 97.162041 -0.025912 -0.018849 0.999487 0.148035 0.000000 0.000000 0.000000 1.000000
0.996221 0.082368 0.027551 -0.009486 -0.082845 0.996423 0.016652 97.161217 -0.026081 -0.018872 0.999482 0.145038 0.000000 0.000000 0.000000 1.000000
0.996213 0.082419 0.027674 0.001310 -0.082899 0.996419 0.016660 97.161339 -0.026202 -0.018891 0.999478 0.140834 0.000000 0.000000 0.000000 1.000000
0.996212 0.082430 0.027699 0.012765 -0.082911 0.996417 0.016676 97.162422 -0.026225 -0.018909 0.999477 0.136420 0.000000 0.000000 0.000000 1.000000
0.996213 0.082434 0.027653 0.024267 -0.082914 0.996417 0.016712 97.163605 -0.026177 -0.018942 0.999478 0.132213 0.000000 0.000000 0.000000 1.000000
0.996212 0.082459 0.027622 0.035521 -0.082940 0.996413 0.016775 97.164185 -0.026140 -0.019002 0.999478 0.128030 0.000000 0.000000 0.000000 1.000000
0.996206 0.082507 0.027675 0.046563 -0.082991 0.996408 0.016851 97.164215 -0.026186 -0.019084 0.999475 0.123516 0.000000 0.000000 0.000000 1.000000
0.996197 0.082569 0.027815 0.057213 -0.083058 0.996401 0.016924 97.163994 -0.026318 -0.019170 0.999470 0.118558 0.000000 0.000000 0.000000 1.000000
0.996186 0.082649 0.027986 0.067052 -0.083143 0.996393 0.016983 97.163696 -0.026481 -0.019245 0.999464 0.113403 0.000000 0.000000 0.000000 1.000000
0.996174 0.082748 0.028124 0.075753 -0.083246 0.996384 0.017021 97.163506 -0.026614 -0.019297 0.999460 0.108502 0.000000 0.000000 0.000000 1.000000
0.996162 0.082853 0.028211 0.083440 -0.083353 0.996374 0.017037 97.163895 -0.026697 -0.019323 0.999457 0.104281 0.000000 0.000000 0.000000 1.000000
0.996152 0.082954 0.028269 0.090734 -0.083455 0.996366 0.017042 97.164841 -0.026753 -0.019335 0.999455 0.101053 0.000000 0.000000 0.000000 1.000000
0.996142 0.083058 0.028330 0.098032 -0.083562 0.996357 0.017059 97.165794 -0.026810 -0.019361 0.999453 0.099049 0.000000 0.000000 0.000000 1.000000
0.996130 0.083182 0.028397 0.105095 -0.083688 0.996345 0.017110 97.166046 -0.026870 -0.019421 0.999450 0.098391 0.000000 0.000000 0.000000 1.000000
0.996117 0.083312 0.028445 0.111428 -0.083821 0.996333 0.017192 97.165466 -0.026908 -0.019510 0.999448 0.098953 0.000000 0.000000 0.000000 1.000000
0.996109 0.083416 0.028442 0.116541 -0.083928 0.996322 0.017284 97.164680 -0.026895 -0.019604 0.999446 0.100294 0.000000 0.000000 0.000000 1.000000
0.996105 0.083485 0.028384 0.120522 -0.083997 0.996315 0.017364 97.163948 -0.026830 -0.019680 0.999446 0.101904 0.000000 0.000000 0.000000 1.000000
0.996101 0.083558 0.028304 0.123657 -0.084070 0.996308 0.017420 97.163025 -0.026744 -0.019731 0.999448 0.103530 0.000000 0.000000 0.000000 1.000000
0.996092 0.083687 0.028245 0.126251 -0.084199 0.996296 0.017457 97.161491 -0.026680 -0.019767 0.999449 0.105147 0.000000 0.000000 0.000000 1.000000
0.996077 0.083873 0.028227 0.128617 -0.084385 0.996280 0.017484 97.159561 -0.026655 -0.019797 0.999449 0.106632 0.000000 0.000000 0.000000 1.000000
0.996062 0.084053 0.028213 0.131183 -0.084566 0.996264 0.017493 97.158180 -0.026638 -0.019810 0.999449 0.107609 0.000000 0.000000 0.000000 1.000000
0.996055 0.084156 0.028149 0.134801 -0.084666 0.996257 0.017448 97.158150 -0.026575 -0.019762 0.999451 0.107742 0.000000 0.000000 0.000000 1.000000
0.996059 0.084159 0.028007 0.140019 -0.084663 0.996259 0.017314 97.159157 -0.026445 -0.019616 0.999458 0.107113 0.000000 0.000000 0.000000 1.000000
0.996069 0.084099 0.027810 0.146642 -0.084593 0.996269 0.017104 97.160286 -0.026268 -0.019390 0.999467 0.106188 0.000000 0.000000 0.000000 1.000000
0.996081 0.084029 0.027610 0.153570 -0.084513 0.996279 0.016889 97.161163 -0.026088 -0.019156 0.999476 0.105362 0.000000 0.000000 0.000000 1.000000
0.996089 0.083979 0.027450 0.159745 -0.084456 0.996287 0.016728 97.162064 -0.025943 -0.018981 0.999483 0.104697 0.000000 0.000000 0.000000 1.000000
0.996094 0.083954 0.027350 0.164828 -0.084427 0.996291 0.016621 97.163216 -0.025853 -0.018865 0.999488 0.104123 0.000000 0.000000 0.000000 1.000000
0.996096 0.083951 0.027300 0.168951 -0.084421 0.996293 0.016520 97.164330 -0.025812 -0.018760 0.999491 0.103842 0.000000 0.000000 0.000000 1.000000
0.996096 0.083960 0.027259 0.172283 -0.084425 0.996295 0.016390 97.164879 -0.025782 -0.018628 0.999494 0.104346 0.000000 0.000000 0.000000 1.000000
0.996098 0.083961 0.027190 0.174865 -0.084421 0.996298 0.016238 97.165009 -0.025726 -0.018470 0.999498 0.106029 0.000000 0.000000 0.000000 1.000000
0.996103 0.083934 0.027101 0.177037 -0.084388 0.996303 0.016079 97.165527 -0.025651 -0.018303 0.999503 0.108893 0.000000 0.000000 0.000000 1.000000
0.996109 0.083880 0.027047 0.179227 -0.084330 0.996311 0.015918 97.166901 -0.025612 -0.018137 0.999507 0.112774 0.000000 0.000000 0.000000 1.000000
