<?xml version="1.0" encoding="utf-8"?>
<COLLADA xmlns="http://www.collada.org/2005/11/COLLADASchema" version="1.4.1">
  <asset>
    <contributor>
      <author>Mixamo</author>
      <authoring_tool>COLLADA Mixamo exporter</authoring_tool>
      <comments/>
    </contributor>
    <created>2024-07-03T21:50:28Z</created>
    <modified>2024-07-03T21:50:28Z</modified>
    <revision/>
    <title/>
    <unit meter="0.010000"/>
    <up_axis>Y_UP</up_axis>
  </asset>
  <library_animations>
    <animation>
      <source id="mixamorig_Hips-Matrix-animation-input">
        <float_array id="mixamorig_Hips-Matrix-animation-input-array" count="136">

0.000000 0.033333 0.066667 0.100000 0.133333 0.166667 0.200000 0.233333 0.266667 0.300000 0.333333 0.366667 0.400000 0.433333 0.466667 0.500000
0.533333 0.566667 0.600000 0.633333 0.666667 0.700000 0.733333 0.766667 0.800000 0.833333 0.866667 0.900000 0.933333 0.966667 1.000000 1.033333
1.066667 1.100000 1.133333 1.166667 1.200000 1.233333 1.266667 1.300000 1.333333 1.366667 1.400000 1.433333 1.466667 1.500000 1.533333 1.566667
1.600000 1.633333 1.666667 1.700000 1.733333 1.766667 1.800000 1.833333 1.866667 1.900000 1.933333 1.966667 2.000000 2.033333 2.066667 2.100000
2.133333 2.166667 2.200000 2.233333 2.266667 2.300000 2.333333 2.366667 2.400000 2.433333 2.466667 2.500000 2.533333 2.566667 2.600000 2.633333
2.666667 2.700000 2.733333 2.766667 2.800000 2.833333 2.866667 2.900000 2.933333 2.966667 3.000000 3.033333 3.066667 3.100000 3.133333 3.166667
3.200000 3.233333 3.266667 3.300000 3.333333 3.366667 3.400000 3.433333 3.466667 3.500000 3.533333 3.566667 3.600000 3.633333 3.666667 3.700000
3.733333 3.766667 3.800000 3.833333 3.866667 3.900000 3.933333 3.966667 4.000000 4.033333 4.066667 4.100000 4.133333 4.166667 4.200000 4.233333
4.266667 4.300000 4.333333 4.366667 4.400000 4.433333 4.466667 4.500000</float_array>
        <technique_common>
          <accessor source="#mixamorig_Hips-Matrix-animation-input-array" count="136">
            <param name="TIME" type="float"/>
          </accessor>
        </technique_common>
      </source>
      <source id="mixamorig_Hips-Matrix-animation-output-transform">
        <float_array id="mixamorig_Hips-Matrix-animation-output-transform-array" count="2176">

0.592580 -0.024615 0.805135 -8.852440 -0.108310 0.988021 0.109922 90.002754 -0.798196 -0.152342 0.582816 -6.986160 0.000000 0.000000 0.000000 1.000000
0.595357 -0.027907 0.802977 -8.788333 -0.107479 0.987648 0.114014 89.913101 -0.796240 -0.154182 0.585004 -7.169708 0.000000 0.000000 0.000000 1.000000
0.597678 -0.030492 0.801156 -8.734757 -0.106235 0.987453 0.116836 89.951576 -0.794667 -0.154941 0.586940 -7.263092 0.000000 0.000000 0.000000 1.000000
0.599097 -0.032157 0.800030 -8.704844 -0.104778 0.987452 0.118153 90.107018 -0.793791 -0.154611 0.588210 -7.263988 0.000000 0.000000 0.000000 1.000000
0.600626 -0.033347 0.798834 -8.691727 -0.103826 0.987417 0.119283 90.360931 -0.792760 -0.154584 0.589606 -7.169225 0.000000 0.000000 0.000000 1.000000
0.601515 -0.034409 0.798120 -8.713442 -0.101994 0.987588 0.119447 90.677391 -0.792323 -0.153253 0.590540 -6.980146 0.000000 0.000000 0.000000 1.000000
0.602290 -0.035213 0.797500 -8.762794 -0.100072 0.987815 0.119193 91.000107 -0.791980 -0.151596 0.591427 -6.730796 0.000000 0.000000 0.000000 1.000000
0.602638 -0.035571 0.797222 -8.856757 -0.098603 0.988032 0.118621 91.311340 -0.791900 -0.150094 0.591918 -6.420864 0.000000 0.000000 0.000000 1.000000
0.602582 -0.035672 0.797259 -8.978768 -0.096872 0.988344 0.117439 91.548340 -0.792156 -0.147999 0.592103 -6.101079 0.000000 0.000000 0.000000 1.000000
0.602322 -0.035914 0.797445 -9.145433 -0.095144 0.988636 0.116389 91.707779 -0.792563 -0.145976 0.592060 -5.757673 0.000000 0.000000 0.000000 1.000000
0.602226 -0.035521 0.797535 -9.352750 -0.093991 0.988907 0.115017 91.744469 -0.792773 -0.144227 0.592207 -5.440583 0.000000 0.000000 0.000000 1.000000
0.601646 -0.034773 0.798006 -9.603411 -0.093730 0.989076 0.113766 91.645287 -0.793244 -0.143244 0.591815 -5.158503 0.000000 0.000000 0.000000 1.000000
0.600612 -0.033770 0.798827 -9.873640 -0.094934 0.989028 0.113188 91.409416 -0.793885 -0.143818 0.590816 -4.906175 0.000000 0.000000 0.000000 1.000000
0.599207 -0.033150 0.799907 -10.127550 -0.096418 0.988882 0.113209 91.077873 -0.794767 -0.144961 0.589349 -4.678038 0.000000 0.000000 0.000000 1.000000
0.597197 -0.033397 0.801399 -10.378867 -0.098920 0.988439 0.114907 90.687897 -0.795971 -0.147896 0.586989 -4.440967 0.000000 0.000000 0.000000 1.000000
0.595267 -0.033155 0.802843 -10.592954 -0.101579 0.988027 0.116118 90.304451 -0.797081 -0.150674 0.584773 -4.226258 0.000000 0.000000 0.000000 1.000000
0.592924 -0.032571 0.804599 -10.769260 -0.104283 0.987662 0.116830 89.943985 -0.798477 -0.153177 0.582212 -4.015832 0.000000 0.000000 0.000000 1.000000
0.591499 -0.031251 0.805700 -10.894401 -0.106885 0.987391 0.116767 89.684486 -0.799190 -0.155185 0.580700 -3.854319 0.000000 0.000000 0.000000 1.000000
0.590226 -0.030704 0.806654 -10.950630 -0.109732 0.986949 0.117857 89.547348 -0.799745 -0.158079 0.579154 -3.723468 0.000000 0.000000 0.000000 1.000000
0.589496 -0.030973 0.807177 -10.940921 -0.111073 0.986665 0.118978 89.558365 -0.800098 -0.159793 0.578195 -3.639030 0.000000 0.000000 0.000000 1.000000
0.588773 -0.031398 0.807688 -10.886842 -0.110256 0.986786 0.118733 89.710449 -0.800743 -0.158960 0.577531 -3.616067 0.000000 0.000000 0.000000 1.000000
0.588415 -0.031788 0.807934 -10.789049 -0.109132 0.986961 0.118312 89.967346 -0.801160 -0.157788 0.577274 -3.640211 0.000000 0.000000 0.000000 1.000000
0.588548 -0.032128 0.807824 -10.661366 -0.107998 0.987130 0.117942 90.270126 -0.801217 -0.156658 0.577503 -3.718034 0.000000 0.000000 0.000000 1.000000
0.588986 -0.032217 0.807501 -10.512166 -0.106618 0.987373 0.117160 90.596169 -0.801079 -0.155100 0.578114 -3.851759 0.000000 0.000000 0.000000 1.000000
0.590926 -0.031423 0.806113 -10.329935 -0.106801 0.987398 0.116781 90.868790 -0.799625 -0.155103 0.580124 -4.005194 0.000000 0.000000 0.000000 1.000000
0.590192 -0.030714 0.806678 -10.152563 -0.105251 0.987819 0.114616 91.081696 -0.800372 -0.152549 0.579770 -4.267913 0.000000 0.000000 0.000000 1.000000
0.591548 -0.029356 0.805735 -9.960024 -0.106284 0.987777 0.114019 91.198700 -0.799234 -0.153085 0.581198 -4.539165 0.000000 0.000000 0.000000 1.000000
0.591573 -0.027936 0.805768 -9.789127 -0.105604 0.988105 0.111788 91.190285 -0.799306 -0.151223 0.581586 -4.908094 0.000000 0.000000 0.000000 1.000000
0.591884 -0.026398 0.805591 -9.647841 -0.104220 0.988567 0.108966 91.052963 -0.799257 -0.148454 0.582365 -5.337898 0.000000 0.000000 0.000000 1.000000
0.593949 -0.025021 0.804113 -9.516307 -0.103694 0.988798 0.107360 90.813980 -0.797792 -0.147148 0.584701 -5.774012 0.000000 0.000000 0.000000 1.000000
0.595950 -0.024668 0.802642 -9.386831 -0.103068 0.988911 0.106919 90.492310 -0.796380 -0.146445 0.586799 -6.237504 0.000000 0.000000 0.000000 1.000000
0.598965 -0.025266 0.800377 -9.258795 -0.103671 0.988644 0.108791 90.173332 -0.794036 -0.148138 0.589543 -6.633933 0.000000 0.000000 0.000000 1.000000
0.601480 -0.026842 0.798437 -9.134789 -0.103259 0.988440 0.111016 89.866585 -0.792187 -0.149219 0.591755 -7.017589 0.000000 0.000000 0.000000 1.000000
0.604290 -0.028869 0.796241 -9.014149 -0.102453 0.988232 0.113585 89.660187 -0.790150 -0.150216 0.594221 -7.304824 0.000000 0.000000 0.000000 1.000000
0.607020 -0.031103 0.794078 -8.898711 -0.100980 0.988115 0.115896 89.576820 -0.788245 -0.150538 0.596665 -7.499457 0.000000 0.000000 0.000000 1.000000
0.609802 -0.033001 0.791866 -8.793862 -0.099126 0.988111 0.117515 89.626793 -0.786330 -0.150155 0.599281 -7.582516 0.000000 0.000000 0.000000 1.000000
0.611614 -0.033635 0.790441 -8.716620 -0.097138 0.988344 0.117218 89.800087 -0.785170 -0.148474 0.601218 -7.568008 0.000000 0.000000 0.000000 1.000000
0.612893 -0.033605 0.789451 -8.672992 -0.097543 0.988236 0.117794 90.070023 -0.784122 -0.149200 0.602405 -7.461462 0.000000 0.000000 0.000000 1.000000
0.613404 -0.031952 0.789123 -8.679489 -0.098747 0.988237 0.116772 90.379288 -0.783572 -0.149552 0.603034 -7.271009 0.000000 0.000000 0.000000 1.000000
0.611626 -0.030338 0.790565 -8.721616 -0.099951 0.988295 0.115254 90.715660 -0.784808 -0.149510 0.601434 -7.013637 0.000000 0.000000 0.000000 1.000000
0.608644 -0.028685 0.792925 -8.807880 -0.101018 0.988412 0.113298 91.012901 -0.786987 -0.149058 0.598693 -6.715756 0.000000 0.000000 0.000000 1.000000
0.603916 -0.027122 0.796586 -8.938693 -0.102693 0.988443 0.111508 91.269547 -0.790405 -0.149145 0.594152 -6.363842 0.000000 0.000000 0.000000 1.000000
0.598547 -0.026050 0.800664 -9.095270 -0.104556 0.988381 0.110320 91.439255 -0.794235 -0.149746 0.588869 -6.015732 0.000000 0.000000 0.000000 1.000000
0.592766 -0.024999 0.804986 -9.285654 -0.106179 0.988368 0.108880 91.513153 -0.798345 -0.150013 0.583217 -5.668297 0.000000 0.000000 0.000000 1.000000
0.587285 -0.024173 0.809019 -9.491180 -0.107772 0.988318 0.107764 91.471405 -0.802173 -0.150478 0.577819 -5.363340 0.000000 0.000000 0.000000 1.000000
0.581968 -0.023270 0.812878 -9.703381 -0.110334 0.988088 0.107278 91.291519 -0.805692 -0.152120 0.572469 -5.085768 0.000000 0.000000 0.000000 1.000000
0.576986 -0.022718 0.816438 -9.908194 -0.112556 0.987864 0.107033 91.013145 -0.808961 -0.153652 0.567426 -4.817262 0.000000 0.000000 0.000000 1.000000
0.572608 -0.023012 0.819507 -10.096456 -0.115589 0.987355 0.108490 90.682213 -0.811640 -0.156849 0.562707 -4.569732 0.000000 0.000000 0.000000 1.000000
0.566499 -0.024406 0.823701 -10.286841 -0.117854 0.986887 0.110295 90.292366 -0.815591 -0.159558 0.556194 -4.356379 0.000000 0.000000 0.000000 1.000000
0.560686 -0.025527 0.827635 -10.451692 -0.120021 0.986464 0.111735 89.919006 -0.819284 -0.161982 0.550033 -4.185551 0.000000 0.000000 0.000000 1.000000
0.555326 -0.026950 0.831196 -10.582266 -0.123053 0.985810 0.114176 89.582527 -0.822478 -0.165686 0.544130 -4.019906 0.000000 0.000000 0.000000 1.000000
0.549239 -0.027439 0.835215 -10.660350 -0.126111 0.985293 0.115300 89.367203 -0.826095 -0.168658 0.537701 -3.855673 0.000000 0.000000 0.000000 1.000000
0.544563 -0.028483 0.838236 -10.676185 -0.128655 0.984758 0.117043 89.292389 -0.828794 -0.171580 0.532598 -3.724028 0.000000 0.000000 0.000000 1.000000
0.540096 -0.029249 0.841095 -10.619166 -0.131093 0.984274 0.118407 89.374374 -0.831331 -0.174213 0.527767 -3.631633 0.000000 0.000000 0.000000 1.000000
0.536078 -0.029154 0.843665 -10.515659 -0.132138 0.984186 0.117973 89.587250 -0.833762 -0.174722 0.523748 -3.577770 0.000000 0.000000 0.000000 1.000000
0.533490 -0.029432 0.845294 -10.357329 -0.132200 0.984210 0.117704 89.906052 -0.835411 -0.174542 0.521175 -3.569454 0.000000 0.000000 0.000000 1.000000
0.532230 -0.029431 0.846088 -10.176966 -0.130986 0.984499 0.116641 90.248131 -0.836405 -0.172906 0.520125 -3.618931 0.000000 0.000000 0.000000 1.000000
0.531636 -0.028771 0.846484 -9.965302 -0.129241 0.984963 0.114648 90.586769 -0.837054 -0.170351 0.519924 -3.736477 0.000000 0.000000 0.000000 1.000000
0.531475 -0.027704 0.846621 -9.753356 -0.127337 0.985495 0.112185 90.876793 -0.837448 -0.167430 0.520238 -3.896563 0.000000 0.000000 0.000000 1.000000
0.531953 -0.026946 0.846345 -9.524886 -0.125815 0.985884 0.110467 91.100677 -0.837375 -0.165246 0.521054 -4.110641 0.000000 0.000000 0.000000 1.000000
0.533246 -0.026017 0.845560 -9.309006 -0.124394 0.986250 0.108794 91.223213 -0.836765 -0.163197 0.522678 -4.378471 0.000000 0.000000 0.000000 1.000000
0.534871 -0.024525 0.844577 -9.118722 -0.123079 0.986655 0.106597 91.236916 -0.835921 -0.160966 0.524715 -4.687075 0.000000 0.000000 0.000000 1.000000
0.536806 -0.023095 0.843390 -8.950205 -0.122359 0.986926 0.104905 91.123917 -0.834786 -0.159510 0.526962 -5.033832 0.000000 0.000000 0.000000 1.000000
0.539858 -0.022556 0.841454 -8.808865 -0.121873 0.987013 0.104649 90.909264 -0.832887 -0.159046 0.530098 -5.395795 0.000000 0.000000 0.000000 1.000000
0.544981 -0.023584 0.838117 -8.667656 -0.121659 0.986801 0.106876 90.624794 -0.829575 -0.160210 0.534919 -5.761394 0.000000 0.000000 0.000000 1.000000
0.550986 -0.025488 0.834125 -8.550230 -0.122198 0.986295 0.110856 90.330032 -0.825519 -0.163009 0.540321 -6.097279 0.000000 0.000000 0.000000 1.000000
0.555992 -0.028100 0.830713 -8.440277 -0.121443 0.985957 0.114632 90.032127 -0.822268 -0.164619 0.544772 -6.415450 0.000000 0.000000 0.000000 1.000000
0.560686 -0.030727 0.827458 -8.340013 -0.119950 0.985756 0.117883 89.810875 -0.819295 -0.165349 0.549014 -6.643699 0.000000 0.000000 0.000000 1.000000
0.564069 -0.033210 0.825060 -8.259645 -0.117318 0.985831 0.119888 89.677841 -0.817351 -0.164419 0.552180 -6.800749 0.000000 0.000000 0.000000 1.000000
0.566949 -0.034820 0.823017 -8.189497 -0.114768 0.986023 0.120776 89.661751 -0.815719 -0.162930 0.555029 -6.856463 0.000000 0.000000 0.000000 1.000000
0.568945 -0.035077 0.821627 -8.151581 -0.113127 0.986253 0.120442 89.762100 -0.814557 -0.161473 0.557156 -6.809756 0.000000 0.000000 0.000000 1.000000
0.571401 -0.034567 0.819943 -8.131015 -0.113106 0.986261 0.120400 89.966072 -0.812839 -0.161538 0.559641 -6.652515 0.000000 0.000000 0.000000 1.000000
0.572307 -0.033357 0.819361 -8.154082 -0.112689 0.986494 0.118872 90.228523 -0.812260 -0.160365 0.560819 -6.455447 0.000000 0.000000 0.000000 1.000000
0.571295 -0.031521 0.820139 -8.225953 -0.112068 0.986907 0.115995 90.534401 -0.813058 -0.158179 0.560283 -6.194264 0.000000 0.000000 0.000000 1.000000
0.568752 -0.029633 0.821975 -8.326096 -0.111599 0.987329 0.112813 90.825470 -0.814903 -0.155894 0.558239 -5.915548 0.000000 0.000000 0.000000 1.000000
0.565701 -0.027922 0.824138 -8.464489 -0.111732 0.987614 0.110155 91.094261 -0.817006 -0.154398 0.555574 -5.597734 0.000000 0.000000 0.000000 1.000000
0.563323 -0.026313 0.825817 -8.636880 -0.111962 0.987843 0.107850 91.293800 -0.818615 -0.153215 0.553529 -5.273531 0.000000 0.000000 0.000000 1.000000
0.562084 -0.025220 0.826696 -8.832397 -0.111795 0.988045 0.106154 91.419121 -0.819490 -0.152088 0.552545 -4.947210 0.000000 0.000000 0.000000 1.000000
0.562410 -0.024061 0.826508 -9.039624 -0.111687 0.988205 0.104767 91.447693 -0.819281 -0.151233 0.553089 -4.639478 0.000000 0.000000 0.000000 1.000000
0.563503 -0.022878 0.825797 -9.261022 -0.111832 0.988302 0.103691 91.365608 -0.818510 -0.150781 0.554352 -4.371477 0.000000 0.000000 0.000000 1.000000
0.565358 -0.022151 0.824548 -9.480322 -0.112576 0.988213 0.103736 91.175957 -0.817127 -0.151473 0.556201 -4.130289 0.000000 0.000000 0.000000 1.000000
0.567335 -0.022215 0.823187 -9.682010 -0.112507 0.988172 0.104207 90.919334 -0.815765 -0.151735 0.558125 -3.924556 0.000000 0.000000 0.000000 1.000000
0.569730 -0.023583 0.821493 -9.880672 -0.112650 0.987912 0.106487 90.616409 -0.814075 -0.153210 0.560187 -3.712466 0.000000 0.000000 0.000000 1.000000
0.571001 -0.025328 0.820559 -10.060476 -0.111765 0.987819 0.108265 90.316208 -0.813306 -0.153530 0.561215 -3.551114 0.000000 0.000000 0.000000 1.000000
0.570952 -0.027453 0.820524 -10.230970 -0.111306 0.987624 0.110495 90.031273 -0.813403 -0.154417 0.560831 -3.407109 0.000000 0.000000 0.000000 1.000000
0.570741 -0.028268 0.820643 -10.368069 -0.111561 0.987471 0.111604 89.826836 -0.813516 -0.155248 0.560437 -3.271883 0.000000 0.000000 0.000000 1.000000
0.569432 -0.028676 0.821538 -10.433316 -0.114335 0.986915 0.113698 89.723396 -0.814048 -0.158674 0.558702 -3.150028 0.000000 0.000000 0.000000 1.000000
0.568057 -0.028984 0.822479 -10.450427 -0.115976 0.986588 0.114867 89.750290 -0.814777 -0.160639 0.557076 -3.056497 0.000000 0.000000 0.000000 1.000000
0.566909 -0.028969 0.823271 -10.429113 -0.115811 0.986654 0.114466 89.895241 -0.815599 -0.160236 0.555988 -3.000536 0.000000 0.000000 0.000000 1.000000
0.566329 -0.028813 0.823676 -10.359821 -0.115727 0.986708 0.114085 90.134766 -0.816014 -0.159931 0.555467 -2.968934 0.000000 0.000000 0.000000 1.000000
0.565946 -0.027931 0.823969 -10.263919 -0.116283 0.986731 0.113317 90.415405 -0.816201 -0.159945 0.555188 -2.975025 0.000000 0.000000 0.000000 1.000000
0.564720 -0.026316 0.824863 -10.137926 -0.116209 0.986997 0.111048 90.718674 -0.817060 -0.158568 0.554319 -3.047983 0.000000 0.000000 0.000000 1.000000
0.563850 -0.023942 0.825530 -9.998746 -0.115950 0.987384 0.107832 90.984070 -0.817697 -0.156521 0.553960 -3.174825 0.000000 0.000000 0.000000 1.000000
0.563240 -0.021797 0.826006 -9.843723 -0.115635 0.987736 0.104914 91.209167 -0.818162 -0.154607 0.553812 -3.356298 0.000000 0.000000 0.000000 1.000000
0.562734 -0.019788 0.826401 -9.687233 -0.115341 0.988055 0.102199 91.357445 -0.818552 -0.152829 0.553729 -3.602090 0.000000 0.000000 0.000000 1.000000
0.562763 -0.017625 0.826431 -9.543684 -0.115361 0.988314 0.099634 91.410744 -0.818529 -0.151408 0.554153 -3.910685 0.000000 0.000000 0.000000 1.000000
0.563383 -0.016237 0.826036 -9.406638 -0.115565 0.988429 0.098249 91.353050 -0.818074 -0.150813 0.554987 -4.291954 0.000000 0.000000 0.000000 1.000000
0.564564 -0.015528 0.825243 -9.293060 -0.115727 0.988457 0.097771 91.187347 -0.817236 -0.150701 0.556251 -4.707059 0.000000 0.000000 0.000000 1.000000
0.565978 -0.015818 0.824269 -9.185920 -0.114786 0.988566 0.097787 90.916878 -0.816391 -0.149960 0.557690 -5.184206 0.000000 0.000000 0.000000 1.000000
0.567857 -0.016954 0.822953 -9.088253 -0.114471 0.988446 0.099351 90.613266 -0.815129 -0.150622 0.559355 -5.634486 0.000000 0.000000 0.000000 1.000000
0.570278 -0.018652 0.821240 -8.983211 -0.115406 0.988007 0.102580 90.282928 -0.813305 -0.153275 0.561286 -6.063738 0.000000 0.000000 0.000000 1.000000
0.572207 -0.021238 0.819834 -8.884309 -0.115382 0.987637 0.106117 89.995148 -0.811952 -0.155315 0.562682 -6.427638 0.000000 0.000000 0.000000 1.000000
0.573814 -0.024603 0.818616 -8.793763 -0.114945 0.987236 0.110242 89.786026 -0.810879 -0.157354 0.563661 -6.723273 0.000000 0.000000 0.000000 1.000000
0.575120 -0.027373 0.817611 -8.704817 -0.114264 0.986955 0.113418 89.697273 -0.810050 -0.158652 0.564490 -6.917581 0.000000 0.000000 0.000000 1.000000
0.574935 -0.028915 0.817688 -8.644548 -0.112999 0.986993 0.114354 89.749130 -0.810359 -0.158144 0.564189 -7.002800 0.000000 0.000000 0.000000 1.000000
0.574344 -0.029466 0.818084 -8.606759 -0.112057 0.987115 0.114226 89.938286 -0.810908 -0.157277 0.563642 -6.992479 0.000000 0.000000 0.000000 1.000000
0.573428 -0.029004 0.818742 -8.610082 -0.111781 0.987257 0.113262 90.213890 -0.811594 -0.156468 0.562879 -6.899233 0.000000 0.000000 0.000000 1.000000
0.571829 -0.027294 0.819918 -8.675967 -0.111525 0.987582 0.110655 90.548347 -0.812757 -0.154718 0.561684 -6.735705 0.000000 0.000000 0.000000 1.000000
0.569555 -0.024386 0.821591 -8.789972 -0.110341 0.988244 0.105824 90.873352 -0.814513 -0.150928 0.560169 -6.534713 0.000000 0.000000 0.000000 1.000000
0.566435 -0.020907 0.823841 -8.951323 -0.109347 0.988932 0.100279 91.175598 -0.816820 -0.146886 0.557879 -6.278689 0.000000 0.000000 0.000000 1.000000
0.563045 -0.017485 0.826241 -9.156693 -0.108306 0.989592 0.094748 91.397766 -0.819299 -0.142834 0.555291 -6.007329 0.000000 0.000000 0.000000 1.000000
0.559480 -0.014503 0.828717 -9.393903 -0.107600 0.990115 0.089970 91.515327 -0.821830 -0.139506 0.552389 -5.733813 0.000000 0.000000 0.000000 1.000000
0.556262 -0.011616 0.830926 -9.673566 -0.107180 0.990548 0.085599 91.497475 -0.824066 -0.136674 0.549759 -5.487000 0.000000 0.000000 0.000000 1.000000
0.553793 -0.009383 0.832602 -9.959157 -0.107291 0.990796 0.082529 91.338593 -0.825713 -0.135035 0.547689 -5.288038 0.000000 0.000000 0.000000 1.000000
0.552539 -0.008048 0.833448 -10.249678 -0.107154 0.990970 0.080607 91.060760 -0.826570 -0.133845 0.546687 -5.122969 0.000000 0.000000 0.000000 1.000000
0.552913 -0.007849 0.833202 -10.512289 -0.107021 0.991004 0.080355 90.730087 -0.826337 -0.133600 0.547099 -4.976801 0.000000 0.000000 0.000000 1.000000
0.554621 -0.008894 0.832056 -10.745390 -0.107370 0.990819 0.082161 90.369354 -0.825147 -0.134906 0.548574 -4.833302 0.000000 0.000000 0.000000 1.000000
0.557328 -0.009365 0.830240 -10.936193 -0.109052 0.990448 0.084377 90.045570 -0.823100 -0.137565 0.550983 -4.695104 0.000000 0.000000 0.000000 1.000000
0.560478 -0.010050 0.828108 -11.077007 -0.111678 0.989876 0.087598 89.782326 -0.820605 -0.141579 0.553681 -4.564695 0.000000 0.000000 0.000000 1.000000
0.563832 -0.010786 0.825819 -11.147179 -0.114270 0.989279 0.090940 89.631844 -0.817946 -0.145641 0.556555 -4.451358 0.000000 0.000000 0.000000 1.000000
0.566998 -0.011383 0.823640 -11.139737 -0.115713 0.988889 0.093324 89.640083 -0.815551 -0.148220 0.559381 -4.352759 0.000000 0.000000 0.000000 1.000000
0.569679 -0.011681 0.821784 -11.053866 -0.116590 0.988638 0.094876 89.801926 -0.813555 -0.149861 0.561845 -4.279547 0.000000 0.000000 0.000000 1.000000
0.571280 -0.011541 0.820674 -10.918731 -0.117105 0.988525 0.095420 90.069489 -0.812358 -0.150617 0.563373 -4.230904 0.000000 0.000000 0.000000 1.000000
0.571629 -0.011452 0.820432 -10.741291 -0.117359 0.988481 0.095567 90.411850 -0.812076 -0.150914 0.563700 -4.215947 0.000000 0.000000 0.000000 1.000000
0.572018 -0.011176 0.820165 -10.546593 -0.117022 0.988567 0.095087 90.743309 -0.811850 -0.150369 0.564170 -4.246548 0.000000 0.000000 0.000000 1.000000
0.573424 -0.010497 0.819191 -10.328015 -0.115789 0.988842 0.093722 91.057526 -0.811035 -0.148596 0.565811 -4.331669 0.000000 0.000000 0.000000 1.000000
0.575859 -0.009501 0.817494 -10.105458 -0.114513 0.989138 0.092161 91.302032 -0.809489 -0.146686 0.568516 -4.458121 0.000000 0.000000 0.000000 1.000000
0.579238 -0.008508 0.815114 -9.866430 -0.114131 0.989250 0.091430 91.464554 -0.807129 -0.145990 0.572040 -4.625681 0.000000 0.000000 0.000000 1.000000
0.580765 -0.008137 0.814031 -9.649896 -0.111612 0.989711 0.089523 91.516205 -0.806384 -0.142848 0.573881 -4.907789 0.000000 0.000000 0.000000 1.000000
0.583405 -0.008272 0.812140 -9.459270 -0.109703 0.989982 0.088890 91.427849 -0.804739 -0.140953 0.576652 -5.217136 0.000000 0.000000 0.000000 1.000000
0.587003 -0.009799 0.809525 -9.289173 -0.108157 0.990014 0.090411 91.195839 -0.802327 -0.140628 0.580082 -5.589441 0.000000 0.000000 0.000000 1.000000
0.590321 -0.011955 0.807080 -9.160643 -0.107576 0.989805 0.093346 90.884041 -0.799968 -0.141926 0.583017 -5.960574 0.000000 0.000000 0.000000 1.000000
0.592598 -0.014875 0.805361 -9.050508 -0.107872 0.989358 0.097647 90.526337 -0.798243 -0.144741 0.584686 -6.333884 0.000000 0.000000 0.000000 1.000000
0.593454 -0.018001 0.804666 -8.972846 -0.108973 0.988747 0.102489 90.225441 -0.797457 -0.148509 0.584814 -6.640648 0.000000 0.000000 0.000000 1.000000
0.593339 -0.021479 0.804666 -8.908656 -0.109255 0.988244 0.106941 90.032272 -0.797504 -0.151366 0.584017 -6.872460 0.000000 0.000000 0.000000 1.000000
0.592579 -0.024617 0.805136 -8.852900 -0.108307 0.988022 0.109922 90.002365 -0.798198 -0.152340 0.582815 -6.986220 0.000000 0.000000 0.000000 1.000000</float_array>
        <technique_common>
          <accessor source="#mixamorig_Hips-Matrix-animation-output-transform-array" count="136" stride="16">
            <param type="float4x4"/>
          </accessor>
        </technique_common>
      </source>
      <source id="mixamorig_Hips-Interpolations">
        <Name_array id="mixamorig_Hips-Interpolations-array" count="136">
 LINEAR LINEAR LINEAR LINEAR LINEAR LINEAR LINEAR LINEAR LINEAR LINEAR LINEAR
LINEAR LINEAR LINEAR LINEAR LINEAR LINEAR LINEAR LINEAR LINEAR LINEAR LINEAR LINEAR
LINEAR LINEAR LINEAR LINEAR LINEAR LINEAR LINEAR LINEAR LINEAR LINEAR LINEAR LINEAR
LINEAR LINEAR LINEAR LINEAR LINEAR LINEAR LINEAR LINEAR LINEAR LINEAR LINEAR LINEAR
LINEAR LINEAR LINEAR LINEAR LINEAR LINEAR LINEAR LINEAR LINEAR LINEAR LINEAR LINEAR
LINEAR LINEAR LINEAR LINEAR LINEAR LINEAR LINEAR LINEAR LINEAR LINEAR LINEAR LINEAR
LINEAR LINEAR LINEAR LINEAR LINEAR LINEAR LINEAR LINEAR LINEAR LINEAR LINEAR LINEAR
LINEAR LINEAR LINEAR LINEAR LINEAR LINEAR LINEAR LINEAR LINEAR LINEAR LINEAR LINEAR
LINEAR LINEAR LINEAR LINEAR LINEAR LINEAR LINEAR LINEAR LINEAR LINEAR LINEAR LINEAR
LINEAR LINEAR LINEAR LINEAR LINEAR LINEAR LINEAR LINEAR LINEAR LINEAR LINEAR LINEAR
LINEAR LINEAR LINEAR LINEAR LINEAR LINEAR LINEAR LINEAR LINEAR LINEAR LINEAR LINEAR
LINEAR LINEAR LINEAR LINEAR LINEAR</Name_array>
        <technique_common>
          <accessor source="#mixamorig_Hips-Interpolations-array" count="136">
            <param type="name"/>
          </accessor>
        </technique_common>
      </source>
      <sampler id="mixamorig_Hips-Matrix-animation-transform">
        <input semantic="INPUT" source="#mixamorig_Hips-Matrix-animation-input"/>
        <input semantic="OUTPUT" source="#mixamorig_Hips-Matrix-animation-output-transform"/>
        <input semantic="INTERPOLATION" source="#mixamorig_Hips-Interpolations"/>
      </sampler>
      <channel source="#mixamorig_Hips-Matrix-animation-transform" target="mixamorig_Hips/matrix"/>
      <source id="mixamorig_Spine-Matrix-animation-input">
        <float_array id="mixamorig_Spine-Matrix-animation-input-array" count="136">

0.000000 0.033333 0.066667 0.100000 0.133333 0.166667 0.200000 0.233333 0.266667 0.300000 0.333333 0.366667 0.400000 0.433333 0.466667 0.500000
0.533333 0.566667 0.600000 0.633333 0.666667 0.700000 0.733333 0.766667 0.800000 0.833333 0.866667 0.900000 0.933333 0.966667 1.000000 1.033333
1.066667 1.100000 1.133333 1.166667 1.200000 1.233333 1.266667 1.300000 1.333333 1.366667 1.400000 1.433333 1.466667 1.500000 1.533333 1.566667
1.600000 1.633333 1.666667 1.700000 1.733333 1.766667 1.800000 1.833333 1.866667 1.900000 1.933333 1.966667 2.000000 2.033333 2.066667 2.100000
2.133333 2.166667 2.200000 2.233333 2.266667 2.300000 2.333333 2.366667 2.400000 2.433333 2.466667 2.500000 2.533333 2.566667 2.600000 2.633333
2.666667 2.700000 2.733333 2.766667 2.800000 2.833333 2.866667 2.900000 2.933333 2.966667 3.000000 3.033333 3.066667 3.100000 3.133333 3.166667
3.200000 3.233333 3.266667 3.300000 3.333333 3.366667 3.400000 3.433333 3.466667 3.500000 3.533333 3.566667 3.600000 3.633333 3.666667 3.700000
3.733333 3.766667 3.800000 3.833333 3.866667 3.900000 3.933333 3.966667 4.000000 4.033333 4.066667 4.100000 4.133333 4.166667 4.200000 4.233333
4.266667 4.300000 4.333333 4.366667 4.400000 4.433333 4.466667 4.500000</float_array>
        <technique_common>
          <accessor source="#mixamorig_Spine-Matrix-animation-input-array" count="136">
            <param name="TIME" type="float"/>
          </accessor>
        </technique_common>
      </source>
      <source id="mixamorig_Spine-Matrix-animation-output-transform">
        <float_array id="mixamorig_Spine-Matrix-animation-output-transform-array" count="2176">

0.998773 -0.045987 -0.018369 -0.000000 0.044776 0.997094 -0.061634 9.245800 0.021150 0.060736 0.997930 -0.512400 0.000000 0.000000 0.000000 1.000000
0.998889 -0.045078 -0.013709 0.000000 0.044113 0.996971 -0.064046 9.245800 0.016554 0.063370 0.997853 -0.512400 0.000000 0.000000 0.000000 1.000000
0.998950 -0.044523 -0.010844 0.000000 0.043739 0.996983 -0.064129 9.245800 0.013667 0.063587 0.997883 -0.512400 0.000000 0.000000 0.000000 1.000000
0.998965 -0.044359 -0.010096 -0.000000 0.043650 0.997116 -0.062077 9.245800 0.012820 0.061572 0.998020 -0.512400 0.000000 0.000000 0.000000 1.000000
0.998935 -0.044836 -0.010904 0.000000 0.044116 0.997274 -0.059141 9.245800 0.013526 0.058597 0.998190 -0.512400 0.000000 0.000000 0.000000 1.000000
0.998901 -0.044815 -0.013696 0.000000 0.043999 0.997518 -0.054966 9.245800 0.016125 0.054303 0.998394 -0.512400 0.000000 0.000000 0.000000 1.000000
0.998843 -0.044862 -0.017326 0.000000 0.043933 0.997748 -0.050693 9.245800 0.019561 0.049873 0.998564 -0.512400 0.000000 0.000000 0.000000 1.000000
0.998732 -0.045409 -0.021711 0.000000 0.044354 0.997916 -0.046868 9.245800 0.023794 0.045845 0.998665 -0.512400 0.000000 0.000000 0.000000 1.000000
0.998579 -0.045991 -0.026903 -0.000000 0.044798 0.998054 -0.043385 9.245800 0.028846 0.042119 0.998696 -0.512400 0.000000 0.000000 0.000000 1.000000
0.998374 -0.046767 -0.032585 0.000000 0.045411 0.998119 -0.041175 9.245800 0.034450 0.039629 0.998620 -0.512400 0.000000 0.000000 0.000000 1.000000
0.998174 -0.048009 -0.036666 0.000000 0.046514 0.998093 -0.040572 9.245800 0.038544 0.038793 0.998504 -0.512400 0.000000 0.000000 0.000000 1.000000
0.997903 -0.050369 -0.040640 -0.000000 0.048644 0.997917 -0.042371 9.245800 0.042690 0.040305 0.998275 -0.512400 0.000000 0.000000 0.000000 1.000000
0.997559 -0.053816 -0.044497 0.000000 0.051754 0.997587 -0.046273 9.245800 0.046880 0.043857 0.997937 -0.512400 0.000000 0.000000 0.000000 1.000000
0.997254 -0.056535 -0.047844 0.000000 0.054113 0.997258 -0.050483 9.245800 0.050567 0.047756 0.997578 -0.512400 0.000000 0.000000 0.000000 1.000000
0.996897 -0.059313 -0.051746 0.000000 0.056397 0.996830 -0.056115 9.245800 0.054910 0.053022 0.997083 -0.512400 0.000000 0.000000 0.000000 1.000000
0.996573 -0.061569 -0.055233 0.000000 0.058227 0.996487 -0.060197 9.245800 0.058745 0.056775 0.996657 -0.512400 0.000000 0.000000 0.000000 1.000000
0.996306 -0.063145 -0.058201 0.000000 0.059492 0.996270 -0.062503 9.245800 0.061930 0.058810 0.996346 -0.512400 0.000000 0.000000 0.000000 1.000000
0.996142 -0.064870 -0.059101 0.000000 0.061102 0.996110 -0.063488 9.245800 0.062989 0.059632 0.996231 -0.512400 0.000000 0.000000 0.000000 1.000000
0.996002 -0.067009 -0.059080 -0.000000 0.063151 0.995891 -0.064910 9.245800 0.063187 0.060920 0.996141 -0.512400 0.000000 0.000000 0.000000 1.000000
0.996026 -0.067599 -0.057979 0.000000 0.063793 0.995833 -0.065167 9.245800 0.062143 0.061209 0.996189 -0.512400 0.000000 0.000000 0.000000 1.000000
0.996194 -0.066383 -0.056485 -0.000000 0.062797 0.996032 -0.063057 9.245800 0.060447 0.059269 0.996410 -0.512400 0.000000 0.000000 0.000000 1.000000
0.996400 -0.064665 -0.054820 -0.000000 0.061341 0.996295 -0.060277 9.245800 0.058514 0.056698 0.996675 -0.512400 0.000000 0.000000 0.000000 1.000000
0.996625 -0.062563 -0.053152 -0.000000 0.059498 0.996576 -0.057419 9.245800 0.056562 0.054063 0.996934 -0.512400 0.000000 0.000000 0.000000 1.000000
0.996901 -0.059708 -0.051209 0.000000 0.056925 0.996907 -0.054191 9.245800 0.054286 0.051108 0.997217 -0.512400 0.000000 0.000000 0.000000 1.000000
0.997174 -0.058183 -0.047525 -0.000000 0.055723 0.997115 -0.051544 9.245800 0.050387 0.048751 0.997539 -0.512400 0.000000 0.000000 0.000000 1.000000
0.997398 -0.055210 -0.046355 0.000000 0.052965 0.997426 -0.048335 9.245800 0.048904 0.045754 0.997755 -0.512400 0.000000 0.000000 0.000000 1.000000
0.997641 -0.054305 -0.041985 0.000000 0.052306 0.997509 -0.047326 9.245800 0.044451 0.045019 0.997997 -0.512400 0.000000 0.000000 0.000000 1.000000
0.997897 -0.052152 -0.038504 0.000000 0.050357 0.997663 -0.046192 9.245800 0.040823 0.044156 0.998190 -0.512400 0.000000 0.000000 0.000000 1.000000
0.998150 -0.049300 -0.035581 -0.000000 0.047642 0.997804 -0.046020 9.245800 0.037772 0.044239 0.998307 -0.512400 0.000000 0.000000 0.000000 1.000000
0.998437 -0.046871 -0.030426 0.000000 0.045384 0.997824 -0.047838 9.245800 0.032602 0.046383 0.998392 -0.512400 0.000000 0.000000 0.000000 1.000000
0.998682 -0.044281 -0.025941 -0.000000 0.042907 0.997759 -0.051332 9.245800 0.028156 0.050152 0.998345 -0.512400 0.000000 0.000000 0.000000 1.000000
0.998893 -0.042653 -0.019837 -0.000000 0.041476 0.997548 -0.056378 9.245800 0.022193 0.055493 0.998212 -0.512400 0.000000 0.000000 0.000000 1.000000
0.999044 -0.040535 -0.016379 -0.000000 0.039478 0.997397 -0.060346 9.245800 0.018782 0.059641 0.998043 -0.512400 0.000000 0.000000 0.000000 1.000000
0.999173 -0.038272 -0.013712 0.000000 0.037339 0.997327 -0.062810 9.245800 0.016079 0.062246 0.997931 -0.512400 0.000000 0.000000 0.000000 1.000000
0.999313 -0.035328 -0.011158 0.000000 0.034553 0.997397 -0.063291 9.245800 0.013365 0.062862 0.997933 -0.512400 0.000000 0.000000 0.000000 1.000000
0.999443 -0.032163 -0.008871 -0.000000 0.031563 0.997638 -0.061002 9.245800 0.010812 0.060688 0.998098 -0.512400 0.000000 0.000000 0.000000 1.000000
0.999527 -0.029673 -0.008074 0.000000 0.029182 0.998039 -0.055375 9.245800 0.009701 0.055113 0.998433 -0.512400 0.000000 0.000000 0.000000 1.000000
0.999540 -0.029187 -0.008290 0.000000 0.028729 0.998293 -0.050851 9.245800 0.009760 0.050589 0.998672 -0.512400 0.000000 0.000000 0.000000 1.000000
0.999523 -0.029349 -0.009601 0.000000 0.028889 0.998569 -0.045000 9.245800 0.010908 0.044701 0.998941 -0.512400 0.000000 0.000000 0.000000 1.000000
0.999496 -0.029263 -0.012296 0.000000 0.028766 0.998831 -0.038844 9.245800 0.013418 0.038471 0.999170 -0.512400 0.000000 0.000000 0.000000 1.000000
0.999460 -0.028766 -0.015859 0.000000 0.028232 0.999060 -0.032894 9.245800 0.016790 0.032429 0.999333 -0.512400 0.000000 0.000000 0.000000 1.000000
0.999409 -0.028637 -0.019008 -0.000000 0.028101 0.999216 -0.027886 9.245800 0.019792 0.027335 0.999430 -0.512400 0.000000 0.000000 0.000000 1.000000
0.999351 -0.028492 -0.022050 0.000000 0.027947 0.999305 -0.024663 9.245800 0.022737 0.024031 0.999453 -0.512400 0.000000 0.000000 0.000000 1.000000
0.999292 -0.028209 -0.024899 0.000000 0.027654 0.999367 -0.022373 9.245800 0.025515 0.021668 0.999440 -0.512400 0.000000 0.000000 0.000000 1.000000
0.999237 -0.028534 -0.026681 0.000000 0.027954 0.999370 -0.021874 9.245800 0.027288 0.021111 0.999405 -0.512400 0.000000 0.000000 0.000000 1.000000
0.999154 -0.030466 -0.027638 0.000000 0.029808 0.999269 -0.023949 9.245800 0.028347 0.023105 0.999331 -0.512400 0.000000 0.000000 0.000000 1.000000
0.999104 -0.032231 -0.027423 0.000000 0.031498 0.999146 -0.026731 9.245800 0.028261 0.025843 0.999266 -0.512400 0.000000 0.000000 0.000000 1.000000
0.999088 -0.034280 -0.025452 0.000000 0.033473 0.998945 -0.031452 9.245800 0.026504 0.030572 0.999181 -0.512400 0.000000 0.000000 0.000000 1.000000
0.999083 -0.035574 -0.023814 0.000000 0.034678 0.998712 -0.037039 9.245800 0.025101 0.036179 0.999030 -0.512400 0.000000 0.000000 0.000000 1.000000
0.999091 -0.036758 -0.021567 0.000000 0.035831 0.998479 -0.041908 9.245800 0.023074 0.041097 0.998889 -0.512400 0.000000 0.000000 0.000000 1.000000
0.999080 -0.038635 -0.018598 -0.000000 0.037724 0.998180 -0.047056 9.245800 0.020382 0.046311 0.998719 -0.512400 0.000000 0.000000 0.000000 1.000000
0.999043 -0.040376 -0.016823 0.000000 0.039512 0.998022 -0.048898 9.245800 0.018764 0.048186 0.998662 -0.512400 0.000000 0.000000 0.000000 1.000000
0.999007 -0.042013 -0.014859 0.000000 0.041221 0.997893 -0.050100 9.245800 0.016932 0.049438 0.998634 -0.512400 0.000000 0.000000 0.000000 1.000000
0.998941 -0.043872 -0.013888 0.000000 0.043131 0.997830 -0.049749 9.245800 0.016040 0.049097 0.998665 -0.512400 0.000000 0.000000 0.000000 1.000000
0.998899 -0.044663 -0.014344 -0.000000 0.043956 0.997960 -0.046308 9.245800 0.016383 0.045626 0.998824 -0.512400 0.000000 0.000000 0.000000 1.000000
0.998897 -0.044664 -0.014472 0.000000 0.044016 0.998131 -0.042381 9.245800 0.016338 0.041697 0.998997 -0.512400 0.000000 0.000000 0.000000 1.000000
0.998940 -0.043891 -0.013847 0.000000 0.043342 0.998347 -0.037745 9.245800 0.015481 0.037105 0.999191 -0.512400 0.000000 0.000000 0.000000 1.000000
0.998996 -0.042923 -0.012826 -0.000000 0.042487 0.998568 -0.032499 9.245800 0.014202 0.031921 0.999389 -0.512400 0.000000 0.000000 0.000000 1.000000
0.999051 -0.041802 -0.012207 0.000000 0.041453 0.998759 -0.027593 9.245800 0.013345 0.027061 0.999545 -0.512400 0.000000 0.000000 0.000000 1.000000
0.999090 -0.040976 -0.011829 0.000000 0.040681 0.998879 -0.024202 9.245800 0.012808 0.023699 0.999637 -0.512400 0.000000 0.000000 0.000000 1.000000
0.999113 -0.040404 -0.011879 0.000000 0.040135 0.998950 -0.022077 9.245800 0.012758 0.021580 0.999686 -0.512400 0.000000 0.000000 0.000000 1.000000
0.999129 -0.039787 -0.012540 0.000000 0.039519 0.998999 -0.020937 9.245800 0.013361 0.020423 0.999702 -0.512400 0.000000 0.000000 0.000000 1.000000
0.999121 -0.039601 -0.013719 0.000000 0.039297 0.998990 -0.021771 9.245800 0.014567 0.021212 0.999669 -0.512400 0.000000 0.000000 0.000000 1.000000
0.999126 -0.039387 -0.013967 0.000000 0.039027 0.998921 -0.025192 9.245800 0.014945 0.024624 0.999585 -0.512400 0.000000 0.000000 0.000000 1.000000
0.999173 -0.038874 -0.011892 0.000000 0.038482 0.998762 -0.031533 9.245800 0.013103 0.031049 0.999432 -0.512400 0.000000 0.000000 0.000000 1.000000
0.999208 -0.038838 -0.008718 0.000000 0.038464 0.998475 -0.039599 9.245800 0.010243 0.039232 0.999178 -0.512400 0.000000 0.000000 0.000000 1.000000
0.999265 -0.037719 -0.006802 0.000000 0.037360 0.998205 -0.046816 9.245800 0.008556 0.046528 0.998880 -0.512400 0.000000 0.000000 0.000000 1.000000
0.999341 -0.035985 -0.004768 0.000000 0.035690 0.998016 -0.051866 9.245800 0.006625 0.051662 0.998643 -0.512400 0.000000 0.000000 0.000000 1.000000
0.999443 -0.033144 -0.003817 0.000000 0.032889 0.997991 -0.054152 9.245800 0.005604 0.053997 0.998525 -0.512400 0.000000 0.000000 0.000000 1.000000
0.999539 -0.030337 -0.001380 0.000000 0.030218 0.998084 -0.053984 9.245800 0.003015 0.053917 0.998541 -0.512400 0.000000 0.000000 0.000000 1.000000
0.999590 -0.028641 0.000271 0.000000 0.028617 0.998260 -0.051548 9.245800 0.001206 0.051535 0.998670 -0.512400 0.000000 0.000000 0.000000 1.000000
0.999597 -0.028245 0.002936 0.000000 0.028355 0.998420 -0.048514 9.245800 -0.001561 0.048578 0.998818 -0.512400 0.000000 0.000000 0.000000 1.000000
0.999600 -0.027985 0.004011 -0.000000 0.028135 0.998628 -0.044157 9.245800 -0.002770 0.044253 0.999017 -0.512400 0.000000 0.000000 0.000000 1.000000
0.999606 -0.027897 0.002967 0.000000 0.027991 0.998856 -0.038777 9.245800 -0.001882 0.038845 0.999243 -0.512400 0.000000 0.000000 0.000000 1.000000
0.999604 -0.028142 0.000138 0.000000 0.028130 0.999038 -0.033630 9.245800 0.000809 0.033620 0.999434 -0.512400 0.000000 0.000000 0.000000 1.000000
0.999568 -0.029153 -0.003670 -0.000000 0.029032 0.999140 -0.029596 9.245800 0.004530 0.029477 0.999555 -0.512400 0.000000 0.000000 0.000000 1.000000
0.999522 -0.030067 -0.007216 -0.000000 0.029867 0.999207 -0.026335 9.245800 0.008002 0.026107 0.999627 -0.512400 0.000000 0.000000 0.000000 1.000000
0.999468 -0.030765 -0.010830 -0.000000 0.030498 0.999248 -0.023961 9.245800 0.011559 0.023618 0.999654 -0.512400 0.000000 0.000000 0.000000 1.000000
0.999404 -0.031896 -0.013207 0.000000 0.031594 0.999248 -0.022471 9.245800 0.013914 0.022040 0.999660 -0.512400 0.000000 0.000000 0.000000 1.000000
0.999316 -0.033791 -0.014997 -0.000000 0.033448 0.999186 -0.022544 9.245800 0.015747 0.022027 0.999633 -0.512400 0.000000 0.000000 0.000000 1.000000
0.999211 -0.036464 -0.015721 -0.000000 0.036069 0.999043 -0.024754 9.245800 0.016609 0.024167 0.999570 -0.512400 0.000000 0.000000 0.000000 1.000000
0.999149 -0.038172 -0.015613 0.000000 0.037732 0.998908 -0.027556 9.245800 0.016648 0.026944 0.999498 -0.512400 0.000000 0.000000 0.000000 1.000000
0.999112 -0.039433 -0.014869 -0.000000 0.038936 0.998719 -0.032331 9.245800 0.016125 0.031724 0.999367 -0.512400 0.000000 0.000000 0.000000 1.000000
0.999107 -0.039475 -0.015079 0.000000 0.038907 0.998585 -0.036244 9.245800 0.016489 0.035625 0.999229 -0.512400 0.000000 0.000000 0.000000 1.000000
0.999081 -0.039633 -0.016349 -0.000000 0.038946 0.998425 -0.040371 9.245800 0.017923 0.039697 0.999051 -0.512400 0.000000 0.000000 0.000000 1.000000
0.999040 -0.040253 -0.017281 -0.000000 0.039494 0.998326 -0.042256 9.245800 0.018953 0.041533 0.998957 -0.512400 0.000000 0.000000 0.000000 1.000000
0.998883 -0.043252 -0.019029 -0.000000 0.042379 0.998128 -0.044100 9.245800 0.020901 0.043245 0.998846 -0.512400 0.000000 0.000000 0.000000 1.000000
0.998756 -0.045436 -0.020527 0.000000 0.044501 0.998043 -0.043921 9.245800 0.022482 0.042953 0.998824 -0.512400 0.000000 0.000000 0.000000 1.000000
0.998754 -0.045024 -0.021546 0.000000 0.044123 0.998200 -0.040614 9.245800 0.023335 0.039612 0.998943 -0.512400 0.000000 0.000000 0.000000 1.000000
0.998750 -0.044868 -0.022042 -0.000000 0.044045 0.998362 -0.036528 9.245800 0.023645 0.035512 0.999090 -0.512400 0.000000 0.000000 0.000000 1.000000
