<?xml version="1.0" encoding="utf-8"?>
<COLLADA xmlns="http://www.collada.org/2005/11/COLLADASchema" version="1.4.1">
  <asset>
    <contributor>
      <author>Mixamo</author>
      <authoring_tool>COLLADA Mixamo exporter</authoring_tool>
      <comments/>
    </contributor>
    <created>2024-07-03T21:05:58Z</created>
    <modified>2024-07-03T21:05:58Z</modified>
    <revision/>
    <title/>
    <unit meter="0.010000"/>
    <up_axis>Y_UP</up_axis>
  </asset>
  <library_animations>
    <animation>
      <source id="mixamorig_Hips-Matrix-animation-input">
        <float_array id="mixamorig_Hips-Matrix-animation-input-array" count="136">

0.000000 0.033333 0.066667 0.100000 0.133333 0.166667 0.200000 0.233333 0.266667 0.300000 0.333333 0.366667 0.400000 0.433333 0.466667 0.500000
0.533333 0.566667 0.600000 0.633333 0.666667 0.700000 0.733333 0.766667 0.800000 0.833333 0.866667 0.900000 0.933333 0.966667 1.000000 1.033333
1.066667 1.100000 1.133333 1.166667 1.200000 1.233333 1.266667 1.300000 1.333333 1.366667 1.400000 1.433333 1.466667 1.500000 1.533333 1.566667
1.600000 1.633333 1.666667 1.700000 1.733333 1.766667 1.800000 1.833333 1.866667 1.900000 1.933333 1.966667 2.000000 2.033333 2.066667 2.100000
2.133333 2.166667 2.200000 2.233333 2.266667 2.300000 2.333333 2.366667 2.400000 2.433333 2.466667 2.500000 2.533333 2.566667 2.600000 2.633333
2.666667 2.700000 2.733333 2.766667 2.800000 2.833333 2.866667 2.900000 2.933333 2.966667 3.000000 3.033333 3.066667 3.100000 3.133333 3.166667
3.200000 3.233333 3.266667 3.300000 3.333333 3.366667 3.400000 3.433333 3.466667 3.500000 3.533333 3.566667 3.600000 3.633333 3.666667 3.700000
3.733333 3.766667 3.800000 3.833333 3.866667 3.900000 3.933333 3.966667 4.000000 4.033333 4.066667 4.100000 4.133333 4.166667 4.200000 4.233333
4.266667 4.300000 4.333333 4.366667 4.400000 4.433333 4.466667 4.500000</float_array>
        <technique_common>
          <accessor source="#mixamorig_Hips-Matrix-animation-input-array" count="136">
            <param name="TIME" type="float"/>
          </accessor>
        </technique_common>
      </source>
      <source id="mixamorig_Hips-Matrix-animation-output-transform">
        <float_array id="mixamorig_Hips-Matrix-animation-output-transform-array" count="2176">

0.592639 0.025607 -0.805061 8.880575 0.106651 0.988199 0.109942 90.022217 0.798377 -0.151017 0.582914 -6.944630 0.000000 0.000000 0.000000 1.000000
0.595415 0.028910 -0.802898 8.816559 0.105810 0.987826 0.114035 89.933220 0.796420 -0.152853 0.585108 -7.127923 0.000000 0.000000 0.000000 1.000000
0.597737 0.031497 -0.801073 8.762847 0.104568 0.987628 0.116858 89.971962 0.794843 -0.153617 0.587049 -7.221426 0.000000 0.000000 0.000000 1.000000
0.599155 0.033156 -0.799946 8.732607 0.103125 0.987623 0.118174 90.127403 0.793964 -0.153299 0.588320 -7.222816 0.000000 0.000000 0.000000 1.000000
0.600684 0.034334 -0.798749 8.718995 0.102194 0.987584 0.119305 90.381050 0.792928 -0.153292 0.589718 -7.128772 0.000000 0.000000 0.000000 1.000000
0.601573 0.035381 -0.798034 8.740098 0.100389 0.987750 0.119467 90.696854 0.792485 -0.151982 0.590651 -6.940578 0.000000 0.000000 0.000000 1.000000
0.602346 0.036171 -0.797415 8.788811 0.098493 0.987971 0.119214 91.018784 0.792135 -0.150348 0.591538 -6.692099 0.000000 0.000000 0.000000 1.000000
0.602694 0.036513 -0.797136 8.882190 0.097049 0.988183 0.118641 91.329041 0.792049 -0.148865 0.592029 -6.382942 0.000000 0.000000 0.000000 1.000000
0.602638 0.036603 -0.797175 9.003751 0.095336 0.988491 0.117459 91.565041 0.792299 -0.146785 0.592213 -6.063747 0.000000 0.000000 0.000000 1.000000
0.602377 0.036839 -0.797361 9.170140 0.093617 0.988780 0.116407 91.723282 0.792703 -0.144768 0.592169 -5.720643 0.000000 0.000000 0.000000 1.000000
0.602281 0.036450 -0.797452 9.377503 0.092456 0.989049 0.115035 91.758842 0.792912 -0.143013 0.592316 -5.403372 0.000000 0.000000 0.000000 1.000000
0.601700 0.035715 -0.797923 9.628544 0.092173 0.989221 0.113784 91.658684 0.793386 -0.142011 0.591922 -5.120662 0.000000 0.000000 0.000000 1.000000
0.600666 0.034730 -0.798745 9.899409 0.093344 0.989177 0.113206 91.421936 0.794032 -0.142557 0.590923 -4.867312 0.000000 0.000000 0.000000 1.000000
0.599263 0.034133 -0.799824 10.154151 0.094787 0.989037 0.113227 91.089668 0.794921 -0.143666 0.589458 -4.637881 0.000000 0.000000 0.000000 1.000000
0.597255 0.034406 -0.801313 10.406446 0.097241 0.988603 0.114926 90.698936 0.796135 -0.146561 0.587102 -4.399357 0.000000 0.000000 0.000000 1.000000
0.595327 0.034188 -0.802756 10.621455 0.099855 0.988201 0.116138 90.314911 0.797254 -0.149300 0.584889 -4.183250 0.000000 0.000000 0.000000 1.000000
0.592987 0.033623 -0.804510 10.798585 0.102520 0.987844 0.116851 89.953865 0.798659 -0.151769 0.582332 -3.971575 0.000000 0.000000 0.000000 1.000000
0.591564 0.032316 -0.805610 10.924317 0.105097 0.987580 0.116789 89.693962 0.799379 -0.153755 0.580821 -3.809224 0.000000 0.000000 0.000000 1.000000
0.590296 0.031773 -0.806561 10.980880 0.107932 0.987145 0.117879 89.556709 0.799938 -0.156638 0.579278 -3.677943 0.000000 0.000000 0.000000 1.000000
0.589567 0.032040 -0.807084 10.971207 0.109274 0.986863 0.119001 89.567741 0.800294 -0.158353 0.578320 -3.593520 0.000000 0.000000 0.000000 1.000000
0.588844 0.032454 -0.807595 10.916831 0.108475 0.986980 0.118755 89.719902 0.800934 -0.157532 0.577657 -3.571110 0.000000 0.000000 0.000000 1.000000
0.588485 0.032827 -0.807841 10.818504 0.107376 0.987151 0.118334 89.976982 0.801346 -0.156381 0.577399 -3.596082 0.000000 0.000000 0.000000 1.000000
0.588616 0.033150 -0.807733 10.690168 0.106274 0.987315 0.117964 90.280006 0.801397 -0.155276 0.577626 -3.674878 0.000000 0.000000 0.000000 1.000000
0.589053 0.033218 -0.807412 10.540225 0.104929 0.987552 0.117181 90.606476 0.801253 -0.153747 0.578234 -3.809711 0.000000 0.000000 0.000000 1.000000
0.590993 0.032409 -0.806025 10.357364 0.105145 0.987574 0.116802 90.879753 0.799795 -0.153778 0.580242 -3.964096 0.000000 0.000000 0.000000 1.000000
0.590257 0.031680 -0.806593 10.179397 0.103625 0.987988 0.114636 91.093269 0.800536 -0.151248 0.579884 -4.227715 0.000000 0.000000 0.000000 1.000000
0.591613 0.030312 -0.805652 9.986485 0.104679 0.987946 0.114039 91.211281 0.799398 -0.151802 0.581309 -4.499519 0.000000 0.000000 0.000000 1.000000
0.591635 0.028886 -0.805688 9.815475 0.104009 0.988272 0.111808 91.203850 0.799468 -0.149949 0.581692 -4.868699 0.000000 0.000000 0.000000 1.000000
0.591942 0.027348 -0.805516 9.674300 0.102627 0.988731 0.108985 91.067673 0.799420 -0.147181 0.582465 -5.298408 0.000000 0.000000 0.000000 1.000000
0.594006 0.025982 -0.804041 9.543161 0.102088 0.988963 0.107378 90.829887 0.797957 -0.145866 0.584797 -5.734036 0.000000 0.000000 0.000000 1.000000
0.596004 0.025648 -0.802572 9.414267 0.101437 0.989078 0.106937 90.509315 0.796549 -0.145145 0.586893 -6.196776 0.000000 0.000000 0.000000 1.000000
0.599018 0.026265 -0.800304 9.286775 0.102016 0.988814 0.108810 90.191483 0.794210 -0.146823 0.589638 -6.592459 0.000000 0.000000 0.000000 1.000000
0.601532 0.027859 -0.798363 9.163272 0.101582 0.988611 0.111035 89.885834 0.792364 -0.147891 0.591852 -6.975441 0.000000 0.000000 0.000000 1.000000
0.604342 0.029900 -0.796164 9.042912 0.100763 0.988403 0.113605 89.680336 0.790327 -0.148880 0.594321 -7.262248 0.000000 0.000000 0.000000 1.000000
0.607072 0.032140 -0.793997 8.927500 0.099287 0.988284 0.115917 89.597733 0.788420 -0.149204 0.596768 -7.456761 0.000000 0.000000 0.000000 1.000000
0.609854 0.034038 -0.791783 8.822471 0.097439 0.988277 0.117536 89.648148 0.786501 -0.148831 0.599388 -7.540056 0.000000 0.000000 0.000000 1.000000
0.611665 0.034664 -0.790357 8.744825 0.095469 0.988504 0.117239 89.821472 0.785336 -0.147165 0.601324 -7.526097 0.000000 0.000000 0.000000 1.000000
0.612946 0.034620 -0.789366 8.700667 0.095898 0.988394 0.117814 90.091240 0.784284 -0.147912 0.602512 -7.420333 0.000000 0.000000 0.000000 1.000000
0.613459 0.032951 -0.789039 8.706535 0.097130 0.988395 0.116793 90.400124 0.783731 -0.148287 0.603140 -7.230741 0.000000 0.000000 0.000000 1.000000
0.611683 0.031317 -0.790483 8.748041 0.098364 0.988452 0.115274 90.735825 0.784964 -0.148266 0.601539 -6.974275 0.000000 0.000000 0.000000 1.000000
0.608702 0.029642 -0.792845 8.833747 0.099458 0.988568 0.113317 91.032196 0.787140 -0.147831 0.598796 -6.677213 0.000000 0.000000 0.000000 1.000000
0.603975 0.028056 -0.796509 8.964077 0.101156 0.988600 0.111527 91.287811 0.790557 -0.147932 0.594252 -6.326002 0.000000 0.000000 0.000000 1.000000
0.598607 0.026970 -0.800588 9.120409 0.103031 0.988539 0.110339 91.456459 0.794389 -0.148535 0.588968 -5.978243 0.000000 0.000000 0.000000 1.000000
0.592828 0.025909 -0.804912 9.310773 0.104655 0.988528 0.108899 91.529243 0.798500 -0.148796 0.583316 -5.630842 0.000000 0.000000 0.000000 1.000000
0.587346 0.025081 -0.808947 9.516521 0.106238 0.988482 0.107783 91.486366 0.802333 -0.149247 0.577917 -5.325582 0.000000 0.000000 0.000000 1.000000
0.582031 0.024186 -0.812807 9.729259 0.108774 0.988259 0.107297 91.305603 0.805859 -0.150862 0.572567 -5.047213 0.000000 0.000000 0.000000 1.000000
0.577050 0.023646 -0.816366 9.934826 0.110962 0.988042 0.107053 91.026382 0.809136 -0.152361 0.567526 -4.777609 0.000000 0.000000 0.000000 1.000000
0.572675 0.023957 -0.819433 10.123959 0.113954 0.987542 0.108511 90.694695 0.811824 -0.155519 0.562810 -4.528811 0.000000 0.000000 0.000000 1.000000
0.566568 0.025367 -0.823624 10.315335 0.116173 0.987084 0.110317 90.304001 0.815784 -0.158185 0.556303 -4.314063 0.000000 0.000000 0.000000 1.000000
0.560755 0.026501 -0.827557 10.481087 0.118301 0.986669 0.111757 89.930046 0.819487 -0.160569 0.550145 -4.141988 0.000000 0.000000 0.000000 1.000000
0.555397 0.027935 -0.831116 10.612469 0.121297 0.986025 0.114199 89.593002 0.822691 -0.164238 0.544247 -3.975242 0.000000 0.000000 0.000000 1.000000
0.549313 0.028428 -0.835133 10.691131 0.124328 0.985516 0.115325 89.377075 0.826316 -0.167180 0.537823 -3.810274 0.000000 0.000000 0.000000 1.000000
0.544639 0.029474 -0.838152 10.707285 0.126854 0.984989 0.117068 89.301697 0.829021 -0.170083 0.532725 -3.678275 0.000000 0.000000 0.000000 1.000000
0.540175 0.030231 -0.841010 10.650208 0.129293 0.984508 0.118433 89.383514 0.831561 -0.172711 0.527898 -3.586057 0.000000 0.000000 0.000000 1.000000
0.536159 0.030118 -0.843580 10.546297 0.130358 0.984420 0.117999 89.596405 0.833991 -0.173233 0.523880 -3.532854 0.000000 0.000000 0.000000 1.000000
0.533571 0.030374 -0.845210 10.387298 0.130452 0.984440 0.117730 89.915428 0.835634 -0.173077 0.521306 -3.525574 0.000000 0.000000 0.000000 1.000000
0.532311 0.030350 -0.846005 10.206173 0.129275 0.984722 0.116667 90.257927 0.836620 -0.171470 0.520254 -3.576190 0.000000 0.000000 0.000000 1.000000
0.531715 0.029666 -0.846403 9.993681 0.127574 0.985178 0.114673 90.597221 0.837260 -0.168952 0.520049 -3.694985 0.000000 0.000000 0.000000 1.000000
0.531552 0.028577 -0.846544 9.780975 0.125710 0.985701 0.112209 90.887947 0.837645 -0.166064 0.520358 -3.856205 0.000000 0.000000 0.000000 1.000000
0.532029 0.027802 -0.846270 9.551851 0.124222 0.986084 0.110491 91.112717 0.837565 -0.163909 0.521171 -4.071242 0.000000 0.000000 0.000000 1.000000
0.533321 0.026863 -0.845487 9.335522 0.122823 0.986445 0.108817 91.236168 0.836949 -0.161880 0.522792 -4.339715 0.000000 0.000000 0.000000 1.000000
0.534944 0.025369 -0.844506 9.145100 0.121519 0.986846 0.106619 91.250839 0.836103 -0.159659 0.524825 -4.648569 0.000000 0.000000 0.000000 1.000000
0.536879 0.023945 -0.843320 8.976726 0.120793 0.987117 0.104927 91.138832 0.834967 -0.158200 0.527069 -4.995152 0.000000 0.000000 0.000000 1.000000
0.539929 0.023421 -0.841384 8.835793 0.120287 0.987206 0.104671 90.925117 0.833071 -0.157723 0.530204 -5.356554 0.000000 0.000000 0.000000 1.000000
0.545053 0.024475 -0.838044 8.695163 0.120041 0.986997 0.106899 90.641563 0.829763 -0.158865 0.535028 -5.721276 0.000000 0.000000 0.000000 1.000000
0.551061 0.026407 -0.834047 8.578349 0.120546 0.986496 0.110880 90.347733 0.825712 -0.161643 0.540436 -6.056252 0.000000 0.000000 0.000000 1.000000
0.556066 0.029044 -0.830630 8.468925 0.119762 0.986160 0.114657 90.050735 0.822464 -0.163235 0.544892 -6.373589 0.000000 0.000000 0.000000 1.000000
0.560760 0.031690 -0.827371 8.369036 0.118249 0.985959 0.117908 89.830215 0.819491 -0.163954 0.549139 -6.601250 0.000000 0.000000 0.000000 1.000000
0.564143 0.034184 -0.824969 8.288812 0.115606 0.986030 0.119914 89.697792 0.817544 -0.163020 0.552310 -6.757959 0.000000 0.000000 0.000000 1.000000
0.567022 0.035798 -0.822924 8.218602 0.113057 0.986217 0.120802 89.682137 0.815907 -0.161535 0.555160 -6.813688 0.000000 0.000000 0.000000 1.000000
0.569018 0.036054 -0.821534 8.180420 0.111426 0.986444 0.120467 89.782463 0.814741 -0.160088 0.557287 -6.767292 0.000000 0.000000 0.000000 1.000000
0.571475 0.035537 -0.819850 8.159428 0.111424 0.986449 0.120426 89.986252 0.813020 -0.160171 0.559772 -6.610631 0.000000 0.000000 0.000000 1.000000
0.572381 0.034312 -0.819269 8.181968 0.111033 0.986679 0.118897 90.248230 0.812435 -0.159020 0.560947 -6.414331 0.000000 0.000000 0.000000 1.000000
0.571368 0.032456 -0.820052 8.253223 0.110444 0.987087 0.116019 90.553345 0.813228 -0.156860 0.560406 -6.154076 0.000000 0.000000 0.000000 1.000000
0.568824 0.030545 -0.821892 8.352766 0.110008 0.987505 0.112836 90.843536 0.815069 -0.154599 0.558356 -5.876287 0.000000 0.000000 0.000000 1.000000
0.565771 0.028812 -0.824059 8.490600 0.110172 0.987787 0.110177 91.111389 0.817169 -0.153123 0.555687 -5.559279 0.000000 0.000000 0.000000 1.000000
0.563393 0.027190 -0.825741 8.662642 0.110420 0.988014 0.107871 91.309814 0.818777 -0.151952 0.553638 -5.235605 0.000000 0.000000 0.000000 1.000000
0.562153 0.026090 -0.826621 8.857952 0.110261 0.988215 0.106175 91.433960 0.819650 -0.150830 0.552652 -4.909508 0.000000 0.000000 0.000000 1.000000
0.562479 0.024935 -0.826435 9.065227 0.110147 0.988376 0.104787 91.461365 0.819442 -0.149970 0.553195 -4.601649 0.000000 0.000000 0.000000 1.000000
0.563574 0.023763 -0.825724 9.286910 0.110275 0.988475 0.103711 91.378319 0.818672 -0.149506 0.554458 -4.333154 0.000000 0.000000 0.000000 1.000000
0.565431 0.023053 -0.824474 9.506718 0.110992 0.988390 0.103756 91.187920 0.817294 -0.150177 0.556307 -4.091126 0.000000 0.000000 0.000000 1.000000
0.567408 0.023141 -0.823112 9.709032 0.110890 0.988352 0.104227 90.930542 0.815936 -0.150414 0.558233 -3.884341 0.000000 0.000000 0.000000 1.000000
0.569806 0.024534 -0.821413 9.908437 0.110994 0.988097 0.106508 90.626938 0.814249 -0.151860 0.560300 -3.671073 0.000000 0.000000 0.000000 1.000000
0.571077 0.026302 -0.820475 10.088974 0.110073 0.988007 0.108287 90.326263 0.813483 -0.152152 0.561333 -3.508632 0.000000 0.000000 0.000000 1.000000
0.571028 0.028446 -0.820438 10.260151 0.109579 0.987815 0.110517 90.040848 0.813584 -0.153011 0.560953 -3.363634 0.000000 0.000000 0.000000 1.000000
0.570817 0.029278 -0.820555 10.397806 0.109805 0.987665 0.111626 89.835831 0.813702 -0.153819 0.560561 -3.227631 0.000000 0.000000 0.000000 1.000000
0.569511 0.029692 -0.821447 10.463351 0.112564 0.987115 0.113721 89.732132 0.814240 -0.157231 0.558830 -3.105391 0.000000 0.000000 0.000000 1.000000
0.568138 0.029999 -0.822386 10.480453 0.114202 0.986792 0.114892 89.758789 0.814970 -0.159192 0.557208 -3.011870 0.000000 0.000000 0.000000 1.000000
0.566990 0.029977 -0.823179 10.458899 0.114047 0.986856 0.114490 89.903542 0.815792 -0.158796 0.556119 -2.956313 0.000000 0.000000 0.000000 1.000000
0.566410 0.029808 -0.823584 10.389148 0.113982 0.986908 0.114109 90.143044 0.816203 -0.158506 0.555597 -2.925418 0.000000 0.000000 0.000000 1.000000
0.566028 0.028908 -0.823879 10.292650 0.114568 0.986929 0.113341 90.423882 0.816386 -0.158544 0.555317 -2.932426 0.000000 0.000000 0.000000 1.000000
0.564800 0.027271 -0.824777 10.165961 0.114531 0.987191 0.111071 90.727531 0.817241 -0.157195 0.554442 -3.006442 0.000000 0.000000 0.000000 1.000000
0.563929 0.024874 -0.825449 10.026074 0.114310 0.987573 0.107853 90.993423 0.817874 -0.155179 0.554078 -3.134313 0.000000 0.000000 0.000000 1.000000
0.563318 0.022708 -0.825928 9.870420 0.114030 0.987920 0.104935 91.219162 0.818334 -0.153293 0.553924 -3.316725 0.000000 0.000000 0.000000 1.000000
0.562810 0.020682 -0.826328 9.713449 0.113765 0.988235 0.102220 91.368126 0.818720 -0.151537 0.553835 -3.563246 0.000000 0.000000 0.000000 1.000000
0.562836 0.018510 -0.826361 9.569644 0.113803 0.988493 0.099654 91.422363 0.818697 -0.150131 0.554253 -3.872227 0.000000 0.000000 0.000000 1.000000
0.563455 0.017121 -0.825969 9.432606 0.114012 0.988607 0.098268 91.365875 0.818242 -0.149540 0.555084 -4.253534 0.000000 0.000000 0.000000 1.000000
0.564635 0.016418 -0.825177 9.319302 0.114166 0.988637 0.097790 91.201332 0.817407 -0.149423 0.556345 -4.668319 0.000000 0.000000 0.000000 1.000000
0.566045 0.016722 -0.824205 9.212660 0.113204 0.988746 0.097806 90.931992 0.816565 -0.148666 0.557782 -5.144823 0.000000 0.000000 0.000000 1.000000
0.567923 0.017877 -0.822887 9.115590 0.112862 0.988629 0.099371 90.629433 0.815307 -0.149307 0.559448 -5.594301 0.000000 0.000000 0.000000 1.000000
0.570343 0.019597 -0.821173 9.011177 0.113767 0.988195 0.102600 90.300179 0.813490 -0.151940 0.561381 -6.022702 0.000000 0.000000 0.000000 1.000000
0.572272 0.022200 -0.819763 8.912786 0.113719 0.987827 0.106138 90.013321 0.812141 -0.153962 0.562781 -6.385888 0.000000 0.000000 0.000000 1.000000
0.573879 0.025578 -0.818541 8.822577 0.113264 0.987428 0.110264 89.805054 0.811070 -0.155989 0.563767 -6.681011 0.000000 0.000000 0.000000 1.000000
0.575184 0.028354 -0.817532 8.733711 0.112576 0.987146 0.113440 89.716980 0.810241 -0.157283 0.564599 -6.875130 0.000000 0.000000 0.000000 1.000000
0.574998 0.029891 -0.817609 8.673268 0.111318 0.987181 0.114377 89.769005 0.810547 -0.156781 0.564299 -6.960594 0.000000 0.000000 0.000000 1.000000
0.574406 0.030429 -0.818005 8.635056 0.110396 0.987299 0.114248 89.958214 0.811092 -0.155929 0.563751 -6.950922 0.000000 0.000000 0.000000 1.000000
0.573489 0.029948 -0.818666 8.637775 0.110151 0.987438 0.113284 90.233582 0.811774 -0.155144 0.562986 -6.858602 0.000000 0.000000 0.000000 1.000000
0.571889 0.028213 -0.819846 8.702960 0.109934 0.987758 0.110676 90.567551 0.812932 -0.153423 0.561786 -6.696181 0.000000 0.000000 0.000000 1.000000
0.569611 0.025278 -0.821526 8.816230 0.108791 0.988414 0.105844 90.891785 0.814683 -0.149664 0.560261 -6.496306 0.000000 0.000000 0.000000 1.000000
0.566488 0.021773 -0.823783 8.976905 0.107835 0.989097 0.100296 91.193222 0.816984 -0.145649 0.557963 -6.241293 0.000000 0.000000 0.000000 1.000000
0.563095 0.018329 -0.826189 9.181775 0.106824 0.989752 0.094764 91.414413 0.819459 -0.141618 0.555366 -5.970681 0.000000 0.000000 0.000000 1.000000
0.559526 0.015335 -0.828671 9.418808 0.106129 0.990272 0.089985 91.530754 0.821990 -0.138295 0.552456 -5.697447 0.000000 0.000000 0.000000 1.000000
0.556305 0.012447 -0.830885 9.698634 0.105703 0.990705 0.085613 91.511749 0.824228 -0.135454 0.549819 -5.450423 0.000000 0.000000 0.000000 1.000000
0.553834 0.010223 -0.832565 9.984717 0.105793 0.990956 0.082542 91.351768 0.825879 -0.133794 0.547744 -5.250768 0.000000 0.000000 0.000000 1.000000
0.552578 0.008904 -0.833414 10.275960 0.105622 0.991133 0.080619 91.073044 0.826742 -0.132575 0.546738 -5.084615 0.000000 0.000000 0.000000 1.000000
0.552950 0.008727 -0.833169 10.539350 0.105451 0.991172 0.080367 90.741707 0.826514 -0.132298 0.547148 -4.937231 0.000000 0.000000 0.000000 1.000000
0.554658 0.009799 -0.832021 10.773301 0.105758 0.990991 0.082173 90.380447 0.825330 -0.133571 0.548625 -4.792419 0.000000 0.000000 0.000000 1.000000
0.557366 0.010296 -0.830203 10.964861 0.107400 0.990628 0.084390 90.056236 0.823291 -0.136200 0.551037 -4.653049 0.000000 0.000000 0.000000 1.000000
0.560520 0.011004 -0.828068 11.106307 0.109994 0.990063 0.087612 89.792770 0.820803 -0.140191 0.553740 -4.521694 0.000000 0.000000 0.000000 1.000000
0.563879 0.011759 -0.825774 11.176866 0.112565 0.989473 0.090955 89.642174 0.818150 -0.144241 0.556619 -4.407748 0.000000 0.000000 0.000000 1.000000
0.567049 0.012363 -0.823592 11.169439 0.114003 0.989086 0.093340 89.650444 0.815757 -0.146820 0.559450 -4.309096 0.000000 0.000000 0.000000 1.000000
0.569734 0.012659 -0.821732 11.083246 0.114892 0.988835 0.094892 89.812408 0.813758 -0.148474 0.561919 -4.236287 0.000000 0.000000 0.000000 1.000000
0.571338 0.012509 -0.820620 10.947599 0.115430 0.988720 0.095437 90.080238 0.812557 -0.149251 0.563449 -4.188392 0.000000 0.000000 0.000000 1.000000
0.571688 0.012401 -0.820377 10.769441 0.115716 0.988673 0.095584 90.422920 0.812270 -0.149575 0.563778 -4.174495 0.000000 0.000000 0.000000 1.000000
0.572079 0.012106 -0.820109 10.573990 0.115414 0.988754 0.095104 90.754807 0.812038 -0.149059 0.564248 -4.206188 0.000000 0.000000 0.000000 1.000000
0.573486 0.011406 -0.819136 10.354618 0.114220 0.989023 0.093739 91.069496 0.811214 -0.147319 0.565888 -4.292469 0.000000 0.000000 0.000000 1.000000
0.575922 0.010396 -0.817439 10.131388 0.112975 0.989313 0.092178 91.314598 0.809661 -0.145438 0.568592 -4.419849 0.000000 0.000000 0.000000 1.000000
0.579302 0.009395 -0.815059 9.891860 0.112615 0.989422 0.091446 91.477890 0.807296 -0.144763 0.572116 -4.588042 0.000000 0.000000 0.000000 1.000000
0.580827 0.009020 -0.813977 9.675102 0.110108 0.989878 0.089539 91.530388 0.806546 -0.141632 0.573955 -4.870493 0.000000 0.000000 0.000000 1.000000
0.583465 0.009160 -0.812086 9.484553 0.108196 0.990146 0.088905 91.442932 0.804899 -0.139738 0.576725 -5.179716 0.000000 0.000000 0.000000 1.000000
0.587062 0.010707 -0.809471 9.314931 0.106627 0.990179 0.090427 91.212067 0.802489 -0.139398 0.580155 -5.551333 0.000000 0.000000 0.000000 1.000000
0.590380 0.012889 -0.807023 9.187054 0.106010 0.989972 0.093362 90.901108 0.800133 -0.140671 0.583094 -5.921535 0.000000 0.000000 0.000000 1.000000
0.592657 0.015837 -0.805300 9.077656 0.106264 0.989530 0.097665 90.544121 0.798415 -0.143456 0.584769 -6.293770 0.000000 0.000000 0.000000 1.000000
0.593514 0.018985 -0.804600 9.000598 0.107331 0.988925 0.102507 90.243851 0.797635 -0.147198 0.584903 -6.599646 0.000000 0.000000 0.000000 1.000000
0.593400 0.022474 -0.804594 8.936717 0.107594 0.988425 0.106960 90.051300 0.797684 -0.150040 0.584113 -6.830931 0.000000 0.000000 0.000000 1.000000
0.592639 0.025611 -0.805061 8.880962 0.106644 0.988200 0.109942 90.021706 0.798377 -0.151011 0.582914 -6.944648 0.000000 0.000000 0.000000 1.000000</float_array>
        <technique_common>
          <accessor source="#mixamorig_Hips-Matrix-animation-output-transform-array" count="136" stride="16">
            <param type="float4x4"/>
          </accessor>
        </technique_common>
      </source>
      <source id="mixamorig_Hips-Interpolations">
        <Name_array id="mixamorig_Hips-Interpolations-array" count="136">
 LINEAR LINEAR LINEAR LINEAR LINEAR LINEAR LINEAR LINEAR LINEAR LINEAR LINEAR
LINEAR LINEAR LINEAR LINEAR LINEAR LINEAR LINEAR LINEAR LINEAR LINEAR LINEAR LINEAR
LINEAR LINEAR LINEAR LINEAR LINEAR LINEAR LINEAR LINEAR LINEAR LINEAR LINEAR LINEAR
LINEAR LINEAR LINEAR LINEAR LINEAR LINEAR LINEAR LINEAR LINEAR LINEAR LINEAR LINEAR
LINEAR LINEAR LINEAR LINEAR LINEAR LINEAR LINEAR LINEAR LINEAR LINEAR LINEAR LINEAR
LINEAR LINEAR LINEAR LINEAR LINEAR LINEAR LINEAR LINEAR LINEAR LINEAR LINEAR LINEAR
LINEAR LINEAR LINEAR LINEAR LINEAR LINEAR LINEAR LINEAR LINEAR LINEAR LINEAR LINEAR
LINEAR LINEAR LINEAR LINEAR LINEAR LINEAR LINEAR LINEAR LINEAR LINEAR LINEAR LINEAR
LINEAR LINEAR LINEAR LINEAR LINEAR LINEAR LINEAR LINEAR LINEAR LINEAR LINEAR LINEAR
LINEAR LINEAR LINEAR LINEAR LINEAR LINEAR LINEAR LINEAR LINEAR LINEAR LINEAR LINEAR
LINEAR LINEAR LINEAR LINEAR LINEAR LINEAR LINEAR LINEAR LINEAR LINEAR LINEAR LINEAR
LINEAR LINEAR LINEAR LINEAR LINEAR</Name_array>
        <technique_common>
          <accessor source="#mixamorig_Hips-Interpolations-array" count="136">
            <param type="name"/>
          </accessor>
        </technique_common>
      </source>
      <sampler id="mixamorig_Hips-Matrix-animation-transform">
        <input semantic="INPUT" source="#mixamorig_Hips-Matrix-animation-input"/>
        <input semantic="OUTPUT" source="#mixamorig_Hips-Matrix-animation-output-transform"/>
        <input semantic="INTERPOLATION" source="#mixamorig_Hips-Interpolations"/>
      </sampler>
      <channel source="#mixamorig_Hips-Matrix-animation-transform" target="mixamorig_Hips/matrix"/>
      <source id="mixamorig_Spine-Matrix-animation-input">
        <float_array id="mixamorig_Spine-Matrix-animation-input-array" count="136">

0.000000 0.033333 0.066667 0.100000 0.133333 0.166667 0.200000 0.233333 0.266667 0.300000 0.333333 0.366667 0.400000 0.433333 0.466667 0.500000
0.533333 0.566667 0.600000 0.633333 0.666667 0.700000 0.733333 0.766667 0.800000 0.833333 0.866667 0.900000 0.933333 0.966667 1.000000 1.033333
1.066667 1.100000 1.133333 1.166667 1.200000 1.233333 1.266667 1.300000 1.333333 1.366667 1.400000 1.433333 1.466667 1.500000 1.533333 1.566667
1.600000 1.633333 1.666667 1.700000 1.733333 1.766667 1.800000 1.833333 1.866667 1.900000 1.933333 1.966667 2.000000 2.033333 2.066667 2.100000
2.133333 2.166667 2.200000 2.233333 2.266667 2.300000 2.333333 2.366667 2.400000 2.433333 2.466667 2.500000 2.533333 2.566667 2.600000 2.633333
2.666667 2.700000 2.733333 2.766667 2.800000 2.833333 2.866667 2.900000 2.933333 2.966667 3.000000 3.033333 3.066667 3.100000 3.133333 3.166667
3.200000 3.233333 3.266667 3.300000 3.333333 3.366667 3.400000 3.433333 3.466667 3.500000 3.533333 3.566667 3.600000 3.633333 3.666667 3.700000
3.733333 3.766667 3.800000 3.833333 3.866667 3.900000 3.933333 3.966667 4.000000 4.033333 4.066667 4.100000 4.133333 4.166667 4.200000 4.233333
4.266667 4.300000 4.333333 4.366667 4.400000 4.433333 4.466667 4.500000</float_array>
        <technique_common>
          <accessor source="#mixamorig_Spine-Matrix-animation-input-array" count="136">
            <param name="TIME" type="float"/>
          </accessor>
        </technique_common>
      </source>
      <source id="mixamorig_Spine-Matrix-animation-output-transform">
        <float_array id="mixamorig_Spine-Matrix-animation-output-transform-array" count="2176">

0.998849 0.044320 0.018346 -0.000000 -0.043114 0.997169 -0.061610 9.245800 -0.021024 0.060749 0.997932 -0.512400 0.000000 0.000000 0.000000 1.000000
0.998964 0.043400 0.013685 0.000000 -0.042440 0.997045 -0.064031 9.245800 -0.016423 0.063383 0.997854 -0.512400 0.000000 0.000000 0.000000 1.000000
0.999023 0.042847 0.010815 0.000000 -0.042069 0.997055 -0.064118 9.245800 -0.013530 0.063600 0.997884 -0.512400 0.000000 0.000000 0.000000 1.000000
0.999037 0.042698 0.010058 0.000000 -0.041994 0.997188 -0.062067 9.245800 -0.012680 0.061585 0.998021 -0.512400 0.000000 0.000000 0.000000 1.000000
0.999008 0.043197 0.010859 0.000000 -0.042482 0.997346 -0.059130 9.245800 -0.013384 0.058610 0.998191 -0.512400 0.000000 0.000000 0.000000 1.000000
0.998973 0.043203 0.013642 0.000000 -0.042393 0.997589 -0.054951 9.245800 -0.015983 0.054316 0.998396 -0.512400 0.000000 0.000000 0.000000 1.000000
0.998914 0.043277 0.017265 0.000000 -0.042353 0.997817 -0.050671 9.245800 -0.019420 0.049885 0.998566 -0.512400 0.000000 0.000000 0.000000 1.000000
0.998804 0.043850 0.021643 0.000000 -0.042799 0.997985 -0.046840 9.245800 -0.023654 0.045858 0.998668 -0.512400 0.000000 0.000000 0.000000 1.000000
0.998651 0.044452 0.026829 0.000000 -0.043264 0.998123 -0.043350 9.245800 -0.028706 0.042131 0.998700 -0.512400 0.000000 0.000000 0.000000 1.000000
0.998447 0.045237 0.032506 0.000000 -0.043886 0.998190 -0.041131 9.245800 -0.034308 0.039640 0.998625 -0.512400 0.000000 0.000000 0.000000 1.000000
0.998249 0.046471 0.036590 -0.000000 -0.044982 0.998166 -0.040521 9.245800 -0.038406 0.038804 0.998509 -0.512400 0.000000 0.000000 0.000000 1.000000
0.997984 0.048809 0.040570 0.000000 -0.047089 0.997994 -0.042313 9.245800 -0.042554 0.040317 0.998280 -0.512400 0.000000 0.000000 0.000000 1.000000
0.997646 0.052222 0.044436 0.000000 -0.050165 0.997671 -0.046208 9.245800 -0.046746 0.043870 0.997943 -0.512400 0.000000 0.000000 0.000000 1.000000
0.997348 0.054899 0.047789 0.000000 -0.052484 0.997349 -0.050410 9.245800 -0.050430 0.047768 0.997585 -0.512400 0.000000 0.000000 0.000000 1.000000
0.996999 0.057629 0.051698 -0.000000 -0.054720 0.996928 -0.056033 9.245800 -0.054769 0.053036 0.997090 -0.512400 0.000000 0.000000 0.000000 1.000000
0.996681 0.059839 0.055190 -0.000000 -0.056506 0.996591 -0.060107 9.245800 -0.058599 0.056789 0.996665 -0.512400 0.000000 0.000000 0.000000 1.000000
0.996419 0.061376 0.058162 0.000000 -0.057731 0.996380 -0.062405 9.245800 -0.061781 0.058824 0.996355 -0.512400 0.000000 0.000000 0.000000 1.000000
0.996260 0.063075 0.059061 0.000000 -0.059315 0.996225 -0.063387 9.245800 -0.062836 0.059647 0.996240 -0.512400 0.000000 0.000000 0.000000 1.000000
0.996124 0.065202 0.059043 0.000000 -0.061353 0.996010 -0.064809 9.245800 -0.063033 0.060935 0.996149 -0.512400 0.000000 0.000000 0.000000 1.000000
0.996150 0.065793 0.057937 0.000000 -0.061995 0.995953 -0.065068 9.245800 -0.061984 0.061225 0.996198 -0.512400 0.000000 0.000000 0.000000 1.000000
0.996314 0.064595 0.056440 0.000000 -0.061018 0.996149 -0.062961 9.245800 -0.060290 0.059285 0.996419 -0.512400 0.000000 0.000000 0.000000 1.000000
0.996516 0.062903 0.054772 0.000000 -0.059588 0.996407 -0.060186 9.245800 -0.058361 0.056713 0.996683 -0.512400 0.000000 0.000000 0.000000 1.000000
0.996735 0.060833 0.053100 0.000000 -0.057775 0.996682 -0.057333 9.245800 -0.056411 0.054078 0.996942 -0.512400 0.000000 0.000000 0.000000 1.000000
0.997004 0.058013 0.051153 0.000000 -0.055237 0.997006 -0.054110 9.245800 -0.054139 0.051122 0.997224 -0.512400 0.000000 0.000000 0.000000 1.000000
0.997273 0.056520 0.047462 0.000000 -0.054067 0.997210 -0.051471 9.245800 -0.050239 0.048764 0.997546 -0.512400 0.000000 0.000000 0.000000 1.000000
0.997490 0.053579 0.046292 0.000000 -0.051340 0.997514 -0.048264 9.245800 -0.048763 0.045767 0.997761 -0.512400 0.000000 0.000000 0.000000 1.000000
0.997730 0.052694 0.041921 0.000000 -0.050701 0.997595 -0.047264 9.245800 -0.044311 0.045031 0.998002 -0.512400 0.000000 0.000000 0.000000 1.000000
0.997981 0.050551 0.038444 -0.000000 -0.048762 0.997744 -0.046136 9.245800 -0.040690 0.044168 0.998195 -0.512400 0.000000 0.000000 0.000000 1.000000
0.998230 0.047700 0.035530 0.000000 -0.046048 0.997881 -0.045969 9.245800 -0.037648 0.044251 0.998311 -0.512400 0.000000 0.000000 0.000000 1.000000
0.998513 0.045257 0.030383 -0.000000 -0.043775 0.997897 -0.047795 9.245800 -0.032482 0.046394 0.998395 -0.512400 0.000000 0.000000 0.000000 1.000000
0.998754 0.042643 0.025907 0.000000 -0.041273 0.997830 -0.051296 9.245800 -0.028038 0.050163 0.998347 -0.512400 0.000000 0.000000 0.000000 1.000000
0.998963 0.040990 0.019810 -0.000000 -0.039817 0.997617 -0.056352 9.245800 -0.022072 0.055505 0.998214 -0.512400 0.000000 0.000000 0.000000 1.000000
0.999111 0.038850 0.016359 0.000000 -0.037798 0.997463 -0.060325 9.245800 -0.018661 0.059653 0.998045 -0.512400 0.000000 0.000000 0.000000 1.000000
0.999237 0.036573 0.013691 0.000000 -0.035645 0.997390 -0.062794 9.245800 -0.015952 0.062258 0.997933 -0.512400 0.000000 0.000000 0.000000 1.000000
0.999372 0.033626 0.011133 0.000000 -0.032856 0.997455 -0.063279 9.245800 -0.013233 0.062874 0.997934 -0.512400 0.000000 0.000000 0.000000 1.000000
0.999497 0.030468 0.008838 0.000000 -0.029874 0.997691 -0.060994 9.245800 -0.010676 0.060700 0.998099 -0.512400 0.000000 0.000000 0.000000 1.000000
0.999576 0.027996 0.008028 -0.000000 -0.027510 0.998087 -0.055369 9.245800 -0.009563 0.055124 0.998434 -0.512400 0.000000 0.000000 0.000000 1.000000
0.999587 0.027535 0.008236 0.000000 -0.027081 0.998339 -0.050845 9.245800 -0.009622 0.050601 0.998673 -0.512400 0.000000 0.000000 0.000000 1.000000
0.999570 0.027725 0.009538 0.000000 -0.027269 0.998615 -0.044991 9.245800 -0.010772 0.044712 0.998942 -0.512400 0.000000 0.000000 0.000000 1.000000
0.999542 0.027669 0.012223 0.000000 -0.027176 0.998876 -0.038832 9.245800 -0.013284 0.038482 0.999171 -0.512400 0.000000 0.000000 0.000000 1.000000
0.999505 0.027200 0.015779 0.000000 -0.026670 0.999104 -0.032876 9.245800 -0.016660 0.032439 0.999335 -0.512400 0.000000 0.000000 0.000000 1.000000
0.999454 0.027095 0.018924 -0.000000 -0.026562 0.999259 -0.027863 9.245800 -0.019665 0.027345 0.999433 -0.512400 0.000000 0.000000 0.000000 1.000000
0.999395 0.026962 0.021960 -0.000000 -0.026419 0.999347 -0.024635 9.245800 -0.022610 0.024040 0.999455 -0.512400 0.000000 0.000000 0.000000 1.000000
0.999336 0.026679 0.024808 0.000000 -0.026127 0.999409 -0.022340 9.245800 -0.025389 0.021677 0.999443 -0.512400 0.000000 0.000000 0.000000 1.000000
0.999282 0.026994 0.026591 -0.000000 -0.026416 0.999412 -0.021839 9.245800 -0.027164 0.021121 0.999408 -0.512400 0.000000 0.000000 0.000000 1.000000
0.999203 0.028899 0.027553 0.000000 -0.028243 0.999315 -0.023911 9.245800 -0.028225 0.023114 0.999334 -0.512400 0.000000 0.000000 0.000000 1.000000
0.999157 0.030629 0.027343 0.000000 -0.029900 0.999196 -0.026693 9.245800 -0.028139 0.025853 0.999270 -0.512400 0.000000 0.000000 0.000000 1.000000
0.999145 0.032636 0.025377 0.000000 -0.031833 0.998999 -0.031417 9.245800 -0.026377 0.030582 0.999184 -0.512400 0.000000 0.000000 0.000000 1.000000
0.999144 0.033883 0.023745 0.000000 -0.032991 0.998770 -0.037004 9.245800 -0.024969 0.036189 0.999033 -0.512400 0.000000 0.000000 0.000000 1.000000
0.999155 0.035026 0.021502 0.000000 -0.034103 0.998541 -0.041876 9.245800 -0.022937 0.041108 0.998891 -0.512400 0.000000 0.000000 0.000000 1.000000
0.999148 0.036867 0.018536 -0.000000 -0.035961 0.998246 -0.047029 9.245800 -0.020237 0.046322 0.998722 -0.512400 0.000000 0.000000 0.000000 1.000000
0.999115 0.038581 0.016764 0.000000 -0.037721 0.998092 -0.048874 9.245800 -0.018617 0.048198 0.998664 -0.512400 0.000000 0.000000 0.000000 1.000000
0.999082 0.040199 0.014794 0.000000 -0.039413 0.997967 -0.050079 9.245800 -0.016778 0.049450 0.998636 -0.512400 0.000000 0.000000 0.000000 1.000000
0.999020 0.042058 0.013820 0.000000 -0.041323 0.997908 -0.049729 9.245800 -0.015883 0.049109 0.998667 -0.512400 0.000000 0.000000 0.000000 1.000000
0.998979 0.042870 0.014269 0.000000 -0.042168 0.998038 -0.046287 9.245800 -0.016226 0.045638 0.998826 -0.512400 0.000000 0.000000 0.000000 1.000000
0.998976 0.042904 0.014389 0.000000 -0.042261 0.998208 -0.042361 9.245800 -0.016181 0.041710 0.998999 -0.512400 0.000000 0.000000 0.000000 1.000000
0.999016 0.042168 0.013756 -0.000000 -0.041624 0.998421 -0.037727 9.245800 -0.015325 0.037117 0.999193 -0.512400 0.000000 0.000000 0.000000 1.000000
0.999068 0.041245 0.012730 0.000000 -0.040814 0.998639 -0.032483 9.245800 -0.014052 0.031933 0.999391 -0.512400 0.000000 0.000000 0.000000 1.000000
0.999120 0.040166 0.012108 0.000000 -0.039820 0.998826 -0.027579 9.245800 -0.013201 0.027072 0.999546 -0.512400 0.000000 0.000000 0.000000 1.000000
0.999156 0.039375 0.011728 0.000000 -0.039083 0.998943 -0.024189 9.245800 -0.012668 0.023710 0.999639 -0.512400 0.000000 0.000000 0.000000 1.000000
0.999177 0.038825 0.011775 0.000000 -0.038559 0.999013 -0.022064 9.245800 -0.012620 0.021592 0.999687 -0.512400 0.000000 0.000000 0.000000 1.000000
0.999192 0.038218 0.012441 0.000000 -0.037953 0.999060 -0.020923 9.245800 -0.013229 0.020434 0.999704 -0.512400 0.000000 0.000000 0.000000 1.000000
0.999184 0.038027 0.013626 0.000000 -0.037726 0.999051 -0.021756 9.245800 -0.014440 0.021224 0.999670 -0.512400 0.000000 0.000000 0.000000 1.000000
0.999189 0.037793 0.013879 0.000000 -0.037435 0.998982 -0.025176 9.245800 -0.014817 0.024636 0.999587 -0.512400 0.000000 0.000000 0.000000 1.000000
0.999236 0.037246 0.011811 0.000000 -0.036858 0.998823 -0.031521 9.245800 -0.012971 0.031061 0.999433 -0.512400 0.000000 0.000000 0.000000 1.000000
0.999271 0.037176 0.008643 0.000000 -0.036806 0.998538 -0.039592 9.245800 -0.010102 0.039245 0.999179 -0.512400 0.000000 0.000000 0.000000 1.000000
0.999328 0.036028 0.006733 0.000000 -0.035675 0.998266 -0.046812 9.245800 -0.008408 0.046540 0.998881 -0.512400 0.000000 0.000000 0.000000 1.000000
0.999401 0.034274 0.004702 0.000000 -0.033984 0.998076 -0.051865 9.245800 -0.006470 0.051674 0.998643 -0.512400 0.000000 0.000000 0.000000 1.000000
0.999499 0.031422 0.003750 0.000000 -0.031173 0.998046 -0.054153 9.245800 -0.005444 0.054009 0.998526 -0.512400 0.000000 0.000000 0.000000 1.000000
0.999590 0.028616 0.001311 0.000000 -0.028504 0.998135 -0.053989 9.245800 -0.002854 0.053929 0.998541 -0.512400 0.000000 0.000000 0.000000 1.000000
0.999637 0.026930 -0.000344 0.000000 -0.026912 0.998307 -0.051556 9.245800 -0.001045 0.051547 0.998670 -0.512400 0.000000 0.000000 0.000000 1.000000
0.999643 0.026554 -0.003016 0.000000 -0.026669 0.998466 -0.048526 9.245800 0.001723 0.048590 0.998817 -0.512400 0.000000 0.000000 0.000000 1.000000
0.999645 0.026321 -0.004097 0.000000 -0.026476 0.998673 -0.044172 9.245800 0.002929 0.044264 0.999016 -0.512400 0.000000 0.000000 0.000000 1.000000
0.999650 0.026265 -0.003056 0.000000 -0.026364 0.998900 -0.038789 9.245800 0.002034 0.038856 0.999243 -0.512400 0.000000 0.000000 0.000000 1.000000
0.999648 0.026544 -0.000229 -0.000000 -0.026537 0.999082 -0.033637 9.245800 -0.000664 0.033631 0.999434 -0.512400 0.000000 0.000000 0.000000 1.000000
0.999613 0.027586 0.003577 0.000000 -0.027469 0.999184 -0.029597 9.245800 -0.004391 0.029487 0.999556 -0.512400 0.000000 0.000000 0.000000 1.000000
0.999568 0.028518 0.007124 0.000000 -0.028321 0.999252 -0.026330 9.245800 -0.007869 0.026117 0.999628 -0.512400 0.000000 0.000000 0.000000 1.000000
0.999515 0.029224 0.010734 0.000000 -0.028960 0.999294 -0.023951 9.245800 -0.011427 0.023628 0.999656 -0.512400 0.000000 0.000000 0.000000 1.000000
0.999453 0.030349 0.013109 0.000000 -0.030050 0.999296 -0.022456 9.245800 -0.013781 0.022050 0.999662 -0.512400 0.000000 0.000000 0.000000 1.000000
0.999369 0.032228 0.014904 0.000000 -0.031887 0.999238 -0.022526 9.245800 -0.015618 0.022036 0.999635 -0.512400 0.000000 0.000000 0.000000 1.000000
0.999269 0.034874 0.015631 0.000000 -0.034481 0.999099 -0.024735 9.245800 -0.016479 0.024178 0.999572 -0.512400 0.000000 0.000000 0.000000 1.000000
0.999211 0.036548 0.015523 0.000000 -0.036111 0.998968 -0.027537 9.245800 -0.016513 0.026955 0.999500 -0.512400 0.000000 0.000000 0.000000 1.000000
0.999177 0.037769 0.014782 0.000000 -0.037276 0.998782 -0.032312 9.245800 -0.015984 0.031734 0.999369 -0.512400 0.000000 0.000000 0.000000 1.000000
0.999174 0.037775 0.014998 -0.000000 -0.037211 0.998651 -0.036224 9.245800 -0.016346 0.035636 0.999231 -0.512400 0.000000 0.000000 0.000000 1.000000
0.999149 0.037898 0.016269 -0.000000 -0.037216 0.998492 -0.040349 9.245800 -0.017773 0.039709 0.999053 -0.512400 0.000000 0.000000 0.000000 1.000000
0.999111 0.038489 0.017201 0.000000 -0.037734 0.998395 -0.042231 9.245800 -0.018799 0.041545 0.998960 -0.512400 0.000000 0.000000 0.000000 1.000000
0.998960 0.041472 0.018949 -0.000000 -0.040604 0.998203 -0.044072 9.245800 -0.020743 0.043257 0.998849 -0.512400 0.000000 0.000000 0.000000 1.000000
0.998838 0.043654 0.020444 0.000000 -0.042724 0.998122 -0.043891 9.245800 -0.022322 0.042966 0.998827 -0.512400 0.000000 0.000000 0.000000 1.000000
0.998834 0.043251 0.021456 -0.000000 -0.042355 0.998278 -0.040581 9.245800 -0.023174 0.039625 0.998946 -0.512400 0.000000 0.000000 0.000000 1.000000
0.998829 0.043116 0.021945 -0.000000 -0.042298 0.998438 -0.036495 9.245800 -0.023485 0.035524 0.999093 -0.512400 0.000000 0.000000 0.000000 1.000000
0.998812 0.043491 0.021981 -0.000000 -0.042772 0.998566 -0.032185 9.245800 -0.023349 0.031206 0.999240 -0.512400 0.000000 0.000000 0.000000 1.000000
0.998796 0.043528 0.022614 0.000000 -0.042924 0.998725 -0.026551 9.245800 -0.023740 0.025549 0.999392 -0.512400 0.000000 0.000000 0.000000 1.000000
0.998799 0.043614 0.022330 0.000000 -0.043150 0.998852 -0.020822 9.245800 -0.023212 0.019834 0.999534 -0.512400 0.000000 0.000000 0.000000 1.000000
