<?xml version="1.0" encoding="utf-8"?>
<COLLADA xmlns="http://www.collada.org/2005/11/COLLADASchema" version="1.4.1">
  <asset>
    <contributor>
      <author>Mixamo</author>
      <authoring_tool>COLLADA Mixamo exporter</authoring_tool>
      <comments/>
    </contributor>
    <created>2024-07-03T21:08:57Z</created>
    <modified>2024-07-03T21:08:57Z</modified>
    <revision/>
    <title/>
    <unit meter="0.010000"/>
    <up_axis>Y_UP</up_axis>
  </asset>
  <library_animations>
    <animation>
      <source id="mixamorig_Hips-Matrix-animation-input">
        <float_array id="mixamorig_Hips-Matrix-animation-input-array" count="64">

0.000000 0.033333 0.066667 0.100000 0.133333 0.166667 0.200000 0.233333 0.266667 0.300000 0.333333 0.366667 0.400000 0.433333 0.466667 0.500000
0.533333 0.566667 0.600000 0.633333 0.666667 0.700000 0.733333 0.766667 0.800000 0.833333 0.866667 0.900000 0.933333 0.966667 1.000000 1.033333
1.066667 1.100000 1.133333 1.166667 1.200000 1.233333 1.266667 1.300000 1.333333 1.366667 1.400000 1.433333 1.466667 1.500000 1.533333 1.566667
1.600000 1.633333 1.666667 1.700000 1.733333 1.766667 1.800000 1.833333 1.866667 1.900000 1.933333 1.966667 2.000000 2.033333 2.066667 2.100000</float_array>
        <technique_common>
          <accessor source="#mixamorig_Hips-Matrix-animation-input-array" count="64">
            <param name="TIME" type="float"/>
          </accessor>
        </technique_common>
      </source>
      <source id="mixamorig_Hips-Matrix-animation-output-transform">
        <float_array id="mixamorig_Hips-Matrix-animation-output-transform-array" count="1024">

0.472945 -0.124724 -0.872220 1.263526 -0.074241 0.980769 -0.180502 78.001366 0.877959 0.150122 0.454590 0.969349 0.000000 0.000000 0.000000 1.000000
0.483314 -0.131383 -0.865532 0.965397 -0.076045 0.978637 -0.191015 77.741081 0.872138 0.158140 0.462998 0.478291 0.000000 0.000000 0.000000 1.000000
0.493179 -0.137705 -0.858960 0.653596 -0.077738 0.976465 -0.201177 77.615173 0.866448 0.165990 0.470867 -0.011721 0.000000 0.000000 0.000000 1.000000
0.500714 -0.142476 -0.853807 0.347920 -0.079379 0.974647 -0.209193 77.582512 0.861965 0.172521 0.476710 -0.489814 0.000000 0.000000 0.000000 1.000000
0.503287 -0.145307 -0.851814 0.075953 -0.080827 0.973523 -0.213824 77.630844 0.860331 0.176465 0.478217 -0.934821 0.000000 0.000000 0.000000 1.000000
0.499624 -0.148516 -0.853416 -0.148133 -0.082105 0.972639 -0.217331 77.748253 0.862343 0.178654 0.473759 -1.322718 0.000000 0.000000 0.000000 1.000000
0.495779 -0.153189 -0.854831 -0.343833 -0.081495 0.971770 -0.221409 77.911850 0.864617 0.179434 0.469299 -1.622415 0.000000 0.000000 0.000000 1.000000
0.491894 -0.154090 -0.856911 -0.529039 -0.080348 0.971980 -0.220905 78.109848 0.866940 0.177513 0.465731 -1.836937 0.000000 0.000000 0.000000 1.000000
0.486964 -0.157837 -0.859042 -0.701202 -0.078161 0.971715 -0.222846 78.309052 0.869918 0.175662 0.460854 -1.935010 0.000000 0.000000 0.000000 1.000000
0.481032 -0.159565 -0.862060 -0.823036 -0.074998 0.972203 -0.221802 78.564331 0.873489 0.171346 0.455694 -1.934268 0.000000 0.000000 0.000000 1.000000
0.476908 -0.160283 -0.864215 -0.912193 -0.071097 0.972976 -0.219689 78.853592 0.876073 0.166214 0.452625 -1.850427 0.000000 0.000000 0.000000 1.000000
0.474391 -0.164150 -0.864875 -0.970581 -0.065730 0.973114 -0.220747 79.138138 0.877857 0.161568 0.450846 -1.687312 0.000000 0.000000 0.000000 1.000000
0.472846 -0.166179 -0.865333 -0.970820 -0.061181 0.973493 -0.220381 79.357933 0.879019 0.157148 0.450145 -1.450829 0.000000 0.000000 0.000000 1.000000
0.474759 -0.164796 -0.864550 -0.963689 -0.055523 0.974749 -0.216292 79.415512 0.878363 0.150689 0.453621 -1.171943 0.000000 0.000000 0.000000 1.000000
0.480004 -0.162963 -0.861997 -0.929995 -0.049531 0.975993 -0.212096 79.324921 0.875867 0.144502 0.460409 -0.863477 0.000000 0.000000 0.000000 1.000000
0.486952 -0.158713 -0.858888 -0.902629 -0.043560 0.977715 -0.205367 79.095848 0.872342 0.137417 0.469187 -0.543689 0.000000 0.000000 0.000000 1.000000
0.493754 -0.153121 -0.856014 -0.816424 -0.037203 0.979755 -0.196715 78.792923 0.868805 0.128975 0.478062 -0.218019 0.000000 0.000000 0.000000 1.000000
0.499214 -0.145476 -0.854180 -0.714747 -0.033352 0.981849 -0.186711 78.409683 0.865837 0.121697 0.485300 0.111169 0.000000 0.000000 0.000000 1.000000
0.502167 -0.134146 -0.854303 -0.554330 -0.031677 0.984379 -0.173191 78.008064 0.864190 0.114033 0.490073 0.382898 0.000000 0.000000 0.000000 1.000000
0.505979 -0.120225 -0.854126 -0.395575 -0.030850 0.987082 -0.157215 77.700684 0.861994 0.105898 0.495734 0.607698 0.000000 0.000000 0.000000 1.000000
0.507834 -0.115122 -0.853728 -0.243430 -0.028210 0.988277 -0.150046 77.518951 0.860993 0.100282 0.498633 0.839187 0.000000 0.000000 0.000000 1.000000
0.506428 -0.122695 -0.853508 -0.090429 -0.023127 0.987536 -0.155685 77.559387 0.861972 0.098583 0.497278 1.093729 0.000000 0.000000 0.000000 1.000000
0.502482 -0.126206 -0.855327 0.045347 -0.019844 0.987344 -0.157344 77.797691 0.864360 0.096036 0.493619 1.365355 0.000000 0.000000 0.000000 1.000000
0.497068 -0.129653 -0.857971 0.196974 -0.017236 0.987104 -0.159152 78.192299 0.867541 0.093897 0.488423 1.662722 0.000000 0.000000 0.000000 1.000000
0.489077 -0.129162 -0.862624 0.370795 -0.015740 0.987507 -0.156785 78.644028 0.872099 0.090258 0.480934 1.976119 0.000000 0.000000 0.000000 1.000000
0.479358 -0.132116 -0.867618 0.536463 -0.014231 0.987304 -0.158203 79.086349 0.877504 0.088184 0.471392 2.267393 0.000000 0.000000 0.000000 1.000000
0.469465 -0.133806 -0.872753 0.718309 -0.013700 0.987228 -0.158726 79.450012 0.882845 0.086473 0.461636 2.470808 0.000000 0.000000 0.000000 1.000000
0.461554 -0.134467 -0.876862 0.882452 -0.015141 0.987107 -0.159343 79.622459 0.886983 0.086822 0.453568 2.561197 0.000000 0.000000 0.000000 1.000000
0.455098 -0.133091 -0.880439 1.029563 -0.017449 0.987244 -0.158255 79.594833 0.890270 0.087384 0.446970 2.532835 0.000000 0.000000 0.000000 1.000000
0.453238 -0.129782 -0.881891 1.096288 -0.023256 0.987286 -0.157244 79.297104 0.891086 0.091778 0.444457 2.380393 0.000000 0.000000 0.000000 1.000000
0.456086 -0.125191 -0.881086 1.079185 -0.028698 0.987472 -0.155163 78.867424 0.889473 0.096053 0.446779 2.099343 0.000000 0.000000 0.000000 1.000000
0.459312 -0.117896 -0.880416 0.993670 -0.036553 0.987805 -0.151346 78.398697 0.887523 0.101697 0.449401 1.722533 0.000000 0.000000 0.000000 1.000000
0.467370 -0.113537 -0.876741 0.918150 -0.042797 0.987651 -0.150714 77.947693 0.883025 0.107961 0.456739 1.315968 0.000000 0.000000 0.000000 1.000000
0.477429 -0.110779 -0.871659 0.817386 -0.048204 0.987225 -0.151868 77.625732 0.877347 0.114523 0.465990 0.844532 0.000000 0.000000 0.000000 1.000000
0.487036 -0.112025 -0.866168 0.748076 -0.048379 0.986757 -0.154824 77.456909 0.872041 0.117309 0.475166 0.347571 0.000000 0.000000 0.000000 1.000000
0.491433 -0.115640 -0.863204 0.664494 -0.050101 0.985750 -0.160580 77.433289 0.869473 0.122162 0.478637 -0.137263 0.000000 0.000000 0.000000 1.000000
0.492777 -0.120268 -0.861804 0.578052 -0.051422 0.984647 -0.166814 77.478867 0.868635 0.126518 0.479027 -0.597544 0.000000 0.000000 0.000000 1.000000
0.493463 -0.121149 -0.861288 0.479751 -0.052593 0.984284 -0.168582 77.601555 0.868175 0.128487 0.479336 -1.006694 0.000000 0.000000 0.000000 1.000000
0.490840 -0.121327 -0.862761 0.363849 -0.053429 0.984201 -0.168801 77.782104 0.869610 0.128951 0.476603 -1.340926 0.000000 0.000000 0.000000 1.000000
0.485711 -0.127826 -0.864723 0.260225 -0.052044 0.983266 -0.174582 78.055344 0.872569 0.129800 0.470930 -1.560537 0.000000 0.000000 0.000000 1.000000
0.478644 -0.133963 -0.867729 0.170838 -0.050826 0.982407 -0.179703 78.404396 0.876537 0.130117 0.463415 -1.668917 0.000000 0.000000 0.000000 1.000000
0.472520 -0.135741 -0.870804 0.106523 -0.050816 0.982228 -0.180684 78.777374 0.879854 0.129627 0.457225 -1.678090 0.000000 0.000000 0.000000 1.000000
0.468090 -0.136700 -0.873043 0.067733 -0.050540 0.982204 -0.180890 79.162453 0.882234 0.128796 0.452851 -1.578101 0.000000 0.000000 0.000000 1.000000
0.464327 -0.138490 -0.874769 0.045232 -0.049696 0.982069 -0.181856 79.504578 0.884268 0.127914 0.449119 -1.404490 0.000000 0.000000 0.000000 1.000000
0.461875 -0.142814 -0.875371 0.109079 -0.048860 0.981356 -0.185885 79.739555 0.885598 0.128627 0.446286 -1.141678 0.000000 0.000000 0.000000 1.000000
0.462580 -0.146069 -0.874462 0.197366 -0.049421 0.980552 -0.189934 79.766327 0.885199 0.131076 0.446365 -0.829871 0.000000 0.000000 0.000000 1.000000
0.468937 -0.142817 -0.871609 0.325721 -0.051677 0.980713 -0.188497 79.610298 0.881719 0.133435 0.452512 -0.456479 0.000000 0.000000 0.000000 1.000000
0.476643 -0.141282 -0.867670 0.435335 -0.053019 0.980585 -0.188793 79.352905 0.877497 0.135990 0.459898 -0.049768 0.000000 0.000000 0.000000 1.000000
0.484397 -0.137776 -0.863931 0.571113 -0.053427 0.981019 -0.186405 79.025826 0.873215 0.136451 0.467842 0.389974 0.000000 0.000000 0.000000 1.000000
0.488774 -0.131770 -0.862402 0.756333 -0.052876 0.982236 -0.180048 78.717766 0.870807 0.133603 0.473124 0.865086 0.000000 0.000000 0.000000 1.000000
0.488460 -0.127845 -0.863170 0.954466 -0.050816 0.983362 -0.174403 78.479645 0.871106 0.129052 0.473836 1.349077 0.000000 0.000000 0.000000 1.000000
0.485410 -0.124561 -0.865368 1.199862 -0.050214 0.984193 -0.169831 78.411766 0.872843 0.125891 0.471483 1.855964 0.000000 0.000000 0.000000 1.000000
0.481671 -0.119630 -0.868148 1.431335 -0.051408 0.985076 -0.164265 78.494194 0.874843 0.123752 0.468333 2.305456 0.000000 0.000000 0.000000 1.000000
0.476580 -0.118398 -0.871122 1.640012 -0.054588 0.984992 -0.163739 78.634636 0.877435 0.125588 0.462964 2.722639 0.000000 0.000000 0.000000 1.000000
0.470402 -0.114393 -0.875006 1.787735 -0.059134 0.985247 -0.160595 78.811684 0.880468 0.127287 0.456698 3.069144 0.000000 0.000000 0.000000 1.000000
0.466364 -0.114267 -0.877182 1.868463 -0.061709 0.985004 -0.161120 79.017311 0.882438 0.129270 0.452319 3.279231 0.000000 0.000000 0.000000 1.000000
0.463412 -0.114619 -0.878699 1.896989 -0.064464 0.984612 -0.162432 79.114738 0.883795 0.131918 0.448892 3.347178 0.000000 0.000000 0.000000 1.000000
0.460873 -0.115908 -0.879864 1.867040 -0.065316 0.984316 -0.163881 79.179878 0.885059 0.132997 0.446074 3.279222 0.000000 0.000000 0.000000 1.000000
0.457979 -0.115393 -0.881442 1.849388 -0.067934 0.984097 -0.164130 79.121735 0.886363 0.135048 0.442857 3.065976 0.000000 0.000000 0.000000 1.000000
0.456156 -0.114668 -0.882481 1.827555 -0.068270 0.984232 -0.163178 78.974686 0.887277 0.134681 0.441135 2.745753 0.000000 0.000000 0.000000 1.000000
0.453471 -0.112992 -0.884079 1.799399 -0.069386 0.984445 -0.161410 78.753563 0.888566 0.134538 0.438578 2.343271 0.000000 0.000000 0.000000 1.000000
0.455753 -0.114067 -0.882767 1.722139 -0.070663 0.983988 -0.163628 78.522263 0.887297 0.136952 0.440395 1.915698 0.000000 0.000000 0.000000 1.000000
0.463095 -0.118510 -0.878350 1.533236 -0.072379 0.982654 -0.170743 78.266129 0.883348 0.142644 0.446484 1.455026 0.000000 0.000000 0.000000 1.000000
0.472691 -0.124561 -0.872381 1.270617 -0.074200 0.980819 -0.180248 78.007797 0.878099 0.149932 0.454382 0.981315 0.000000 0.000000 0.000000 1.000000</float_array>
        <technique_common>
          <accessor source="#mixamorig_Hips-Matrix-animation-output-transform-array" count="64" stride="16">
            <param type="float4x4"/>
          </accessor>
        </technique_common>
      </source>
      <source id="mixamorig_Hips-Interpolations">
        <Name_array id="mixamorig_Hips-Interpolations-array" count="64">
 LINEAR LINEAR LINEAR LINEAR LINEAR LINEAR LINEAR LINEAR LINEAR LINEAR LINEAR
LINEAR LINEAR LINEAR LINEAR LINEAR LINEAR LINEAR LINEAR LINEAR LINEAR LINEAR LINEAR
LINEAR LINEAR LINEAR LINEAR LINEAR LINEAR LINEAR LINEAR LINEAR LINEAR LINEAR LINEAR
LINEAR LINEAR LINEAR LINEAR LINEAR LINEAR LINEAR LINEAR LINEAR LINEAR LINEAR LINEAR
LINEAR LINEAR LINEAR LINEAR LINEAR LINEAR LINEAR LINEAR LINEAR LINEAR LINEAR LINEAR
LINEAR LINEAR LINEAR LINEAR LINEAR</Name_array>
        <technique_common>
          <accessor source="#mixamorig_Hips-Interpolations-array" count="64">
            <param type="name"/>
          </accessor>
        </technique_common>
      </source>
      <sampler id="mixamorig_Hips-Matrix-animation-transform">
        <input semantic="INPUT" source="#mixamorig_Hips-Matrix-animation-input"/>
        <input semantic="OUTPUT" source="#mixamorig_Hips-Matrix-animation-output-transform"/>
        <input semantic="INTERPOLATION" source="#mixamorig_Hips-Interpolations"/>
      </sampler>
      <channel source="#mixamorig_Hips-Matrix-animation-transform" target="mixamorig_Hips/matrix"/>
      <source id="mixamorig_Spine-Matrix-animation-input">
        <float_array id="mixamorig_Spine-Matrix-animation-input-array" count="64">

0.000000 0.033333 0.066667 0.100000 0.133333 0.166667 0.200000 0.233333 0.266667 0.300000 0.333333 0.366667 0.400000 0.433333 0.466667 0.500000
0.533333 0.566667 0.600000 0.633333 0.666667 0.700000 0.733333 0.766667 0.800000 0.833333 0.866667 0.900000 0.933333 0.966667 1.000000 1.033333
1.066667 1.100000 1.133333 1.166667 1.200000 1.233333 1.266667 1.300000 1.333333 1.366667 1.400000 1.433333 1.466667 1.500000 1.533333 1.566667
1.600000 1.633333 1.666667 1.700000 1.733333 1.766667 1.800000 1.833333 1.866667 1.900000 1.933333 1.966667 2.000000 2.033333 2.066667 2.100000</float_array>
        <technique_common>
          <accessor source="#mixamorig_Spine-Matrix-animation-input-array" count="64">
            <param name="TIME" type="float"/>
          </accessor>
        </technique_common>
      </source>
      <source id="mixamorig_Spine-Matrix-animation-output-transform">
        <float_array id="mixamorig_Spine-Matrix-animation-output-transform-array" count="1024">

0.995489 -0.090156 -0.029547 0.000000 0.091403 0.994841 0.044012 10.682200 0.025427 -0.046514 0.998594 -0.867500 0.000000 0.000000 0.000000 1.000000
0.995507 -0.090103 -0.029099 0.000000 0.091407 0.994699 0.047110 10.682200 0.024700 -0.049559 0.998466 -0.867500 0.000000 0.000000 0.000000 1.000000
0.995475 -0.090203 -0.029866 -0.000000 0.091566 0.994644 0.047941 10.682200 0.025382 -0.050459 0.998404 -0.867500 0.000000 0.000000 0.000000 1.000000
0.995355 -0.091058 -0.031268 0.000000 0.092485 0.994570 0.047724 10.682200 0.026753 -0.050394 0.998371 -0.867500 0.000000 0.000000 0.000000 1.000000
0.995156 -0.093065 -0.031691 0.000000 0.094488 0.994423 0.046841 10.682200 0.027155 -0.049608 0.998400 -0.867500 0.000000 0.000000 0.000000 1.000000
0.995032 -0.094288 -0.031952 -0.000000 0.095727 0.994299 0.046960 10.682200 0.027342 -0.049785 0.998386 -0.867500 0.000000 0.000000 0.000000 1.000000
0.994906 -0.095313 -0.032827 0.000000 0.096836 0.994120 0.048457 10.682200 0.028016 -0.051389 0.998286 -0.867500 0.000000 0.000000 0.000000 1.000000
0.994776 -0.096387 -0.033622 -0.000000 0.097928 0.994050 0.047690 10.682200 0.028825 -0.050734 0.998296 -0.867500 0.000000 0.000000 0.000000 1.000000
0.994593 -0.097971 -0.034457 0.000000 0.099611 0.993789 0.049619 10.682200 0.029382 -0.052783 0.998174 -0.867500 0.000000 0.000000 0.000000 1.000000
0.994335 -0.100422 -0.034826 0.000000 0.102082 0.993533 0.049712 10.682200 0.029608 -0.052986 0.998156 -0.867500 0.000000 0.000000 0.000000 1.000000
0.994161 -0.102099 -0.034924 0.000000 0.103752 0.993378 0.049354 10.682200 0.029654 -0.052689 0.998171 -0.867500 0.000000 0.000000 0.000000 1.000000
0.994147 -0.102303 -0.034715 0.000000 0.104002 0.993255 0.051272 10.682200 0.029235 -0.054582 0.998081 -0.867500 0.000000 0.000000 0.000000 1.000000
0.994170 -0.102131 -0.034560 -0.000000 0.103852 0.993215 0.052332 10.682200 0.028980 -0.055616 0.998032 -0.867500 0.000000 0.000000 0.000000 1.000000
0.994339 -0.100389 -0.034821 -0.000000 0.102121 0.993404 0.052160 10.682200 0.029355 -0.055420 0.998032 -0.867500 0.000000 0.000000 0.000000 1.000000
0.994655 -0.097047 -0.035263 0.000000 0.098807 0.993739 0.052155 10.682200 0.029981 -0.055360 0.998016 -0.867500 0.000000 0.000000 0.000000 1.000000
0.994935 -0.093885 -0.035917 0.000000 0.095660 0.994086 0.051411 10.682200 0.030878 -0.054587 0.998031 -0.867500 0.000000 0.000000 0.000000 1.000000
0.995051 -0.092247 -0.036935 0.000000 0.094020 0.994336 0.049557 10.682200 0.032154 -0.052784 0.998088 -0.867500 0.000000 0.000000 0.000000 1.000000
0.995013 -0.092330 -0.037748 -0.000000 0.094116 0.994372 0.048638 10.682200 0.033045 -0.051948 0.998103 -0.867500 0.000000 0.000000 0.000000 1.000000
0.995080 -0.091298 -0.038477 -0.000000 0.093046 0.994581 0.046374 10.682200 0.034034 -0.049726 0.998183 -0.867500 0.000000 0.000000 0.000000 1.000000
0.995314 -0.088401 -0.039186 -0.000000 0.090062 0.995012 0.042884 10.682200 0.035200 -0.046213 0.998311 -0.867500 0.000000 0.000000 0.000000 1.000000
0.995524 -0.085868 -0.039483 0.000000 0.087479 0.995320 0.041049 10.682200 0.035773 -0.044320 0.998377 -0.867500 0.000000 0.000000 0.000000 1.000000
0.995702 -0.084086 -0.038808 0.000000 0.085735 0.995390 0.042985 10.682200 0.035015 -0.046128 0.998322 -0.867500 0.000000 0.000000 0.000000 1.000000
0.995771 -0.083577 -0.038142 -0.000000 0.085174 0.995464 0.042388 10.682200 0.034426 -0.045457 0.998373 -0.867500 0.000000 0.000000 0.000000 1.000000
0.995709 -0.084500 -0.037736 0.000000 0.086132 0.995314 0.043956 10.682200 0.033845 -0.047017 0.998321 -0.867500 0.000000 0.000000 0.000000 1.000000
0.995511 -0.086943 -0.037400 0.000000 0.088536 0.995132 0.043293 10.682200 0.033454 -0.046410 0.998362 -0.867500 0.000000 0.000000 0.000000 1.000000
0.995383 -0.088648 -0.036787 0.000000 0.090257 0.994917 0.044645 10.682200 0.032642 -0.047759 0.998325 -0.867500 0.000000 0.000000 0.000000 1.000000
0.995400 -0.088783 -0.036009 0.000000 0.090337 0.994934 0.044117 10.682200 0.031910 -0.047167 0.998377 -0.867500 0.000000 0.000000 0.000000 1.000000
0.995463 -0.088372 -0.035281 0.000000 0.089887 0.994982 0.043940 10.682200 0.031221 -0.046912 0.998411 -0.867500 0.000000 0.000000 0.000000 1.000000
0.995637 -0.086867 -0.034065 0.000000 0.088283 0.995186 0.042549 10.682200 0.030205 -0.045371 0.998513 -0.867500 0.000000 0.000000 0.000000 1.000000
0.995733 -0.086078 -0.033253 0.000000 0.087431 0.995301 0.041611 10.682200 0.029515 -0.044340 0.998580 -0.867500 0.000000 0.000000 0.000000 1.000000
0.995904 -0.084048 -0.033330 -0.000000 0.085367 0.995533 0.040340 10.682200 0.029791 -0.043020 0.998630 -0.867500 0.000000 0.000000 0.000000 1.000000
0.995965 -0.083405 -0.033131 0.000000 0.084645 0.995687 0.037971 10.682200 0.029821 -0.040622 0.998729 -0.867500 0.000000 0.000000 0.000000 1.000000
0.995781 -0.085263 -0.033919 0.000000 0.086519 0.995545 0.037470 10.682200 0.030573 -0.040246 0.998722 -0.867500 0.000000 0.000000 0.000000 1.000000
0.995568 -0.087106 -0.035445 0.000000 0.088416 0.995387 0.037245 10.682200 0.032037 -0.040214 0.998677 -0.867500 0.000000 0.000000 0.000000 1.000000
0.995444 -0.088021 -0.036646 -0.000000 0.089366 0.995317 0.036836 10.682200 0.033233 -0.039943 0.998649 -0.867500 0.000000 0.000000 0.000000 1.000000
0.995206 -0.090660 -0.036677 0.000000 0.092008 0.995074 0.036917 10.682200 0.033150 -0.040114 0.998645 -0.867500 0.000000 0.000000 0.000000 1.000000
0.995032 -0.092387 -0.037100 0.000000 0.093758 0.994904 0.037094 10.682200 0.033484 -0.040389 0.998623 -0.867500 0.000000 0.000000 0.000000 1.000000
0.994679 -0.095769 -0.037961 0.000000 0.097130 0.994628 0.035789 10.682200 0.034329 -0.039286 0.998638 -0.867500 0.000000 0.000000 0.000000 1.000000
0.994341 -0.098912 -0.038754 0.000000 0.100260 0.994362 0.034515 10.682200 0.035122 -0.038205 0.998653 -0.867500 0.000000 0.000000 0.000000 1.000000
0.994037 -0.101668 -0.039410 0.000000 0.103138 0.993969 0.037256 10.682200 0.035384 -0.041099 0.998528 -0.867500 0.000000 0.000000 0.000000 1.000000
0.993711 -0.104838 -0.039341 0.000000 0.106378 0.993546 0.039362 10.682200 0.034960 -0.043300 0.998450 -0.867500 0.000000 0.000000 0.000000 1.000000
0.993279 -0.108380 -0.040628 0.000000 0.109959 0.993176 0.038866 10.682200 0.036139 -0.043072 0.998418 -0.867500 0.000000 0.000000 0.000000 1.000000
0.992716 -0.112858 -0.042168 -0.000000 0.114473 0.992697 0.038070 10.682200 0.037564 -0.042620 0.998385 -0.867500 0.000000 0.000000 0.000000 1.000000
0.992302 -0.116498 -0.042017 0.000000 0.118101 0.992277 0.037934 10.682200 0.037273 -0.042605 0.998396 -0.867500 0.000000 0.000000 0.000000 1.000000
0.992006 -0.119270 -0.041204 0.000000 0.120892 0.991883 0.039400 10.682200 0.036170 -0.044066 0.998374 -0.867500 0.000000 0.000000 0.000000 1.000000
0.992161 -0.118329 -0.040194 -0.000000 0.119999 0.991884 0.042026 10.682200 0.034895 -0.046520 0.998308 -0.867500 0.000000 0.000000 0.000000 1.000000
0.992385 -0.116594 -0.039731 0.000000 0.118225 0.992119 0.041516 10.682200 0.034577 -0.045897 0.998348 -0.867500 0.000000 0.000000 0.000000 1.000000
0.992852 -0.112685 -0.039329 0.000000 0.114352 0.992506 0.043084 10.682200 0.034180 -0.047273 0.998297 -0.867500 0.000000 0.000000 0.000000 1.000000
0.993334 -0.108310 -0.039443 0.000000 0.109996 0.992983 0.043428 10.682200 0.034462 -0.047477 0.998278 -0.867500 0.000000 0.000000 0.000000 1.000000
0.993724 -0.104532 -0.039812 0.000000 0.106177 0.993471 0.041739 10.682200 0.035190 -0.045704 0.998335 -0.867500 0.000000 0.000000 0.000000 1.000000
0.994239 -0.099631 -0.039531 0.000000 0.101215 0.994048 0.040302 10.682200 0.035280 -0.044071 0.998405 -0.867500 0.000000 0.000000 0.000000 1.000000
0.994514 -0.096972 -0.039221 0.000000 0.098500 0.994368 0.039103 10.682200 0.035208 -0.042752 0.998465 -0.867500 0.000000 0.000000 0.000000 1.000000
0.994646 -0.095771 -0.038834 0.000000 0.097222 0.994561 0.037360 10.682200 0.035045 -0.040936 0.998547 -0.867500 0.000000 0.000000 0.000000 1.000000
0.994580 -0.096822 -0.037901 0.000000 0.098279 0.994408 0.038662 10.682200 0.033946 -0.042177 0.998533 -0.867500 0.000000 0.000000 0.000000 1.000000
0.994442 -0.098569 -0.037007 0.000000 0.099952 0.994282 0.037590 10.682200 0.033090 -0.041080 0.998608 -0.867500 0.000000 0.000000 0.000000 1.000000
0.994497 -0.098203 -0.036485 0.000000 0.099590 0.994288 0.038372 10.682200 0.032508 -0.041795 0.998597 -0.867500 0.000000 0.000000 0.000000 1.000000
0.994557 -0.097977 -0.035438 0.000000 0.099355 0.994269 0.039460 10.682200 0.031368 -0.042766 0.998593 -0.867500 0.000000 0.000000 0.000000 1.000000
0.994828 -0.095772 -0.033851 -0.000000 0.097139 0.994412 0.041340 10.682200 0.029702 -0.044414 0.998572 -0.867500 0.000000 0.000000 0.000000 1.000000
0.995030 -0.094166 -0.032359 0.000000 0.095475 0.994561 0.041617 10.682200 0.028264 -0.044500 0.998609 -0.867500 0.000000 0.000000 0.000000 1.000000
0.995275 -0.091784 -0.031678 0.000000 0.093052 0.994809 0.041188 10.682200 0.027733 -0.043941 0.998649 -0.867500 0.000000 0.000000 0.000000 1.000000
0.995424 -0.090082 -0.031887 0.000000 0.091287 0.995077 0.038582 10.682200 0.028255 -0.041316 0.998747 -0.867500 0.000000 0.000000 0.000000 1.000000
0.995370 -0.090569 -0.032188 0.000000 0.091764 0.995063 0.037813 10.682200 0.028604 -0.040591 0.998766 -0.867500 0.000000 0.000000 0.000000 1.000000
0.995371 -0.090923 -0.031152 -0.000000 0.092136 0.994943 0.039995 10.682200 0.027358 -0.042680 0.998714 -0.867500 0.000000 0.000000 0.000000 1.000000
0.995603 -0.088980 -0.029282 0.000000 0.090215 0.994952 0.043954 10.682200 0.025223 -0.046402 0.998604 -0.867500 0.000000 0.000000 0.000000 1.000000</float_array>
        <technique_common>
          <accessor source="#mixamorig_Spine-Matrix-animation-output-transform-array" count="64" stride="16">
            <param type="float4x4"/>
          </accessor>
        </technique_common>
      </source>
      <source id="mixamorig_Spine-Interpolations">
        <Name_array id="mixamorig_Spine-Interpolations-array" count="64">
 LINEAR LINEAR LINEAR LINEAR LINEAR LINEAR LINEAR LINEAR LINEAR LINEAR LINEAR
LINEAR LINEAR LINEAR LINEAR LINEAR LINEAR LINEAR LINEAR LINEAR LINEAR LINEAR LINEAR
LINEAR LINEAR LINEAR LINEAR LINEAR LINEAR LINEAR LINEAR LINEAR LINEAR LINEAR LINEAR
LINEAR LINEAR LINEAR LINEAR LINEAR LINEAR LINEAR LINEAR LINEAR LINEAR LINEAR LINEAR
LINEAR LINEAR LINEAR LINEAR LINEAR LINEAR LINEAR LINEAR LINEAR LINEAR LINEAR LINEAR
LINEAR LINEAR LINEAR LINEAR LINEAR</Name_array>
        <technique_common>
          <accessor source="#mixamorig_Spine-Interpolations-array" count="64">
            <param type="name"/>
          </accessor>
        </technique_common>
      </source>
      <sampler id="mixamorig_Spine-Matrix-animation-transform">
        <input semantic="INPUT" source="#mixamorig_Spine-Matrix-animation-input"/>
        <input semantic="OUTPUT" source="#mixamorig_Spine-Matrix-animation-output-transform"/>
        <input semantic="INTERPOLATION" source="#mixamorig_Spine-Interpolations"/>
      </sampler>
      <channel source="#mixamorig_Spine-Matrix-animation-transform" target="mixamorig_Spine/matrix"/>
      <source id="mixamorig_Spine1-Matrix-animation-input">
        <float_array id="mixamorig_Spine1-Matrix-animation-input-array" count="64">

0.000000 0.033333 0.066667 0.100000 0.133333 0.166667 0.200000 0.233333 0.266667 0.300000 0.333333 0.366667 0.400000 0.433333 0.466667 0.500000
0.533333 0.566667 0.600000 0.633333 0.666667 0.700000 0.733333 0.766667 0.800000 0.833333 0.866667 0.900000 0.933333 0.966667 1.000000 1.033333
1.066667 1.100000 1.133333 1.166667 1.200000 1.233333 1.266667 1.300000 1.333333 1.366667 1.400000 1.433333 1.466667 1.500000 1.533333 1.566667
1.600000 1.633333 1.666667 1.700000 1.733333 1.766667 1.800000 1.833333 1.866667 1.900000 1.933333 1.966667 2.000000 2.033333 2.066667 2.100000</float_array>
        <technique_common>
          <accessor source="#mixamorig_Spine1-Matrix-animation-input-array" count="64">
            <param name="TIME" type="float"/>
          </accessor>
        </technique_common>
      </source>
      <source id="mixamorig_Spine1-Matrix-animation-output-transform">
        <float_array id="mixamorig_Spine1-Matrix-animation-output-transform-array" count="1024">

0.998704 -0.050887 0.000725 0.000000 0.050577 0.990834 -0.125263 12.503600 0.005656 0.125137 0.992123 0.000000 0.000000 0.000000 0.000000 1.000000
0.998912 -0.046645 0.000087 0.000000 0.046318 0.991667 -0.120209 12.503600 0.005521 0.120082 0.992749 0.000000 0.000000 0.000000 0.000000 1.000000
0.999033 -0.043911 -0.002368 0.000000 0.043311 0.991836 -0.119941 12.503600 0.007616 0.119722 0.992778 -0.000000 0.000000 0.000000 0.000000 1.000000
0.999084 -0.042401 -0.005714 0.000000 0.041387 0.991649 -0.122145 12.503600 0.010845 0.121797 0.992496 -0.000000 0.000000 0.000000 0.000000 1.000000
0.999102 -0.041587 -0.008123 -0.000000 0.040272 0.991568 -0.123172 12.503600 0.013177 0.122734 0.992352 0.000000 0.000000 0.000000 0.000000 1.000000
0.999070 -0.041932 -0.010038 0.000000 0.040385 0.991613 -0.122773 12.503600 0.015102 0.122253 0.992384 0.000000 0.000000 0.000000 0.000000 1.000000
0.999083 -0.040686 -0.013307 0.000000 0.038794 0.991975 -0.120333 12.503600 0.018096 0.119706 0.992644 0.000000 0.000000 0.000000 0.000000 1.000000
0.999072 -0.039880 -0.016245 0.000000 0.037647 0.992050 -0.120083 12.503600 0.020904 0.119360 0.992631 0.000000 0.000000 0.000000 0.000000 1.000000
0.998981 -0.040926 -0.019018 -0.000000 0.038424 0.992365 -0.117200 12.503600 0.023670 0.116350 0.992926 -0.000000 0.000000 0.000000 0.000000 1.000000
0.998895 -0.042245 -0.020605 -0.000000 0.039574 0.992436 -0.116211 12.503600 0.025358 0.115267 0.993011 -0.000000 0.000000 0.000000 0.000000 1.000000
0.998810 -0.043615 -0.021807 -0.000000 0.040799 0.992393 -0.116156 12.503600 0.026707 0.115129 0.992992 -0.000000 0.000000 0.000000 0.000000 1.000000
0.998804 -0.043851 -0.021615 0.000000 0.041133 0.992718 -0.113223 12.503600 0.026422 0.112199 0.993334 0.000000 0.000000 0.000000 0.000000 1.000000
0.998735 -0.045722 -0.020906 0.000000 0.043133 0.992895 -0.110904 12.503600 0.025828 0.109862 0.993611 0.000000 0.000000 0.000000 0.000000 1.000000
0.998718 -0.046718 -0.019505 0.000000 0.044264 0.992784 -0.111452 12.503600 0.024571 0.110446 0.993578 0.000000 0.000000 0.000000 0.000000 1.000000
0.998730 -0.046908 -0.018393 -0.000000 0.044554 0.992664 -0.112395 12.503600 0.023531 0.111432 0.993493 0.000000 0.000000 0.000000 0.000000 1.000000
0.998744 -0.047299 -0.016556 0.000000 0.045096 0.992376 -0.114705 12.503600 0.021855 0.113814 0.993262 -0.000000 0.000000 0.000000 0.000000 1.000000
0.998535 -0.051982 -0.015003 0.000000 0.049856 0.991757 -0.118040 12.503600 0.021016 0.117119 0.992896 0.000000 0.000000 0.000000 0.000000 1.000000
0.998085 -0.060433 -0.013205 -0.000000 0.058391 0.990887 -0.121379 12.503600 0.020420 0.120376 0.992518 0.000000 0.000000 0.000000 0.000000 1.000000
0.997913 -0.063473 -0.011873 0.000000 0.061480 0.990132 -0.125932 12.503600 0.019749 0.124940 0.991968 -0.000000 0.000000 0.000000 0.000000 1.000000
0.997952 -0.063071 -0.010690 0.000000 0.061101 0.989271 -0.132699 12.503600 0.018945 0.131774 0.991099 0.000000 0.000000 0.000000 0.000000 1.000000
0.998019 -0.062055 -0.010326 -0.000000 0.060073 0.988839 -0.136340 12.503600 0.018671 0.135450 0.990608 0.000000 0.000000 0.000000 0.000000 1.000000
0.998153 -0.060055 -0.009135 0.000000 0.058306 0.989357 -0.133314 12.503600 0.017044 0.132535 0.991032 -0.000000 0.000000 0.000000 0.000000 1.000000
0.998207 -0.059269 -0.008346 0.000000 0.057633 0.989406 -0.133247 12.503600 0.016155 0.132528 0.991048 0.000000 0.000000 0.000000 0.000000 1.000000
0.998216 -0.059064 -0.008751 0.000000 0.057413 0.989718 -0.131006 12.503600 0.016398 0.130270 0.991343 0.000000 0.000000 0.000000 0.000000 1.000000
0.998134 -0.060243 -0.009979 0.000000 0.058422 0.989665 -0.130956 12.503600 0.017765 0.130129 0.991338 -0.000000 0.000000 0.000000 0.000000 1.000000
0.998100 -0.060772 -0.010156 0.000000 0.058965 0.989926 -0.128723 12.503600 0.017876 0.127880 0.991629 0.000000 0.000000 0.000000 0.000000 1.000000
0.998126 -0.060425 -0.009610 0.000000 0.058702 0.990035 -0.128002 12.503600 0.017249 0.127198 0.991727 0.000000 0.000000 0.000000 0.000000 1.000000
0.998175 -0.059743 -0.008812 0.000000 0.058134 0.990122 -0.127588 12.503600 0.016348 0.126842 0.991788 0.000000 0.000000 0.000000 0.000000 1.000000
0.998312 -0.057690 -0.006743 0.000000 0.056345 0.990082 -0.128695 12.503600 0.014100 0.128098 0.991661 -0.000000 0.000000 0.000000 0.000000 1.000000
0.998398 -0.056389 -0.004665 0.000000 0.055304 0.989947 -0.130176 12.503600 0.011959 0.129710 0.991480 0.000000 0.000000 0.000000 0.000000 1.000000
0.998548 -0.053702 -0.004185 0.000000 0.052672 0.989744 -0.132788 12.503600 0.011273 0.132375 0.991136 -0.000000 0.000000 0.000000 0.000000 1.000000
0.998634 -0.052147 -0.003167 0.000000 0.051227 0.989302 -0.136592 12.503600 0.010256 0.136243 0.990622 0.000000 0.000000 0.000000 0.000000 1.000000
0.998676 -0.051267 -0.004185 0.000000 0.050193 0.989069 -0.138647 12.503600 0.011248 0.138253 0.990333 0.000000 0.000000 0.000000 0.000000 1.000000
0.998605 -0.052423 -0.006390 0.000000 0.051015 0.988838 -0.139990 12.503600 0.013657 0.139469 0.990132 0.000000 0.000000 0.000000 0.000000 1.000000
0.998620 -0.051801 -0.008592 0.000000 0.050067 0.988672 -0.141494 12.503600 0.015824 0.140869 0.989902 0.000000 0.000000 0.000000 0.000000 1.000000
0.998607 -0.052006 -0.008945 0.000000 0.050218 0.988638 -0.141680 12.503600 0.016211 0.141033 0.989872 0.000000 0.000000 0.000000 0.000000 1.000000
0.998559 -0.052607 -0.010627 0.000000 0.050577 0.988633 -0.141587 12.503600 0.017954 0.140845 0.989869 0.000000 0.000000 0.000000 0.000000 1.000000
0.998492 -0.053279 -0.013204 0.000000 0.050853 0.988429 -0.142903 12.503600 0.020665 0.142016 0.989649 0.000000 0.000000 0.000000 0.000000 1.000000
0.998391 -0.054409 -0.015960 0.000000 0.051562 0.988280 -0.143677 12.503600 0.023591 0.142623 0.989496 0.000000 0.000000 0.000000 0.000000 1.000000
0.998275 -0.055501 -0.019154 0.000000 0.052282 0.988745 -0.140179 12.503600 0.026718 0.138936 0.989941 0.000000 0.000000 0.000000 0.000000 1.000000
0.998082 -0.058217 -0.021049 0.000000 0.054820 0.989142 -0.136358 12.503600 0.028759 0.134943 0.990436 0.000000 0.000000 0.000000 0.000000 1.000000
0.997745 -0.062487 -0.024500 0.000000 0.058593 0.988952 -0.136167 12.503600 0.032738 0.134424 0.990383 0.000000 0.000000 0.000000 0.000000 1.000000
0.997325 -0.067866 -0.027159 -0.000000 0.063525 0.988487 -0.137321 12.503600 0.036166 0.135228 0.990154 0.000000 0.000000 0.000000 0.000000 1.000000
0.996827 -0.075034 -0.026562 0.000000 0.070700 0.987961 -0.137604 12.503600 0.036568 0.135289 0.990131 -0.000000 0.000000 0.000000 0.000000 1.000000
0.996417 -0.080826 -0.024909 0.000000 0.076800 0.988027 -0.133808 12.503600 0.035426 0.131415 0.990694 -0.000000 0.000000 0.000000 0.000000 1.000000
0.996269 -0.083424 -0.022088 0.000000 0.079887 0.988344 -0.129595 12.503600 0.032642 0.127347 0.991321 -0.000000 0.000000 0.000000 0.000000 1.000000
0.996215 -0.084640 -0.019804 0.000000 0.081386 0.988226 -0.129558 12.503600 0.030536 0.127456 0.991374 0.000000 0.000000 0.000000 0.000000 1.000000
0.996352 -0.083658 -0.016847 0.000000 0.080834 0.988481 -0.127953 12.503600 0.027357 0.126124 0.991637 0.000000 0.000000 0.000000 0.000000 1.000000
0.996468 -0.082634 -0.014923 0.000000 0.080063 0.988554 -0.127870 12.503600 0.025319 0.126224 0.991679 -0.000000 0.000000 0.000000 0.000000 1.000000
0.996595 -0.081391 -0.013180 -0.000000 0.078975 0.988226 -0.131040 12.503600 0.023690 0.129553 0.991289 0.000000 0.000000 0.000000 0.000000 1.000000
0.996813 -0.079026 -0.010923 -0.000000 0.076862 0.988015 -0.133857 12.503600 0.021370 0.132591 0.990940 0.000000 0.000000 0.000000 0.000000 1.000000
0.996909 -0.077979 -0.009536 0.000000 0.075963 0.987781 -0.136082 12.503600 0.020031 0.134937 0.990652 0.000000 0.000000 0.000000 0.000000 1.000000
0.997010 -0.076822 -0.008342 0.000000 0.074934 0.987538 -0.138399 12.503600 0.018870 0.137360 0.990341 0.000000 0.000000 0.000000 0.000000 1.000000
0.997020 -0.076725 -0.008031 0.000000 0.074911 0.987766 -0.136769 12.503600 0.018426 0.135760 0.990570 -0.000000 0.000000 0.000000 0.000000 1.000000
0.997043 -0.076477 -0.007482 -0.000000 0.074719 0.987620 -0.137929 12.503600 0.017938 0.136963 0.990414 -0.000000 0.000000 0.000000 0.000000 1.000000
0.997199 -0.074421 -0.007426 0.000000 0.072714 0.987949 -0.136634 12.503600 0.017505 0.135712 0.990594 0.000000 0.000000 0.000000 0.000000 1.000000
0.997335 -0.072658 -0.006539 -0.000000 0.071132 0.988437 -0.133916 12.503600 0.016194 0.133094 0.990971 0.000000 0.000000 0.000000 0.000000 1.000000
0.997596 -0.069143 -0.004733 -0.000000 0.067938 0.989135 -0.130371 12.503600 0.013696 0.129736 0.991454 0.000000 0.000000 0.000000 0.000000 1.000000
0.997925 -0.064335 -0.002630 0.000000 0.063460 0.989624 -0.128909 12.503600 0.010896 0.128475 0.991653 0.000000 0.000000 0.000000 0.000000 1.000000
0.998199 -0.059982 -0.001381 0.000000 0.059294 0.989743 -0.129971 12.503600 0.009163 0.129655 0.991517 0.000000 0.000000 0.000000 0.000000 1.000000
0.998248 -0.059145 -0.001628 -0.000000 0.058398 0.989315 -0.133584 12.503600 0.009511 0.133255 0.991036 0.000000 0.000000 0.000000 0.000000 1.000000
0.998287 -0.058474 -0.001775 0.000000 0.057695 0.989106 -0.135430 12.503600 0.009675 0.135096 0.990785 -0.000000 0.000000 0.000000 0.000000 1.000000
0.998442 -0.055794 -0.000465 0.000000 0.055244 0.989696 -0.132097 12.503600 0.007830 0.131865 0.991237 -0.000000 0.000000 0.000000 0.000000 1.000000
0.998741 -0.050165 0.000780 0.000000 0.049867 0.990849 -0.125427 12.503600 0.005519 0.125308 0.992103 -0.000000 0.000000 0.000000 0.000000 1.000000</float_array>
        <technique_common>
          <accessor source="#mixamorig_Spine1-Matrix-animation-output-transform-array" count="64" stride="16">
            <param type="float4x4"/>
          </accessor>
        </technique_common>
      </source>
      <source id="mixamorig_Spine1-Interpolations">
        <Name_array id="mixamorig_Spine1-Interpolations-array" count="64">
 LINEAR LINEAR LINEAR LINEAR LINEAR LINEAR LINEAR LINEAR LINEAR LINEAR LINEAR
LINEAR LINEAR LINEAR LINEAR LINEAR LINEAR LINEAR LINEAR LINEAR LINEAR LINEAR LINEAR
LINEAR LINEAR LINEAR LINEAR LINEAR LINEAR LINEAR LINEAR LINEAR LINEAR LINEAR LINEAR
LINEAR LINEAR LINEAR LINEAR LINEAR LINEAR LINEAR LINEAR LINEAR LINEAR LINEAR LINEAR
LINEAR LINEAR LINEAR LINEAR LINEAR LINEAR LINEAR LINEAR LINEAR LINEAR LINEAR LINEAR
LINEAR LINEAR LINEAR LINEAR LINEAR</Name_array>
        <technique_common>
          <accessor source="#mixamorig_Spine1-Interpolations-array" count="64">
            <param type="name"/>
          </accessor>
        </technique_common>
      </source>
      <sampler id="mixamorig_Spine1-Matrix-animation-transform">
        <input semantic="INPUT" source="#mixamorig_Spine1-Matrix-animation-input"/>
        <input semantic="OUTPUT" source="#mixamorig_Spine1-Matrix-animation-output-transform"/>
        <input semantic="INTERPOLATION" source="#mixamorig_Spine1-Interpolations"/>
      </sampler>
      <channel source="#mixamorig_Spine1-Matrix-animation-transform" target="mixamorig_Spine1/matrix"/>
      <source id="mixamorig_Spine2-Matrix-animation-input">
        <float_array id="mixamorig_Spine2-Matrix-animation-input-array" count="64">

0.000000 0.033333 0.066667 0.100000 0.133333 0.166667 0.200000 0.233333 0.266667 0.300000 0.333333 0.366667 0.400000 0.433333 0.466667 0.500000
0.533333 0.566667 0.600000 0.633333 0.666667 0.700000 0.733333 0.766667 0.800000 0.833333 0.866667 0.900000 0.933333 0.966667 1.000000 1.033333
1.066667 1.100000 1.133333 1.166667 1.200000 1.233333 1.266667 1.300000 1.333333 1.366667 1.400000 1.433333 1.466667 1.500000 1.533333 1.566667
1.600000 1.633333 1.666667 1.700000 1.733333 1.766667 1.800000 1.833333 1.866667 1.900000 1.933333 1.966667 2.000000 2.033333 2.066667 2.100000</float_array>
        <technique_common>
          <accessor source="#mixamorig_Spine2-Matrix-animation-input-array" count="64">
            <param name="TIME" type="float"/>
          </accessor>
        </technique_common>
      </source>
      <source id="mixamorig_Spine2-Matrix-animation-output-transform">
        <float_array id="mixamorig_Spine2-Matrix-animation-output-transform-array" count="1024">

0.998665 -0.050817 0.009213 0.000000 0.051570 0.990847 -0.124750 14.289800 -0.002789 0.125059 0.992145 0.000000 0.000000 0.000000 0.000000 1.000000
0.998879 -0.046611 0.008238 0.000000 0.047262 0.991677 -0.119761 14.289800 -0.002587 0.120016 0.992769 0.000000 0.000000 0.000000 0.000000 1.000000
0.999018 -0.043925 0.005735 0.000000 0.044295 0.991828 -0.119649 14.289800 -0.000432 0.119786 0.992800 -0.000000 0.000000 0.000000 0.000000 1.000000
0.999094 -0.042471 0.002546 0.000000 0.042464 0.991615 -0.122049 14.289800 0.002659 0.122047 0.992521 0.000000 0.000000 0.000000 0.000000 1.000000
0.999130 -0.041700 0.000246 0.000000 0.041413 0.991515 -0.123218 14.289800 0.004895 0.123121 0.992380 -0.000000 0.000000 0.000000 0.000000 1.000000
0.999113 -0.042085 -0.001688 -0.000000 0.041558 0.991545 -0.122930 14.289800 0.006847 0.122751 0.992414 -0.000000 0.000000 0.000000 0.000000 1.000000
0.999150 -0.040918 -0.005023 0.000000 0.040013 0.991883 -0.120694 14.289800 0.009921 0.120390 0.992677 0.000000 0.000000 0.000000 0.000000 1.000000
0.999162 -0.040162 -0.007953 0.000000 0.038912 0.991935 -0.120628 14.289800 0.012734 0.120217 0.992666 0.000000 0.000000 0.000000 0.000000 1.000000
0.999089 -0.041281 -0.010806 0.000000 0.039722 0.992229 -0.117913 14.289800 0.015589 0.117377 0.992965 0.000000 0.000000 0.000000 0.000000 1.000000
0.999015 -0.042630 -0.012311 0.000000 0.040900 0.992286 -0.117025 14.289800 0.017205 0.116406 0.993053 0.000000 0.000000 0.000000 0.000000 1.000000
0.998940 -0.044019 -0.013439 0.000000 0.042149 0.992232 -0.117043 14.289800 0.018487 0.116353 0.993036 -0.000000 0.000000 0.000000 0.000000 1.000000
0.998930 -0.044272 -0.013363 0.000000 0.042463 0.992561 -0.114105 14.289800 0.018315 0.113415 0.993379 0.000000 0.000000 0.000000 0.000000 1.000000
