<?xml version="1.0" encoding="utf-8"?>
<COLLADA xmlns="http://www.collada.org/2005/11/COLLADASchema" version="1.4.1">
  <asset>
    <contributor>
      <author>Mixamo</author>
      <authoring_tool>COLLADA Mixamo exporter</authoring_tool>
      <comments/>
    </contributor>
    <created>2024-06-27T10:02:44Z</created>
    <modified>2024-06-27T10:02:44Z</modified>
    <revision/>
    <title/>
    <unit meter="0.010000"/>
    <up_axis>Y_UP</up_axis>
  </asset>
  <library_animations>
    <animation>
      <source id="mixamorig_Hips-Matrix-animation-input">
        <float_array id="mixamorig_Hips-Matrix-animation-input-array" count="91">

0.000000 0.033333 0.066667 0.100000 0.133333 0.166667 0.200000 0.233333 0.266667 0.300000 0.333333 0.366667 0.400000 0.433333 0.466667 0.500000
0.533333 0.566667 0.600000 0.633333 0.666667 0.700000 0.733333 0.766667 0.800000 0.833333 0.866667 0.900000 0.933333 0.966667 1.000000 1.033333
1.066667 1.100000 1.133333 1.166667 1.200000 1.233333 1.266667 1.300000 1.333333 1.366667 1.400000 1.433333 1.466667 1.500000 1.533333 1.566667
1.600000 1.633333 1.666667 1.700000 1.733333 1.766667 1.800000 1.833333 1.866667 1.900000 1.933333 1.966667 2.000000 2.033333 2.066667 2.100000
2.133333 2.166667 2.200000 2.233333 2.266667 2.300000 2.333333 2.366667 2.400000 2.433333 2.466667 2.500000 2.533333 2.566667 2.600000 2.633333
2.666667 2.700000 2.733333 2.766667 2.800000 2.833333 2.866667 2.900000 2.933333 2.966667 3.000000</float_array>
        <technique_common>
          <accessor source="#mixamorig_Hips-Matrix-animation-input-array" count="91">
            <param name="TIME" type="float"/>
          </accessor>
        </technique_common>
      </source>
      <source id="mixamorig_Hips-Matrix-animation-output-transform">
        <float_array id="mixamorig_Hips-Matrix-animation-output-transform-array" count="1456">

0.994165 0.057678 -0.091151 0.220121 -0.051836 0.996524 0.065211 94.429245 0.094596 -0.060105 0.993700 0.203467 0.000000 0.000000 0.000000 1.000000
0.994165 0.057651 -0.091170 0.221670 -0.051838 0.996545 0.064890 94.429985 0.094596 -0.059785 0.993719 0.204620 0.000000 0.000000 0.000000 1.000000
0.994145 0.057713 -0.091350 0.224472 -0.051912 0.996556 0.064658 94.431213 0.094767 -0.059538 0.993718 0.207731 0.000000 0.000000 0.000000 1.000000
0.994117 0.057775 -0.091612 0.228948 -0.051975 0.996564 0.064483 94.432930 0.095023 -0.059342 0.993705 0.211990 0.000000 0.000000 0.000000 1.000000
0.994074 0.057872 -0.092022 0.234415 -0.052057 0.996566 0.064391 94.435089 0.095432 -0.059219 0.993673 0.216399 0.000000 0.000000 0.000000 1.000000
0.994006 0.057995 -0.092673 0.240357 -0.052146 0.996565 0.064340 94.437469 0.096086 -0.059121 0.993616 0.220107 0.000000 0.000000 0.000000 1.000000
0.993921 0.058125 -0.093505 0.246992 -0.052234 0.996565 0.064266 94.439445 0.096919 -0.058991 0.993542 0.222558 0.000000 0.000000 0.000000 1.000000
0.993832 0.058258 -0.094366 0.254435 -0.052327 0.996567 0.064150 94.440361 0.097779 -0.058817 0.993469 0.223607 0.000000 0.000000 0.000000 1.000000
0.993742 0.058426 -0.095203 0.262475 -0.052452 0.996565 0.064094 94.440353 0.098621 -0.058699 0.993392 0.223625 0.000000 0.000000 0.000000 1.000000
0.993647 0.058626 -0.096061 0.271226 -0.052602 0.996557 0.064086 94.441185 0.099487 -0.058626 0.993310 0.223296 0.000000 0.000000 0.000000 1.000000
0.993551 0.058843 -0.096927 0.281130 -0.052776 0.996552 0.064014 94.443680 0.100359 -0.058486 0.993231 0.222483 0.000000 0.000000 0.000000 1.000000
0.993455 0.059044 -0.097780 0.292059 -0.052951 0.996558 0.063776 94.446396 0.101209 -0.058181 0.993162 0.220744 0.000000 0.000000 0.000000 1.000000
0.993363 0.059216 -0.098612 0.303131 -0.053107 0.996570 0.063465 94.447464 0.102032 -0.057807 0.993100 0.217905 0.000000 0.000000 0.000000 1.000000
0.993276 0.059391 -0.099377 0.313779 -0.053266 0.996579 0.063193 94.446854 0.102790 -0.057475 0.993041 0.213945 0.000000 0.000000 0.000000 1.000000
0.993194 0.059614 -0.100061 0.323415 -0.053470 0.996580 0.063004 94.445976 0.103475 -0.057225 0.992984 0.209048 0.000000 0.000000 0.000000 1.000000
0.993111 0.059898 -0.100716 0.330995 -0.053731 0.996574 0.062868 94.445480 0.104137 -0.057023 0.992927 0.203058 0.000000 0.000000 0.000000 1.000000
0.993031 0.060210 -0.101309 0.336206 -0.054030 0.996570 0.062685 94.444626 0.104736 -0.056775 0.992878 0.195715 0.000000 0.000000 0.000000 1.000000
0.992971 0.060489 -0.101735 0.340182 -0.054319 0.996574 0.062365 94.443054 0.105159 -0.056401 0.992855 0.187758 0.000000 0.000000 0.000000 1.000000
0.992928 0.060714 -0.102015 0.344306 -0.054573 0.996586 0.061953 94.441513 0.105428 -0.055947 0.992852 0.180579 0.000000 0.000000 0.000000 1.000000
0.992887 0.060928 -0.102289 0.348919 -0.054812 0.996596 0.061580 94.440872 0.105693 -0.055535 0.992847 0.174397 0.000000 0.000000 0.000000 1.000000
0.992842 0.061160 -0.102588 0.353204 -0.055057 0.996599 0.061306 94.441170 0.105988 -0.055219 0.992833 0.168422 0.000000 0.000000 0.000000 1.000000
0.992808 0.061368 -0.102796 0.356387 -0.055284 0.996604 0.061026 94.441643 0.106192 -0.054904 0.992829 0.162937 0.000000 0.000000 0.000000 1.000000
0.992790 0.061504 -0.102888 0.358727 -0.055462 0.996621 0.060591 94.441444 0.106266 -0.054448 0.992846 0.159056 0.000000 0.000000 0.000000 1.000000
0.992769 0.061594 -0.103030 0.361278 -0.055603 0.996646 0.060040 94.441017 0.106383 -0.053877 0.992865 0.157577 0.000000 0.000000 0.000000 1.000000
0.992729 0.061676 -0.103365 0.364597 -0.055719 0.996668 0.059565 94.441574 0.106695 -0.053373 0.992858 0.159048 0.000000 0.000000 0.000000 1.000000
0.992685 0.061692 -0.103777 0.368670 -0.055745 0.996685 0.059257 94.443100 0.107089 -0.053039 0.992834 0.163519 0.000000 0.000000 0.000000 1.000000
0.992655 0.061640 -0.104096 0.373489 -0.055696 0.996699 0.059076 94.445053 0.107394 -0.052845 0.992811 0.169868 0.000000 0.000000 0.000000 1.000000
0.992641 0.061550 -0.104282 0.378921 -0.055600 0.996706 0.059035 94.446434 0.107572 -0.052803 0.992794 0.176094 0.000000 0.000000 0.000000 1.000000
0.992644 0.061435 -0.104327 0.383766 -0.055479 0.996711 0.059072 94.446182 0.107613 -0.052850 0.992787 0.181198 0.000000 0.000000 0.000000 1.000000
0.992653 0.061303 -0.104318 0.386810 -0.055324 0.996707 0.059274 94.445160 0.107608 -0.053068 0.992776 0.186715 0.000000 0.000000 0.000000 1.000000
0.992659 0.061189 -0.104325 0.387309 -0.055176 0.996698 0.059574 94.445686 0.107626 -0.053381 0.992757 0.195406 0.000000 0.000000 0.000000 1.000000
0.992653 0.061106 -0.104437 0.385260 -0.055043 0.996681 0.059983 94.446968 0.107755 -0.053794 0.992721 0.207493 0.000000 0.000000 0.000000 1.000000
0.992632 0.061058 -0.104656 0.381905 -0.054929 0.996657 0.060479 94.447624 0.107999 -0.054284 0.992668 0.220306 0.000000 0.000000 0.000000 1.000000
0.992622 0.061019 -0.104780 0.378982 -0.054829 0.996632 0.060976 94.447639 0.108148 -0.054781 0.992624 0.231315 0.000000 0.000000 0.000000 1.000000
0.992626 0.060968 -0.104772 0.376597 -0.054727 0.996609 0.061451 94.447388 0.108163 -0.055264 0.992596 0.239779 0.000000 0.000000 0.000000 1.000000
0.992642 0.060891 -0.104662 0.374214 -0.054602 0.996585 0.061948 94.446793 0.108077 -0.055778 0.992577 0.245497 0.000000 0.000000 0.000000 1.000000
0.992681 0.060759 -0.104369 0.371588 -0.054425 0.996560 0.062502 94.445946 0.107807 -0.056364 0.992573 0.248737 0.000000 0.000000 0.000000 1.000000
0.992750 0.060553 -0.103827 0.368871 -0.054188 0.996537 0.063064 94.445129 0.107287 -0.056980 0.992594 0.250412 0.000000 0.000000 0.000000 1.000000
0.992847 0.060251 -0.103074 0.366394 -0.053875 0.996523 0.063563 94.444702 0.106545 -0.057555 0.992641 0.251070 0.000000 0.000000 0.000000 1.000000
0.992963 0.059862 -0.102185 0.364418 -0.053493 0.996517 0.063976 94.444458 0.105659 -0.058060 0.992706 0.249776 0.000000 0.000000 0.000000 1.000000
0.993092 0.059456 -0.101158 0.362345 -0.053110 0.996516 0.064309 94.443352 0.104629 -0.058493 0.992790 0.245471 0.000000 0.000000 0.000000 1.000000
0.993236 0.059103 -0.099942 0.358331 -0.052801 0.996515 0.064568 94.440453 0.103410 -0.058854 0.992896 0.239056 0.000000 0.000000 0.000000 1.000000
0.993390 0.058797 -0.098590 0.351636 -0.052552 0.996514 0.064787 94.436142 0.102056 -0.059178 0.993017 0.231979 0.000000 0.000000 0.000000 1.000000
0.993541 0.058488 -0.097241 0.343010 -0.052298 0.996512 0.065032 94.431694 0.100705 -0.059526 0.993134 0.224902 0.000000 0.000000 0.000000 1.000000
0.993679 0.058171 -0.096009 0.332510 -0.052025 0.996507 0.065316 94.428017 0.099473 -0.059909 0.993235 0.218138 0.000000 0.000000 0.000000 1.000000
0.993800 0.057874 -0.094929 0.319351 -0.051768 0.996504 0.065571 94.424873 0.098392 -0.060250 0.993322 0.212253 0.000000 0.000000 0.000000 1.000000
0.993904 0.057604 -0.094005 0.303815 -0.051535 0.996504 0.065753 94.421768 0.097464 -0.060508 0.993398 0.208237 0.000000 0.000000 0.000000 1.000000
0.993987 0.057360 -0.093272 0.288012 -0.051323 0.996506 0.065891 94.419464 0.096725 -0.060708 0.993458 0.205267 0.000000 0.000000 0.000000 1.000000
0.994048 0.057156 -0.092743 0.271773 -0.051139 0.996508 0.066012 94.418678 0.096192 -0.060877 0.993499 0.202546 0.000000 0.000000 0.000000 1.000000
0.994091 0.057003 -0.092377 0.254868 -0.051005 0.996513 0.066037 94.418411 0.095819 -0.060935 0.993532 0.199179 0.000000 0.000000 0.000000 1.000000
0.994123 0.056889 -0.092105 0.238875 -0.050912 0.996521 0.065986 94.417892 0.095539 -0.060908 0.993561 0.195063 0.000000 0.000000 0.000000 1.000000
0.994142 0.056781 -0.091961 0.225741 -0.050835 0.996540 0.065754 94.417419 0.095376 -0.060694 0.993589 0.191297 0.000000 0.000000 0.000000 1.000000
0.994141 0.056673 -0.092046 0.215266 -0.050749 0.996563 0.065475 94.417534 0.095440 -0.060420 0.993600 0.188871 0.000000 0.000000 0.000000 1.000000
0.994113 0.056579 -0.092402 0.206977 -0.050656 0.996583 0.065235 94.418709 0.095777 -0.060170 0.993583 0.188308 0.000000 0.000000 0.000000 1.000000
0.994069 0.056499 -0.092925 0.201574 -0.050563 0.996601 0.065040 94.420883 0.096284 -0.059955 0.993547 0.189315 0.000000 0.000000 0.000000 1.000000
0.994024 0.056406 -0.093464 0.199362 -0.050454 0.996618 0.064864 94.423492 0.096806 -0.059761 0.993508 0.190743 0.000000 0.000000 0.000000 1.000000
0.993980 0.056355 -0.093961 0.199457 -0.050390 0.996632 0.064693 94.425980 0.097291 -0.059569 0.993472 0.191526 0.000000 0.000000 0.000000 1.000000
0.993934 0.056323 -0.094464 0.201192 -0.050343 0.996645 0.064538 94.428169 0.097782 -0.059391 0.993434 0.191761 0.000000 0.000000 0.000000 1.000000
0.993882 0.056306 -0.095013 0.205102 -0.050305 0.996654 0.064415 94.430000 0.098322 -0.059241 0.993390 0.191865 0.000000 0.000000 0.000000 1.000000
0.993823 0.056307 -0.095634 0.211059 -0.050280 0.996663 0.064305 94.431618 0.098935 -0.059099 0.993337 0.191475 0.000000 0.000000 0.000000 1.000000
0.993755 0.056327 -0.096327 0.218087 -0.050270 0.996670 0.064196 94.433060 0.099623 -0.058953 0.993277 0.190084 0.000000 0.000000 0.000000 1.000000
0.993685 0.056366 -0.097019 0.225453 -0.050279 0.996677 0.064088 94.433945 0.100309 -0.058806 0.993217 0.187807 0.000000 0.000000 0.000000 1.000000
0.993625 0.056419 -0.097607 0.232953 -0.050309 0.996683 0.063975 94.434380 0.100893 -0.058656 0.993167 0.185163 0.000000 0.000000 0.000000 1.000000
0.993570 0.056493 -0.098118 0.241354 -0.050363 0.996687 0.063865 94.435226 0.101401 -0.058512 0.993123 0.182166 0.000000 0.000000 0.000000 1.000000
0.993507 0.056657 -0.098661 0.252110 -0.050504 0.996685 0.063786 94.436676 0.101947 -0.058389 0.993075 0.177738 0.000000 0.000000 0.000000 1.000000
0.993444 0.056840 -0.099188 0.265099 -0.050656 0.996677 0.063783 94.438553 0.102484 -0.058340 0.993022 0.171771 0.000000 0.000000 0.000000 1.000000
0.993398 0.057052 -0.099522 0.279043 -0.050848 0.996666 0.063808 94.440552 0.102831 -0.058326 0.992987 0.166132 0.000000 0.000000 0.000000 1.000000
0.993375 0.057294 -0.099614 0.292909 -0.051081 0.996652 0.063846 94.441933 0.102938 -0.058335 0.992976 0.161250 0.000000 0.000000 0.000000 1.000000
0.993361 0.057543 -0.099617 0.307054 -0.051323 0.996635 0.063914 94.442413 0.102959 -0.058377 0.992971 0.155223 0.000000 0.000000 0.000000 1.000000
0.993352 0.057772 -0.099573 0.321717 -0.051550 0.996620 0.063967 94.442566 0.102932 -0.058408 0.992972 0.147016 0.000000 0.000000 0.000000 1.000000
0.993350 0.057986 -0.099462 0.335825 -0.051766 0.996605 0.064022 94.442619 0.102837 -0.058448 0.992980 0.137837 0.000000 0.000000 0.000000 1.000000
0.993371 0.058191 -0.099134 0.347862 -0.051982 0.996589 0.064099 94.442001 0.102526 -0.058521 0.993007 0.129615 0.000000 0.000000 0.000000 1.000000
0.993415 0.058378 -0.098586 0.357987 -0.052186 0.996568 0.064260 94.440094 0.101999 -0.058692 0.993052 0.122531 0.000000 0.000000 0.000000 1.000000
0.993469 0.058526 -0.097946 0.367625 -0.052347 0.996544 0.064503 94.437370 0.101383 -0.058955 0.993099 0.114977 0.000000 0.000000 0.000000 1.000000
0.993528 0.058636 -0.097284 0.376519 -0.052469 0.996519 0.064785 94.434227 0.100744 -0.059262 0.993146 0.106083 0.000000 0.000000 0.000000 1.000000
0.993593 0.058726 -0.096563 0.382715 -0.052577 0.996497 0.065038 94.430840 0.100044 -0.059544 0.993200 0.096856 0.000000 0.000000 0.000000 1.000000
0.993666 0.058801 -0.095766 0.385106 -0.052681 0.996479 0.065229 94.427170 0.099264 -0.059771 0.993264 0.088472 0.000000 0.000000 0.000000 1.000000
0.993749 0.058809 -0.094892 0.383245 -0.052730 0.996469 0.065344 94.423477 0.098400 -0.059932 0.993341 0.081962 0.000000 0.000000 0.000000 1.000000
0.993841 0.058791 -0.093936 0.377562 -0.052773 0.996468 0.065319 94.420868 0.097444 -0.059959 0.993433 0.078506 0.000000 0.000000 0.000000 1.000000
0.993932 0.058759 -0.092983 0.369962 -0.052808 0.996473 0.065218 94.420578 0.096487 -0.059912 0.993529 0.078028 0.000000 0.000000 0.000000 1.000000
0.994008 0.058713 -0.092196 0.361482 -0.052830 0.996486 0.065001 94.421707 0.095688 -0.059741 0.993617 0.079826 0.000000 0.000000 0.000000 1.000000
0.994059 0.058666 -0.091684 0.352445 -0.052832 0.996498 0.064808 94.422836 0.095165 -0.059579 0.993677 0.083817 0.000000 0.000000 0.000000 1.000000
0.994084 0.058620 -0.091434 0.343277 -0.052809 0.996505 0.064723 94.423615 0.094909 -0.059512 0.993706 0.090244 0.000000 0.000000 0.000000 1.000000
0.994097 0.058563 -0.091333 0.333470 -0.052759 0.996508 0.064716 94.424042 0.094804 -0.059515 0.993715 0.098753 0.000000 0.000000 0.000000 1.000000
0.994111 0.058449 -0.091250 0.320902 -0.052645 0.996511 0.064764 94.424149 0.094717 -0.059579 0.993720 0.109095 0.000000 0.000000 0.000000 1.000000
0.994130 0.058321 -0.091124 0.303916 -0.052519 0.996514 0.064824 94.424164 0.094586 -0.059657 0.993728 0.121664 0.000000 0.000000 0.000000 1.000000
0.994154 0.058225 -0.090931 0.284236 -0.052429 0.996515 0.064877 94.424057 0.094391 -0.059730 0.993742 0.135851 0.000000 0.000000 0.000000 1.000000
0.994171 0.058116 -0.090813 0.265446 -0.052322 0.996517 0.064935 94.424026 0.094271 -0.059805 0.993749 0.150797 0.000000 0.000000 0.000000 1.000000
0.994181 0.057947 -0.090814 0.249393 -0.052145 0.996522 0.065004 94.424644 0.094265 -0.059890 0.993744 0.166658 0.000000 0.000000 0.000000 1.000000
0.994180 0.057755 -0.090939 0.234778 -0.051937 0.996526 0.065099 94.426590 0.094383 -0.059997 0.993726 0.184365 0.000000 0.000000 0.000000 1.000000
0.994168 0.057573 -0.091186 0.220066 -0.051735 0.996534 0.065146 94.429283 0.094620 -0.060049 0.993701 0.203555 0.000000 0.000000 0.000000 1.000000</float_array>
        <technique_common>
          <accessor source="#mixamorig_Hips-Matrix-animation-output-transform-array" count="91" stride="16">
            <param type="float4x4"/>
          </accessor>
        </technique_common>
      </source>
      <source id="mixamorig_Hips-Interpolations">
        <Name_array id="mixamorig_Hips-Interpolations-array" count="91">
 LINEAR LINEAR LINEAR LINEAR LINEAR LINEAR LINEAR LINEAR LINEAR LINEAR LINEAR
LINEAR LINEAR LINEAR LINEAR LINEAR LINEAR LINEAR LINEAR LINEAR LINEAR LINEAR LINEAR
LINEAR LINEAR LINEAR LINEAR LINEAR LINEAR LINEAR LINEAR LINEAR LINEAR LINEAR LINEAR
LINEAR LINEAR LINEAR LINEAR LINEAR LINEAR LINEAR LINEAR LINEAR LINEAR LINEAR LINEAR
LINEAR LINEAR LINEAR LINEAR LINEAR LINEAR LINEAR LINEAR LINEAR LINEAR LINEAR LINEAR
LINEAR LINEAR LINEAR LINEAR LINEAR LINEAR LINEAR LINEAR LINEAR LINEAR LINEAR LINEAR
LINEAR LINEAR LINEAR LINEAR LINEAR LINEAR LINEAR LINEAR LINEAR LINEAR LINEAR LINEAR
LINEAR LINEAR LINEAR LINEAR LINEAR LINEAR LINEAR LINEAR</Name_array>
        <technique_common>
          <accessor source="#mixamorig_Hips-Interpolations-array" count="91">
            <param type="name"/>
          </accessor>
        </technique_common>
      </source>
      <sampler id="mixamorig_Hips-Matrix-animation-transform">
        <input semantic="INPUT" source="#mixamorig_Hips-Matrix-animation-input"/>
        <input semantic="OUTPUT" source="#mixamorig_Hips-Matrix-animation-output-transform"/>
        <input semantic="INTERPOLATION" source="#mixamorig_Hips-Interpolations"/>
      </sampler>
      <channel source="#mixamorig_Hips-Matrix-animation-transform" target="mixamorig_Hips/matrix"/>
      <source id="mixamorig_Spine-Matrix-animation-input">
        <float_array id="mixamorig_Spine-Matrix-animation-input-array" count="91">

0.000000 0.033333 0.066667 0.100000 0.133333 0.166667 0.200000 0.233333 0.266667 0.300000 0.333333 0.366667 0.400000 0.433333 0.466667 0.500000
0.533333 0.566667 0.600000 0.633333 0.666667 0.700000 0.733333 0.766667 0.800000 0.833333 0.866667 0.900000 0.933333 0.966667 1.000000 1.033333
1.066667 1.100000 1.133333 1.166667 1.200000 1.233333 1.266667 1.300000 1.333333 1.366667 1.400000 1.433333 1.466667 1.500000 1.533333 1.566667
1.600000 1.633333 1.666667 1.700000 1.733333 1.766667 1.800000 1.833333 1.866667 1.900000 1.933333 1.966667 2.000000 2.033333 2.066667 2.100000
2.133333 2.166667 2.200000 2.233333 2.266667 2.300000 2.333333 2.366667 2.400000 2.433333 2.466667 2.500000 2.533333 2.566667 2.600000 2.633333
2.666667 2.700000 2.733333 2.766667 2.800000 2.833333 2.866667 2.900000 2.933333 2.966667 3.000000</float_array>
        <technique_common>
          <accessor source="#mixamorig_Spine-Matrix-animation-input-array" count="91">
            <param name="TIME" type="float"/>
          </accessor>
        </technique_common>
      </source>
      <source id="mixamorig_Spine-Matrix-animation-output-transform">
        <float_array id="mixamorig_Spine-Matrix-animation-output-transform-array" count="1456">

0.998856 -0.041758 0.023307 0.000000 0.041216 0.998879 0.023289 10.682200 -0.024253 -0.022302 0.999457 -0.867500 0.000000 0.000000 0.000000 1.000000
0.998856 -0.041760 0.023307 -0.000000 0.041218 0.998879 0.023289 10.682200 -0.024253 -0.022302 0.999457 -0.867500 0.000000 0.000000 0.000000 1.000000
0.998861 -0.041764 0.023061 0.000000 0.041222 0.998874 0.023482 10.682200 -0.024016 -0.022504 0.999458 -0.867500 0.000000 0.000000 0.000000 1.000000
0.998876 -0.041593 0.022723 0.000000 0.041053 0.998875 0.023753 10.682200 -0.023685 -0.022794 0.999460 -0.867500 0.000000 0.000000 0.000000 1.000000
0.998894 -0.041395 0.022318 0.000000 0.040856 0.998875 0.024084 10.682200 -0.023290 -0.023146 0.999461 -0.867500 0.000000 0.000000 0.000000 1.000000
0.998911 -0.041192 0.021903 0.000000 0.040655 0.998874 0.024435 10.682200 -0.022885 -0.023518 0.999461 -0.867500 0.000000 0.000000 0.000000 1.000000
0.998927 -0.041004 0.021512 -0.000000 0.040469 0.998873 0.024782 10.682200 -0.022504 -0.023885 0.999461 -0.867500 0.000000 0.000000 0.000000 1.000000
0.998943 -0.040835 0.021120 -0.000000 0.040301 0.998872 0.025109 10.682200 -0.022122 -0.024232 0.999462 -0.867500 0.000000 0.000000 0.000000 1.000000
0.998957 -0.040683 0.020713 -0.000000 0.040153 0.998871 0.025397 10.682200 -0.021723 -0.024539 0.999463 -0.867500 0.000000 0.000000 0.000000 1.000000
0.998971 -0.040533 0.020353 0.000000 0.040006 0.998870 0.025671 10.682200 -0.021371 -0.024831 0.999463 -0.867500 0.000000 0.000000 0.000000 1.000000
0.998983 -0.040370 0.020093 0.000000 0.039843 0.998869 0.025965 10.682200 -0.021118 -0.025138 0.999461 -0.867500 0.000000 0.000000 0.000000 1.000000
0.998993 -0.040204 0.019902 0.000000 0.039676 0.998868 0.026248 10.682200 -0.020934 -0.025432 0.999457 -0.867500 0.000000 0.000000 0.000000 1.000000
0.999003 -0.040056 0.019701 0.000000 0.039528 0.998867 0.026508 10.682200 -0.020741 -0.025703 0.999454 -0.867500 0.000000 0.000000 0.000000 1.000000
0.999014 -0.039920 0.019451 0.000000 0.039394 0.998867 0.026707 10.682200 -0.020495 -0.025914 0.999454 -0.867500 0.000000 0.000000 0.000000 1.000000
0.999023 -0.039779 0.019257 0.000000 0.039256 0.998870 0.026786 10.682200 -0.020301 -0.026004 0.999456 -0.867500 0.000000 0.000000 0.000000 1.000000
0.999030 -0.039639 0.019189 -0.000000 0.039118 0.998875 0.026809 10.682200 -0.020230 -0.026032 0.999456 -0.867500 0.000000 0.000000 0.000000 1.000000
0.999035 -0.039513 0.019175 -0.000000 0.038992 0.998879 0.026828 10.682200 -0.020214 -0.026054 0.999456 -0.867500 0.000000 0.000000 0.000000 1.000000
0.999039 -0.039410 0.019184 -0.000000 0.038888 0.998882 0.026871 10.682200 -0.020222 -0.026099 0.999455 -0.867500 0.000000 0.000000 0.000000 1.000000
0.999043 -0.039293 0.019217 0.000000 0.038768 0.998884 0.026962 10.682200 -0.020255 -0.026191 0.999452 -0.867500 0.000000 0.000000 0.000000 1.000000
0.999048 -0.039141 0.019279 0.000000 0.038614 0.998889 0.027021 10.682200 -0.020315 -0.026251 0.999449 -0.867500 0.000000 0.000000 0.000000 1.000000
0.999051 -0.039041 0.019323 0.000000 0.038512 0.998893 0.027022 10.682200 -0.020357 -0.026252 0.999448 -0.867500 0.000000 0.000000 0.000000 1.000000
0.999052 -0.038999 0.019334 0.000000 0.038470 0.998895 0.027010 10.682200 -0.020366 -0.026240 0.999448 -0.867500 0.000000 0.000000 0.000000 1.000000
0.999053 -0.038967 0.019350 0.000000 0.038438 0.998896 0.027010 10.682200 -0.020382 -0.026240 0.999448 -0.867500 0.000000 0.000000 0.000000 1.000000
0.999052 -0.038947 0.019422 0.000000 0.038415 0.998896 0.027046 10.682200 -0.020454 -0.026275 0.999445 -0.867500 0.000000 0.000000 0.000000 1.000000
0.999049 -0.038941 0.019604 0.000000 0.038402 0.998892 0.027191 10.682200 -0.020642 -0.026413 0.999438 -0.867500 0.000000 0.000000 0.000000 1.000000
0.999044 -0.038938 0.019876 0.000000 0.038385 0.998886 0.027460 10.682200 -0.020923 -0.026671 0.999425 -0.867500 0.000000 0.000000 0.000000 1.000000
0.999037 -0.038952 0.020185 -0.000000 0.038385 0.998878 0.027754 10.682200 -0.021244 -0.026953 0.999411 -0.867500 0.000000 0.000000 0.000000 1.000000
0.999029 -0.039016 0.020475 -0.000000 0.038436 0.998869 0.028007 10.682200 -0.021544 -0.027193 0.999398 -0.867500 0.000000 0.000000 0.000000 1.000000
0.999022 -0.039080 0.020677 0.000000 0.038490 0.998861 0.028207 10.682200 -0.021756 -0.027384 0.999388 -0.867500 0.000000 0.000000 0.000000 1.000000
0.999018 -0.039120 0.020789 -0.000000 0.038523 0.998855 0.028363 10.682200 -0.021875 -0.027535 0.999381 -0.867500 0.000000 0.000000 0.000000 1.000000
0.999012 -0.039201 0.020916 0.000000 0.038598 0.998848 0.028502 10.682200 -0.022009 -0.027666 0.999375 -0.867500 0.000000 0.000000 0.000000 1.000000
0.999002 -0.039326 0.021183 0.000000 0.038712 0.998839 0.028669 10.682200 -0.022286 -0.027820 0.999364 -0.867500 0.000000 0.000000 0.000000 1.000000
0.998988 -0.039469 0.021586 0.000000 0.038838 0.998828 0.028876 10.682200 -0.022701 -0.028009 0.999350 -0.867500 0.000000 0.000000 0.000000 1.000000
0.998972 -0.039635 0.022019 0.000000 0.038988 0.998816 0.029099 10.682200 -0.023147 -0.028211 0.999334 -0.867500 0.000000 0.000000 0.000000 1.000000
0.998954 -0.039839 0.022425 0.000000 0.039176 0.998803 0.029284 10.682200 -0.023565 -0.028375 0.999320 -0.867500 0.000000 0.000000 0.000000 1.000000
0.998935 -0.040089 0.022831 0.000000 0.039411 0.998791 0.029384 10.682200 -0.023982 -0.028453 0.999307 -0.867500 0.000000 0.000000 0.000000 1.000000
0.998914 -0.040381 0.023257 0.000000 0.039690 0.998778 0.029441 10.682200 -0.024417 -0.028486 0.999296 -0.867500 0.000000 0.000000 0.000000 1.000000
0.998892 -0.040679 0.023663 0.000000 0.039976 0.998766 0.029473 10.682200 -0.024833 -0.028494 0.999285 -0.867500 0.000000 0.000000 0.000000 1.000000
0.998874 -0.040933 0.024002 0.000000 0.040220 0.998756 0.029472 10.682200 -0.025178 -0.028474 0.999277 -0.867500 0.000000 0.000000 0.000000 1.000000
0.998859 -0.041130 0.024258 0.000000 0.040410 0.998749 0.029446 10.682200 -0.025439 -0.028432 0.999272 -0.867500 0.000000 0.000000 0.000000 1.000000
0.998847 -0.041314 0.024444 0.000000 0.040591 0.998745 0.029354 10.682200 -0.025626 -0.028328 0.999270 -0.867500 0.000000 0.000000 0.000000 1.000000
0.998834 -0.041546 0.024589 0.000000 0.040825 0.998741 0.029153 10.682200 -0.025769 -0.028116 0.999272 -0.867500 0.000000 0.000000 0.000000 1.000000
0.998818 -0.041843 0.024749 0.000000 0.041124 0.998737 0.028862 10.682200 -0.025925 -0.027810 0.999277 -0.867500 0.000000 0.000000 0.000000 1.000000
0.998798 -0.042165 0.025002 0.000000 0.041449 0.998734 0.028512 10.682200 -0.026172 -0.027441 0.999281 -0.867500 0.000000 0.000000 0.000000 1.000000
0.998776 -0.042467 0.025372 0.000000 0.041750 0.998731 0.028154 10.682200 -0.026535 -0.027060 0.999282 -0.867500 0.000000 0.000000 0.000000 1.000000
0.998754 -0.042728 0.025800 0.000000 0.042008 0.998729 0.027838 10.682200 -0.026956 -0.026719 0.999279 -0.867500 0.000000 0.000000 0.000000 1.000000
0.998734 -0.042941 0.026185 0.000000 0.042218 0.998728 0.027564 10.682200 -0.027335 -0.026424 0.999277 -0.867500 0.000000 0.000000 0.000000 1.000000
0.998720 -0.043103 0.026467 0.000000 0.042380 0.998729 0.027298 10.682200 -0.027610 -0.026141 0.999277 -0.867500 0.000000 0.000000 0.000000 1.000000
0.998709 -0.043245 0.026665 0.000000 0.042525 0.998730 0.027006 10.682200 -0.027799 -0.025837 0.999280 -0.867500 0.000000 0.000000 0.000000 1.000000
0.998697 -0.043408 0.026829 -0.000000 0.042692 0.998732 0.026691 10.682200 -0.027954 -0.025511 0.999284 -0.867500 0.000000 0.000000 0.000000 1.000000
0.998685 -0.043592 0.026997 0.000000 0.042881 0.998732 0.026388 10.682200 -0.028113 -0.025196 0.999287 -0.867500 0.000000 0.000000 0.000000 1.000000
0.998673 -0.043735 0.027183 -0.000000 0.043026 0.998732 0.026137 10.682200 -0.028292 -0.024933 0.999289 -0.867500 0.000000 0.000000 0.000000 1.000000
0.998667 -0.043784 0.027343 0.000000 0.043076 0.998735 0.025951 10.682200 -0.028445 -0.024739 0.999289 -0.867500 0.000000 0.000000 0.000000 1.000000
0.998665 -0.043777 0.027408 0.000000 0.043072 0.998739 0.025810 10.682200 -0.028503 -0.024595 0.999291 -0.867500 0.000000 0.000000 0.000000 1.000000
0.998667 -0.043751 0.027373 0.000000 0.043051 0.998743 0.025687 10.682200 -0.028462 -0.024475 0.999295 -0.867500 0.000000 0.000000 0.000000 1.000000
0.998675 -0.043715 0.027165 0.000000 0.043023 0.998747 0.025563 10.682200 -0.028248 -0.024361 0.999304 -0.867500 0.000000 0.000000 0.000000 1.000000
0.998687 -0.043672 0.026792 -0.000000 0.042992 0.998752 0.025431 10.682200 -0.027869 -0.024245 0.999318 -0.867500 0.000000 0.000000 0.000000 1.000000
0.998699 -0.043636 0.026375 -0.000000 0.042970 0.998756 0.025295 10.682200 -0.027446 -0.024128 0.999332 -0.867500 0.000000 0.000000 0.000000 1.000000
0.998710 -0.043608 0.026005 0.000000 0.042955 0.998760 0.025160 10.682200 -0.027070 -0.024010 0.999345 -0.867500 0.000000 0.000000 0.000000 1.000000
0.998719 -0.043581 0.025706 0.000000 0.042939 0.998764 0.025026 10.682200 -0.026765 -0.023890 0.999356 -0.867500 0.000000 0.000000 0.000000 1.000000
0.998728 -0.043549 0.025429 0.000000 0.042917 0.998769 0.024891 10.682200 -0.026481 -0.023768 0.999367 -0.867500 0.000000 0.000000 0.000000 1.000000
0.998738 -0.043503 0.025092 -0.000000 0.042883 0.998773 0.024752 10.682200 -0.026138 -0.023645 0.999379 -0.867500 0.000000 0.000000 0.000000 1.000000
0.998752 -0.043426 0.024669 -0.000000 0.042819 0.998780 0.024607 10.682200 -0.025707 -0.023520 0.999393 -0.867500 0.000000 0.000000 0.000000 1.000000
0.998768 -0.043304 0.024228 -0.000000 0.042711 0.998788 0.024458 10.682200 -0.025257 -0.023393 0.999407 -0.867500 0.000000 0.000000 0.000000 1.000000
0.998782 -0.043177 0.023887 -0.000000 0.042596 0.998796 0.024319 10.682200 -0.024908 -0.023272 0.999419 -0.867500 0.000000 0.000000 0.000000 1.000000
0.998791 -0.043068 0.023684 0.000000 0.042495 0.998804 0.024196 10.682200 -0.024698 -0.023161 0.999427 -0.867500 0.000000 0.000000 0.000000 1.000000
0.998799 -0.042962 0.023544 -0.000000 0.042395 0.998811 0.024083 10.682200 -0.024551 -0.023056 0.999433 -0.867500 0.000000 0.000000 0.000000 1.000000
0.998806 -0.042853 0.023463 0.000000 0.042291 0.998818 0.023975 10.682200 -0.024463 -0.022954 0.999437 -0.867500 0.000000 0.000000 0.000000 1.000000
0.998811 -0.042744 0.023434 0.000000 0.042184 0.998825 0.023867 10.682200 -0.024426 -0.022851 0.999440 -0.867500 0.000000 0.000000 0.000000 1.000000
0.998816 -0.042634 0.023430 0.000000 0.042078 0.998832 0.023757 10.682200 -0.024416 -0.022743 0.999443 -0.867500 0.000000 0.000000 0.000000 1.000000
0.998820 -0.042530 0.023456 0.000000 0.041976 0.998839 0.023639 10.682200 -0.024434 -0.022627 0.999445 -0.867500 0.000000 0.000000 0.000000 1.000000
0.998822 -0.042435 0.023528 0.000000 0.041882 0.998846 0.023510 10.682200 -0.024499 -0.022497 0.999447 -0.867500 0.000000 0.000000 0.000000 1.000000
0.998822 -0.042352 0.023702 0.000000 0.041798 0.998853 0.023374 10.682200 -0.024665 -0.022355 0.999446 -0.867500 0.000000 0.000000 0.000000 1.000000
0.998818 -0.042284 0.023964 0.000000 0.041729 0.998859 0.023211 10.682200 -0.024918 -0.022184 0.999443 -0.867500 0.000000 0.000000 0.000000 1.000000
0.998814 -0.042237 0.024221 0.000000 0.041681 0.998867 0.022982 10.682200 -0.025164 -0.021945 0.999442 -0.867500 0.000000 0.000000 0.000000 1.000000
0.998812 -0.042195 0.024363 0.000000 0.041644 0.998874 0.022712 10.682200 -0.025294 -0.021671 0.999445 -0.867500 0.000000 0.000000 0.000000 1.000000
0.998813 -0.042152 0.024397 -0.000000 0.041606 0.998882 0.022448 10.682200 -0.025316 -0.021407 0.999450 -0.867500 0.000000 0.000000 0.000000 1.000000
0.998816 -0.042103 0.024388 0.000000 0.041563 0.998888 0.022245 10.682200 -0.025298 -0.021205 0.999455 -0.867500 0.000000 0.000000 0.000000 1.000000
0.998818 -0.042056 0.024357 -0.000000 0.041520 0.998892 0.022142 10.682200 -0.025262 -0.021104 0.999458 -0.867500 0.000000 0.000000 0.000000 1.000000
0.998821 -0.042016 0.024329 -0.000000 0.041481 0.998895 0.022110 10.682200 -0.025231 -0.021075 0.999459 -0.867500 0.000000 0.000000 0.000000 1.000000
0.998822 -0.041980 0.024325 -0.000000 0.041445 0.998896 0.022107 10.682200 -0.025226 -0.021073 0.999460 -0.867500 0.000000 0.000000 0.000000 1.000000
0.998821 -0.041965 0.024385 -0.000000 0.041428 0.998897 0.022124 10.682200 -0.025287 -0.021088 0.999458 -0.867500 0.000000 0.000000 0.000000 1.000000
0.998817 -0.041970 0.024571 0.000000 0.041429 0.998896 0.022150 10.682200 -0.025473 -0.021105 0.999453 -0.867500 0.000000 0.000000 0.000000 1.000000
0.998811 -0.041974 0.024787 -0.000000 0.041428 0.998895 0.022182 10.682200 -0.025691 -0.021129 0.999447 -0.867500 0.000000 0.000000 0.000000 1.000000
0.998810 -0.041975 0.024832 0.000000 0.041426 0.998894 0.022230 10.682200 -0.025738 -0.021175 0.999444 -0.867500 0.000000 0.000000 0.000000 1.000000
0.998816 -0.041971 0.024592 0.000000 0.041426 0.998893 0.022282 10.682200 -0.025500 -0.021237 0.999449 -0.867500 0.000000 0.000000 0.000000 1.000000
0.998827 -0.041963 0.024159 0.000000 0.041425 0.998891 0.022359 10.682200 -0.025071 -0.021332 0.999458 -0.867500 0.000000 0.000000 0.000000 1.000000
0.998837 -0.041956 0.023756 -0.000000 0.041423 0.998888 0.022504 10.682200 -0.024674 -0.021494 0.999464 -0.867500 0.000000 0.000000 0.000000 1.000000
0.998843 -0.041953 0.023511 0.000000 0.041420 0.998884 0.022714 10.682200 -0.024437 -0.021714 0.999466 -0.867500 0.000000 0.000000 0.000000 1.000000
0.998846 -0.041956 0.023370 0.000000 0.041420 0.998878 0.022976 10.682200 -0.024307 -0.021982 0.999463 -0.867500 0.000000 0.000000 0.000000 1.000000
0.998846 -0.041964 0.023357 0.000000 0.041420 0.998870 0.023283 10.682200 -0.024308 -0.022289 0.999456 -0.867500 0.000000 0.000000 0.000000 1.000000</float_array>
        <technique_common>
          <accessor source="#mixamorig_Spine-Matrix-animation-output-transform-array" count="91" stride="16">
            <param type="float4x4"/>
          </accessor>
        </technique_common>
      </source>
      <source id="mixamorig_Spine-Interpolations">
        <Name_array id="mixamorig_Spine-Interpolations-array" count="91">
 LINEAR LINEAR LINEAR LINEAR LINEAR LINEAR LINEAR LINEAR LINEAR LINEAR LINEAR
LINEAR LINEAR LINEAR LINEAR LINEAR LINEAR LINEAR LINEAR LINEAR LINEAR LINEAR LINEAR
LINEAR LINEAR LINEAR LINEAR LINEAR LINEAR LINEAR LINEAR LINEAR LINEAR LINEAR LINEAR
LINEAR LINEAR LINEAR LINEAR LINEAR LINEAR LINEAR LINEAR LINEAR LINEAR LINEAR LINEAR
LINEAR LINEAR LINEAR LINEAR LINEAR LINEAR LINEAR LINEAR LINEAR LINEAR LINEAR LINEAR
LINEAR LINEAR LINEAR LINEAR LINEAR LINEAR LINEAR LINEAR LINEAR LINEAR LINEAR LINEAR
LINEAR LINEAR LINEAR LINEAR LINEAR LINEAR LINEAR LINEAR LINEAR LINEAR LINEAR LINEAR
LINEAR LINEAR LINEAR LINEAR LINEAR LINEAR LINEAR LINEAR</Name_array>
        <technique_common>
          <accessor source="#mixamorig_Spine-Interpolations-array" count="91">
            <param type="name"/>
          </accessor>
        </technique_common>
      </source>
      <sampler id="mixamorig_Spine-Matrix-animation-transform">
        <input semantic="INPUT" source="#mixamorig_Spine-Matrix-animation-input"/>
        <input semantic="OUTPUT" source="#mixamorig_Spine-Matrix-animation-output-transform"/>
        <input semantic="INTERPOLATION" source="#mixamorig_Spine-Interpolations"/>
      </sampler>
      <channel source="#mixamorig_Spine-Matrix-animation-transform" target="mixamorig_Spine/matrix"/>
      <source id="mixamorig_Spine1-Matrix-animation-input">
        <float_array id="mixamorig_Spine1-Matrix-animation-input-array" count="91">

0.000000 0.033333 0.066667 0.100000 0.133333 0.166667 0.200000 0.233333 0.266667 0.300000 0.333333 0.366667 0.400000 0.433333 0.466667 0.500000
0.533333 0.566667 0.600000 0.633333 0.666667 0.700000 0.733333 0.766667 0.800000 0.833333 0.866667 0.900000 0.933333 0.966667 1.000000 1.033333
1.066667 1.100000 1.133333 1.166667 1.200000 1.233333 1.266667 1.300000 1.333333 1.366667 1.400000 1.433333 1.466667 1.500000 1.533333 1.566667
1.600000 1.633333 1.666667 1.700000 1.733333 1.766667 1.800000 1.833333 1.866667 1.900000 1.933333 1.966667 2.000000 2.033333 2.066667 2.100000
2.133333 2.166667 2.200000 2.233333 2.266667 2.300000 2.333333 2.366667 2.400000 2.433333 2.466667 2.500000 2.533333 2.566667 2.600000 2.633333
2.666667 2.700000 2.733333 2.766667 2.800000 2.833333 2.866667 2.900000 2.933333 2.966667 3.000000</float_array>
        <technique_common>
          <accessor source="#mixamorig_Spine1-Matrix-animation-input-array" count="91">
            <param name="TIME" type="float"/>
          </accessor>
        </technique_common>
      </source>
      <source id="mixamorig_Spine1-Matrix-animation-output-transform">
        <float_array id="mixamorig_Spine1-Matrix-animation-output-transform-array" count="1456">

0.999620 -0.027331 0.003449 -0.000000 0.027394 0.999426 -0.019933 12.503600 -0.002902 0.020020 0.999795 0.000000 0.000000 0.000000 0.000000 1.000000
0.999620 -0.027331 0.003449 -0.000000 0.027394 0.999426 -0.019933 12.503600 -0.002902 0.020020 0.999795 -0.000000 0.000000 0.000000 0.000000 1.000000
0.999620 -0.027331 0.003447 0.000000 0.027394 0.999427 -0.019858 12.503600 -0.002902 0.019944 0.999797 -0.000000 0.000000 0.000000 0.000000 1.000000
0.999620 -0.027332 0.003440 -0.000000 0.027394 0.999432 -0.019604 12.503600 -0.002902 0.019691 0.999802 -0.000000 0.000000 0.000000 0.000000 1.000000
0.999621 -0.027323 0.003270 0.000000 0.027381 0.999440 -0.019228 12.503600 -0.002743 0.019310 0.999810 0.000000 0.000000 0.000000 0.000000 1.000000
0.999622 -0.027315 0.003096 -0.000000 0.027368 0.999449 -0.018778 12.503600 -0.002581 0.018856 0.999819 0.000000 0.000000 0.000000 0.000000 1.000000
0.999623 -0.027307 0.002927 0.000000 0.027356 0.999459 -0.018268 12.503600 -0.002427 0.018341 0.999829 0.000000 0.000000 0.000000 0.000000 1.000000
0.999624 -0.027298 0.002758 0.000000 0.027343 0.999469 -0.017708 12.503600 -0.002273 0.017777 0.999839 -0.000000 0.000000 0.000000 0.000000 1.000000
0.999624 -0.027290 0.002581 0.000000 0.027330 0.999480 -0.017105 12.503600 -0.002113 0.017169 0.999850 0.000000 0.000000 0.000000 0.000000 1.000000
0.999625 -0.027283 0.002424 -0.000000 0.027319 0.999491 -0.016447 12.503600 -0.001974 0.016507 0.999862 -0.000000 0.000000 0.000000 0.000000 1.000000
0.999625 -0.027278 0.002308 -0.000000 0.027311 0.999503 -0.015741 12.503600 -0.001877 0.015798 0.999873 -0.000000 0.000000 0.000000 0.000000 1.000000
0.999626 -0.027275 0.002212 0.000000 0.027305 0.999515 -0.014994 12.503600 -0.001802 0.015049 0.999885 0.000000 0.000000 0.000000 0.000000 1.000000
0.999626 -0.027273 0.002141 0.000000 0.027301 0.999526 -0.014212 12.503600 -0.001752 0.014265 0.999897 0.000000 0.000000 0.000000 0.000000 1.000000
0.999626 -0.027273 0.002089 -0.000000 0.027298 0.999538 -0.013400 12.503600 -0.001722 0.013452 0.999908 0.000000 0.000000 0.000000 0.000000 1.000000
0.999626 -0.027273 0.002044 0.000000 0.027297 0.999548 -0.012591 12.503600 -0.001700 0.012642 0.999919 0.000000 0.000000 0.000000 0.000000 1.000000
0.999626 -0.027274 0.002007 0.000000 0.027295 0.999558 -0.011790 12.503600 -0.001685 0.011841 0.999928 0.000000 0.000000 0.000000 0.000000 1.000000
0.999626 -0.027275 0.001976 0.000000 0.027295 0.999567 -0.010953 12.503600 -0.001676 0.011003 0.999938 0.000000 0.000000 0.000000 0.000000 1.000000
0.999626 -0.027276 0.001947 -0.000000 0.027294 0.999577 -0.010060 12.503600 -0.001671 0.010110 0.999947 0.000000 0.000000 0.000000 0.000000 1.000000
0.999626 -0.027289 0.001919 0.000000 0.027306 0.999585 -0.009131 12.503600 -0.001669 0.009180 0.999956 0.000000 0.000000 0.000000 0.000000 1.000000
0.999625 -0.027322 0.001891 -0.000000 0.027336 0.999593 -0.008196 12.503600 -0.001666 0.008244 0.999965 0.000000 0.000000 0.000000 0.000000 1.000000
0.999624 -0.027357 0.001861 -0.000000 0.027370 0.999599 -0.007270 12.503600 -0.001661 0.007318 0.999972 0.000000 0.000000 0.000000 0.000000 1.000000
0.999623 -0.027396 0.001840 -0.000000 0.027407 0.999604 -0.006357 12.503600 -0.001665 0.006405 0.999978 0.000000 0.000000 0.000000 0.000000 1.000000
0.999622 -0.027438 0.001846 -0.000000 0.027448 0.999609 -0.005427 12.503600 -0.001697 0.005475 0.999984 0.000000 0.000000 0.000000 0.000000 1.000000
0.999620 -0.027488 0.001869 -0.000000 0.027496 0.999612 -0.004442 12.503600 -0.001746 0.004492 0.999988 -0.000000 0.000000 0.000000 0.000000 1.000000
0.999619 -0.027551 0.001906 0.000000 0.027558 0.999614 -0.003429 12.503600 -0.001811 0.003480 0.999992 0.000000 0.000000 0.000000 0.000000 1.000000
0.999616 -0.027624 0.001984 -0.000000 0.027628 0.999615 -0.002407 12.503600 -0.001917 0.002460 0.999995 0.000000 0.000000 0.000000 0.000000 1.000000
0.999614 -0.027695 0.002096 0.000000 0.027698 0.999615 -0.001385 12.503600 -0.002057 0.001442 0.999997 -0.000000 0.000000 0.000000 0.000000 1.000000
0.999612 -0.027765 0.002200 -0.000000 0.027766 0.999614 -0.000376 12.503600 -0.002189 0.000437 0.999998 -0.000000 0.000000 0.000000 0.000000 1.000000
0.999610 -0.027837 0.002265 -0.000000 0.027836 0.999612 0.000606 12.503600 -0.002281 -0.000542 0.999997 0.000000 0.000000 0.000000 0.000000 1.000000
0.999607 -0.027923 0.002300 -0.000000 0.027919 0.999609 0.001549 12.503600 -0.002343 -0.001484 0.999996 0.000000 0.000000 0.000000 0.000000 1.000000
0.999605 -0.028020 0.002344 0.000000 0.028014 0.999604 0.002465 12.503600 -0.002412 -0.002399 0.999994 -0.000000 0.000000 0.000000 0.000000 1.000000
0.999602 -0.028121 0.002427 0.000000 0.028113 0.999599 0.003359 12.503600 -0.002521 -0.003290 0.999991 -0.000000 0.000000 0.000000 0.000000 1.000000
0.999598 -0.028231 0.002571 0.000000 0.028220 0.999593 0.004224 12.503600 -0.002689 -0.004149 0.999988 0.000000 0.000000 0.000000 0.000000 1.000000
