<?xml version="1.0" encoding="utf-8"?>
<COLLADA xmlns="http://www.collada.org/2005/11/COLLADASchema" version="1.4.1">
  <asset>
    <contributor>
      <author>Mixamo</author>
      <authoring_tool>COLLADA Mixamo exporter</authoring_tool>
      <comments/>
    </contributor>
    <created>2024-07-03T21:11:37Z</created>
    <modified>2024-07-03T21:11:37Z</modified>
    <revision/>
    <title/>
    <unit meter="0.010000"/>
    <up_axis>Y_UP</up_axis>
  </asset>
  <library_animations>
    <animation>
      <source id="mixamorig1_Hips-Matrix-animation-input">
        <float_array id="mixamorig1_Hips-Matrix-animation-input-array" count="82">

0.000000 0.033333 0.066667 0.100000 0.133333 0.166667 0.200000 0.233333 0.266667 0.300000 0.333333 0.366667 0.400000 0.433333 0.466667 0.500000
0.533333 0.566667 0.600000 0.633333 0.666667 0.700000 0.733333 0.766667 0.800000 0.833333 0.866667 0.900000 0.933333 0.966667 1.000000 1.033333
1.066667 1.100000 1.133333 1.166667 1.200000 1.233333 1.266667 1.300000 1.333333 1.366667 1.400000 1.433333 1.466667 1.500000 1.533333 1.566667
1.600000 1.633333 1.666667 1.700000 1.733333 1.766667 1.800000 1.833333 1.866667 1.900000 1.933333 1.966667 2.000000 2.033333 2.066667 2.100000
2.133333 2.166667 2.200000 2.233333 2.266667 2.300000 2.333333 2.366667 2.400000 2.433333 2.466667 2.500000 2.533333 2.566667 2.600000 2.633333
2.666667 2.700000</float_array>
        <technique_common>
          <accessor source="#mixamorig1_Hips-Matrix-animation-input-array" count="82">
            <param name="TIME" type="float"/>
          </accessor>
        </technique_common>
      </source>
      <source id="mixamorig1_Hips-Matrix-animation-output-transform">
        <float_array id="mixamorig1_Hips-Matrix-animation-output-transform-array" count="1312">

0.592671 0.025489 -0.805041 8.875699 0.106842 0.988179 0.109945 86.534958 0.798327 -0.151173 0.582941 -7.052938 0.000000 0.000000 0.000000 1.000000
0.596929 0.030605 -0.801710 8.787207 0.105151 0.987668 0.115996 86.455383 0.795373 -0.153542 0.586350 -7.301627 0.000000 0.000000 0.000000 1.000000
0.599744 0.033446 -0.799493 8.732397 0.103044 0.987579 0.118614 86.696716 0.793530 -0.153521 0.588848 -7.304415 0.000000 0.000000 0.000000 1.000000
0.601610 0.035246 -0.798012 8.747455 0.100605 0.987727 0.119470 87.162323 0.792429 -0.152158 0.590681 -7.054261 0.000000 0.000000 0.000000 1.000000
0.602667 0.036313 -0.797166 8.849347 0.097805 0.988071 0.118951 87.667076 0.791976 -0.149655 0.591927 -6.621987 0.000000 0.000000 0.000000 1.000000
0.602625 0.036548 -0.797187 9.043033 0.095045 0.988553 0.117170 88.038933 0.792345 -0.146379 0.592253 -6.110727 0.000000 0.000000 0.000000 1.000000
0.602318 0.036318 -0.797429 9.353426 0.092668 0.989029 0.115039 88.166992 0.792859 -0.143186 0.592345 -5.584896 0.000000 0.000000 0.000000 1.000000
0.601149 0.034937 -0.798373 9.763144 0.092966 0.989203 0.113288 87.939987 0.793711 -0.142325 0.591410 -5.151201 0.000000 0.000000 0.000000 1.000000
0.598612 0.034158 -0.800310 10.175679 0.095616 0.988900 0.113726 87.422333 0.795312 -0.144600 0.588702 -4.776171 0.000000 0.000000 0.000000 1.000000
0.595362 0.034099 -0.802733 10.538143 0.100001 0.988185 0.116144 86.813133 0.797210 -0.149422 0.584918 -4.426724 0.000000 0.000000 0.000000 1.000000
0.592097 0.032575 -0.805208 10.795732 0.104316 0.987678 0.116664 86.298920 0.799086 -0.153073 0.581403 -4.122249 0.000000 0.000000 0.000000 1.000000
0.590026 0.031702 -0.806762 10.884873 0.108794 0.986994 0.118351 86.086243 0.800021 -0.157602 0.578903 -3.919034 0.000000 0.000000 0.000000 1.000000
0.588872 0.032368 -0.807578 10.820598 0.108619 0.986964 0.118761 86.252594 0.800894 -0.157653 0.577680 -3.848724 0.000000 0.000000 0.000000 1.000000
0.588542 0.032946 -0.807795 10.649393 0.106790 0.987246 0.118071 86.682106 0.801383 -0.155754 0.577518 -3.914889 0.000000 0.000000 0.000000 1.000000
0.589384 0.032991 -0.807179 10.406930 0.104821 0.987596 0.116903 87.175262 0.801024 -0.153510 0.578615 -4.124361 0.000000 0.000000 0.000000 1.000000
0.590285 0.031559 -0.806578 10.116860 0.103826 0.987967 0.114640 87.546936 0.800490 -0.151414 0.579905 -4.468612 0.000000 0.000000 0.000000 1.000000
0.591471 0.029222 -0.805797 9.823130 0.104486 0.988140 0.112530 87.666061 0.799528 -0.150753 0.581403 -4.950479 0.000000 0.000000 0.000000 1.000000
0.592597 0.026739 -0.805055 9.590280 0.102590 0.988804 0.108358 87.460106 0.798939 -0.146803 0.583219 -5.618604 0.000000 0.000000 0.000000 1.000000
0.596039 0.025546 -0.802549 9.381764 0.101602 0.989061 0.106940 86.997627 0.796501 -0.145281 0.586923 -6.337888 0.000000 0.000000 0.000000 1.000000
0.600728 0.027168 -0.798992 9.181974 0.101914 0.988666 0.110242 86.494209 0.792931 -0.147654 0.591150 -6.970133 0.000000 0.000000 0.000000 1.000000
0.605344 0.030554 -0.795377 8.994406 0.100346 0.988361 0.114338 86.168709 0.789613 -0.149027 0.595232 -7.432104 0.000000 0.000000 0.000000 1.000000
0.609903 0.033945 -0.791749 8.822096 0.097582 0.988262 0.117540 86.173599 0.786445 -0.148948 0.599432 -7.624898 0.000000 0.000000 0.000000 1.000000
0.612651 0.034703 -0.789591 8.715373 0.095652 0.988437 0.117659 86.500328 0.784544 -0.147610 0.602247 -7.554714 0.000000 0.000000 0.000000 1.000000
0.612991 0.032281 -0.789430 8.715405 0.097818 0.988377 0.116372 86.990059 0.784011 -0.148555 0.602708 -7.256538 0.000000 0.000000 0.000000 1.000000
0.608746 0.029525 -0.792815 8.828232 0.099640 0.988550 0.113321 87.480965 0.787083 -0.147980 0.598834 -6.803074 0.000000 0.000000 0.000000 1.000000
0.600456 0.027213 -0.799195 9.049616 0.102696 0.988521 0.110818 87.839172 0.793036 -0.148615 0.590768 -6.245764 0.000000 0.000000 0.000000 1.000000
0.590911 0.025468 -0.806335 9.350059 0.105412 0.988495 0.108472 87.953918 0.799820 -0.149095 0.581428 -5.697322 0.000000 0.000000 0.000000 1.000000
0.582052 0.024064 -0.812796 9.684665 0.108978 0.988236 0.107298 87.747269 0.805816 -0.151030 0.572582 -5.242947 0.000000 0.000000 0.000000 1.000000
0.574086 0.023705 -0.818451 10.003456 0.113035 0.987716 0.107894 87.283722 0.810955 -0.154454 0.564355 -4.825460 0.000000 0.000000 0.000000 1.000000
0.564991 0.025629 -0.824699 10.302226 0.117473 0.986837 0.111147 86.687973 0.816692 -0.159677 0.554543 -4.475214 0.000000 0.000000 0.000000 1.000000
0.555396 0.027852 -0.831119 10.539688 0.121446 0.986007 0.114200 86.136292 0.822670 -0.164363 0.544242 -4.221114 0.000000 0.000000 0.000000 1.000000
0.546353 0.029105 -0.837049 10.636028 0.126259 0.985113 0.116664 85.869652 0.827984 -0.169424 0.534545 -3.977793 0.000000 0.000000 0.000000 1.000000
0.538765 0.030098 -0.841918 10.555015 0.129999 0.984422 0.118383 85.990898 0.832365 -0.173229 0.526459 -3.830658 0.000000 0.000000 0.000000 1.000000
0.533543 0.030230 -0.845233 10.334075 0.130724 0.984404 0.117726 86.438469 0.835609 -0.173304 0.521270 -3.792051 0.000000 0.000000 0.000000 1.000000
0.531845 0.029786 -0.846318 10.027740 0.128454 0.984980 0.115389 86.978271 0.837043 -0.170082 0.520030 -3.906494 0.000000 0.000000 0.000000 1.000000
0.531537 0.027989 -0.846572 9.685895 0.125437 0.985833 0.111351 87.432671 0.837695 -0.165378 0.520496 -4.159638 0.000000 0.000000 0.000000 1.000000
0.533294 0.026728 -0.845507 9.330522 0.123075 0.986414 0.108811 87.685577 0.836929 -0.162089 0.522759 -4.554854 0.000000 0.000000 0.000000 1.000000
0.535992 0.024227 -0.843875 9.035664 0.121165 0.987032 0.105295 87.642838 0.835483 -0.158685 0.526106 -5.066818 0.000000 0.000000 0.000000 1.000000
0.541508 0.023532 -0.840366 8.802557 0.120343 0.987144 0.105188 87.309258 0.832038 -0.158092 0.531714 -5.639192 0.000000 0.000000 0.000000 1.000000
0.551050 0.026263 -0.834059 8.604098 0.120805 0.986465 0.110876 86.845825 0.825682 -0.161856 0.540419 -6.196677 0.000000 0.000000 0.000000 1.000000
0.559879 0.030645 -0.828008 8.431699 0.119724 0.985837 0.117440 86.415741 0.819879 -0.164884 0.548280 -6.647154 0.000000 0.000000 0.000000 1.000000
0.565603 0.034740 -0.823946 8.305333 0.115414 0.985945 0.120797 86.208565 0.816562 -0.163418 0.553644 -6.892058 0.000000 0.000000 0.000000 1.000000
0.569027 0.035929 -0.821533 8.229125 0.111638 0.986420 0.120466 86.303917 0.814705 -0.160262 0.557289 -6.879557 0.000000 0.000000 0.000000 1.000000
0.572407 0.034616 -0.819238 8.214840 0.111636 0.986515 0.119685 86.655594 0.812334 -0.159966 0.560824 -6.606844 0.000000 0.000000 0.000000 1.000000
0.570620 0.031687 -0.820603 8.320578 0.110408 0.987223 0.114895 87.126442 0.813759 -0.156163 0.559830 -6.208817 0.000000 0.000000 0.000000 1.000000
0.565776 0.028691 -0.824059 8.517987 0.110382 0.987764 0.110175 87.562187 0.817137 -0.153296 0.555686 -5.722672 0.000000 0.000000 0.000000 1.000000
0.562351 0.026364 -0.826478 8.798884 0.110532 0.988125 0.106729 87.836922 0.819478 -0.151372 0.552759 -5.209268 0.000000 0.000000 0.000000 1.000000
0.562793 0.024412 -0.826238 9.129075 0.110361 0.988396 0.104376 87.882675 0.819198 -0.149926 0.553568 -4.720069 0.000000 0.000000 0.000000 1.000000
0.565435 0.022934 -0.824474 9.478205 0.111200 0.988367 0.103756 87.641991 0.817262 -0.150349 0.556307 -4.324576 0.000000 0.000000 0.000000 1.000000
0.569057 0.023896 -0.821951 9.798388 0.111181 0.988163 0.105702 87.210838 0.814747 -0.151536 0.559664 -3.992196 0.000000 0.000000 0.000000 1.000000
0.571308 0.026838 -0.820297 10.090356 0.109893 0.987964 0.108860 86.739166 0.813346 -0.152338 0.561482 -3.727980 0.000000 0.000000 0.000000 1.000000
0.570830 0.029210 -0.820549 10.331035 0.109924 0.987652 0.111629 86.367073 0.813677 -0.153919 0.560570 -3.508441 0.000000 0.000000 0.000000 1.000000
0.568591 0.029799 -0.822081 10.411088 0.114185 0.986811 0.114745 86.271454 0.814657 -0.159112 0.557689 -3.331856 0.000000 0.000000 0.000000 1.000000
0.566719 0.029879 -0.823369 10.372690 0.114075 0.986872 0.114329 86.497719 0.815976 -0.158718 0.555871 -3.241978 0.000000 0.000000 0.000000 1.000000
0.566030 0.028779 -0.823882 10.231101 0.114796 0.986902 0.113342 86.920731 0.816353 -0.158733 0.555313 -3.231447 0.000000 0.000000 0.000000 1.000000
0.564103 0.025604 -0.825307 10.019938 0.114663 0.987406 0.109005 87.379799 0.817704 -0.156122 0.554063 -3.373616 0.000000 0.000000 0.000000 1.000000
0.563025 0.022035 -0.826146 9.771791 0.114205 0.987979 0.104183 87.730843 0.818511 -0.153008 0.553741 -3.660113 0.000000 0.000000 0.000000 1.000000
0.562838 0.018392 -0.826362 9.534557 0.114011 0.988469 0.099653 87.866440 0.818666 -0.150303 0.554251 -4.115107 0.000000 0.000000 0.000000 1.000000
0.564167 0.016505 -0.825496 9.328429 0.114302 0.988612 0.097884 87.721207 0.817711 -0.149579 0.555856 -4.734458 0.000000 0.000000 0.000000 1.000000
0.566595 0.016979 -0.823821 9.164316 0.113097 0.988723 0.098161 87.312035 0.816198 -0.148789 0.558286 -5.471352 0.000000 0.000000 0.000000 1.000000
0.570354 0.019494 -0.821168 9.002789 0.113943 0.988175 0.102600 86.805588 0.813458 -0.152084 0.561389 -6.165141 0.000000 0.000000 0.000000 1.000000
0.573470 0.024413 -0.818862 8.855765 0.113631 0.987523 0.109020 86.388885 0.811307 -0.155568 0.563541 -6.710306 0.000000 0.000000 0.000000 1.000000
0.575309 0.028877 -0.817426 8.723613 0.112394 0.987105 0.113975 86.246605 0.810177 -0.157445 0.564645 -7.020730 0.000000 0.000000 0.000000 1.000000
0.574422 0.030322 -0.817998 8.654247 0.110577 0.987279 0.114247 86.471161 0.811056 -0.156078 0.563762 -7.052966 0.000000 0.000000 0.000000 1.000000
0.572508 0.028798 -0.819393 8.690874 0.110240 0.987604 0.111735 86.939835 0.812454 -0.154300 0.562236 -6.864529 0.000000 0.000000 0.000000 1.000000
0.568706 0.024100 -0.822188 8.867132 0.108723 0.988598 0.104181 87.452888 0.815324 -0.148639 0.559601 -6.537405 0.000000 0.000000 0.000000 1.000000
0.563101 0.018245 -0.826186 9.166384 0.106968 0.989736 0.094763 87.855698 0.819435 -0.141737 0.555370 -6.101245 0.000000 0.000000 0.000000 1.000000
0.557263 0.013261 -0.830230 9.565737 0.105980 0.990559 0.086957 87.974792 0.823545 -0.136445 0.550596 -5.669023 0.000000 0.000000 0.000000 1.000000
0.553334 0.009641 -0.832904 10.019125 0.105831 0.991016 0.081780 87.730629 0.826209 -0.133398 0.547342 -5.348718 0.000000 0.000000 0.000000 1.000000
0.552951 0.008708 -0.833168 10.452477 0.105486 0.991168 0.080368 87.237144 0.826509 -0.132327 0.547149 -5.104243 0.000000 0.000000 0.000000 1.000000
0.556371 0.010145 -0.830872 10.802747 0.106693 0.990776 0.083542 86.686081 0.824056 -0.135129 0.550156 -4.880777 0.000000 0.000000 0.000000 1.000000
0.561546 0.011333 -0.827368 11.024337 0.110889 0.989856 0.088821 86.275696 0.819981 -0.141623 0.554593 -4.682231 0.000000 0.000000 0.000000 1.000000
0.567061 0.012351 -0.823583 11.051211 0.114025 0.989083 0.093343 86.202721 0.815745 -0.146840 0.559462 -4.527800 0.000000 0.000000 0.000000 1.000000
0.570936 0.012564 -0.820898 10.885952 0.115332 0.988740 0.095347 86.514206 0.812853 -0.149113 0.563058 -4.429899 0.000000 0.000000 0.000000 1.000000
0.571794 0.012206 -0.820307 10.606700 0.115860 0.988667 0.095472 87.033165 0.812175 -0.149631 0.563899 -4.410383 0.000000 0.000000 0.000000 1.000000
0.573500 0.011328 -0.819127 10.271285 0.114354 0.989008 0.093741 87.538155 0.811185 -0.147431 0.565900 -4.517075 0.000000 0.000000 0.000000 1.000000
0.579365 0.009416 -0.815014 9.897209 0.114077 0.989154 0.092521 87.880241 0.807046 -0.146578 0.572007 -4.721172 0.000000 0.000000 0.000000 1.000000
0.581724 0.008892 -0.813337 9.555108 0.109660 0.989954 0.089255 87.958939 0.805960 -0.141113 0.574905 -5.157305 0.000000 0.000000 0.000000 1.000000
0.587089 0.010628 -0.809452 9.276558 0.106755 0.990164 0.090430 87.669861 0.802452 -0.139504 0.580180 -5.713449 0.000000 0.000000 0.000000 1.000000
0.592012 0.014730 -0.805795 9.085296 0.106285 0.989673 0.096178 87.148178 0.798890 -0.142582 0.584333 -6.310798 0.000000 0.000000 0.000000 1.000000
0.593580 0.019968 -0.804527 8.966375 0.107780 0.988714 0.104060 86.675964 0.797525 -0.148480 0.584729 -6.804666 0.000000 0.000000 0.000000 1.000000
0.592670 0.025489 -0.805042 8.875812 0.106842 0.988179 0.109944 86.533829 0.798327 -0.151173 0.582941 -7.053041 0.000000 0.000000 0.000000 1.000000</float_array>
        <technique_common>
          <accessor source="#mixamorig1_Hips-Matrix-animation-output-transform-array" count="82" stride="16">
            <param type="float4x4"/>
          </accessor>
        </technique_common>
      </source>
      <source id="mixamorig1_Hips-Interpolations">
        <Name_array id="mixamorig1_Hips-Interpolations-array" count="82">
 LINEAR LINEAR LINEAR LINEAR LINEAR LINEAR LINEAR LINEAR LINEAR LINEAR LINEAR
LINEAR LINEAR LINEAR LINEAR LINEAR LINEAR LINEAR LINEAR LINEAR LINEAR LINEAR LINEAR
LINEAR LINEAR LINEAR LINEAR LINEAR LINEAR LINEAR LINEAR LINEAR LINEAR LINEAR LINEAR
LINEAR LINEAR LINEAR LINEAR LINEAR LINEAR LINEAR LINEAR LINEAR LINEAR LINEAR LINEAR
LINEAR LINEAR LINEAR LINEAR LINEAR LINEAR LINEAR LINEAR LINEAR LINEAR LINEAR LINEAR
LINEAR LINEAR LINEAR LINEAR LINEAR LINEAR LINEAR LINEAR LINEAR LINEAR LINEAR LINEAR
LINEAR LINEAR LINEAR LINEAR LINEAR LINEAR LINEAR LINEAR LINEAR LINEAR LINEAR</Name_array>
        <technique_common>
          <accessor source="#mixamorig1_Hips-Interpolations-array" count="82">
            <param type="name"/>
          </accessor>
        </technique_common>
      </source>
      <sampler id="mixamorig1_Hips-Matrix-animation-transform">
        <input semantic="INPUT" source="#mixamorig1_Hips-Matrix-animation-input"/>
        <input semantic="OUTPUT" source="#mixamorig1_Hips-Matrix-animation-output-transform"/>
        <input semantic="INTERPOLATION" source="#mixamorig1_Hips-Interpolations"/>
      </sampler>
      <channel source="#mixamorig1_Hips-Matrix-animation-transform" target="mixamorig1_Hips/matrix"/>
      <source id="mixamorig1_Spine-Matrix-animation-input">
        <float_array id="mixamorig1_Spine-Matrix-animation-input-array" count="82">

0.000000 0.033333 0.066667 0.100000 0.133333 0.166667 0.200000 0.233333 0.266667 0.300000 0.333333 0.366667 0.400000 0.433333 0.466667 0.500000
0.533333 0.566667 0.600000 0.633333 0.666667 0.700000 0.733333 0.766667 0.800000 0.833333 0.866667 0.900000 0.933333 0.966667 1.000000 1.033333
1.066667 1.100000 1.133333 1.166667 1.200000 1.233333 1.266667 1.300000 1.333333 1.366667 1.400000 1.433333 1.466667 1.500000 1.533333 1.566667
1.600000 1.633333 1.666667 1.700000 1.733333 1.766667 1.800000 1.833333 1.866667 1.900000 1.933333 1.966667 2.000000 2.033333 2.066667 2.100000
2.133333 2.166667 2.200000 2.233333 2.266667 2.300000 2.333333 2.366667 2.400000 2.433333 2.466667 2.500000 2.533333 2.566667 2.600000 2.633333
2.666667 2.700000</float_array>
        <technique_common>
          <accessor source="#mixamorig1_Spine-Matrix-animation-input-array" count="82">
            <param name="TIME" type="float"/>
          </accessor>
        </technique_common>
      </source>
      <source id="mixamorig1_Spine-Matrix-animation-output-transform">
        <float_array id="mixamorig1_Spine-Matrix-animation-output-transform-array" count="1312">

0.998841 0.044097 0.019282 -0.000000 -0.043310 0.998280 -0.039505 10.600800 -0.020991 0.038624 0.999033 -0.823400 0.000000 0.000000 0.000000 1.000000
0.999001 0.042842 0.012711 -0.000000 -0.042269 0.998209 -0.042322 10.600800 -0.014502 0.041742 0.999023 -0.823400 0.000000 0.000000 0.000000 1.000000
0.999021 0.042842 0.011062 0.000000 -0.042380 0.998337 -0.039078 10.600800 -0.012717 0.038571 0.999175 -0.823400 0.000000 0.000000 0.000000 1.000000
0.998964 0.043112 0.014552 0.000000 -0.042616 0.998552 -0.032837 10.600800 -0.015946 0.032183 0.999355 -0.823400 0.000000 0.000000 0.000000 1.000000
0.998834 0.043454 0.021032 0.000000 -0.042903 0.998741 -0.026001 10.600800 -0.022135 0.025068 0.999441 -0.823400 0.000000 0.000000 0.000000 1.000000
0.998577 0.044332 0.029658 0.000000 -0.043742 0.998838 -0.020252 10.600800 -0.030521 0.018926 0.999355 -0.823400 0.000000 0.000000 0.000000 1.000000
0.998241 0.045866 0.037570 -0.000000 -0.045199 0.998808 -0.018405 10.600800 -0.038369 0.016674 0.999124 -0.823400 0.000000 0.000000 0.000000 1.000000
0.997763 0.050211 0.044126 0.000000 -0.049251 0.998531 -0.022585 10.600800 -0.045195 0.020361 0.998771 -0.823400 0.000000 0.000000 0.000000 1.000000
0.997228 0.054802 0.050340 0.000000 -0.053329 0.998122 -0.030150 10.600800 -0.051897 0.027382 0.998277 -0.823400 0.000000 0.000000 0.000000 1.000000
0.996675 0.058752 0.056460 0.000000 -0.056656 0.997669 -0.038023 10.600800 -0.058562 0.034698 0.997681 -0.823400 0.000000 0.000000 0.000000 1.000000
0.996306 0.061236 0.060208 0.000000 -0.058828 0.997426 -0.040986 10.600800 -0.062563 0.037293 0.997344 -0.823400 0.000000 0.000000 0.000000 1.000000
0.996100 0.064510 0.060188 0.000000 -0.061974 0.997147 -0.043094 10.600800 -0.062796 0.039196 0.997256 -0.823400 0.000000 0.000000 0.000000 1.000000
0.996307 0.063477 0.057823 -0.000000 -0.061166 0.997290 -0.040887 10.600800 -0.060261 0.037199 0.997489 -0.823400 0.000000 0.000000 0.000000 1.000000
0.996650 0.060511 0.055026 -0.000000 -0.058572 0.997627 -0.036200 10.600800 -0.057086 0.032856 0.997828 -0.823400 0.000000 0.000000 0.000000 1.000000
0.997076 0.056345 0.051628 0.000000 -0.054794 0.998017 -0.030986 10.600800 -0.053272 0.028066 0.998186 -0.823400 0.000000 0.000000 0.000000 1.000000
0.997481 0.052745 0.047437 -0.000000 -0.051546 0.998328 -0.026163 10.600800 -0.048737 0.023652 0.998532 -0.823400 0.000000 0.000000 0.000000 1.000000
0.997883 0.050653 0.040794 -0.000000 -0.049695 0.998472 -0.024164 10.600800 -0.041955 0.022086 0.998875 -0.823400 0.000000 0.000000 0.000000 1.000000
0.998320 0.046295 0.034835 -0.000000 -0.045462 0.998670 -0.024322 10.600800 -0.035915 0.022698 0.999097 -0.823400 0.000000 0.000000 0.000000 1.000000
0.998748 0.042228 0.026802 0.000000 -0.041444 0.998715 -0.029181 10.600800 -0.028000 0.028034 0.999215 -0.823400 0.000000 0.000000 0.000000 1.000000
0.999062 0.039318 0.018144 0.000000 -0.038626 0.998568 -0.037024 10.600800 -0.019574 0.036288 0.999150 -0.823400 0.000000 0.000000 0.000000 1.000000
0.999284 0.035380 0.013406 0.000000 -0.034801 0.998545 -0.041201 10.600800 -0.014844 0.040705 0.999061 -0.823400 0.000000 0.000000 0.000000 1.000000
0.999493 0.030413 0.009448 0.000000 -0.030025 0.998793 -0.038875 10.600800 -0.010619 0.038572 0.999199 -0.823400 0.000000 0.000000 0.000000 1.000000
0.999588 0.027415 0.008524 0.000000 -0.027146 0.999176 -0.030172 10.600800 -0.009345 0.029928 0.999508 -0.823400 0.000000 0.000000 0.000000 1.000000
0.999554 0.027790 0.010960 0.000000 -0.027557 0.999403 -0.020827 10.600800 -0.011532 0.020516 0.999723 -0.823400 0.000000 0.000000 0.000000 1.000000
0.999501 0.027033 0.016328 -0.000000 -0.026860 0.999582 -0.010735 10.600800 -0.016612 0.010291 0.999809 -0.823400 0.000000 0.000000 0.000000 1.000000
0.999408 0.026835 0.021531 -0.000000 -0.026765 0.999636 -0.003506 10.600800 -0.021618 0.002928 0.999762 -0.823400 0.000000 0.000000 0.000000 1.000000
0.999311 0.026338 0.026157 -0.000000 -0.026353 0.999653 0.000206 10.600800 -0.026142 -0.000895 0.999658 -0.823400 0.000000 0.000000 0.000000 1.000000
0.999197 0.028491 0.028166 0.000000 -0.028452 0.999594 -0.001771 10.600800 -0.028205 0.000968 0.999602 -0.823400 0.000000 0.000000 0.000000 1.000000
0.999142 0.031515 0.026865 0.000000 -0.031323 0.999481 -0.007549 10.600800 -0.027089 0.006701 0.999611 -0.823400 0.000000 0.000000 0.000000 1.000000
0.999137 0.034246 0.023487 -0.000000 -0.033856 0.999285 -0.016827 10.600800 -0.024047 0.016017 0.999583 -0.823400 0.000000 0.000000 0.000000 1.000000
0.999143 0.036597 0.019350 0.000000 -0.036111 0.999037 -0.024905 10.600800 -0.020243 0.024185 0.999503 -0.823400 0.000000 0.000000 0.000000 1.000000
0.999090 0.039503 0.016068 0.000000 -0.039043 0.998845 -0.027998 10.600800 -0.017155 0.027345 0.999479 -0.823400 0.000000 0.000000 0.000000 1.000000
0.998992 0.042350 0.014856 -0.000000 -0.041944 0.998764 -0.026661 10.600800 -0.015967 0.026011 0.999534 -0.823400 0.000000 0.000000 0.000000 1.000000
0.998963 0.042847 0.015373 0.000000 -0.042532 0.998890 -0.020240 10.600800 -0.016223 0.019565 0.999677 -0.823400 0.000000 0.000000 0.000000 1.000000
0.999038 0.041554 0.014001 0.000000 -0.041386 0.999070 -0.012097 10.600800 -0.014490 0.011506 0.999829 -0.823400 0.000000 0.000000 0.000000 1.000000
0.999123 0.039869 0.012802 0.000000 -0.039823 0.999199 -0.003874 10.600800 -0.012946 0.003361 0.999911 -0.823400 0.000000 0.000000 0.000000 1.000000
0.999166 0.038805 0.012672 0.000000 -0.038809 0.999247 0.000073 10.600800 -0.012660 -0.000565 0.999920 -0.823400 0.000000 0.000000 0.000000 1.000000
0.999179 0.037927 0.014277 0.000000 -0.037946 0.999279 0.001017 10.600800 -0.014228 -0.001558 0.999898 -0.823400 0.000000 0.000000 0.000000 1.000000
0.999195 0.037479 0.014288 0.000000 -0.037412 0.999288 -0.004879 10.600800 -0.014461 0.004340 0.999886 -0.823400 0.000000 0.000000 0.000000 1.000000
0.999262 0.037235 0.009480 0.000000 -0.037066 0.999160 -0.017460 10.600800 -0.010122 0.017095 0.999803 -0.823400 0.000000 0.000000 0.000000 1.000000
0.999350 0.035589 0.005827 0.000000 -0.035408 0.998961 -0.028689 10.600800 -0.006842 0.028464 0.999571 -0.823400 0.000000 0.000000 0.000000 1.000000
0.999513 0.030967 0.003872 -0.000000 -0.030825 0.998995 -0.032534 10.600800 -0.004876 0.032399 0.999463 -0.823400 0.000000 0.000000 0.000000 1.000000
0.999631 0.027146 0.000245 0.000000 -0.027127 0.999199 -0.029424 10.600800 -0.001043 0.029406 0.999567 -0.823400 0.000000 0.000000 0.000000 1.000000
0.999634 0.026834 -0.003456 0.000000 -0.026909 0.999357 -0.023711 10.600800 0.002817 0.023795 0.999713 -0.823400 0.000000 0.000000 0.000000 1.000000
0.999647 0.026502 -0.001712 -0.000000 -0.026524 0.999539 -0.014780 10.600800 0.001319 0.014820 0.999889 -0.823400 0.000000 0.000000 0.000000 1.000000
0.999607 0.027712 0.004187 0.000000 -0.027681 0.999589 -0.007452 10.600800 -0.004392 0.007333 0.999963 -0.823400 0.000000 0.000000 0.000000 1.000000
0.999528 0.028955 0.010234 0.000000 -0.028930 0.999578 -0.002510 10.600800 -0.010303 0.002213 0.999944 -0.823400 0.000000 0.000000 0.000000 1.000000
0.999421 0.030798 0.014430 0.000000 -0.030799 0.999526 -0.000164 10.600800 -0.014428 -0.000281 0.999896 -0.823400 0.000000 0.000000 0.000000 1.000000
0.999262 0.034729 0.016399 0.000000 -0.034691 0.999395 -0.002597 10.600800 -0.016479 0.002026 0.999862 -0.823400 0.000000 0.000000 0.000000 1.000000
0.999180 0.037284 0.015805 0.000000 -0.037152 0.999273 -0.008553 10.600800 -0.016113 0.007958 0.999839 -0.823400 0.000000 0.000000 0.000000 1.000000
0.999167 0.037523 0.016036 0.000000 -0.037277 0.999187 -0.015380 10.600800 -0.016600 0.014770 0.999753 -0.823400 0.000000 0.000000 0.000000 1.000000
0.999107 0.038220 0.018036 0.000000 -0.037856 0.999081 -0.020105 10.600800 -0.018787 0.019405 0.999635 -0.823400 0.000000 0.000000 0.000000 1.000000
0.998860 0.042896 0.020932 0.000000 -0.042430 0.998852 -0.022225 10.600800 -0.021861 0.021311 0.999534 -0.823400 0.000000 0.000000 0.000000 1.000000
0.998828 0.042776 0.022651 -0.000000 -0.042394 0.998955 -0.017052 10.600800 -0.023357 0.016072 0.999598 -0.823400 0.000000 0.000000 0.000000 1.000000
0.998802 0.043223 0.022942 0.000000 -0.043002 0.999024 -0.010060 10.600800 -0.023354 0.009061 0.999686 -0.823400 0.000000 0.000000 0.000000 1.000000
0.998781 0.043355 0.023583 0.000000 -0.043354 0.999060 -0.000570 10.600800 -0.023586 -0.000453 0.999722 -0.823400 0.000000 0.000000 0.000000 1.000000
0.998822 0.042902 0.022693 0.000000 -0.043072 0.999047 0.007060 10.600800 -0.022368 -0.008030 0.999718 -0.823400 0.000000 0.000000 0.000000 1.000000
0.998831 0.042725 0.022598 0.000000 -0.042968 0.999022 0.010398 10.600800 -0.022132 -0.011357 0.999691 -0.823400 0.000000 0.000000 0.000000 1.000000
0.998866 0.042294 0.021870 0.000000 -0.042446 0.999077 0.006535 10.600800 -0.021574 -0.007456 0.999739 -0.823400 0.000000 0.000000 0.000000 1.000000
0.999028 0.040288 0.017874 0.000000 -0.040231 0.999184 -0.003513 10.600800 -0.018001 0.002791 0.999834 -0.823400 0.000000 0.000000 0.000000 1.000000
0.999142 0.039399 0.012757 0.000000 -0.039165 0.999070 -0.018058 10.600800 -0.013457 0.017543 0.999756 -0.823400 0.000000 0.000000 0.000000 1.000000
0.999277 0.037033 0.008611 0.000000 -0.036744 0.998827 -0.031549 10.600800 -0.009770 0.031210 0.999465 -0.823400 0.000000 0.000000 0.000000 1.000000
0.999386 0.034522 0.005941 0.000000 -0.034267 0.998663 -0.038704 10.600800 -0.007269 0.038477 0.999233 -0.823400 0.000000 0.000000 0.000000 1.000000
0.999453 0.032560 0.005718 0.000000 -0.032323 0.998775 -0.037466 10.600800 -0.006931 0.037260 0.999282 -0.823400 0.000000 0.000000 0.000000 1.000000
0.999433 0.033220 0.005463 -0.000000 -0.033022 0.998910 -0.033003 10.600800 -0.006554 0.032804 0.999440 -0.823400 0.000000 0.000000 0.000000 1.000000
0.999397 0.033971 0.007183 0.000000 -0.033779 0.999108 -0.025341 10.600800 -0.008037 0.025083 0.999653 -0.823400 0.000000 0.000000 0.000000 1.000000
0.999306 0.035647 0.010846 0.000000 -0.035440 0.999197 -0.018716 10.600800 -0.011505 0.018319 0.999766 -0.823400 0.000000 0.000000 0.000000 1.000000
0.999108 0.039088 0.016010 -0.000000 -0.038806 0.999093 -0.017535 10.600800 -0.016681 0.016898 0.999718 -0.823400 0.000000 0.000000 0.000000 1.000000
0.998781 0.044728 0.020877 0.000000 -0.044254 0.998764 -0.022607 10.600800 -0.021863 0.021656 0.999526 -0.823400 0.000000 0.000000 0.000000 1.000000
0.998497 0.049623 0.023265 0.000000 -0.048866 0.998290 -0.032082 10.600800 -0.024817 0.030896 0.999214 -0.823400 0.000000 0.000000 0.000000 1.000000
0.998335 0.053225 0.022220 0.000000 -0.052222 0.997686 -0.043530 10.600800 -0.024486 0.042297 0.998805 -0.823400 0.000000 0.000000 0.000000 1.000000
0.998119 0.057682 0.020779 0.000000 -0.056521 0.997008 -0.052724 10.600800 -0.023758 0.051450 0.998393 -0.823400 0.000000 0.000000 0.000000 1.000000
0.997929 0.060915 0.020646 0.000000 -0.059705 0.996707 -0.054865 10.600800 -0.023920 0.053519 0.998280 -0.823400 0.000000 0.000000 0.000000 1.000000
0.997772 0.062447 0.023470 -0.000000 -0.061244 0.996925 -0.048879 10.600800 -0.026450 0.047332 0.998529 -0.823400 0.000000 0.000000 0.000000 1.000000
0.997708 0.061764 0.027636 -0.000000 -0.060711 0.997453 -0.037451 10.600800 -0.029879 0.035688 0.998916 -0.823400 0.000000 0.000000 0.000000 1.000000
0.997808 0.059156 0.029646 0.000000 -0.058452 0.998000 -0.024058 10.600800 -0.031010 0.022272 0.999271 -0.823400 0.000000 0.000000 0.000000 1.000000
0.997975 0.058172 0.025720 0.000000 -0.057839 0.998235 -0.013499 10.600800 -0.026460 0.011984 0.999578 -0.823400 0.000000 0.000000 0.000000 1.000000
0.998196 0.054192 0.025827 -0.000000 -0.054064 0.998521 -0.005665 10.600800 -0.026096 0.004259 0.999650 -0.823400 0.000000 0.000000 0.000000 1.000000
0.998448 0.050761 0.022931 -0.000000 -0.050603 0.998691 -0.007409 10.600800 -0.023277 0.006237 0.999710 -0.823400 0.000000 0.000000 0.000000 1.000000
0.998633 0.048393 0.019738 0.000000 -0.048034 0.998679 -0.018265 10.600800 -0.020595 0.017292 0.999638 -0.823400 0.000000 0.000000 0.000000 1.000000
0.998727 0.046869 0.018656 0.000000 -0.046258 0.998420 -0.031913 10.600800 -0.020122 0.031009 0.999317 -0.823400 0.000000 0.000000 0.000000 1.000000
0.998841 0.044098 0.019282 0.000000 -0.043311 0.998280 -0.039505 10.600800 -0.020991 0.038624 0.999033 -0.823400 0.000000 0.000000 0.000000 1.000000</float_array>
        <technique_common>
          <accessor source="#mixamorig1_Spine-Matrix-animation-output-transform-array" count="82" stride="16">
            <param type="float4x4"/>
          </accessor>
        </technique_common>
      </source>
      <source id="mixamorig1_Spine-Interpolations">
        <Name_array id="mixamorig1_Spine-Interpolations-array" count="82">
 LINEAR LINEAR LINEAR LINEAR LINEAR LINEAR LINEAR LINEAR LINEAR LINEAR LINEAR
LINEAR LINEAR LINEAR LINEAR LINEAR LINEAR LINEAR LINEAR LINEAR LINEAR LINEAR LINEAR
LINEAR LINEAR LINEAR LINEAR LINEAR LINEAR LINEAR LINEAR LINEAR LINEAR LINEAR LINEAR
LINEAR LINEAR LINEAR LINEAR LINEAR LINEAR LINEAR LINEAR LINEAR LINEAR LINEAR LINEAR
LINEAR LINEAR LINEAR LINEAR LINEAR LINEAR LINEAR LINEAR LINEAR LINEAR LINEAR LINEAR
LINEAR LINEAR LINEAR LINEAR LINEAR LINEAR LINEAR LINEAR LINEAR LINEAR LINEAR LINEAR
LINEAR LINEAR LINEAR LINEAR LINEAR LINEAR LINEAR LINEAR LINEAR LINEAR LINEAR</Name_array>
        <technique_common>
          <accessor source="#mixamorig1_Spine-Interpolations-array" count="82">
            <param type="name"/>
          </accessor>
        </technique_common>
      </source>
      <sampler id="mixamorig1_Spine-Matrix-animation-transform">
        <input semantic="INPUT" source="#mixamorig1_Spine-Matrix-animation-input"/>
        <input semantic="OUTPUT" source="#mixamorig1_Spine-Matrix-animation-output-transform"/>
        <input semantic="INTERPOLATION" source="#mixamorig1_Spine-Interpolations"/>
      </sampler>
      <channel source="#mixamorig1_Spine-Matrix-animation-transform" target="mixamorig1_Spine/matrix"/>
      <source id="mixamorig1_Spine1-Matrix-animation-input">
        <float_array id="mixamorig1_Spine1-Matrix-animation-input-array" count="82">

0.000000 0.033333 0.066667 0.100000 0.133333 0.166667 0.200000 0.233333 0.266667 0.300000 0.333333 0.366667 0.400000 0.433333 0.466667 0.500000
0.533333 0.566667 0.600000 0.633333 0.666667 0.700000 0.733333 0.766667 0.800000 0.833333 0.866667 0.900000 0.933333 0.966667 1.000000 1.033333
1.066667 1.100000 1.133333 1.166667 1.200000 1.233333 1.266667 1.300000 1.333333 1.366667 1.400000 1.433333 1.466667 1.500000 1.533333 1.566667
1.600000 1.633333 1.666667 1.700000 1.733333 1.766667 1.800000 1.833333 1.866667 1.900000 1.933333 1.966667 2.000000 2.033333 2.066667 2.100000
2.133333 2.166667 2.200000 2.233333 2.266667 2.300000 2.333333 2.366667 2.400000 2.433333 2.466667 2.500000 2.533333 2.566667 2.600000 2.633333
2.666667 2.700000</float_array>
        <technique_common>
          <accessor source="#mixamorig1_Spine1-Matrix-animation-input-array" count="82">
            <param name="TIME" type="float"/>
          </accessor>
        </technique_common>
      </source>
      <source id="mixamorig1_Spine1-Matrix-animation-output-transform">
        <float_array id="mixamorig1_Spine1-Matrix-animation-output-transform-array" count="1312">

0.995410 0.089713 0.033328 0.000000 -0.079574 0.969317 -0.232579 12.404900 -0.053170 0.228859 0.972006 -0.000000 0.000000 0.000000 0.000000 1.000000
0.995445 0.089974 0.031524 0.000000 -0.080176 0.968967 -0.233826 12.404900 -0.051584 0.230233 0.971767 -0.000000 0.000000 0.000000 0.000000 1.000000
0.995434 0.090273 0.031009 0.000000 -0.080603 0.969013 -0.233489 12.404900 -0.051126 0.229923 0.971865 0.000000 0.000000 0.000000 0.000000 1.000000
0.995408 0.090245 0.031907 -0.000000 -0.080439 0.969339 -0.232187 12.404900 -0.051883 0.228555 0.972148 -0.000000 0.000000 0.000000 0.000000 1.000000
0.995382 0.089894 0.033668 0.000000 -0.079796 0.969831 -0.230347 12.404900 -0.053359 0.226596 0.972526 0.000000 0.000000 0.000000 0.000000 1.000000
0.995343 0.089400 0.036049 0.000000 -0.078875 0.970327 -0.228570 12.404900 -0.055414 0.224662 0.972860 0.000000 0.000000 0.000000 0.000000 1.000000
0.995318 0.088746 0.038283 -0.000000 -0.077801 0.970682 -0.227430 12.404900 -0.057344 0.223387 0.973042 -0.000000 0.000000 0.000000 0.000000 1.000000
0.995280 0.088365 0.040118 0.000000 -0.077032 0.970790 -0.227230 12.404900 -0.059025 0.223067 0.973014 0.000000 0.000000 0.000000 0.000000 1.000000
0.995177 0.088757 0.041775 0.000000 -0.076978 0.970552 -0.228262 12.404900 -0.060805 0.223945 0.972703 0.000000 0.000000 0.000000 0.000000 1.000000
0.995054 0.089358 0.043398 0.000000 -0.077093 0.970149 -0.229927 12.404900 -0.062648 0.225444 0.972240 -0.000000 0.000000 0.000000 0.000000 1.000000
0.994958 0.089953 0.044359 0.000000 -0.077385 0.969865 -0.231026 12.404900 -0.063804 0.226429 0.971936 0.000000 0.000000 0.000000 0.000000 1.000000
0.994902 0.090620 0.044243 0.000000 -0.077998 0.969588 -0.231983 12.404900 -0.063920 0.227349 0.971713 0.000000 0.000000 0.000000 0.000000 1.000000
0.994958 0.090311 0.043609 -0.000000 -0.077831 0.969561 -0.232150 12.404900 -0.063247 0.227585 0.971702 0.000000 0.000000 0.000000 0.000000 1.000000
0.995057 0.089551 0.042918 0.000000 -0.077280 0.969725 -0.231649 12.404900 -0.062363 0.227188 0.971852 0.000000 0.000000 0.000000 0.000000 1.000000
0.995153 0.088879 0.042083 0.000000 -0.076875 0.969980 -0.230716 12.404900 -0.061325 0.226362 0.972111 0.000000 0.000000 0.000000 0.000000 1.000000
0.995222 0.088616 0.040985 0.000000 -0.076929 0.970212 -0.229719 12.404900 -0.060121 0.225469 0.972394 0.000000 0.000000 0.000000 0.000000 1.000000
0.995282 0.088769 0.039161 0.000000 -0.077517 0.970270 -0.229277 12.404900 -0.058350 0.225160 0.972573 0.000000 0.000000 0.000000 0.000000 1.000000
0.995369 0.088462 0.037624 0.000000 -0.077577 0.970313 -0.229072 12.404900 -0.056771 0.225092 0.972682 0.000000 0.000000 0.000000 0.000000 1.000000
0.995473 0.088154 0.035525 -0.000000 -0.077689 0.970044 -0.230170 12.404900 -0.054751 0.226368 0.972502 -0.000000 0.000000 0.000000 0.000000 1.000000
0.995547 0.088224 0.033219 -0.000000 -0.078168 0.969517 -0.232220 12.404900 -0.052694 0.228590 0.972096 0.000000 0.000000 0.000000 0.000000 1.000000
0.995634 0.087678 0.032020 -0.000000 -0.077783 0.968961 -0.234659 12.404900 -0.051601 0.231144 0.971550 -0.000000 0.000000 0.000000 0.000000 1.000000
0.995735 0.086870 0.031077 0.000000 -0.077157 0.968743 -0.235763 12.404900 -0.050586 0.232360 0.971314 -0.000000 0.000000 0.000000 0.000000 1.000000
0.995807 0.086095 0.030906 -0.000000 -0.076489 0.969014 -0.234865 12.404900 -0.050169 0.231517 0.971536 -0.000000 0.000000 0.000000 0.000000 1.000000
0.995795 0.086013 0.031519 0.000000 -0.076362 0.969463 -0.233046 12.404900 -0.050601 0.229659 0.971955 -0.000000 0.000000 0.000000 0.000000 1.000000
0.995752 0.085945 0.033029 -0.000000 -0.076091 0.970119 -0.230391 12.404900 -0.051843 0.226899 0.972537 0.000000 0.000000 0.000000 0.000000 1.000000
0.995710 0.085874 0.034447 0.000000 -0.075827 0.970695 -0.228040 12.404900 -0.053021 0.224450 0.973042 0.000000 0.000000 0.000000 0.000000 1.000000
0.995676 0.085734 0.035769 -0.000000 -0.075479 0.971082 -0.226502 12.404900 -0.054153 0.222823 0.973354 -0.000000 0.000000 0.000000 0.000000 1.000000
0.995649 0.085815 0.036313 0.000000 -0.075450 0.971137 -0.226275 12.404900 -0.054683 0.222550 0.973386 0.000000 0.000000 0.000000 0.000000 1.000000
0.995604 0.086519 0.035862 0.000000 -0.076168 0.970790 -0.227522 12.404900 -0.054499 0.223790 0.973112 -0.000000 0.000000 0.000000 0.000000 1.000000
0.995560 0.087436 0.034864 0.000000 -0.077156 0.970161 -0.229857 12.404900 -0.053921 0.226147 0.972600 0.000000 0.000000 0.000000 0.000000 1.000000
0.995546 0.088050 0.033682 0.000000 -0.077896 0.969553 -0.232161 12.404900 -0.053098 0.228503 0.972094 0.000000 0.000000 0.000000 0.000000 1.000000
0.995528 0.088629 0.032688 -0.000000 -0.078587 0.969044 -0.234045 12.404900 -0.052419 0.230430 0.971676 0.000000 0.000000 0.000000 0.000000 1.000000
0.995512 0.088978 0.032243 -0.000000 -0.078990 0.968835 -0.234777 12.404900 -0.052128 0.231176 0.971514 0.000000 0.000000 0.000000 0.000000 1.000000
0.995499 0.089085 0.032327 0.000000 -0.079126 0.969056 -0.233814 12.404900 -0.052156 0.230204 0.971744 0.000000 0.000000 0.000000 0.000000 1.000000
0.995560 0.088525 0.031989 0.000000 -0.078768 0.969578 -0.231762 12.404900 -0.051533 0.228213 0.972246 -0.000000 0.000000 0.000000 0.000000 1.000000
0.995614 0.088008 0.031728 0.000000 -0.078449 0.970172 -0.229372 12.404900 -0.050968 0.225877 0.972821 0.000000 0.000000 0.000000 0.000000 1.000000
0.995634 0.087810 0.031665 -0.000000 -0.078350 0.970539 -0.227847 12.404900 -0.050739 0.224372 0.973182 -0.000000 0.000000 0.000000 0.000000 1.000000
0.995593 0.088128 0.032079 0.000000 -0.078607 0.970700 -0.227074 12.404900 -0.051151 0.223552 0.973349 0.000000 0.000000 0.000000 0.000000 1.000000
0.995554 0.088563 0.032078 -0.000000 -0.078999 0.970518 -0.227713 12.404900 -0.051299 0.224166 0.973200 -0.000000 0.000000 0.000000 0.000000 1.000000
0.995570 0.088838 0.030800 0.000000 -0.079424 0.969893 -0.230218 12.404900 -0.050325 0.226751 0.972652 0.000000 0.000000 0.000000 0.000000 1.000000
0.995637 0.088387 0.029919 0.000000 -0.079041 0.969246 -0.233057 12.404900 -0.049598 0.229675 0.972003 -0.000000 0.000000 0.000000 0.000000 1.000000
0.995760 0.087092 0.029606 0.000000 -0.077774 0.968974 -0.234607 12.404900 -0.049120 0.231310 0.971639 -0.000000 0.000000 0.000000 0.000000 1.000000
0.995888 0.085893 0.028786 0.000000 -0.076791 0.969020 -0.234739 12.404900 -0.048056 0.231564 0.971632 -0.000000 0.000000 0.000000 0.000000 1.000000
0.995965 0.085330 0.027783 0.000000 -0.076519 0.969259 -0.233843 12.404900 -0.046883 0.230774 0.971877 0.000000 0.000000 0.000000 0.000000 1.000000
0.995980 0.084996 0.028266 -0.000000 -0.076191 0.969823 -0.231600 12.404900 -0.047098 0.228516 0.972400 0.000000 0.000000 0.000000 0.000000 1.000000
0.995904 0.085356 0.029810 0.000000 -0.076302 0.970355 -0.229322 12.404900 -0.048500 0.226108 0.972894 -0.000000 0.000000 0.000000 0.000000 1.000000
0.995813 0.085862 0.031385 -0.000000 -0.076523 0.970725 -0.227678 12.404900 -0.050015 0.224323 0.973231 0.000000 0.000000 0.000000 0.000000 1.000000
0.995754 0.086128 0.032480 0.000000 -0.076582 0.970923 -0.226814 12.404900 -0.051071 0.223363 0.973396 0.000000 0.000000 0.000000 0.000000 1.000000
0.995703 0.086569 0.032897 -0.000000 -0.076919 0.970901 -0.226792 12.404900 -0.051572 0.223287 0.973387 0.000000 0.000000 0.000000 0.000000 1.000000
0.995686 0.086839 0.032675 0.000000 -0.077187 0.970676 -0.227661 12.404900 -0.051487 0.224157 0.973192 -0.000000 0.000000 0.000000 0.000000 1.000000
0.995696 0.086689 0.032794 0.000000 -0.076946 0.970395 -0.228940 12.404900 -0.051670 0.225432 0.972888 0.000000 0.000000 0.000000 0.000000 1.000000
0.995705 0.086356 0.033388 0.000000 -0.076427 0.970170 -0.230064 12.404900 -0.052259 0.226524 0.972603 0.000000 0.000000 0.000000 0.000000 1.000000
0.995674 0.086446 0.034068 0.000000 -0.076324 0.970020 -0.230731 12.404900 -0.052993 0.227132 0.972421 0.000000 0.000000 0.000000 0.000000 1.000000
