<?xml version="1.0" encoding="utf-8"?>
<COLLADA xmlns="http://www.collada.org/2005/11/COLLADASchema" version="1.4.1">
  <asset>
    <contributor>
      <author>Mixamo</author>
      <authoring_tool>COLLADA Mixamo exporter</authoring_tool>
      <comments/>
    </contributor>
    <created>2024-06-27T10:01:00Z</created>
    <modified>2024-06-27T10:01:00Z</modified>
    <revision/>
    <title/>
    <unit meter="0.010000"/>
    <up_axis>Y_UP</up_axis>
  </asset>
  <library_animations>
    <animation>
      <source id="mixamorig1_Hips-Matrix-animation-input">
        <float_array id="mixamorig1_Hips-Matrix-animation-input-array" count="91">

0.000000 0.033333 0.066667 0.100000 0.133333 0.166667 0.200000 0.233333 0.266667 0.300000 0.333333 0.366667 0.400000 0.433333 0.466667 0.500000
0.533333 0.566667 0.600000 0.633333 0.666667 0.700000 0.733333 0.766667 0.800000 0.833333 0.866667 0.900000 0.933333 0.966667 1.000000 1.033333
1.066667 1.100000 1.133333 1.166667 1.200000 1.233333 1.266667 1.300000 1.333333 1.366667 1.400000 1.433333 1.466667 1.500000 1.533333 1.566667
1.600000 1.633333 1.666667 1.700000 1.733333 1.766667 1.800000 1.833333 1.866667 1.900000 1.933333 1.966667 2.000000 2.033333 2.066667 2.100000
2.133333 2.166667 2.200000 2.233333 2.266667 2.300000 2.333333 2.366667 2.400000 2.433333 2.466667 2.500000 2.533333 2.566667 2.600000 2.633333
2.666667 2.700000 2.733333 2.766667 2.800000 2.833333 2.866667 2.900000 2.933333 2.966667 3.000000</float_array>
        <technique_common>
          <accessor source="#mixamorig1_Hips-Matrix-animation-input-array" count="91">
            <param name="TIME" type="float"/>
          </accessor>
        </technique_common>
      </source>
      <source id="mixamorig1_Hips-Matrix-animation-output-transform">
        <float_array id="mixamorig1_Hips-Matrix-animation-output-transform-array" count="1456">

0.994120 0.058554 -0.091091 0.213156 -0.052718 0.996478 0.065205 94.464378 0.094588 -0.060019 0.993706 -0.509579 0.000000 0.000000 0.000000 1.000000
0.994120 0.058523 -0.091110 0.214647 -0.052717 0.996499 0.064884 94.465149 0.094588 -0.059699 0.993725 -0.508488 0.000000 0.000000 0.000000 1.000000
0.994100 0.058578 -0.091291 0.217593 -0.052783 0.996511 0.064652 94.466217 0.094760 -0.059452 0.993723 -0.505410 0.000000 0.000000 0.000000 1.000000
0.994072 0.058635 -0.091554 0.222258 -0.052841 0.996519 0.064477 94.467751 0.095016 -0.059257 0.993711 -0.501166 0.000000 0.000000 0.000000 1.000000
0.994029 0.058726 -0.091964 0.227978 -0.052917 0.996521 0.064385 94.469681 0.095425 -0.059134 0.993679 -0.496773 0.000000 0.000000 0.000000 1.000000
0.993962 0.058839 -0.092616 0.234255 -0.052996 0.996520 0.064334 94.471588 0.096079 -0.059037 0.993621 -0.493041 0.000000 0.000000 0.000000 1.000000
0.993877 0.058956 -0.093449 0.241359 -0.053071 0.996521 0.064260 94.472984 0.096912 -0.058908 0.993548 -0.490608 0.000000 0.000000 0.000000 1.000000
0.993788 0.059083 -0.094310 0.249403 -0.053158 0.996524 0.064145 94.473648 0.097772 -0.058733 0.993474 -0.489537 0.000000 0.000000 0.000000 1.000000
0.993698 0.059250 -0.095148 0.258059 -0.053282 0.996521 0.064088 94.473679 0.098614 -0.058614 0.993398 -0.489435 0.000000 0.000000 0.000000 1.000000
0.993604 0.059445 -0.096006 0.267387 -0.053427 0.996514 0.064080 94.474289 0.099481 -0.058541 0.993316 -0.489723 0.000000 0.000000 0.000000 1.000000
0.993508 0.059643 -0.096874 0.277755 -0.053582 0.996510 0.064009 94.475899 0.100353 -0.058402 0.993236 -0.490584 0.000000 0.000000 0.000000 1.000000
0.993414 0.059821 -0.097729 0.289121 -0.053734 0.996517 0.063771 94.477661 0.101204 -0.058099 0.993168 -0.492375 0.000000 0.000000 0.000000 1.000000
0.993321 0.059984 -0.098562 0.300710 -0.053881 0.996529 0.063460 94.478531 0.102026 -0.057725 0.993105 -0.495240 0.000000 0.000000 0.000000 1.000000
0.993235 0.060160 -0.099327 0.311901 -0.054041 0.996537 0.063188 94.478149 0.102785 -0.057393 0.993047 -0.499191 0.000000 0.000000 0.000000 1.000000
0.993152 0.060382 -0.100012 0.322032 -0.054244 0.996538 0.062999 94.477409 0.103470 -0.057143 0.992990 -0.504082 0.000000 0.000000 0.000000 1.000000
0.993069 0.060662 -0.100667 0.330053 -0.054501 0.996533 0.062863 94.476746 0.104132 -0.056941 0.992932 -0.510082 0.000000 0.000000 0.000000 1.000000
0.992990 0.060970 -0.101261 0.335649 -0.054795 0.996528 0.062680 94.475800 0.104731 -0.056692 0.992883 -0.517445 0.000000 0.000000 0.000000 1.000000
0.992929 0.061250 -0.101687 0.339926 -0.055086 0.996532 0.062360 94.474449 0.105154 -0.056318 0.992860 -0.525434 0.000000 0.000000 0.000000 1.000000
0.992886 0.061478 -0.101967 0.344270 -0.055342 0.996544 0.061947 94.473267 0.105423 -0.055864 0.992857 -0.532655 0.000000 0.000000 0.000000 1.000000
0.992845 0.061690 -0.102242 0.349058 -0.055579 0.996554 0.061575 94.472748 0.105689 -0.055451 0.992852 -0.538888 0.000000 0.000000 0.000000 1.000000
0.992800 0.061913 -0.102542 0.353509 -0.055816 0.996557 0.061301 94.472816 0.105984 -0.055136 0.992838 -0.544922 0.000000 0.000000 0.000000 1.000000
0.992766 0.062112 -0.102751 0.356798 -0.056034 0.996562 0.061021 94.472984 0.106188 -0.054822 0.992834 -0.550466 0.000000 0.000000 0.000000 1.000000
0.992748 0.062243 -0.102843 0.359199 -0.056207 0.996579 0.060586 94.472870 0.106263 -0.054366 0.992851 -0.554409 0.000000 0.000000 0.000000 1.000000
0.992728 0.062334 -0.102987 0.361877 -0.056349 0.996605 0.060035 94.472832 0.106379 -0.053795 0.992869 -0.555937 0.000000 0.000000 0.000000 1.000000
0.992688 0.062418 -0.103322 0.365452 -0.056466 0.996626 0.059560 94.473633 0.106691 -0.053290 0.992863 -0.554493 0.000000 0.000000 0.000000 1.000000
0.992643 0.062448 -0.103732 0.369914 -0.056508 0.996642 0.059252 94.475639 0.107084 -0.052954 0.992839 -0.549993 0.000000 0.000000 0.000000 1.000000
0.992612 0.062407 -0.104050 0.375072 -0.056469 0.996655 0.059071 94.477882 0.107388 -0.052759 0.992816 -0.543605 0.000000 0.000000 0.000000 1.000000
0.992599 0.062302 -0.104237 0.380591 -0.056358 0.996664 0.059030 94.479233 0.107567 -0.052719 0.992799 -0.537419 0.000000 0.000000 0.000000 1.000000
0.992602 0.062182 -0.104283 0.385479 -0.056231 0.996669 0.059067 94.479309 0.107609 -0.052766 0.992792 -0.532224 0.000000 0.000000 0.000000 1.000000
0.992610 0.062066 -0.104273 0.388659 -0.056093 0.996665 0.059269 94.479134 0.107604 -0.052982 0.992781 -0.526614 0.000000 0.000000 0.000000 1.000000
0.992616 0.061957 -0.104279 0.389207 -0.055951 0.996655 0.059569 94.479874 0.107620 -0.053295 0.992763 -0.517846 0.000000 0.000000 0.000000 1.000000
0.992610 0.061873 -0.104390 0.387238 -0.055816 0.996638 0.059978 94.481010 0.107750 -0.053708 0.992726 -0.505670 0.000000 0.000000 0.000000 1.000000
0.992590 0.061826 -0.104609 0.384058 -0.055703 0.996614 0.060473 94.481628 0.107993 -0.054198 0.992673 -0.492757 0.000000 0.000000 0.000000 1.000000
0.992579 0.061792 -0.104732 0.381255 -0.055609 0.996589 0.060971 94.481705 0.108142 -0.054694 0.992630 -0.481632 0.000000 0.000000 0.000000 1.000000
0.992583 0.061747 -0.104723 0.378902 -0.055512 0.996566 0.061445 94.481567 0.108157 -0.055176 0.992601 -0.473078 0.000000 0.000000 0.000000 1.000000
0.992599 0.061680 -0.104611 0.376513 -0.055397 0.996541 0.061943 94.481270 0.108070 -0.055689 0.992582 -0.467267 0.000000 0.000000 0.000000 1.000000
0.992637 0.061560 -0.104316 0.373796 -0.055233 0.996516 0.062496 94.480820 0.107800 -0.056274 0.992579 -0.463928 0.000000 0.000000 0.000000 1.000000
0.992706 0.061367 -0.103773 0.370787 -0.055009 0.996493 0.063058 94.480354 0.107279 -0.056890 0.992600 -0.462172 0.000000 0.000000 0.000000 1.000000
0.992803 0.061074 -0.103019 0.367837 -0.054706 0.996478 0.063557 94.480194 0.106537 -0.057464 0.992647 -0.461460 0.000000 0.000000 0.000000 1.000000
0.992918 0.060694 -0.102128 0.365297 -0.054332 0.996472 0.063971 94.480286 0.105651 -0.057969 0.992712 -0.462718 0.000000 0.000000 0.000000 1.000000
0.993047 0.060298 -0.101100 0.362580 -0.053960 0.996470 0.064304 94.479607 0.104620 -0.058401 0.992796 -0.467001 0.000000 0.000000 0.000000 1.000000
0.993191 0.059961 -0.099883 0.357817 -0.053666 0.996470 0.064562 94.477371 0.103401 -0.058762 0.992902 -0.473443 0.000000 0.000000 0.000000 1.000000
0.993344 0.059672 -0.098529 0.350277 -0.053434 0.996468 0.064781 94.473854 0.102046 -0.059085 0.993023 -0.480522 0.000000 0.000000 0.000000 1.000000
0.993494 0.059376 -0.097178 0.340772 -0.053193 0.996465 0.065026 94.470078 0.100696 -0.059433 0.993140 -0.487559 0.000000 0.000000 0.000000 1.000000
0.993632 0.059069 -0.095945 0.329453 -0.052931 0.996460 0.065310 94.466843 0.099463 -0.059816 0.993242 -0.494351 0.000000 0.000000 0.000000 1.000000
0.993753 0.058782 -0.094864 0.315546 -0.052683 0.996457 0.065565 94.464073 0.098382 -0.060158 0.993329 -0.500239 0.000000 0.000000 0.000000 1.000000
0.993857 0.058521 -0.093939 0.299378 -0.052460 0.996456 0.065747 94.461327 0.097453 -0.060415 0.993405 -0.504249 0.000000 0.000000 0.000000 1.000000
0.993939 0.058285 -0.093205 0.283070 -0.052254 0.996458 0.065885 94.459358 0.096715 -0.060615 0.993465 -0.507229 0.000000 0.000000 0.000000 1.000000
0.994001 0.058086 -0.092676 0.266451 -0.052076 0.996459 0.066006 94.458733 0.096182 -0.060784 0.993506 -0.509966 0.000000 0.000000 0.000000 1.000000
0.994043 0.057938 -0.092309 0.249289 -0.051947 0.996464 0.066031 94.458717 0.095809 -0.060843 0.993539 -0.513309 0.000000 0.000000 0.000000 1.000000
0.994075 0.057828 -0.092038 0.233108 -0.051858 0.996472 0.065979 94.458382 0.095528 -0.060815 0.993567 -0.517505 0.000000 0.000000 0.000000 1.000000
0.994095 0.057719 -0.091893 0.219803 -0.051781 0.996492 0.065748 94.458008 0.095366 -0.060601 0.993596 -0.521324 0.000000 0.000000 0.000000 1.000000
0.994093 0.057611 -0.091978 0.209294 -0.051694 0.996515 0.065469 94.458153 0.095430 -0.060327 0.993606 -0.523803 0.000000 0.000000 0.000000 1.000000
0.994065 0.057518 -0.092335 0.201200 -0.051602 0.996535 0.065228 94.459488 0.095767 -0.060077 0.993589 -0.524391 0.000000 0.000000 0.000000 1.000000
0.994021 0.057440 -0.092858 0.196176 -0.051512 0.996553 0.065033 94.461823 0.096273 -0.059861 0.993553 -0.523386 0.000000 0.000000 0.000000 1.000000
0.993976 0.057348 -0.093397 0.194347 -0.051403 0.996570 0.064858 94.464462 0.096796 -0.059666 0.993514 -0.521967 0.000000 0.000000 0.000000 1.000000
0.993932 0.057295 -0.093895 0.194857 -0.051337 0.996584 0.064687 94.466934 0.097280 -0.059474 0.993478 -0.521200 0.000000 0.000000 0.000000 1.000000
0.993886 0.057263 -0.094397 0.197017 -0.051290 0.996597 0.064532 94.469101 0.097771 -0.059296 0.993441 -0.520972 0.000000 0.000000 0.000000 1.000000
0.993835 0.057245 -0.094947 0.201367 -0.051251 0.996607 0.064409 94.470917 0.098312 -0.059146 0.993396 -0.520855 0.000000 0.000000 0.000000 1.000000
0.993776 0.057245 -0.095568 0.207801 -0.051225 0.996615 0.064298 94.472488 0.098925 -0.059003 0.993344 -0.521253 0.000000 0.000000 0.000000 1.000000
0.993708 0.057263 -0.096262 0.215338 -0.051213 0.996623 0.064190 94.473816 0.099613 -0.058856 0.993284 -0.522645 0.000000 0.000000 0.000000 1.000000
0.993638 0.057297 -0.096955 0.223171 -0.051217 0.996629 0.064082 94.474495 0.100299 -0.058709 0.993224 -0.524904 0.000000 0.000000 0.000000 1.000000
0.993578 0.057345 -0.097543 0.231011 -0.051242 0.996635 0.063969 94.474670 0.100883 -0.058560 0.993173 -0.527526 0.000000 0.000000 0.000000 1.000000
0.993524 0.057413 -0.098054 0.239665 -0.051290 0.996640 0.063859 94.475189 0.101391 -0.058416 0.993130 -0.530530 0.000000 0.000000 0.000000 1.000000
0.993461 0.057571 -0.098598 0.250795 -0.051425 0.996638 0.063780 94.476318 0.101938 -0.058293 0.993081 -0.534990 0.000000 0.000000 0.000000 1.000000
0.993398 0.057748 -0.099126 0.264170 -0.051572 0.996631 0.063777 94.477753 0.102475 -0.058244 0.993029 -0.540995 0.000000 0.000000 0.000000 1.000000
0.993353 0.057951 -0.099461 0.278335 -0.051753 0.996620 0.063802 94.479118 0.102822 -0.058231 0.992994 -0.546633 0.000000 0.000000 0.000000 1.000000
0.993330 0.058180 -0.099554 0.292218 -0.051974 0.996606 0.063840 94.479774 0.102930 -0.058240 0.992982 -0.551491 0.000000 0.000000 0.000000 1.000000
0.993315 0.058419 -0.099557 0.306337 -0.052206 0.996589 0.063909 94.479584 0.102951 -0.058284 0.992977 -0.557549 0.000000 0.000000 0.000000 1.000000
0.993307 0.058642 -0.099515 0.320966 -0.052427 0.996574 0.063961 94.479263 0.102925 -0.058315 0.992978 -0.565806 0.000000 0.000000 0.000000 1.000000
0.993305 0.058853 -0.099404 0.335019 -0.052639 0.996560 0.064016 94.478958 0.102830 -0.058355 0.992986 -0.575055 0.000000 0.000000 0.000000 1.000000
0.993326 0.059054 -0.099077 0.346828 -0.052852 0.996543 0.064093 94.477959 0.102519 -0.058429 0.993014 -0.583317 0.000000 0.000000 0.000000 1.000000
0.993369 0.059240 -0.098528 0.356566 -0.053054 0.996522 0.064254 94.475754 0.101992 -0.058601 0.993058 -0.590436 0.000000 0.000000 0.000000 1.000000
0.993424 0.059387 -0.097889 0.365765 -0.053216 0.996498 0.064497 94.472801 0.101376 -0.058864 0.993105 -0.598011 0.000000 0.000000 0.000000 1.000000
0.993482 0.059499 -0.097226 0.374199 -0.053338 0.996473 0.064780 94.469437 0.100738 -0.059172 0.993152 -0.606928 0.000000 0.000000 0.000000 1.000000
0.993547 0.059591 -0.096505 0.379902 -0.053448 0.996451 0.065032 94.465935 0.100037 -0.059454 0.993206 -0.616186 0.000000 0.000000 0.000000 1.000000
0.993619 0.059669 -0.095707 0.381746 -0.053556 0.996432 0.065223 94.462257 0.099258 -0.059682 0.993270 -0.624600 0.000000 0.000000 0.000000 1.000000
0.993702 0.059684 -0.094833 0.379233 -0.053612 0.996422 0.065338 94.458748 0.098394 -0.059842 0.993347 -0.631146 0.000000 0.000000 0.000000 1.000000
0.993794 0.059672 -0.093877 0.372858 -0.053660 0.996421 0.065313 94.456390 0.097438 -0.059870 0.993439 -0.634616 0.000000 0.000000 0.000000 1.000000
0.993885 0.059639 -0.092924 0.364550 -0.053694 0.996426 0.065212 94.456017 0.096481 -0.059824 0.993535 -0.635210 0.000000 0.000000 0.000000 1.000000
0.993962 0.059586 -0.092137 0.355414 -0.053710 0.996439 0.064995 94.456909 0.095682 -0.059654 0.993623 -0.633495 0.000000 0.000000 0.000000 1.000000
0.994012 0.059534 -0.091626 0.345907 -0.053707 0.996452 0.064802 94.457848 0.095159 -0.059493 0.993683 -0.629541 0.000000 0.000000 0.000000 1.000000
0.994038 0.059486 -0.091377 0.336531 -0.053681 0.996459 0.064717 94.458458 0.094903 -0.059426 0.993711 -0.623151 0.000000 0.000000 0.000000 1.000000
0.994051 0.059429 -0.091276 0.326698 -0.053632 0.996462 0.064710 94.458916 0.094798 -0.059430 0.993721 -0.614604 0.000000 0.000000 0.000000 1.000000
0.994065 0.059316 -0.091192 0.314051 -0.053519 0.996465 0.064758 94.459038 0.094711 -0.059494 0.993725 -0.604151 0.000000 0.000000 0.000000 1.000000
0.994084 0.059189 -0.091065 0.296967 -0.053393 0.996468 0.064818 94.459053 0.094580 -0.059572 0.993733 -0.591606 0.000000 0.000000 0.000000 1.000000
0.994108 0.059095 -0.090872 0.277134 -0.053305 0.996469 0.064871 94.459000 0.094385 -0.059645 0.993747 -0.577415 0.000000 0.000000 0.000000 1.000000
0.994125 0.058990 -0.090754 0.258250 -0.053202 0.996471 0.064929 94.459106 0.094264 -0.059720 0.993754 -0.562433 0.000000 0.000000 0.000000 1.000000
0.994135 0.058824 -0.090754 0.242122 -0.053029 0.996475 0.064998 94.459908 0.094258 -0.059804 0.993750 -0.546514 0.000000 0.000000 0.000000 1.000000
0.994134 0.058633 -0.090879 0.227530 -0.052820 0.996480 0.065093 94.461853 0.094375 -0.059911 0.993732 -0.528743 0.000000 0.000000 0.000000 1.000000
0.994123 0.058448 -0.091125 0.212919 -0.052616 0.996488 0.065140 94.464439 0.094612 -0.059962 0.993707 -0.509441 0.000000 0.000000 0.000000 1.000000</float_array>
        <technique_common>
          <accessor source="#mixamorig1_Hips-Matrix-animation-output-transform-array" count="91" stride="16">
            <param type="float4x4"/>
          </accessor>
        </technique_common>
      </source>
      <source id="mixamorig1_Hips-Interpolations">
        <Name_array id="mixamorig1_Hips-Interpolations-array" count="91">
 LINEAR LINEAR LINEAR LINEAR LINEAR LINEAR LINEAR LINEAR LINEAR LINEAR LINEAR
LINEAR LINEAR LINEAR LINEAR LINEAR LINEAR LINEAR LINEAR LINEAR LINEAR LINEAR LINEAR
LINEAR LINEAR LINEAR LINEAR LINEAR LINEAR LINEAR LINEAR LINEAR LINEAR LINEAR LINEAR
LINEAR LINEAR LINEAR LINEAR LINEAR LINEAR LINEAR LINEAR LINEAR LINEAR LINEAR LINEAR
LINEAR LINEAR LINEAR LINEAR LINEAR LINEAR LINEAR LINEAR LINEAR LINEAR LINEAR LINEAR
LINEAR LINEAR LINEAR LINEAR LINEAR LINEAR LINEAR LINEAR LINEAR LINEAR LINEAR LINEAR
LINEAR LINEAR LINEAR LINEAR LINEAR LINEAR LINEAR LINEAR LINEAR LINEAR LINEAR LINEAR
LINEAR LINEAR LINEAR LINEAR LINEAR LINEAR LINEAR LINEAR</Name_array>
        <technique_common>
          <accessor source="#mixamorig1_Hips-Interpolations-array" count="91">
            <param type="name"/>
          </accessor>
        </technique_common>
      </source>
      <sampler id="mixamorig1_Hips-Matrix-animation-transform">
        <input semantic="INPUT" source="#mixamorig1_Hips-Matrix-animation-input"/>
        <input semantic="OUTPUT" source="#mixamorig1_Hips-Matrix-animation-output-transform"/>
        <input semantic="INTERPOLATION" source="#mixamorig1_Hips-Interpolations"/>
      </sampler>
      <channel source="#mixamorig1_Hips-Matrix-animation-transform" target="mixamorig1_Hips/matrix"/>
      <source id="mixamorig1_Spine-Matrix-animation-input">
        <float_array id="mixamorig1_Spine-Matrix-animation-input-array" count="91">

0.000000 0.033333 0.066667 0.100000 0.133333 0.166667 0.200000 0.233333 0.266667 0.300000 0.333333 0.366667 0.400000 0.433333 0.466667 0.500000
0.533333 0.566667 0.600000 0.633333 0.666667 0.700000 0.733333 0.766667 0.800000 0.833333 0.866667 0.900000 0.933333 0.966667 1.000000 1.033333
1.066667 1.100000 1.133333 1.166667 1.200000 1.233333 1.266667 1.300000 1.333333 1.366667 1.400000 1.433333 1.466667 1.500000 1.533333 1.566667
1.600000 1.633333 1.666667 1.700000 1.733333 1.766667 1.800000 1.833333 1.866667 1.900000 1.933333 1.966667 2.000000 2.033333 2.066667 2.100000
2.133333 2.166667 2.200000 2.233333 2.266667 2.300000 2.333333 2.366667 2.400000 2.433333 2.466667 2.500000 2.533333 2.566667 2.600000 2.633333
2.666667 2.700000 2.733333 2.766667 2.800000 2.833333 2.866667 2.900000 2.933333 2.966667 3.000000</float_array>
        <technique_common>
          <accessor source="#mixamorig1_Spine-Matrix-animation-input-array" count="91">
            <param name="TIME" type="float"/>
          </accessor>
        </technique_common>
      </source>
      <source id="mixamorig1_Spine-Matrix-animation-output-transform">
        <float_array id="mixamorig1_Spine-Matrix-animation-output-transform-array" count="1456">

0.998821 -0.042555 0.023375 0.000000 0.042096 0.998917 0.019805 10.600800 -0.024193 -0.018798 0.999531 -0.823400 0.000000 0.000000 0.000000 1.000000
0.998821 -0.042554 0.023375 -0.000000 0.042094 0.998917 0.019805 10.600800 -0.024193 -0.018798 0.999531 -0.823400 0.000000 0.000000 0.000000 1.000000
0.998827 -0.042551 0.023131 0.000000 0.042091 0.998914 0.019997 10.600800 -0.023957 -0.019000 0.999532 -0.823400 0.000000 0.000000 0.000000 1.000000
0.998842 -0.042376 0.022792 0.000000 0.041917 0.998916 0.020268 10.600800 -0.023627 -0.019289 0.999535 -0.823400 0.000000 0.000000 0.000000 1.000000
0.998859 -0.042174 0.022387 0.000000 0.041715 0.998917 0.020599 10.600800 -0.023232 -0.019641 0.999537 -0.823400 0.000000 0.000000 0.000000 1.000000
0.998878 -0.041962 0.021972 0.000000 0.041503 0.998919 0.020949 10.600800 -0.022828 -0.020013 0.999539 -0.823400 0.000000 0.000000 0.000000 1.000000
0.998894 -0.041763 0.021582 0.000000 0.041304 0.998920 0.021295 10.600800 -0.022448 -0.020380 0.999540 -0.823400 0.000000 0.000000 0.000000 1.000000
0.998910 -0.041588 0.021190 0.000000 0.041130 0.998920 0.021622 10.600800 -0.022066 -0.020727 0.999542 -0.823400 0.000000 0.000000 0.000000 1.000000
0.998925 -0.041437 0.020782 0.000000 0.040981 0.998920 0.021909 10.600800 -0.021667 -0.021034 0.999544 -0.823400 0.000000 0.000000 0.000000 1.000000
0.998939 -0.041283 0.020422 0.000000 0.040829 0.998920 0.022183 10.600800 -0.021316 -0.021326 0.999545 -0.823400 0.000000 0.000000 0.000000 1.000000
0.998951 -0.041102 0.020163 0.000000 0.040647 0.998921 0.022476 10.600800 -0.021065 -0.021633 0.999544 -0.823400 0.000000 0.000000 0.000000 1.000000
0.998963 -0.040913 0.019974 0.000000 0.040457 0.998922 0.022758 10.600800 -0.020883 -0.021926 0.999541 -0.823400 0.000000 0.000000 0.000000 1.000000
0.998973 -0.040758 0.019774 0.000000 0.040300 0.998922 0.023019 10.600800 -0.020691 -0.022198 0.999539 -0.823400 0.000000 0.000000 0.000000 1.000000
0.998984 -0.040623 0.019523 0.000000 0.040167 0.998923 0.023217 10.600800 -0.020445 -0.022409 0.999540 -0.823400 0.000000 0.000000 0.000000 1.000000
0.998993 -0.040483 0.019329 0.000000 0.040030 0.998927 0.023296 10.600800 -0.020251 -0.022499 0.999542 -0.823400 0.000000 0.000000 0.000000 1.000000
0.999000 -0.040338 0.019261 0.000000 0.039886 0.998932 0.023319 10.600800 -0.020181 -0.022527 0.999543 -0.823400 0.000000 0.000000 0.000000 1.000000
0.999006 -0.040209 0.019247 -0.000000 0.039757 0.998937 0.023337 10.600800 -0.020165 -0.022549 0.999542 -0.823400 0.000000 0.000000 0.000000 1.000000
0.999010 -0.040107 0.019256 0.000000 0.039654 0.998940 0.023381 10.600800 -0.020173 -0.022594 0.999541 -0.823400 0.000000 0.000000 0.000000 1.000000
0.999014 -0.039992 0.019288 0.000000 0.039536 0.998942 0.023472 10.600800 -0.020207 -0.022686 0.999538 -0.823400 0.000000 0.000000 0.000000 1.000000
0.999019 -0.039839 0.019350 0.000000 0.039380 0.998947 0.023530 10.600800 -0.020267 -0.022745 0.999536 -0.823400 0.000000 0.000000 0.000000 1.000000
0.999022 -0.039730 0.019396 -0.000000 0.039270 0.998952 0.023531 10.600800 -0.020311 -0.022746 0.999535 -0.823400 0.000000 0.000000 0.000000 1.000000
0.999024 -0.039679 0.019408 0.000000 0.039219 0.998954 0.023519 10.600800 -0.020320 -0.022735 0.999535 -0.823400 0.000000 0.000000 0.000000 1.000000
0.999025 -0.039641 0.019425 0.000000 0.039181 0.998955 0.023519 10.600800 -0.020337 -0.022735 0.999535 -0.823400 0.000000 0.000000 0.000000 1.000000
0.999024 -0.039622 0.019497 0.000000 0.039160 0.998955 0.023555 10.600800 -0.020410 -0.022769 0.999532 -0.823400 0.000000 0.000000 0.000000 1.000000
0.999021 -0.039618 0.019679 0.000000 0.039148 0.998952 0.023701 10.600800 -0.020598 -0.022907 0.999525 -0.823400 0.000000 0.000000 0.000000 1.000000
0.999015 -0.039628 0.019949 0.000000 0.039147 0.998946 0.023970 10.600800 -0.020878 -0.023166 0.999514 -0.823400 0.000000 0.000000 0.000000 1.000000
0.999008 -0.039652 0.020257 0.000000 0.039157 0.998938 0.024265 10.600800 -0.021197 -0.023448 0.999500 -0.823400 0.000000 0.000000 0.000000 1.000000
0.999000 -0.039700 0.020548 0.000000 0.039192 0.998931 0.024517 10.600800 -0.021499 -0.023687 0.999488 -0.823400 0.000000 0.000000 0.000000 1.000000
0.998994 -0.039757 0.020752 -0.000000 0.039241 0.998924 0.024718 10.600800 -0.021712 -0.023878 0.999479 -0.823400 0.000000 0.000000 0.000000 1.000000
0.998989 -0.039814 0.020861 0.000000 0.039292 0.998918 0.024874 10.600800 -0.021829 -0.024029 0.999473 -0.823400 0.000000 0.000000 0.000000 1.000000
0.998983 -0.039899 0.020987 0.000000 0.039371 0.998912 0.025013 10.600800 -0.021962 -0.024161 0.999467 -0.823400 0.000000 0.000000 0.000000 1.000000
0.998973 -0.040022 0.021255 0.000000 0.039484 0.998903 0.025180 10.600800 -0.022239 -0.024315 0.999457 -0.823400 0.000000 0.000000 0.000000 1.000000
0.998958 -0.040165 0.021657 0.000000 0.039612 0.998893 0.025388 10.600800 -0.022653 -0.024504 0.999443 -0.823400 0.000000 0.000000 0.000000 1.000000
0.998942 -0.040335 0.022089 0.000000 0.039766 0.998881 0.025612 10.600800 -0.023097 -0.024706 0.999428 -0.823400 0.000000 0.000000 0.000000 1.000000
0.998925 -0.040543 0.022494 -0.000000 0.039960 0.998868 0.025797 10.600800 -0.023515 -0.024870 0.999414 -0.823400 0.000000 0.000000 0.000000 1.000000
0.998905 -0.040801 0.022900 0.000000 0.040206 0.998856 0.025898 10.600800 -0.023930 -0.024949 0.999402 -0.823400 0.000000 0.000000 0.000000 1.000000
0.998883 -0.041105 0.023324 -0.000000 0.040497 0.998842 0.025955 10.600800 -0.024364 -0.024982 0.999391 -0.823400 0.000000 0.000000 0.000000 1.000000
0.998860 -0.041414 0.023730 0.000000 0.040796 0.998829 0.025988 10.600800 -0.024778 -0.024990 0.999381 -0.823400 0.000000 0.000000 0.000000 1.000000
0.998841 -0.041676 0.024068 0.000000 0.041049 0.998819 0.025988 10.600800 -0.025122 -0.024970 0.999372 -0.823400 0.000000 0.000000 0.000000 1.000000
0.998827 -0.041880 0.024323 0.000000 0.041247 0.998812 0.025961 10.600800 -0.025382 -0.024928 0.999367 -0.823400 0.000000 0.000000 0.000000 1.000000
0.998814 -0.042074 0.024509 0.000000 0.041439 0.998806 0.025870 10.600800 -0.025568 -0.024823 0.999365 -0.823400 0.000000 0.000000 0.000000 1.000000
0.998800 -0.042320 0.024652 0.000000 0.041687 0.998801 0.025670 10.600800 -0.025709 -0.024611 0.999366 -0.823400 0.000000 0.000000 0.000000 1.000000
0.998783 -0.042633 0.024812 0.000000 0.042003 0.998795 0.025380 10.600800 -0.025864 -0.024306 0.999370 -0.823400 0.000000 0.000000 0.000000 1.000000
0.998762 -0.042969 0.025064 0.000000 0.042342 0.998790 0.025029 10.600800 -0.026109 -0.023937 0.999372 -0.823400 0.000000 0.000000 0.000000 1.000000
0.998739 -0.043279 0.025434 -0.000000 0.042653 0.998785 0.024673 10.600800 -0.026471 -0.023557 0.999372 -0.823400 0.000000 0.000000 0.000000 1.000000
0.998717 -0.043549 0.025862 0.000000 0.042921 0.998782 0.024357 10.600800 -0.026891 -0.023215 0.999369 -0.823400 0.000000 0.000000 0.000000 1.000000
0.998697 -0.043769 0.026247 0.000000 0.043139 0.998779 0.024084 10.600800 -0.027269 -0.022920 0.999365 -0.823400 0.000000 0.000000 0.000000 1.000000
0.998682 -0.043937 0.026529 0.000000 0.043309 0.998778 0.023818 10.600800 -0.027543 -0.022638 0.999364 -0.823400 0.000000 0.000000 0.000000 1.000000
0.998670 -0.044084 0.026727 0.000000 0.043459 0.998778 0.023526 10.600800 -0.027731 -0.022334 0.999366 -0.823400 0.000000 0.000000 0.000000 1.000000
0.998658 -0.044251 0.026892 0.000000 0.043632 0.998778 0.023212 10.600800 -0.027886 -0.022007 0.999369 -0.823400 0.000000 0.000000 0.000000 1.000000
0.998646 -0.044439 0.027060 0.000000 0.043824 0.998777 0.022909 10.600800 -0.028045 -0.021692 0.999371 -0.823400 0.000000 0.000000 0.000000 1.000000
0.998634 -0.044582 0.027247 0.000000 0.043970 0.998776 0.022659 10.600800 -0.028224 -0.021430 0.999372 -0.823400 0.000000 0.000000 0.000000 1.000000
0.998628 -0.044629 0.027408 0.000000 0.044019 0.998778 0.022473 10.600800 -0.028377 -0.021235 0.999372 -0.823400 0.000000 0.000000 0.000000 1.000000
0.998626 -0.044623 0.027473 0.000000 0.044016 0.998781 0.022332 10.600800 -0.028436 -0.021092 0.999373 -0.823400 0.000000 0.000000 0.000000 1.000000
0.998628 -0.044600 0.027438 0.000000 0.043997 0.998785 0.022209 10.600800 -0.028395 -0.020971 0.999377 -0.823400 0.000000 0.000000 0.000000 1.000000
0.998635 -0.044564 0.027230 0.000000 0.043969 0.998789 0.022084 10.600800 -0.028181 -0.020857 0.999385 -0.823400 0.000000 0.000000 0.000000 1.000000
0.998647 -0.044521 0.026857 0.000000 0.043937 0.998793 0.021952 10.600800 -0.027802 -0.020742 0.999398 -0.823400 0.000000 0.000000 0.000000 1.000000
0.998660 -0.044486 0.026441 -0.000000 0.043914 0.998797 0.021815 10.600800 -0.027380 -0.020625 0.999412 -0.823400 0.000000 0.000000 0.000000 1.000000
0.998671 -0.044459 0.026071 0.000000 0.043899 0.998801 0.021680 10.600800 -0.027004 -0.020506 0.999425 -0.823400 0.000000 0.000000 0.000000 1.000000
0.998680 -0.044433 0.025772 0.000000 0.043882 0.998804 0.021546 10.600800 -0.026699 -0.020386 0.999436 -0.823400 0.000000 0.000000 0.000000 1.000000
0.998689 -0.044398 0.025496 0.000000 0.043857 0.998808 0.021411 10.600800 -0.026416 -0.020264 0.999446 -0.823400 0.000000 0.000000 0.000000 1.000000
0.998699 -0.044350 0.025159 0.000000 0.043819 0.998813 0.021271 10.600800 -0.026073 -0.020141 0.999457 -0.823400 0.000000 0.000000 0.000000 1.000000
0.998713 -0.044269 0.024736 0.000000 0.043750 0.998819 0.021125 10.600800 -0.025642 -0.020016 0.999471 -0.823400 0.000000 0.000000 0.000000 1.000000
0.998730 -0.044142 0.024296 0.000000 0.043636 0.998827 0.020976 10.600800 -0.025193 -0.019889 0.999485 -0.823400 0.000000 0.000000 0.000000 1.000000
0.998744 -0.044011 0.023956 0.000000 0.043515 0.998835 0.020836 10.600800 -0.024845 -0.019768 0.999496 -0.823400 0.000000 0.000000 0.000000 1.000000
0.998754 -0.043897 0.023753 0.000000 0.043408 0.998843 0.020713 10.600800 -0.024635 -0.019657 0.999503 -0.823400 0.000000 0.000000 0.000000 1.000000
0.998762 -0.043782 0.023615 0.000000 0.043298 0.998850 0.020600 10.600800 -0.024489 -0.019552 0.999509 -0.823400 0.000000 0.000000 0.000000 1.000000
0.998769 -0.043661 0.023535 0.000000 0.043182 0.998857 0.020491 10.600800 -0.024403 -0.019450 0.999513 -0.823400 0.000000 0.000000 0.000000 1.000000
0.998775 -0.043542 0.023506 0.000000 0.043066 0.998864 0.020383 10.600800 -0.024367 -0.019346 0.999516 -0.823400 0.000000 0.000000 0.000000 1.000000
0.998780 -0.043426 0.023503 0.000000 0.042953 0.998871 0.020273 10.600800 -0.024357 -0.019238 0.999518 -0.823400 0.000000 0.000000 0.000000 1.000000
0.998784 -0.043318 0.023528 -0.000000 0.042847 0.998878 0.020155 10.600800 -0.024375 -0.019122 0.999520 -0.823400 0.000000 0.000000 0.000000 1.000000
0.998787 -0.043219 0.023602 -0.000000 0.042750 0.998885 0.020025 10.600800 -0.024441 -0.018992 0.999521 -0.823400 0.000000 0.000000 0.000000 1.000000
0.998786 -0.043134 0.023776 0.000000 0.042665 0.998891 0.019889 10.600800 -0.024607 -0.018851 0.999519 -0.823400 0.000000 0.000000 0.000000 1.000000
0.998783 -0.043066 0.024037 -0.000000 0.042596 0.998898 0.019727 10.600800 -0.024860 -0.018679 0.999516 -0.823400 0.000000 0.000000 0.000000 1.000000
0.998779 -0.043017 0.024294 0.000000 0.042548 0.998904 0.019498 10.600800 -0.025106 -0.018441 0.999515 -0.823400 0.000000 0.000000 0.000000 1.000000
0.998777 -0.042978 0.024435 0.000000 0.042513 0.998911 0.019228 10.600800 -0.025235 -0.018166 0.999516 -0.823400 0.000000 0.000000 0.000000 1.000000
0.998778 -0.042938 0.024469 -0.000000 0.042479 0.998917 0.018965 10.600800 -0.025257 -0.017902 0.999521 -0.823400 0.000000 0.000000 0.000000 1.000000
0.998780 -0.042896 0.024460 -0.000000 0.042443 0.998923 0.018761 10.600800 -0.025238 -0.017700 0.999525 -0.823400 0.000000 0.000000 0.000000 1.000000
0.998783 -0.042855 0.024428 0.000000 0.042405 0.998926 0.018658 10.600800 -0.025202 -0.017600 0.999527 -0.823400 0.000000 0.000000 0.000000 1.000000
0.998785 -0.042814 0.024400 -0.000000 0.042365 0.998929 0.018627 10.600800 -0.025171 -0.017570 0.999529 -0.823400 0.000000 0.000000 0.000000 1.000000
0.998787 -0.042772 0.024397 0.000000 0.042323 0.998930 0.018623 10.600800 -0.025167 -0.017568 0.999529 -0.823400 0.000000 0.000000 0.000000 1.000000
0.998786 -0.042751 0.024458 -0.000000 0.042301 0.998931 0.018641 10.600800 -0.025229 -0.017584 0.999527 -0.823400 0.000000 0.000000 0.000000 1.000000
0.998782 -0.042753 0.024643 0.000000 0.042299 0.998931 0.018666 10.600800 -0.025415 -0.017601 0.999522 -0.823400 0.000000 0.000000 0.000000 1.000000
0.998776 -0.042757 0.024860 0.000000 0.042298 0.998930 0.018699 10.600800 -0.025633 -0.017624 0.999516 -0.823400 0.000000 0.000000 0.000000 1.000000
0.998775 -0.042759 0.024904 0.000000 0.042298 0.998929 0.018747 10.600800 -0.025679 -0.017671 0.999514 -0.823400 0.000000 0.000000 0.000000 1.000000
0.998781 -0.042756 0.024664 0.000000 0.042298 0.998928 0.018798 10.600800 -0.025441 -0.017732 0.999519 -0.823400 0.000000 0.000000 0.000000 1.000000
0.998792 -0.042751 0.024231 -0.000000 0.042299 0.998927 0.018875 10.600800 -0.025012 -0.017827 0.999528 -0.823400 0.000000 0.000000 0.000000 1.000000
0.998802 -0.042749 0.023827 -0.000000 0.042301 0.998924 0.019020 10.600800 -0.024614 -0.017989 0.999535 -0.823400 0.000000 0.000000 0.000000 1.000000
0.998807 -0.042751 0.023581 -0.000000 0.042302 0.998920 0.019230 10.600800 -0.024377 -0.018209 0.999537 -0.823400 0.000000 0.000000 0.000000 1.000000
0.998811 -0.042754 0.023439 0.000000 0.042301 0.998915 0.019492 10.600800 -0.024247 -0.018477 0.999535 -0.823400 0.000000 0.000000 0.000000 1.000000
0.998811 -0.042759 0.023426 -0.000000 0.042299 0.998909 0.019799 10.600800 -0.024247 -0.018784 0.999530 -0.823400 0.000000 0.000000 0.000000 1.000000</float_array>
        <technique_common>
          <accessor source="#mixamorig1_Spine-Matrix-animation-output-transform-array" count="91" stride="16">
            <param type="float4x4"/>
          </accessor>
        </technique_common>
      </source>
      <source id="mixamorig1_Spine-Interpolations">
        <Name_array id="mixamorig1_Spine-Interpolations-array" count="91">
 LINEAR LINEAR LINEAR LINEAR LINEAR LINEAR LINEAR LINEAR LINEAR LINEAR LINEAR
LINEAR LINEAR LINEAR LINEAR LINEAR LINEAR LINEAR LINEAR LINEAR LINEAR LINEAR LINEAR
LINEAR LINEAR LINEAR LINEAR LINEAR LINEAR LINEAR LINEAR LINEAR LINEAR LINEAR LINEAR
LINEAR LINEAR LINEAR LINEAR LINEAR LINEAR LINEAR LINEAR LINEAR LINEAR LINEAR LINEAR
LINEAR LINEAR LINEAR LINEAR LINEAR LINEAR LINEAR LINEAR LINEAR LINEAR LINEAR LINEAR
LINEAR LINEAR LINEAR LINEAR LINEAR LINEAR LINEAR LINEAR LINEAR LINEAR LINEAR LINEAR
LINEAR LINEAR LINEAR LINEAR LINEAR LINEAR LINEAR LINEAR LINEAR LINEAR LINEAR LINEAR
LINEAR LINEAR LINEAR LINEAR LINEAR LINEAR LINEAR LINEAR</Name_array>
        <technique_common>
          <accessor source="#mixamorig1_Spine-Interpolations-array" count="91">
            <param type="name"/>
          </accessor>
        </technique_common>
      </source>
      <sampler id="mixamorig1_Spine-Matrix-animation-transform">
        <input semantic="INPUT" source="#mixamorig1_Spine-Matrix-animation-input"/>
        <input semantic="OUTPUT" source="#mixamorig1_Spine-Matrix-animation-output-transform"/>
        <input semantic="INTERPOLATION" source="#mixamorig1_Spine-Interpolations"/>
      </sampler>
      <channel source="#mixamorig1_Spine-Matrix-animation-transform" target="mixamorig1_Spine/matrix"/>
      <source id="mixamorig1_Spine1-Matrix-animation-input">
        <float_array id="mixamorig1_Spine1-Matrix-animation-input-array" count="91">

0.000000 0.033333 0.066667 0.100000 0.133333 0.166667 0.200000 0.233333 0.266667 0.300000 0.333333 0.366667 0.400000 0.433333 0.466667 0.500000
0.533333 0.566667 0.600000 0.633333 0.666667 0.700000 0.733333 0.766667 0.800000 0.833333 0.866667 0.900000 0.933333 0.966667 1.000000 1.033333
1.066667 1.100000 1.133333 1.166667 1.200000 1.233333 1.266667 1.300000 1.333333 1.366667 1.400000 1.433333 1.466667 1.500000 1.533333 1.566667
1.600000 1.633333 1.666667 1.700000 1.733333 1.766667 1.800000 1.833333 1.866667 1.900000 1.933333 1.966667 2.000000 2.033333 2.066667 2.100000
2.133333 2.166667 2.200000 2.233333 2.266667 2.300000 2.333333 2.366667 2.400000 2.433333 2.466667 2.500000 2.533333 2.566667 2.600000 2.633333
2.666667 2.700000 2.733333 2.766667 2.800000 2.833333 2.866667 2.900000 2.933333 2.966667 3.000000</float_array>
        <technique_common>
          <accessor source="#mixamorig1_Spine1-Matrix-animation-input-array" count="91">
            <param name="TIME" type="float"/>
          </accessor>
        </technique_common>
      </source>
      <source id="mixamorig1_Spine1-Matrix-animation-output-transform">
        <float_array id="mixamorig1_Spine1-Matrix-animation-output-transform-array" count="1456">

0.999620 -0.027318 0.003545 0.000000 0.027384 0.999426 -0.019931 12.404900 -0.002999 0.020021 0.999795 0.000000 0.000000 0.000000 0.000000 1.000000
0.999620 -0.027318 0.003545 -0.000000 0.027384 0.999426 -0.019931 12.404900 -0.002999 0.020021 0.999795 0.000000 0.000000 0.000000 0.000000 1.000000
0.999620 -0.027319 0.003543 0.000000 0.027384 0.999428 -0.019856 12.404900 -0.002999 0.019946 0.999797 -0.000000 0.000000 0.000000 0.000000 1.000000
0.999620 -0.027319 0.003536 -0.000000 0.027384 0.999433 -0.019603 12.404900 -0.002999 0.019692 0.999802 0.000000 0.000000 0.000000 0.000000 1.000000
0.999621 -0.027312 0.003366 -0.000000 0.027371 0.999440 -0.019226 12.404900 -0.002839 0.019311 0.999809 0.000000 0.000000 0.000000 0.000000 1.000000
0.999622 -0.027304 0.003191 0.000000 0.027359 0.999449 -0.018777 12.404900 -0.002677 0.018857 0.999819 -0.000000 0.000000 0.000000 0.000000 1.000000
0.999623 -0.027296 0.003023 -0.000000 0.027347 0.999459 -0.018267 12.404900 -0.002523 0.018343 0.999829 0.000000 0.000000 0.000000 0.000000 1.000000
0.999624 -0.027289 0.002854 0.000000 0.027335 0.999469 -0.017707 12.404900 -0.002369 0.017778 0.999839 -0.000000 0.000000 0.000000 0.000000 1.000000
0.999624 -0.027281 0.002677 0.000000 0.027322 0.999480 -0.017103 12.404900 -0.002209 0.017170 0.999850 0.000000 0.000000 0.000000 0.000000 1.000000
0.999625 -0.027274 0.002520 0.000000 0.027312 0.999492 -0.016446 12.404900 -0.002070 0.016509 0.999862 0.000000 0.000000 0.000000 0.000000 1.000000
0.999625 -0.027270 0.002404 0.000000 0.027304 0.999503 -0.015739 12.404900 -0.001973 0.015799 0.999873 -0.000000 0.000000 0.000000 0.000000 1.000000
0.999626 -0.027267 0.002308 0.000000 0.027298 0.999515 -0.014993 12.404900 -0.001898 0.015050 0.999885 0.000000 0.000000 0.000000 0.000000 1.000000
0.999626 -0.027265 0.002237 -0.000000 0.027294 0.999526 -0.014211 12.404900 -0.001848 0.014266 0.999897 -0.000000 0.000000 0.000000 0.000000 1.000000
0.999626 -0.027265 0.002185 0.000000 0.027292 0.999538 -0.013399 12.404900 -0.001818 0.013454 0.999908 -0.000000 0.000000 0.000000 0.000000 1.000000
0.999626 -0.027266 0.002140 0.000000 0.027290 0.999548 -0.012590 12.404900 -0.001796 0.012644 0.999918 0.000000 0.000000 0.000000 0.000000 1.000000
0.999626 -0.027266 0.002103 -0.000000 0.027289 0.999558 -0.011789 12.404900 -0.001781 0.011842 0.999928 0.000000 0.000000 0.000000 0.000000 1.000000
0.999626 -0.027267 0.002072 -0.000000 0.027289 0.999568 -0.010952 12.404900 -0.001772 0.011005 0.999938 0.000000 0.000000 0.000000 0.000000 1.000000
0.999626 -0.027269 0.002042 -0.000000 0.027288 0.999577 -0.010059 12.404900 -0.001767 0.010111 0.999947 0.000000 0.000000 0.000000 0.000000 1.000000
0.999626 -0.027283 0.002014 0.000000 0.027300 0.999586 -0.009130 12.404900 -0.001765 0.009181 0.999956 0.000000 0.000000 0.000000 0.000000 1.000000
0.999625 -0.027315 0.001987 0.000000 0.027330 0.999593 -0.008194 12.404900 -0.001762 0.008246 0.999964 0.000000 0.000000 0.000000 0.000000 1.000000
0.999624 -0.027351 0.001957 0.000000 0.027364 0.999599 -0.007269 12.404900 -0.001757 0.007319 0.999972 0.000000 0.000000 0.000000 0.000000 1.000000
0.999623 -0.027389 0.001936 -0.000000 0.027401 0.999604 -0.006356 12.404900 -0.001761 0.006406 0.999978 0.000000 0.000000 0.000000 0.000000 1.000000
0.999622 -0.027432 0.001943 -0.000000 0.027442 0.999609 -0.005425 12.404900 -0.001793 0.005477 0.999983 0.000000 0.000000 0.000000 0.000000 1.000000
0.999620 -0.027481 0.001965 -0.000000 0.027489 0.999612 -0.004441 12.404900 -0.001843 0.004493 0.999988 -0.000000 0.000000 0.000000 0.000000 1.000000
0.999619 -0.027545 0.002003 0.000000 0.027551 0.999615 -0.003427 12.404900 -0.001908 0.003481 0.999992 0.000000 0.000000 0.000000 0.000000 1.000000
0.999616 -0.027617 0.002081 0.000000 0.027622 0.999616 -0.002405 12.404900 -0.002014 0.002462 0.999995 0.000000 0.000000 0.000000 0.000000 1.000000
0.999614 -0.027687 0.002193 -0.000000 0.027690 0.999616 -0.001383 12.404900 -0.002154 0.001443 0.999997 0.000000 0.000000 0.000000 0.000000 1.000000
0.999612 -0.027757 0.002298 0.000000 0.027758 0.999615 -0.000374 12.404900 -0.002286 0.000438 0.999997 0.000000 0.000000 0.000000 0.000000 1.000000
0.999610 -0.027829 0.002363 -0.000000 0.027828 0.999613 0.000607 12.404900 -0.002379 -0.000541 0.999997 -0.000000 0.000000 0.000000 0.000000 1.000000
0.999607 -0.027914 0.002398 0.000000 0.027911 0.999609 0.001551 12.404900 -0.002441 -0.001483 0.999996 0.000000 0.000000 0.000000 0.000000 1.000000
0.999605 -0.028012 0.002442 0.000000 0.028006 0.999605 0.002467 12.404900 -0.002510 -0.002397 0.999994 -0.000000 0.000000 0.000000 0.000000 1.000000
0.999602 -0.028112 0.002526 0.000000 0.028104 0.999599 0.003361 12.404900 -0.002619 -0.003289 0.999991 -0.000000 0.000000 0.000000 0.000000 1.000000
