<?xml version="1.0" encoding="utf-8"?>
<COLLADA xmlns="http://www.collada.org/2005/11/COLLADASchema" version="1.4.1">
  <asset>
    <contributor>
      <author>Mixamo</author>
      <authoring_tool>COLLADA Mixamo exporter</authoring_tool>
      <comments/>
    </contributor>
    <created>2024-07-03T21:49:26Z</created>
    <modified>2024-07-03T21:49:26Z</modified>
    <revision/>
    <title/>
    <unit meter="0.010000"/>
    <up_axis>Y_UP</up_axis>
  </asset>
  <library_animations>
    <animation>
      <source id="mixamorig1_Hips-Matrix-animation-input">
        <float_array id="mixamorig1_Hips-Matrix-animation-input-array" count="82">

0.000000 0.033333 0.066667 0.100000 0.133333 0.166667 0.200000 0.233333 0.266667 0.300000 0.333333 0.366667 0.400000 0.433333 0.466667 0.500000
0.533333 0.566667 0.600000 0.633333 0.666667 0.700000 0.733333 0.766667 0.800000 0.833333 0.866667 0.900000 0.933333 0.966667 1.000000 1.033333
1.066667 1.100000 1.133333 1.166667 1.200000 1.233333 1.266667 1.300000 1.333333 1.366667 1.400000 1.433333 1.466667 1.500000 1.533333 1.566667
1.600000 1.633333 1.666667 1.700000 1.733333 1.766667 1.800000 1.833333 1.866667 1.900000 1.933333 1.966667 2.000000 2.033333 2.066667 2.100000
2.133333 2.166667 2.200000 2.233333 2.266667 2.300000 2.333333 2.366667 2.400000 2.433333 2.466667 2.500000 2.533333 2.566667 2.600000 2.633333
2.666667 2.700000</float_array>
        <technique_common>
          <accessor source="#mixamorig1_Hips-Matrix-animation-input-array" count="82">
            <param name="TIME" type="float"/>
          </accessor>
        </technique_common>
      </source>
      <source id="mixamorig1_Hips-Matrix-animation-output-transform">
        <float_array id="mixamorig1_Hips-Matrix-animation-output-transform-array" count="1312">

0.592626 -0.024811 0.805095 -8.864409 -0.108001 0.988052 0.109949 86.527809 -0.798204 -0.152110 0.582866 -7.069337 0.000000 0.000000 0.000000 1.000000
0.596885 -0.029924 0.801768 -8.775962 -0.106309 0.987544 0.116000 86.447906 -0.795252 -0.154474 0.586269 -7.317975 0.000000 0.000000 0.000000 1.000000
0.599701 -0.032788 0.799552 -8.721597 -0.104159 0.987462 0.118618 86.689651 -0.793416 -0.154416 0.588767 -7.320125 0.000000 0.000000 0.000000 1.000000
0.601570 -0.034630 0.798069 -8.737410 -0.101646 0.987621 0.119473 87.156296 -0.792327 -0.152992 0.590603 -7.068895 0.000000 0.000000 0.000000 1.000000
0.602629 -0.035741 0.797221 -8.840064 -0.098769 0.987975 0.118954 87.662231 -0.791886 -0.150426 0.591852 -6.635569 0.000000 0.000000 0.000000 1.000000
0.602588 -0.036005 0.797240 -9.034249 -0.095962 0.988464 0.117173 88.034904 -0.792262 -0.147112 0.592181 -6.123639 0.000000 0.000000 0.000000 1.000000
0.602283 -0.035776 0.797481 -9.344703 -0.093581 0.988943 0.115041 88.163689 -0.792779 -0.143916 0.592275 -5.597785 0.000000 0.000000 0.000000 1.000000
0.601113 -0.034369 0.798425 -9.754016 -0.093922 0.989113 0.113289 87.937302 -0.793626 -0.143089 0.591341 -5.164743 0.000000 0.000000 0.000000 1.000000
0.598575 -0.033552 0.800364 -10.165896 -0.096639 0.988801 0.113726 87.420135 -0.795216 -0.145419 0.588629 -4.790740 0.000000 0.000000 0.000000 1.000000
0.595322 -0.033456 0.802790 -10.527693 -0.101090 0.988075 0.116143 86.811256 -0.797102 -0.150296 0.584841 -4.442307 0.000000 0.000000 0.000000 1.000000
0.592054 -0.031904 0.805267 -10.784733 -0.105458 0.987557 0.116662 86.297325 -0.798969 -0.153992 0.581322 -4.138668 0.000000 0.000000 0.000000 1.000000
0.589978 -0.031025 0.806823 -10.873701 -0.109951 0.986866 0.118348 86.084610 -0.799898 -0.158533 0.578818 -3.935695 0.000000 0.000000 0.000000 1.000000
0.588825 -0.031703 0.807638 -10.809586 -0.109757 0.986838 0.118758 86.250839 -0.800773 -0.158571 0.577596 -3.865103 0.000000 0.000000 0.000000 1.000000
0.588496 -0.032309 0.807854 -10.638832 -0.107884 0.987128 0.118068 86.680183 -0.801270 -0.156637 0.577435 -3.930584 0.000000 0.000000 0.000000 1.000000
0.589340 -0.032385 0.807236 -10.396899 -0.105861 0.987485 0.116902 87.173019 -0.800920 -0.154349 0.578536 -4.139265 0.000000 0.000000 0.000000 1.000000
0.590242 -0.030975 0.806632 -10.107215 -0.104826 0.987861 0.114639 87.544243 -0.800391 -0.152221 0.579830 -4.482915 0.000000 0.000000 0.000000 1.000000
0.591428 -0.028645 0.805849 -9.813607 -0.105474 0.988035 0.112530 87.662766 -0.799430 -0.151549 0.581330 -4.964577 0.000000 0.000000 0.000000 1.000000
0.592557 -0.026140 0.805104 -9.580397 -0.103614 0.988697 0.108360 87.456131 -0.798837 -0.147629 0.583151 -5.633192 0.000000 0.000000 0.000000 1.000000
0.596000 -0.024902 0.802598 -9.371169 -0.102695 0.988947 0.106944 86.992752 -0.796390 -0.146162 0.586855 -6.353421 0.000000 0.000000 0.000000 1.000000
0.600689 -0.026480 0.799044 -9.170693 -0.103072 0.988545 0.110246 86.488113 -0.792811 -0.148583 0.591079 -6.986551 0.000000 0.000000 0.000000 1.000000
0.605304 -0.029839 0.795435 -8.982759 -0.101542 0.988238 0.114342 86.161728 -0.789491 -0.149982 0.595155 -7.448994 0.000000 0.000000 0.000000 1.000000
0.609864 -0.033233 0.791809 -8.810579 -0.098766 0.988144 0.117544 86.166534 -0.786328 -0.149890 0.599351 -7.641582 0.000000 0.000000 0.000000 1.000000
0.612613 -0.034018 0.789651 -8.704378 -0.096787 0.988326 0.117664 86.493767 -0.784435 -0.148510 0.602169 -7.570659 0.000000 0.000000 0.000000 1.000000
0.612951 -0.031635 0.789487 -8.705070 -0.098887 0.988270 0.116376 86.984161 -0.783908 -0.149403 0.602633 -7.271571 0.000000 0.000000 0.000000 1.000000
0.608706 -0.028922 0.792869 -8.818525 -0.100646 0.988447 0.113325 87.475746 -0.786987 -0.148781 0.598763 -6.817245 0.000000 0.000000 0.000000 1.000000
0.600414 -0.026645 0.799245 -9.040363 -0.103656 0.988420 0.110821 87.834457 -0.792943 -0.149385 0.590700 -6.259344 0.000000 0.000000 0.000000 1.000000
0.590870 -0.024914 0.806382 -9.340884 -0.106364 0.988393 0.108474 87.949585 -0.799725 -0.149864 0.581361 -5.710842 0.000000 0.000000 0.000000 1.000000
0.582009 -0.023498 0.812843 -9.675183 -0.109963 0.988127 0.107300 87.743217 -0.805713 -0.151832 0.572515 -5.256993 0.000000 0.000000 0.000000 1.000000
0.574041 -0.023114 0.818500 -9.993389 -0.114076 0.987596 0.107895 87.279953 -0.810841 -0.155307 0.564284 -4.840405 0.000000 0.000000 0.000000 1.000000
0.564943 -0.025013 0.824751 -10.291526 -0.118575 0.986705 0.111147 86.684319 -0.816566 -0.160586 0.554466 -4.491135 0.000000 0.000000 0.000000 1.000000
0.555347 -0.027217 0.831173 -10.528418 -0.122601 0.985864 0.114198 86.132584 -0.822532 -0.165322 0.544159 -4.237905 0.000000 0.000000 0.000000 1.000000
0.546300 -0.028468 0.837106 -10.624490 -0.127435 0.984962 0.116661 85.865799 -0.827838 -0.170409 0.534457 -3.994968 0.000000 0.000000 0.000000 1.000000
0.538711 -0.029480 0.841975 -10.543638 -0.131158 0.984268 0.118379 85.986649 -0.832219 -0.174204 0.526369 -3.847590 0.000000 0.000000 0.000000 1.000000
0.533488 -0.029645 0.845288 -10.323225 -0.131833 0.984257 0.117723 86.433891 -0.835470 -0.174240 0.521181 -3.808212 0.000000 0.000000 0.000000 1.000000
0.531792 -0.029235 0.846370 -10.017495 -0.129503 0.984842 0.115388 86.973366 -0.836915 -0.170970 0.519945 -3.921752 0.000000 0.000000 0.000000 1.000000
0.531487 -0.027465 0.846621 -9.676147 -0.126438 0.985705 0.111351 87.427284 -0.837577 -0.166227 0.520417 -4.174158 0.000000 0.000000 0.000000 1.000000
0.533244 -0.026216 0.845555 -9.321053 -0.124051 0.986292 0.108812 87.679611 -0.836817 -0.162915 0.522682 -4.568941 0.000000 0.000000 0.000000 1.000000
0.535943 -0.023702 0.843922 -9.025999 -0.122161 0.986909 0.105297 87.636063 -0.835369 -0.159527 0.526031 -5.081142 0.000000 0.000000 0.000000 1.000000
0.541457 -0.022971 0.840414 -8.792315 -0.121397 0.987015 0.105190 87.301567 -0.831918 -0.158979 0.531638 -5.654291 0.000000 0.000000 0.000000 1.000000
0.550997 -0.025659 0.834113 -8.593246 -0.121918 0.986328 0.110878 86.837189 -0.825553 -0.162787 0.540335 -6.212570 0.000000 0.000000 0.000000 1.000000
0.559824 -0.030007 0.828068 -8.420411 -0.120882 0.985695 0.117442 86.406380 -0.819747 -0.165845 0.548188 -6.663635 0.000000 0.000000 0.000000 1.000000
0.565549 -0.034084 0.824010 -8.293870 -0.116593 0.985806 0.120799 86.198990 -0.816431 -0.164392 0.553548 -6.908792 0.000000 0.000000 0.000000 1.000000
0.568974 -0.035279 0.821598 -8.217870 -0.112801 0.986288 0.120468 86.294662 -0.814582 -0.161220 0.557193 -6.896017 0.000000 0.000000 0.000000 1.000000
0.572354 -0.033992 0.819302 -8.204114 -0.112746 0.986389 0.119688 86.647186 -0.812219 -0.160877 0.560731 -6.622544 0.000000 0.000000 0.000000 1.000000
0.570569 -0.031100 0.820660 -8.310472 -0.111455 0.987105 0.114898 87.119125 -0.813651 -0.157024 0.559746 -6.223643 0.000000 0.000000 0.000000 1.000000
0.565728 -0.028141 0.824112 -8.508441 -0.111371 0.987652 0.110178 87.555695 -0.817036 -0.154113 0.555608 -5.736731 0.000000 0.000000 0.000000 1.000000
0.562304 -0.025836 0.826527 -8.789670 -0.111488 0.988018 0.106732 87.831413 -0.819381 -0.152163 0.552686 -5.222892 0.000000 0.000000 0.000000 1.000000
0.562745 -0.023883 0.826285 -9.119874 -0.111316 0.988289 0.104377 87.878098 -0.819101 -0.150716 0.553496 -4.733720 0.000000 0.000000 0.000000 1.000000
0.565387 -0.022382 0.824522 -9.468669 -0.112189 0.988255 0.103757 87.638130 -0.817161 -0.151166 0.556235 -4.338750 0.000000 0.000000 0.000000 1.000000
0.569007 -0.023313 0.822002 -9.788367 -0.112219 0.988045 0.105702 87.207703 -0.814640 -0.152390 0.559588 -4.007130 0.000000 0.000000 0.000000 1.000000
0.571256 -0.026223 0.820353 -10.079855 -0.110980 0.987843 0.108858 86.736588 -0.813234 -0.153229 0.561401 -3.743633 0.000000 0.000000 0.000000 1.000000
0.570778 -0.028574 0.820607 -10.320138 -0.111048 0.987526 0.111627 86.364792 -0.813560 -0.154841 0.560485 -3.524662 0.000000 0.000000 0.000000 1.000000
0.568537 -0.029164 0.822141 -10.400180 -0.115310 0.986680 0.114742 86.269173 -0.814536 -0.160037 0.557601 -3.348111 0.000000 0.000000 0.000000 1.000000
0.566665 -0.029259 0.823428 -10.362000 -0.115178 0.986744 0.114325 86.495445 -0.815858 -0.159625 0.555784 -3.257894 0.000000 0.000000 0.000000 1.000000
0.565977 -0.028187 0.823939 -10.220846 -0.115854 0.986779 0.113339 86.918213 -0.816240 -0.159604 0.555228 -3.246680 0.000000 0.000000 0.000000 1.000000
0.564051 -0.025038 0.825360 -10.010119 -0.115677 0.987288 0.109004 87.376884 -0.817597 -0.156959 0.553984 -3.388213 0.000000 0.000000 0.000000 1.000000
0.562974 -0.021489 0.826195 -9.762301 -0.115186 0.987865 0.104183 87.727470 -0.818408 -0.153819 0.553668 -3.674213 0.000000 0.000000 0.000000 1.000000
0.562789 -0.017850 0.826408 -9.525143 -0.114986 0.988356 0.099654 87.862488 -0.818564 -0.151109 0.554183 -4.129098 0.000000 0.000000 0.000000 1.000000
0.564117 -0.015948 0.825541 -9.318740 -0.115303 0.988496 0.097886 87.716507 -0.817604 -0.150406 0.555789 -4.748813 0.000000 0.000000 0.000000 1.000000
0.566547 -0.016382 0.823866 -9.153945 -0.114163 0.988600 0.098164 87.306244 -0.816083 -0.149670 0.558219 -5.486611 0.000000 0.000000 0.000000 1.000000
0.570305 -0.018854 0.821216 -8.991703 -0.115080 0.988043 0.102603 86.798500 -0.813332 -0.153020 0.561317 -6.181351 0.000000 0.000000 0.000000 1.000000
0.573422 -0.023745 0.818916 -8.844214 -0.114813 0.987386 0.109024 86.380806 -0.811175 -0.156539 0.563463 -6.727115 0.000000 0.000000 0.000000 1.000000
0.575261 -0.028202 0.817484 -8.712001 -0.113586 0.986969 0.113979 86.237938 -0.810045 -0.158422 0.564561 -7.037632 0.000000 0.000000 0.000000 1.000000
0.574375 -0.029667 0.818054 -8.642990 -0.111736 0.987148 0.114251 86.462639 -0.810930 -0.157029 0.563679 -7.069355 0.000000 0.000000 0.000000 1.000000
0.572463 -0.028180 0.819446 -8.680225 -0.111338 0.987481 0.111739 86.931908 -0.812336 -0.155202 0.562158 -6.880033 0.000000 0.000000 0.000000 1.000000
0.568665 -0.023517 0.822233 -8.857058 -0.109763 0.988482 0.104185 87.445763 -0.815213 -0.149497 0.559534 -6.552127 0.000000 0.000000 0.000000 1.000000
0.563064 -0.017688 0.826224 -9.156668 -0.107973 0.989627 0.094768 87.849388 -0.819330 -0.142570 0.555313 -6.115490 0.000000 0.000000 0.000000 1.000000
0.557229 -0.012705 0.830262 -9.555966 -0.106989 0.990450 0.086962 87.969269 -0.823437 -0.137287 0.550548 -5.683384 0.000000 0.000000 0.000000 1.000000
0.553302 -0.009059 0.832931 -10.008839 -0.106893 0.990901 0.081785 87.725815 -0.826094 -0.134286 0.547299 -5.363909 0.000000 0.000000 0.000000 1.000000
0.552920 -0.008087 0.833195 -10.441484 -0.106618 0.991046 0.080372 87.232971 -0.826385 -0.133273 0.547107 -5.120502 0.000000 0.000000 0.000000 1.000000
0.556340 -0.009486 0.830901 -10.791160 -0.107886 0.990647 0.083545 86.682487 -0.823922 -0.136122 0.550113 -4.897957 0.000000 0.000000 0.000000 1.000000
0.561512 -0.010649 0.827400 -11.012382 -0.112114 0.989718 0.088824 86.272392 -0.819838 -0.142639 0.554544 -4.699926 0.000000 0.000000 0.000000 1.000000
0.567022 -0.011663 0.823620 -11.039293 -0.115245 0.988942 0.093345 86.199593 -0.815601 -0.147847 0.559407 -4.545423 0.000000 0.000000 0.000000 1.000000
0.570894 -0.011895 0.820938 -10.874451 -0.116510 0.988602 0.095348 86.511108 -0.812715 -0.150081 0.563001 -4.446890 0.000000 0.000000 0.000000 1.000000
0.571750 -0.011573 0.820346 -10.595832 -0.116976 0.988535 0.095474 87.029793 -0.812046 -0.150548 0.563841 -4.426431 0.000000 0.000000 0.000000 1.000000
0.573456 -0.010729 0.819166 -10.261033 -0.115409 0.988885 0.093743 87.534462 -0.811067 -0.148296 0.565843 -4.532195 0.000000 0.000000 0.000000 1.000000
0.579319 -0.008838 0.815053 -9.887444 -0.115085 0.989037 0.092524 87.876335 -0.806936 -0.147401 0.571951 -4.735570 0.000000 0.000000 0.000000 1.000000
0.581680 -0.008314 0.813375 -9.545395 -0.110665 0.989841 0.089259 87.954590 -0.805855 -0.141932 0.574851 -5.171627 0.000000 0.000000 0.000000 1.000000
0.587046 -0.010024 0.809491 -9.266466 -0.107797 0.990051 0.090435 87.664902 -0.802344 -0.140350 0.580125 -5.728270 0.000000 0.000000 0.000000 1.000000
0.591968 -0.014083 0.805839 -9.074559 -0.107390 0.989554 0.096182 87.142365 -0.798775 -0.143476 0.584271 -6.326471 0.000000 0.000000 0.000000 1.000000
0.593536 -0.019288 0.804577 -8.955098 -0.108939 0.988586 0.104064 86.669144 -0.797401 -0.149415 0.584660 -6.821069 0.000000 0.000000 0.000000 1.000000
0.592625 -0.024806 0.805096 -8.864468 -0.108011 0.988051 0.109949 86.526413 -0.798203 -0.152117 0.582865 -7.069560 0.000000 0.000000 0.000000 1.000000</float_array>
        <technique_common>
          <accessor source="#mixamorig1_Hips-Matrix-animation-output-transform-array" count="82" stride="16">
            <param type="float4x4"/>
          </accessor>
        </technique_common>
      </source>
      <source id="mixamorig1_Hips-Interpolations">
        <Name_array id="mixamorig1_Hips-Interpolations-array" count="82">
 LINEAR LINEAR LINEAR LINEAR LINEAR LINEAR LINEAR LINEAR LINEAR LINEAR LINEAR
LINEAR LINEAR LINEAR LINEAR LINEAR LINEAR LINEAR LINEAR LINEAR LINEAR LINEAR LINEAR
LINEAR LINEAR LINEAR LINEAR LINEAR LINEAR LINEAR LINEAR LINEAR LINEAR LINEAR LINEAR
LINEAR LINEAR LINEAR LINEAR LINEAR LINEAR LINEAR LINEAR LINEAR LINEAR LINEAR LINEAR
LINEAR LINEAR LINEAR LINEAR LINEAR LINEAR LINEAR LINEAR LINEAR LINEAR LINEAR LINEAR
LINEAR LINEAR LINEAR LINEAR LINEAR LINEAR LINEAR LINEAR LINEAR LINEAR LINEAR LINEAR
LINEAR LINEAR LINEAR LINEAR LINEAR LINEAR LINEAR LINEAR LINEAR LINEAR LINEAR</Name_array>
        <technique_common>
          <accessor source="#mixamorig1_Hips-Interpolations-array" count="82">
            <param type="name"/>
          </accessor>
        </technique_common>
      </source>
      <sampler id="mixamorig1_Hips-Matrix-animation-transform">
        <input semantic="INPUT" source="#mixamorig1_Hips-Matrix-animation-input"/>
        <input semantic="OUTPUT" source="#mixamorig1_Hips-Matrix-animation-output-transform"/>
        <input semantic="INTERPOLATION" source="#mixamorig1_Hips-Interpolations"/>
      </sampler>
      <channel source="#mixamorig1_Hips-Matrix-animation-transform" target="mixamorig1_Hips/matrix"/>
      <source id="mixamorig1_Spine-Matrix-animation-input">
        <float_array id="mixamorig1_Spine-Matrix-animation-input-array" count="82">

0.000000 0.033333 0.066667 0.100000 0.133333 0.166667 0.200000 0.233333 0.266667 0.300000 0.333333 0.366667 0.400000 0.433333 0.466667 0.500000
0.533333 0.566667 0.600000 0.633333 0.666667 0.700000 0.733333 0.766667 0.800000 0.833333 0.866667 0.900000 0.933333 0.966667 1.000000 1.033333
1.066667 1.100000 1.133333 1.166667 1.200000 1.233333 1.266667 1.300000 1.333333 1.366667 1.400000 1.433333 1.466667 1.500000 1.533333 1.566667
1.600000 1.633333 1.666667 1.700000 1.733333 1.766667 1.800000 1.833333 1.866667 1.900000 1.933333 1.966667 2.000000 2.033333 2.066667 2.100000
2.133333 2.166667 2.200000 2.233333 2.266667 2.300000 2.333333 2.366667 2.400000 2.433333 2.466667 2.500000 2.533333 2.566667 2.600000 2.633333
2.666667 2.700000</float_array>
        <technique_common>
          <accessor source="#mixamorig1_Spine-Matrix-animation-input-array" count="82">
            <param name="TIME" type="float"/>
          </accessor>
        </technique_common>
      </source>
      <source id="mixamorig1_Spine-Matrix-animation-output-transform">
        <float_array id="mixamorig1_Spine-Matrix-animation-output-transform-array" count="1312">

0.998788 -0.045262 -0.019329 0.000000 0.044471 0.998228 -0.039542 10.600800 0.021084 0.038634 0.999031 -0.823400 0.000000 0.000000 0.000000 1.000000
0.998950 -0.044005 -0.012761 0.000000 0.043429 0.998158 -0.042351 10.600800 0.014601 0.041752 0.999021 -0.823400 0.000000 0.000000 0.000000 1.000000
0.998971 -0.043962 -0.011117 0.000000 0.043496 0.998288 -0.039105 10.600800 0.012817 0.038581 0.999173 -0.823400 0.000000 0.000000 0.000000 1.000000
0.998918 -0.044156 -0.014613 -0.000000 0.043657 0.998506 -0.032866 10.600800 0.016042 0.032192 0.999353 -0.823400 0.000000 0.000000 0.000000 1.000000
0.998790 -0.044421 -0.021097 0.000000 0.043867 0.998698 -0.026033 10.600800 0.022226 0.025077 0.999438 -0.823400 0.000000 0.000000 0.000000 1.000000
0.998533 -0.045249 -0.029725 0.000000 0.044657 0.998796 -0.020290 10.600800 0.030607 0.018933 0.999352 -0.823400 0.000000 0.000000 0.000000 1.000000
0.998196 -0.046779 -0.037641 0.000000 0.046110 0.998766 -0.018449 10.600800 0.038457 0.016680 0.999121 -0.823400 0.000000 0.000000 0.000000 1.000000
0.997712 -0.051168 -0.044190 0.000000 0.050205 0.998482 -0.022636 10.600800 0.045282 0.020366 0.998767 -0.823400 0.000000 0.000000 0.000000 1.000000
0.997168 -0.055826 -0.050398 -0.000000 0.054350 0.998065 -0.030210 10.600800 0.051987 0.027385 0.998272 -0.823400 0.000000 0.000000 0.000000 1.000000
0.996607 -0.059843 -0.056513 0.000000 0.057743 0.997604 -0.038093 10.600800 0.058657 0.034701 0.997675 -0.823400 0.000000 0.000000 0.000000 1.000000
0.996231 -0.062381 -0.060264 -0.000000 0.059967 0.997355 -0.041063 10.600800 0.062666 0.037295 0.997337 -0.823400 0.000000 0.000000 0.000000 1.000000
0.996021 -0.065670 -0.060241 0.000000 0.063128 0.997071 -0.043172 10.600800 0.062900 0.039198 0.997250 -0.823400 0.000000 0.000000 0.000000 1.000000
0.996230 -0.064618 -0.057878 0.000000 0.062302 0.997216 -0.040961 10.600800 0.060364 0.037201 0.997483 -0.823400 0.000000 0.000000 0.000000 1.000000
0.996579 -0.061608 -0.055086 0.000000 0.059663 0.997559 -0.036269 10.600800 0.057186 0.032858 0.997823 -0.823400 0.000000 0.000000 0.000000 1.000000
0.997013 -0.057387 -0.051690 0.000000 0.055832 0.997957 -0.031048 10.600800 0.053366 0.028069 0.998180 -0.823400 0.000000 0.000000 0.000000 1.000000
0.997424 -0.053747 -0.047501 0.000000 0.052544 0.998274 -0.026220 10.600800 0.048828 0.023657 0.998527 -0.823400 0.000000 0.000000 0.000000 1.000000
0.997829 -0.051643 -0.040858 -0.000000 0.050682 0.998421 -0.024214 10.600800 0.042044 0.022091 0.998872 -0.823400 0.000000 0.000000 0.000000 1.000000
0.998270 -0.047321 -0.034893 0.000000 0.046486 0.998622 -0.024368 10.600800 0.035998 0.022704 0.999094 -0.823400 0.000000 0.000000 0.000000 1.000000
0.998700 -0.043326 -0.026853 0.000000 0.042539 0.998667 -0.029222 10.600800 0.028083 0.028042 0.999212 -0.823400 0.000000 0.000000 0.000000 1.000000
0.999015 -0.040481 -0.018189 0.000000 0.039786 0.998521 -0.037058 10.600800 0.019663 0.036297 0.999148 -0.823400 0.000000 0.000000 0.000000 1.000000
0.999240 -0.036580 -0.013451 0.000000 0.035998 0.998501 -0.041232 10.600800 0.014940 0.040716 0.999059 -0.823400 0.000000 0.000000 0.000000 1.000000
0.999455 -0.031602 -0.009502 0.000000 0.031210 0.998756 -0.038901 10.600800 0.010719 0.038583 0.999198 -0.823400 0.000000 0.000000 0.000000 1.000000
0.999555 -0.028553 -0.008588 -0.000000 0.028282 0.999144 -0.030195 10.600800 0.009443 0.029939 0.999507 -0.823400 0.000000 0.000000 0.000000 1.000000
0.999523 -0.028861 -0.011032 0.000000 0.028627 0.999373 -0.020852 10.600800 0.011627 0.020527 0.999722 -0.823400 0.000000 0.000000 0.000000 1.000000
0.999472 -0.028041 -0.016404 0.000000 0.027867 0.999554 -0.010764 10.600800 0.016699 0.010301 0.999808 -0.823400 0.000000 0.000000 0.000000 1.000000
0.999380 -0.027797 -0.021612 0.000000 0.027727 0.999609 -0.003538 10.600800 0.021702 0.002937 0.999760 -0.823400 0.000000 0.000000 0.000000 1.000000
0.999283 -0.027292 -0.026238 0.000000 0.027306 0.999627 0.000170 10.600800 0.026224 -0.000886 0.999656 -0.823400 0.000000 0.000000 0.000000 1.000000
0.999166 -0.029478 -0.028247 -0.000000 0.029438 0.999565 -0.001810 10.600800 0.028288 0.000977 0.999599 -0.823400 0.000000 0.000000 0.000000 1.000000
0.999107 -0.032560 -0.026942 0.000000 0.032366 0.999447 -0.007588 10.600800 0.027175 0.006709 0.999608 -0.823400 0.000000 0.000000 0.000000 1.000000
0.999097 -0.035353 -0.023559 0.000000 0.034961 0.999246 -0.016863 10.600800 0.024137 0.016024 0.999580 -0.823400 0.000000 0.000000 0.000000 1.000000
0.999098 -0.037758 -0.019421 -0.000000 0.037270 0.998994 -0.024938 10.600800 0.020344 0.024191 0.999500 -0.823400 0.000000 0.000000 0.000000 1.000000
0.999042 -0.040686 -0.016139 -0.000000 0.040224 0.998798 -0.028028 10.600800 0.017260 0.027352 0.999477 -0.823400 0.000000 0.000000 0.000000 1.000000
0.998941 -0.043516 -0.014931 0.000000 0.043107 0.998714 -0.026689 10.600800 0.016073 0.026017 0.999532 -0.823400 0.000000 0.000000 0.000000 1.000000
0.998914 -0.043961 -0.015454 0.000000 0.043644 0.998842 -0.020268 10.600800 0.016327 0.019572 0.999675 -0.823400 0.000000 0.000000 0.000000 1.000000
0.998993 -0.042608 -0.014086 0.000000 0.042438 0.999026 -0.012123 10.600800 0.014589 0.011513 0.999827 -0.823400 0.000000 0.000000 0.000000 1.000000
0.999081 -0.040874 -0.012888 0.000000 0.040827 0.999159 -0.003899 10.600800 0.013037 0.003369 0.999909 -0.823400 0.000000 0.000000 0.000000 1.000000
0.999127 -0.039784 -0.012762 0.000000 0.039788 0.999208 0.000048 10.600800 0.012750 -0.000556 0.999919 -0.823400 0.000000 0.000000 0.000000 1.000000
0.999139 -0.038927 -0.014364 0.000000 0.038945 0.999241 0.000990 10.600800 0.014315 -0.001549 0.999896 -0.823400 0.000000 0.000000 0.000000 1.000000
0.999154 -0.038536 -0.014371 0.000000 0.038469 0.999248 -0.004907 10.600800 0.014549 0.004350 0.999885 -0.823400 0.000000 0.000000 0.000000 1.000000
0.999219 -0.038353 -0.009560 -0.000000 0.038182 0.999118 -0.017485 10.600800 0.010222 0.017106 0.999801 -0.823400 0.000000 0.000000 0.000000 1.000000
0.999307 -0.036753 -0.005903 -0.000000 0.036569 0.998919 -0.028712 10.600800 0.006952 0.028476 0.999570 -0.823400 0.000000 0.000000 0.000000 1.000000
0.999475 -0.032152 -0.003949 0.000000 0.032007 0.998957 -0.032554 10.600800 0.004991 0.032411 0.999462 -0.823400 0.000000 0.000000 0.000000 1.000000
0.999599 -0.028314 -0.000325 0.000000 0.028292 0.999166 -0.029440 10.600800 0.001158 0.029419 0.999567 -0.823400 0.000000 0.000000 0.000000 1.000000
0.999604 -0.027948 0.003373 0.000000 0.028020 0.999326 -0.023722 10.600800 -0.002708 0.023807 0.999713 -0.823400 0.000000 0.000000 0.000000 1.000000
0.999619 -0.027551 0.001625 0.000000 0.027572 0.999510 -0.014792 10.600800 -0.001217 0.014831 0.999889 -0.823400 0.000000 0.000000 0.000000 1.000000
0.999579 -0.028704 -0.004273 0.000000 0.028672 0.999561 -0.007469 10.600800 0.004485 0.007343 0.999963 -0.823400 0.000000 0.000000 0.000000 1.000000
0.999499 -0.029912 -0.010319 -0.000000 0.029888 0.999550 -0.002532 10.600800 0.010390 0.002223 0.999944 -0.823400 0.000000 0.000000 0.000000 1.000000
0.999390 -0.031755 -0.014515 0.000000 0.031756 0.999496 -0.000189 10.600800 0.014514 -0.000272 0.999895 -0.823400 0.000000 0.000000 0.000000 1.000000
0.999226 -0.035720 -0.016482 0.000000 0.035682 0.999360 -0.002624 10.600800 0.016565 0.002034 0.999861 -0.823400 0.000000 0.000000 0.000000 1.000000
0.999139 -0.038325 -0.015886 0.000000 0.038192 0.999234 -0.008579 10.600800 0.016203 0.007965 0.999837 -0.823400 0.000000 0.000000 0.000000 1.000000
0.999124 -0.038613 -0.016116 -0.000000 0.038365 0.999145 -0.015408 10.600800 0.016697 0.014776 0.999751 -0.823400 0.000000 0.000000 0.000000 1.000000
0.999061 -0.039348 -0.018116 0.000000 0.038982 0.999037 -0.020135 10.600800 0.018891 0.019409 0.999633 -0.823400 0.000000 0.000000 0.000000 1.000000
0.998809 -0.044025 -0.021013 0.000000 0.043557 0.998803 -0.022257 10.600800 0.021967 0.021315 0.999531 -0.823400 0.000000 0.000000 0.000000 1.000000
0.998778 -0.043882 -0.022737 -0.000000 0.043498 0.998907 -0.017087 10.600800 0.023462 0.016077 0.999595 -0.823400 0.000000 0.000000 0.000000 1.000000
0.998753 -0.044284 -0.023033 0.000000 0.044061 0.998978 -0.010094 10.600800 0.023456 0.009066 0.999684 -0.823400 0.000000 0.000000 0.000000 1.000000
0.998734 -0.044371 -0.023678 0.000000 0.044369 0.999015 -0.000604 10.600800 0.023681 -0.000448 0.999719 -0.823400 0.000000 0.000000 0.000000 1.000000
0.998777 -0.043884 -0.022787 0.000000 0.044054 0.999004 0.007028 10.600800 0.022456 -0.008023 0.999716 -0.823400 0.000000 0.000000 0.000000 1.000000
0.998787 -0.043701 -0.022690 0.000000 0.043945 0.998980 0.010365 10.600800 0.022214 -0.011350 0.999689 -0.823400 0.000000 0.000000 0.000000 1.000000
0.998821 -0.043297 -0.021957 0.000000 0.043449 0.999034 0.006502 10.600800 0.021654 -0.007448 0.999738 -0.823400 0.000000 0.000000 0.000000 1.000000
0.998983 -0.041357 -0.017951 0.000000 0.041300 0.999140 -0.003545 10.600800 0.018082 0.002800 0.999833 -0.823400 0.000000 0.000000 0.000000 1.000000
0.999096 -0.040541 -0.012822 -0.000000 0.040306 0.999024 -0.018087 10.600800 0.013543 0.017554 0.999754 -0.823400 0.000000 0.000000 0.000000 1.000000
0.999232 -0.038221 -0.008667 0.000000 0.037930 0.998781 -0.031574 10.600800 0.009863 0.031221 0.999464 -0.823400 0.000000 0.000000 0.000000 1.000000
0.999344 -0.035720 -0.005995 -0.000000 0.035462 0.998620 -0.038726 10.600800 0.007370 0.038488 0.999232 -0.823400 0.000000 0.000000 0.000000 1.000000
0.999415 -0.033723 -0.005775 -0.000000 0.033484 0.998736 -0.037487 10.600800 0.007031 0.037271 0.999280 -0.823400 0.000000 0.000000 0.000000 1.000000
0.999396 -0.034322 -0.005519 -0.000000 0.034122 0.998872 -0.033024 10.600800 0.006647 0.032815 0.999439 -0.823400 0.000000 0.000000 0.000000 1.000000
0.999361 -0.035016 -0.007236 -0.000000 0.034823 0.999072 -0.025361 10.600800 0.008118 0.025093 0.999652 -0.823400 0.000000 0.000000 0.000000 1.000000
0.999269 -0.036656 -0.010894 0.000000 0.036448 0.999160 -0.018739 10.600800 0.011571 0.018329 0.999765 -0.823400 0.000000 0.000000 0.000000 1.000000
0.999067 -0.040102 -0.016050 -0.000000 0.039820 0.999053 -0.017563 10.600800 0.016740 0.016907 0.999717 -0.823400 0.000000 0.000000 0.000000 1.000000
0.998732 -0.045795 -0.020905 -0.000000 0.045321 0.998716 -0.022640 10.600800 0.021915 0.021664 0.999525 -0.823400 0.000000 0.000000 0.000000 1.000000
0.998440 -0.050761 -0.023276 0.000000 0.050002 0.998233 -0.032117 10.600800 0.024865 0.030903 0.999213 -0.823400 0.000000 0.000000 0.000000 1.000000
0.998271 -0.054424 -0.022220 0.000000 0.053419 0.997621 -0.043566 10.600800 0.024538 0.042303 0.998803 -0.823400 0.000000 0.000000 0.000000 1.000000
0.998047 -0.058914 -0.020772 0.000000 0.057750 0.996936 -0.052758 10.600800 0.023817 0.051456 0.998391 -0.823400 0.000000 0.000000 0.000000 1.000000
0.997854 -0.062141 -0.020643 0.000000 0.060930 0.996631 -0.054899 10.600800 0.023985 0.053524 0.998278 -0.823400 0.000000 0.000000 0.000000 1.000000
0.997697 -0.063631 -0.023480 0.000000 0.062426 0.996850 -0.048916 10.600800 0.026519 0.047337 0.998527 -0.823400 0.000000 0.000000 0.000000 1.000000
0.997637 -0.062886 -0.027667 -0.000000 0.061830 0.997382 -0.037493 10.600800 0.029952 0.035693 0.998914 -0.823400 0.000000 0.000000 0.000000 1.000000
0.997744 -0.060215 -0.029688 -0.000000 0.059509 0.997937 -0.024099 10.600800 0.031078 0.022278 0.999269 -0.823400 0.000000 0.000000 0.000000 1.000000
0.997914 -0.059183 -0.025775 -0.000000 0.058848 0.998175 -0.013536 10.600800 0.026529 0.011991 0.999576 -0.823400 0.000000 0.000000 0.000000 1.000000
0.998140 -0.055200 -0.025885 -0.000000 0.055070 0.998466 -0.005702 10.600800 0.026160 0.004266 0.999649 -0.823400 0.000000 0.000000 0.000000 1.000000
0.998392 -0.051806 -0.022991 0.000000 0.051647 0.998638 -0.007444 10.600800 0.023345 0.006245 0.999708 -0.823400 0.000000 0.000000 0.000000 1.000000
0.998578 -0.049502 -0.019792 0.000000 0.049142 0.998624 -0.018299 10.600800 0.020671 0.017300 0.999637 -0.823400 0.000000 0.000000 0.000000 1.000000
0.998671 -0.048032 -0.018703 0.000000 0.047419 0.998364 -0.031948 10.600800 0.020207 0.031019 0.999315 -0.823400 0.000000 0.000000 0.000000 1.000000
0.998788 -0.045271 -0.019329 0.000000 0.044481 0.998227 -0.039542 10.600800 0.021085 0.038634 0.999031 -0.823400 0.000000 0.000000 0.000000 1.000000</float_array>
        <technique_common>
          <accessor source="#mixamorig1_Spine-Matrix-animation-output-transform-array" count="82" stride="16">
            <param type="float4x4"/>
          </accessor>
        </technique_common>
      </source>
      <source id="mixamorig1_Spine-Interpolations">
        <Name_array id="mixamorig1_Spine-Interpolations-array" count="82">
 LINEAR LINEAR LINEAR LINEAR LINEAR LINEAR LINEAR LINEAR LINEAR LINEAR LINEAR
LINEAR LINEAR LINEAR LINEAR LINEAR LINEAR LINEAR LINEAR LINEAR LINEAR LINEAR LINEAR
LINEAR LINEAR LINEAR LINEAR LINEAR LINEAR LINEAR LINEAR LINEAR LINEAR LINEAR LINEAR
LINEAR LINEAR LINEAR LINEAR LINEAR LINEAR LINEAR LINEAR LINEAR LINEAR LINEAR LINEAR
LINEAR LINEAR LINEAR LINEAR LINEAR LINEAR LINEAR LINEAR LINEAR LINEAR LINEAR LINEAR
LINEAR LINEAR LINEAR LINEAR LINEAR LINEAR LINEAR LINEAR LINEAR LINEAR LINEAR LINEAR
LINEAR LINEAR LINEAR LINEAR LINEAR LINEAR LINEAR LINEAR LINEAR LINEAR LINEAR</Name_array>
        <technique_common>
          <accessor source="#mixamorig1_Spine-Interpolations-array" count="82">
            <param type="name"/>
          </accessor>
        </technique_common>
      </source>
      <sampler id="mixamorig1_Spine-Matrix-animation-transform">
        <input semantic="INPUT" source="#mixamorig1_Spine-Matrix-animation-input"/>
        <input semantic="OUTPUT" source="#mixamorig1_Spine-Matrix-animation-output-transform"/>
        <input semantic="INTERPOLATION" source="#mixamorig1_Spine-Interpolations"/>
      </sampler>
      <channel source="#mixamorig1_Spine-Matrix-animation-transform" target="mixamorig1_Spine/matrix"/>
      <source id="mixamorig1_Spine1-Matrix-animation-input">
        <float_array id="mixamorig1_Spine1-Matrix-animation-input-array" count="82">

0.000000 0.033333 0.066667 0.100000 0.133333 0.166667 0.200000 0.233333 0.266667 0.300000 0.333333 0.366667 0.400000 0.433333 0.466667 0.500000
0.533333 0.566667 0.600000 0.633333 0.666667 0.700000 0.733333 0.766667 0.800000 0.833333 0.866667 0.900000 0.933333 0.966667 1.000000 1.033333
1.066667 1.100000 1.133333 1.166667 1.200000 1.233333 1.266667 1.300000 1.333333 1.366667 1.400000 1.433333 1.466667 1.500000 1.533333 1.566667
1.600000 1.633333 1.666667 1.700000 1.733333 1.766667 1.800000 1.833333 1.866667 1.900000 1.933333 1.966667 2.000000 2.033333 2.066667 2.100000
2.133333 2.166667 2.200000 2.233333 2.266667 2.300000 2.333333 2.366667 2.400000 2.433333 2.466667 2.500000 2.533333 2.566667 2.600000 2.633333
2.666667 2.700000</float_array>
        <technique_common>
          <accessor source="#mixamorig1_Spine1-Matrix-animation-input-array" count="82">
            <param name="TIME" type="float"/>
          </accessor>
        </technique_common>
      </source>
      <source id="mixamorig1_Spine1-Matrix-animation-output-transform">
        <float_array id="mixamorig1_Spine1-Matrix-animation-output-transform-array" count="1312">

0.995410 -0.089712 -0.033328 0.000000 0.079574 0.969317 -0.232578 12.404900 0.053170 0.228859 0.972006 0.000000 0.000000 0.000000 0.000000 1.000000
0.995445 -0.089974 -0.031524 0.000000 0.080176 0.968967 -0.233826 12.404900 0.051584 0.230234 0.971767 0.000000 0.000000 0.000000 0.000000 1.000000
0.995434 -0.090273 -0.031009 0.000000 0.080603 0.969013 -0.233489 12.404900 0.051126 0.229923 0.971865 0.000000 0.000000 0.000000 0.000000 1.000000
0.995408 -0.090245 -0.031907 0.000000 0.080439 0.969339 -0.232187 12.404900 0.051882 0.228555 0.972148 -0.000000 0.000000 0.000000 0.000000 1.000000
0.995382 -0.089894 -0.033668 -0.000000 0.079796 0.969831 -0.230347 12.404900 0.053359 0.226596 0.972526 -0.000000 0.000000 0.000000 0.000000 1.000000
0.995343 -0.089400 -0.036049 -0.000000 0.078875 0.970327 -0.228570 12.404900 0.055414 0.224662 0.972860 -0.000000 0.000000 0.000000 0.000000 1.000000
0.995318 -0.088745 -0.038283 -0.000000 0.077801 0.970682 -0.227430 12.404900 0.057344 0.223387 0.973042 0.000000 0.000000 0.000000 0.000000 1.000000
0.995280 -0.088365 -0.040117 0.000000 0.077032 0.970790 -0.227230 12.404900 0.059025 0.223067 0.973014 0.000000 0.000000 0.000000 0.000000 1.000000
0.995177 -0.088757 -0.041776 -0.000000 0.076978 0.970552 -0.228262 12.404900 0.060805 0.223945 0.972703 0.000000 0.000000 0.000000 0.000000 1.000000
0.995054 -0.089358 -0.043398 0.000000 0.077093 0.970149 -0.229928 12.404900 0.062648 0.225445 0.972240 0.000000 0.000000 0.000000 0.000000 1.000000
0.994958 -0.089953 -0.044359 0.000000 0.077385 0.969865 -0.231026 12.404900 0.063803 0.226429 0.971936 0.000000 0.000000 0.000000 0.000000 1.000000
0.994902 -0.090620 -0.044244 0.000000 0.077998 0.969588 -0.231982 12.404900 0.063920 0.227349 0.971713 0.000000 0.000000 0.000000 0.000000 1.000000
0.994958 -0.090311 -0.043609 0.000000 0.077831 0.969561 -0.232150 12.404900 0.063247 0.227585 0.971702 0.000000 0.000000 0.000000 0.000000 1.000000
0.995057 -0.089551 -0.042918 0.000000 0.077280 0.969725 -0.231650 12.404900 0.062363 0.227188 0.971852 -0.000000 0.000000 0.000000 0.000000 1.000000
0.995153 -0.088879 -0.042083 0.000000 0.076875 0.969980 -0.230716 12.404900 0.061325 0.226362 0.972111 0.000000 0.000000 0.000000 0.000000 1.000000
0.995222 -0.088616 -0.040985 -0.000000 0.076929 0.970212 -0.229720 12.404900 0.060121 0.225469 0.972394 0.000000 0.000000 0.000000 0.000000 1.000000
0.995282 -0.088769 -0.039161 0.000000 0.077517 0.970270 -0.229277 12.404900 0.058350 0.225160 0.972573 0.000000 0.000000 0.000000 0.000000 1.000000
0.995369 -0.088462 -0.037624 0.000000 0.077577 0.970313 -0.229072 12.404900 0.056771 0.225092 0.972682 -0.000000 0.000000 0.000000 0.000000 1.000000
0.995473 -0.088154 -0.035525 -0.000000 0.077689 0.970044 -0.230170 12.404900 0.054752 0.226368 0.972502 -0.000000 0.000000 0.000000 0.000000 1.000000
0.995547 -0.088224 -0.033219 -0.000000 0.078168 0.969517 -0.232220 12.404900 0.052694 0.228590 0.972096 -0.000000 0.000000 0.000000 0.000000 1.000000
0.995634 -0.087678 -0.032020 -0.000000 0.077783 0.968961 -0.234659 12.404900 0.051601 0.231144 0.971550 0.000000 0.000000 0.000000 0.000000 1.000000
0.995735 -0.086870 -0.031077 0.000000 0.077157 0.968743 -0.235763 12.404900 0.050586 0.232360 0.971314 -0.000000 0.000000 0.000000 0.000000 1.000000
0.995807 -0.086095 -0.030906 -0.000000 0.076489 0.969014 -0.234865 12.404900 0.050169 0.231517 0.971536 0.000000 0.000000 0.000000 0.000000 1.000000
0.995795 -0.086013 -0.031519 -0.000000 0.076362 0.969463 -0.233046 12.404900 0.050601 0.229659 0.971955 0.000000 0.000000 0.000000 0.000000 1.000000
0.995752 -0.085945 -0.033029 -0.000000 0.076091 0.970119 -0.230391 12.404900 0.051843 0.226899 0.972537 0.000000 0.000000 0.000000 0.000000 1.000000
0.995710 -0.085874 -0.034448 0.000000 0.075827 0.970695 -0.228040 12.404900 0.053021 0.224450 0.973042 -0.000000 0.000000 0.000000 0.000000 1.000000
0.995676 -0.085734 -0.035769 0.000000 0.075479 0.971082 -0.226502 12.404900 0.054154 0.222823 0.973354 -0.000000 0.000000 0.000000 0.000000 1.000000
0.995649 -0.085815 -0.036313 0.000000 0.075450 0.971137 -0.226275 12.404900 0.054683 0.222550 0.973386 0.000000 0.000000 0.000000 0.000000 1.000000
0.995604 -0.086519 -0.035862 -0.000000 0.076168 0.970790 -0.227522 12.404900 0.054499 0.223790 0.973112 -0.000000 0.000000 0.000000 0.000000 1.000000
0.995560 -0.087436 -0.034864 0.000000 0.077156 0.970161 -0.229857 12.404900 0.053921 0.226147 0.972600 0.000000 0.000000 0.000000 0.000000 1.000000
0.995546 -0.088050 -0.033682 0.000000 0.077896 0.969553 -0.232160 12.404900 0.053098 0.228503 0.972094 -0.000000 0.000000 0.000000 0.000000 1.000000
0.995528 -0.088629 -0.032688 0.000000 0.078587 0.969044 -0.234045 12.404900 0.052419 0.230430 0.971676 0.000000 0.000000 0.000000 0.000000 1.000000
0.995512 -0.088978 -0.032243 0.000000 0.078990 0.968835 -0.234776 12.404900 0.052128 0.231176 0.971514 0.000000 0.000000 0.000000 0.000000 1.000000
0.995499 -0.089085 -0.032327 0.000000 0.079126 0.969056 -0.233814 12.404900 0.052156 0.230204 0.971744 -0.000000 0.000000 0.000000 0.000000 1.000000
0.995560 -0.088525 -0.031989 0.000000 0.078768 0.969578 -0.231762 12.404900 0.051533 0.228213 0.972246 -0.000000 0.000000 0.000000 0.000000 1.000000
0.995614 -0.088008 -0.031727 -0.000000 0.078449 0.970172 -0.229372 12.404900 0.050968 0.225878 0.972821 -0.000000 0.000000 0.000000 0.000000 1.000000
0.995634 -0.087810 -0.031664 0.000000 0.078350 0.970539 -0.227847 12.404900 0.050739 0.224372 0.973182 -0.000000 0.000000 0.000000 0.000000 1.000000
0.995592 -0.088128 -0.032080 0.000000 0.078607 0.970700 -0.227074 12.404900 0.051151 0.223552 0.973349 0.000000 0.000000 0.000000 0.000000 1.000000
0.995554 -0.088563 -0.032078 -0.000000 0.078999 0.970518 -0.227713 12.404900 0.051299 0.224166 0.973200 -0.000000 0.000000 0.000000 0.000000 1.000000
0.995570 -0.088838 -0.030800 0.000000 0.079424 0.969893 -0.230218 12.404900 0.050325 0.226751 0.972652 0.000000 0.000000 0.000000 0.000000 1.000000
0.995637 -0.088387 -0.029919 0.000000 0.079041 0.969246 -0.233057 12.404900 0.049598 0.229675 0.972003 0.000000 0.000000 0.000000 0.000000 1.000000
0.995760 -0.087092 -0.029606 -0.000000 0.077774 0.968974 -0.234607 12.404900 0.049119 0.231310 0.971639 0.000000 0.000000 0.000000 0.000000 1.000000
0.995888 -0.085893 -0.028786 0.000000 0.076791 0.969020 -0.234739 12.404900 0.048057 0.231564 0.971632 -0.000000 0.000000 0.000000 0.000000 1.000000
0.995965 -0.085330 -0.027783 -0.000000 0.076519 0.969259 -0.233843 12.404900 0.046883 0.230774 0.971877 0.000000 0.000000 0.000000 0.000000 1.000000
0.995980 -0.084996 -0.028266 -0.000000 0.076191 0.969823 -0.231601 12.404900 0.047098 0.228516 0.972400 0.000000 0.000000 0.000000 0.000000 1.000000
0.995905 -0.085356 -0.029810 0.000000 0.076302 0.970355 -0.229322 12.404900 0.048500 0.226108 0.972894 0.000000 0.000000 0.000000 0.000000 1.000000
0.995813 -0.085862 -0.031386 -0.000000 0.076523 0.970725 -0.227678 12.404900 0.050016 0.224323 0.973231 0.000000 0.000000 0.000000 0.000000 1.000000
0.995754 -0.086128 -0.032480 -0.000000 0.076582 0.970923 -0.226814 12.404900 0.051070 0.223363 0.973396 0.000000 0.000000 0.000000 0.000000 1.000000
0.995703 -0.086569 -0.032897 0.000000 0.076920 0.970901 -0.226792 12.404900 0.051572 0.223287 0.973387 -0.000000 0.000000 0.000000 0.000000 1.000000
0.995686 -0.086839 -0.032675 0.000000 0.077187 0.970676 -0.227661 12.404900 0.051487 0.224157 0.973192 0.000000 0.000000 0.000000 0.000000 1.000000
0.995696 -0.086689 -0.032795 0.000000 0.076946 0.970395 -0.228940 12.404900 0.051670 0.225432 0.972888 0.000000 0.000000 0.000000 0.000000 1.000000
