<?xml version="1.0" encoding="utf-8"?>
<COLLADA xmlns="http://www.collada.org/2005/11/COLLADASchema" version="1.4.1">
  <asset>
    <contributor>
      <author>Mixamo</author>
      <authoring_tool>COLLADA Mixamo exporter</authoring_tool>
      <comments/>
    </contributor>
    <created>2024-07-03T22:42:01Z</created>
    <modified>2024-07-03T22:42:01Z</modified>
    <revision/>
    <title/>
    <unit meter="0.010000"/>
    <up_axis>Y_UP</up_axis>
  </asset>
  <library_animations>
    <animation>
      <source id="Armature.001-Matrix-animation-input">
        <float_array id="Armature.001-Matrix-animation-input-array" count="91">

0.000000 0.033333 0.066667 0.100000 0.133333 0.166667 0.200000 0.233333 0.266667 0.300000 0.333333 0.366667 0.400000 0.433333 0.466667 0.500000
0.533333 0.566667 0.600000 0.633333 0.666667 0.700000 0.733333 0.766667 0.800000 0.833333 0.866667 0.900000 0.933333 0.966667 1.000000 1.033333
1.066667 1.100000 1.133333 1.166667 1.200000 1.233333 1.266667 1.300000 1.333333 1.366667 1.400000 1.433333 1.466667 1.500000 1.533333 1.566667
1.600000 1.633333 1.666667 1.700000 1.733333 1.766667 1.800000 1.833333 1.866667 1.900000 1.933333 1.966667 2.000000 2.033333 2.066667 2.100000
2.133333 2.166667 2.200000 2.233333 2.266667 2.300000 2.333333 2.366667 2.400000 2.433333 2.466667 2.500000 2.533333 2.566667 2.600000 2.633333
2.666667 2.700000 2.733333 2.766667 2.800000 2.833333 2.866667 2.900000 2.933333 2.966667 3.000000</float_array>
        <technique_common>
          <accessor source="#Armature.001-Matrix-animation-input-array" count="91">
            <param name="TIME" type="float"/>
          </accessor>
        </technique_common>
      </source>
      <source id="Armature.001-Matrix-animation-output-transform">
        <float_array id="Armature.001-Matrix-animation-output-transform-array" count="1456">

100.000000 0.000000 0.000000 0.000000 0.000000 0.000000 100.000000 0.000000 0.000000 -100.000000 0.000000 0.000000 0.000000 0.000000 0.000000 1.000000
100.000000 0.000000 0.000000 0.000000 0.000000 0.000000 100.000000 0.000000 0.000000 -100.000000 0.000000 0.000000 0.000000 0.000000 0.000000 1.000000
100.000000 0.000000 0.000000 0.000000 0.000000 0.000000 100.000000 0.000000 0.000000 -100.000000 0.000000 0.000000 0.000000 0.000000 0.000000 1.000000
100.000000 0.000000 0.000000 0.000000 0.000000 0.000000 100.000000 0.000000 0.000000 -100.000000 0.000000 0.000000 0.000000 0.000000 0.000000 1.000000
100.000000 0.000000 0.000000 0.000000 0.000000 0.000000 100.000000 0.000000 0.000000 -100.000000 0.000000 0.000000 0.000000 0.000000 0.000000 1.000000
100.000000 0.000000 0.000000 0.000000 0.000000 0.000000 100.000000 0.000000 0.000000 -100.000000 0.000000 0.000000 0.000000 0.000000 0.000000 1.000000
100.000000 0.000000 0.000000 0.000000 0.000000 0.000000 100.000000 0.000000 0.000000 -100.000000 0.000000 0.000000 0.000000 0.000000 0.000000 1.000000
100.000000 0.000000 0.000000 0.000000 0.000000 0.000000 100.000000 0.000000 0.000000 -100.000000 0.000000 0.000000 0.000000 0.000000 0.000000 1.000000
100.000000 0.000000 0.000000 0.000000 0.000000 0.000000 100.000000 0.000000 0.000000 -100.000000 0.000000 0.000000 0.000000 0.000000 0.000000 1.000000
100.000000 0.000000 0.000000 0.000000 0.000000 0.000000 100.000000 0.000000 0.000000 -100.000000 0.000000 0.000000 0.000000 0.000000 0.000000 1.000000
100.000000 0.000000 0.000000 0.000000 0.000000 0.000000 100.000000 0.000000 0.000000 -100.000000 0.000000 0.000000 0.000000 0.000000 0.000000 1.000000
100.000000 0.000000 0.000000 0.000000 0.000000 0.000000 100.000000 0.000000 0.000000 -100.000000 0.000000 0.000000 0.000000 0.000000 0.000000 1.000000
100.000000 0.000000 0.000000 0.000000 0.000000 0.000000 100.000000 0.000000 0.000000 -100.000000 0.000000 0.000000 0.000000 0.000000 0.000000 1.000000
100.000000 0.000000 0.000000 0.000000 0.000000 0.000000 100.000000 0.000000 0.000000 -100.000000 0.000000 0.000000 0.000000 0.000000 0.000000 1.000000
100.000000 0.000000 0.000000 0.000000 0.000000 0.000000 100.000000 0.000000 0.000000 -100.000000 0.000000 0.000000 0.000000 0.000000 0.000000 1.000000
100.000000 0.000000 0.000000 0.000000 0.000000 0.000000 100.000000 0.000000 0.000000 -100.000000 0.000000 0.000000 0.000000 0.000000 0.000000 1.000000
100.000000 0.000000 0.000000 0.000000 0.000000 0.000000 100.000000 0.000000 0.000000 -100.000000 0.000000 0.000000 0.000000 0.000000 0.000000 1.000000
100.000000 0.000000 0.000000 0.000000 0.000000 0.000000 100.000000 0.000000 0.000000 -100.000000 0.000000 0.000000 0.000000 0.000000 0.000000 1.000000
100.000000 0.000000 0.000000 0.000000 0.000000 0.000000 100.000000 0.000000 0.000000 -100.000000 0.000000 0.000000 0.000000 0.000000 0.000000 1.000000
100.000000 0.000000 0.000000 0.000000 0.000000 0.000000 100.000000 0.000000 0.000000 -100.000000 0.000000 0.000000 0.000000 0.000000 0.000000 1.000000
100.000000 0.000000 0.000000 0.000000 0.000000 0.000000 100.000000 0.000000 0.000000 -100.000000 0.000000 0.000000 0.000000 0.000000 0.000000 1.000000
100.000000 0.000000 0.000000 0.000000 0.000000 0.000000 100.000000 0.000000 0.000000 -100.000000 0.000000 0.000000 0.000000 0.000000 0.000000 1.000000
100.000000 0.000000 0.000000 0.000000 0.000000 0.000000 100.000000 0.000000 0.000000 -100.000000 0.000000 0.000000 0.000000 0.000000 0.000000 1.000000
100.000000 0.000000 0.000000 0.000000 0.000000 0.000000 100.000000 0.000000 0.000000 -100.000000 0.000000 0.000000 0.000000 0.000000 0.000000 1.000000
100.000000 0.000000 0.000000 0.000000 0.000000 0.000000 100.000000 0.000000 0.000000 -100.000000 0.000000 0.000000 0.000000 0.000000 0.000000 1.000000
100.000000 0.000000 0.000000 0.000000 0.000000 0.000000 100.000000 0.000000 0.000000 -100.000000 0.000000 0.000000 0.000000 0.000000 0.000000 1.000000
100.000000 0.000000 0.000000 0.000000 0.000000 0.000000 100.000000 0.000000 0.000000 -100.000000 0.000000 0.000000 0.000000 0.000000 0.000000 1.000000
100.000000 0.000000 0.000000 0.000000 0.000000 0.000000 100.000000 0.000000 0.000000 -100.000000 0.000000 0.000000 0.000000 0.000000 0.000000 1.000000
100.000000 0.000000 0.000000 0.000000 0.000000 0.000000 100.000000 0.000000 0.000000 -100.000000 0.000000 0.000000 0.000000 0.000000 0.000000 1.000000
100.000000 0.000000 0.000000 0.000000 0.000000 0.000000 100.000000 0.000000 0.000000 -100.000000 0.000000 0.000000 0.000000 0.000000 0.000000 1.000000
100.000000 0.000000 0.000000 0.000000 0.000000 0.000000 100.000000 0.000000 0.000000 -100.000000 0.000000 0.000000 0.000000 0.000000 0.000000 1.000000
100.000000 0.000000 0.000000 0.000000 0.000000 0.000000 100.000000 0.000000 0.000000 -100.000000 0.000000 0.000000 0.000000 0.000000 0.000000 1.000000
100.000000 0.000000 0.000000 0.000000 0.000000 0.000000 100.000000 0.000000 0.000000 -100.000000 0.000000 0.000000 0.000000 0.000000 0.000000 1.000000
100.000000 0.000000 0.000000 0.000000 0.000000 0.000000 100.000000 0.000000 0.000000 -100.000000 0.000000 0.000000 0.000000 0.000000 0.000000 1.000000
100.000000 0.000000 0.000000 0.000000 0.000000 0.000000 100.000000 0.000000 0.000000 -100.000000 0.000000 0.000000 0.000000 0.000000 0.000000 1.000000
100.000000 0.000000 0.000000 0.000000 0.000000 0.000000 100.000000 0.000000 0.000000 -100.000000 0.000000 0.000000 0.000000 0.000000 0.000000 1.000000
100.000000 0.000000 0.000000 0.000000 0.000000 0.000000 100.000000 0.000000 0.000000 -100.000000 0.000000 0.000000 0.000000 0.000000 0.000000 1.000000
100.000000 0.000000 0.000000 0.000000 0.000000 0.000000 100.000000 0.000000 0.000000 -100.000000 0.000000 0.000000 0.000000 0.000000 0.000000 1.000000
100.000000 0.000000 0.000000 0.000000 0.000000 0.000000 100.000000 0.000000 0.000000 -100.000000 0.000000 0.000000 0.000000 0.000000 0.000000 1.000000
100.000000 0.000000 0.000000 0.000000 0.000000 0.000000 100.000000 0.000000 0.000000 -100.000000 0.000000 0.000000 0.000000 0.000000 0.000000 1.000000
100.000000 0.000000 0.000000 0.000000 0.000000 0.000000 100.000000 0.000000 0.000000 -100.000000 0.000000 0.000000 0.000000 0.000000 0.000000 1.000000
100.000000 0.000000 0.000000 0.000000 0.000000 0.000000 100.000000 0.000000 0.000000 -100.000000 0.000000 0.000000 0.000000 0.000000 0.000000 1.000000
100.000000 0.000000 0.000000 0.000000 0.000000 0.000000 100.000000 0.000000 0.000000 -100.000000 0.000000 0.000000 0.000000 0.000000 0.000000 1.000000
100.000000 0.000000 0.000000 0.000000 0.000000 0.000000 100.000000 0.000000 0.000000 -100.000000 0.000000 0.000000 0.000000 0.000000 0.000000 1.000000
100.000000 0.000000 0.000000 0.000000 0.000000 0.000000 100.000000 0.000000 0.000000 -100.000000 0.000000 0.000000 0.000000 0.000000 0.000000 1.000000
100.000000 0.000000 0.000000 0.000000 0.000000 0.000000 100.000000 0.000000 0.000000 -100.000000 0.000000 0.000000 0.000000 0.000000 0.000000 1.000000
100.000000 0.000000 0.000000 0.000000 0.000000 0.000000 100.000000 0.000000 0.000000 -100.000000 0.000000 0.000000 0.000000 0.000000 0.000000 1.000000
100.000000 0.000000 0.000000 0.000000 0.000000 0.000000 100.000000 0.000000 0.000000 -100.000000 0.000000 0.000000 0.000000 0.000000 0.000000 1.000000
100.000000 0.000000 0.000000 0.000000 0.000000 0.000000 100.000000 0.000000 0.000000 -100.000000 0.000000 0.000000 0.000000 0.000000 0.000000 1.000000
100.000000 0.000000 0.000000 0.000000 0.000000 0.000000 100.000000 0.000000 0.000000 -100.000000 0.000000 0.000000 0.000000 0.000000 0.000000 1.000000
100.000000 0.000000 0.000000 0.000000 0.000000 0.000000 100.000000 0.000000 0.000000 -100.000000 0.000000 0.000000 0.000000 0.000000 0.000000 1.000000
100.000000 0.000000 0.000000 0.000000 0.000000 0.000000 100.000000 0.000000 0.000000 -100.000000 0.000000 0.000000 0.000000 0.000000 0.000000 1.000000
100.000000 0.000000 0.000000 0.000000 0.000000 0.000000 100.000000 0.000000 0.000000 -100.000000 0.000000 0.000000 0.000000 0.000000 0.000000 1.000000
100.000000 0.000000 0.000000 0.000000 0.000000 0.000000 100.000000 0.000000 0.000000 -100.000000 0.000000 0.000000 0.000000 0.000000 0.000000 1.000000
100.000000 0.000000 0.000000 0.000000 0.000000 0.000000 100.000000 0.000000 0.000000 -100.000000 0.000000 0.000000 0.000000 0.000000 0.000000 1.000000
100.000000 0.000000 0.000000 0.000000 0.000000 0.000000 100.000000 0.000000 0.000000 -100.000000 0.000000 0.000000 0.000000 0.000000 0.000000 1.000000
100.000000 0.000000 0.000000 0.000000 0.000000 0.000000 100.000000 0.000000 0.000000 -100.000000 0.000000 0.000000 0.000000 0.000000 0.000000 1.000000
100.000000 0.000000 0.000000 0.000000 0.000000 0.000000 100.000000 0.000000 0.000000 -100.000000 0.000000 0.000000 0.000000 0.000000 0.000000 1.000000
100.000000 0.000000 0.000000 0.000000 0.000000 0.000000 100.000000 0.000000 0.000000 -100.000000 0.000000 0.000000 0.000000 0.000000 0.000000 1.000000
100.000000 0.000000 0.000000 0.000000 0.000000 0.000000 100.000000 0.000000 0.000000 -100.000000 0.000000 0.000000 0.000000 0.000000 0.000000 1.000000
100.000000 0.000000 0.000000 0.000000 0.000000 0.000000 100.000000 0.000000 0.000000 -100.000000 0.000000 0.000000 0.000000 0.000000 0.000000 1.000000
100.000000 0.000000 0.000000 0.000000 0.000000 0.000000 100.000000 0.000000 0.000000 -100.000000 0.000000 0.000000 0.000000 0.000000 0.000000 1.000000
100.000000 0.000000 0.000000 0.000000 0.000000 0.000000 100.000000 0.000000 0.000000 -100.000000 0.000000 0.000000 0.000000 0.000000 0.000000 1.000000
100.000000 0.000000 0.000000 0.000000 0.000000 0.000000 100.000000 0.000000 0.000000 -100.000000 0.000000 0.000000 0.000000 0.000000 0.000000 1.000000
100.000000 0.000000 0.000000 0.000000 0.000000 0.000000 100.000000 0.000000 0.000000 -100.000000 0.000000 0.000000 0.000000 0.000000 0.000000 1.000000
100.000000 0.000000 0.000000 0.000000 0.000000 0.000000 100.000000 0.000000 0.000000 -100.000000 0.000000 0.000000 0.000000 0.000000 0.000000 1.000000
100.000000 0.000000 0.000000 0.000000 0.000000 0.000000 100.000000 0.000000 0.000000 -100.000000 0.000000 0.000000 0.000000 0.000000 0.000000 1.000000
100.000000 0.000000 0.000000 0.000000 0.000000 0.000000 100.000000 0.000000 0.000000 -100.000000 0.000000 0.000000 0.000000 0.000000 0.000000 1.000000
100.000000 0.000000 0.000000 0.000000 0.000000 0.000000 100.000000 0.000000 0.000000 -100.000000 0.000000 0.000000 0.000000 0.000000 0.000000 1.000000
100.000000 0.000000 0.000000 0.000000 0.000000 0.000000 100.000000 0.000000 0.000000 -100.000000 0.000000 0.000000 0.000000 0.000000 0.000000 1.000000
100.000000 0.000000 0.000000 0.000000 0.000000 0.000000 100.000000 0.000000 0.000000 -100.000000 0.000000 0.000000 0.000000 0.000000 0.000000 1.000000
100.000000 0.000000 0.000000 0.000000 0.000000 0.000000 100.000000 0.000000 0.000000 -100.000000 0.000000 0.000000 0.000000 0.000000 0.000000 1.000000
100.000000 0.000000 0.000000 0.000000 0.000000 0.000000 100.000000 0.000000 0.000000 -100.000000 0.000000 0.000000 0.000000 0.000000 0.000000 1.000000
100.000000 0.000000 0.000000 0.000000 0.000000 0.000000 100.000000 0.000000 0.000000 -100.000000 0.000000 0.000000 0.000000 0.000000 0.000000 1.000000
100.000000 0.000000 0.000000 0.000000 0.000000 0.000000 100.000000 0.000000 0.000000 -100.000000 0.000000 0.000000 0.000000 0.000000 0.000000 1.000000
100.000000 0.000000 0.000000 0.000000 0.000000 0.000000 100.000000 0.000000 0.000000 -100.000000 0.000000 0.000000 0.000000 0.000000 0.000000 1.000000
100.000000 0.000000 0.000000 0.000000 0.000000 0.000000 100.000000 0.000000 0.000000 -100.000000 0.000000 0.000000 0.000000 0.000000 0.000000 1.000000
100.000000 0.000000 0.000000 0.000000 0.000000 0.000000 100.000000 0.000000 0.000000 -100.000000 0.000000 0.000000 0.000000 0.000000 0.000000 1.000000
100.000000 0.000000 0.000000 0.000000 0.000000 0.000000 100.000000 0.000000 0.000000 -100.000000 0.000000 0.000000 0.000000 0.000000 0.000000 1.000000
100.000000 0.000000 0.000000 0.000000 0.000000 0.000000 100.000000 0.000000 0.000000 -100.000000 0.000000 0.000000 0.000000 0.000000 0.000000 1.000000
100.000000 0.000000 0.000000 0.000000 0.000000 0.000000 100.000000 0.000000 0.000000 -100.000000 0.000000 0.000000 0.000000 0.000000 0.000000 1.000000
100.000000 0.000000 0.000000 0.000000 0.000000 0.000000 100.000000 0.000000 0.000000 -100.000000 0.000000 0.000000 0.000000 0.000000 0.000000 1.000000
100.000000 0.000000 0.000000 0.000000 0.000000 0.000000 100.000000 0.000000 0.000000 -100.000000 0.000000 0.000000 0.000000 0.000000 0.000000 1.000000
100.000000 0.000000 0.000000 0.000000 0.000000 0.000000 100.000000 0.000000 0.000000 -100.000000 0.000000 0.000000 0.000000 0.000000 0.000000 1.000000
100.000000 0.000000 0.000000 0.000000 0.000000 0.000000 100.000000 0.000000 0.000000 -100.000000 0.000000 0.000000 0.000000 0.000000 0.000000 1.000000
100.000000 0.000000 0.000000 0.000000 0.000000 0.000000 100.000000 0.000000 0.000000 -100.000000 0.000000 0.000000 0.000000 0.000000 0.000000 1.000000
100.000000 0.000000 0.000000 0.000000 0.000000 0.000000 100.000000 0.000000 0.000000 -100.000000 0.000000 0.000000 0.000000 0.000000 0.000000 1.000000
100.000000 0.000000 0.000000 0.000000 0.000000 0.000000 100.000000 0.000000 0.000000 -100.000000 0.000000 0.000000 0.000000 0.000000 0.000000 1.000000
100.000000 0.000000 0.000000 0.000000 0.000000 0.000000 100.000000 0.000000 0.000000 -100.000000 0.000000 0.000000 0.000000 0.000000 0.000000 1.000000
100.000000 0.000000 0.000000 0.000000 0.000000 0.000000 100.000000 0.000000 0.000000 -100.000000 0.000000 0.000000 0.000000 0.000000 0.000000 1.000000
100.000000 0.000000 0.000000 0.000000 0.000000 0.000000 100.000000 0.000000 0.000000 -100.000000 0.000000 0.000000 0.000000 0.000000 0.000000 1.000000</float_array>
        <technique_common>
          <accessor source="#Armature.001-Matrix-animation-output-transform-array" count="91" stride="16">
            <param type="float4x4"/>
          </accessor>
        </technique_common>
      </source>
      <source id="Armature.001-Interpolations">
        <Name_array id="Armature.001-Interpolations-array" count="91">
 LINEAR LINEAR LINEAR LINEAR LINEAR LINEAR LINEAR LINEAR LINEAR LINEAR LINEAR
LINEAR LINEAR LINEAR LINEAR LINEAR LINEAR LINEAR LINEAR LINEAR LINEAR LINEAR LINEAR
LINEAR LINEAR LINEAR LINEAR LINEAR LINEAR LINEAR LINEAR LINEAR LINEAR LINEAR LINEAR
LINEAR LINEAR LINEAR LINEAR LINEAR LINEAR LINEAR LINEAR LINEAR LINEAR LINEAR LINEAR
LINEAR LINEAR LINEAR LINEAR LINEAR LINEAR LINEAR LINEAR LINEAR LINEAR LINEAR LINEAR
LINEAR LINEAR LINEAR LINEAR LINEAR LINEAR LINEAR LINEAR LINEAR LINEAR LINEAR LINEAR
LINEAR LINEAR LINEAR LINEAR LINEAR LINEAR LINEAR LINEAR LINEAR LINEAR LINEAR LINEAR
LINEAR LINEAR LINEAR LINEAR LINEAR LINEAR LINEAR LINEAR</Name_array>
        <technique_common>
          <accessor source="#Armature.001-Interpolations-array" count="91">
            <param type="name"/>
          </accessor>
        </technique_common>
      </source>
      <sampler id="Armature.001-Matrix-animation-transform">
        <input semantic="INPUT" source="#Armature.001-Matrix-animation-input"/>
        <input semantic="OUTPUT" source="#Armature.001-Matrix-animation-output-transform"/>
        <input semantic="INTERPOLATION" source="#Armature.001-Interpolations"/>
      </sampler>
      <channel source="#Armature.001-Matrix-animation-transform" target="Armature.001/matrix"/>
      <source id="mixamorig_Hips-Matrix-animation-input">
        <float_array id="mixamorig_Hips-Matrix-animation-input-array" count="91">

0.000000 0.033333 0.066667 0.100000 0.133333 0.166667 0.200000 0.233333 0.266667 0.300000 0.333333 0.366667 0.400000 0.433333 0.466667 0.500000
0.533333 0.566667 0.600000 0.633333 0.666667 0.700000 0.733333 0.766667 0.800000 0.833333 0.866667 0.900000 0.933333 0.966667 1.000000 1.033333
1.066667 1.100000 1.133333 1.166667 1.200000 1.233333 1.266667 1.300000 1.333333 1.366667 1.400000 1.433333 1.466667 1.500000 1.533333 1.566667
1.600000 1.633333 1.666667 1.700000 1.733333 1.766667 1.800000 1.833333 1.866667 1.900000 1.933333 1.966667 2.000000 2.033333 2.066667 2.100000
2.133333 2.166667 2.200000 2.233333 2.266667 2.300000 2.333333 2.366667 2.400000 2.433333 2.466667 2.500000 2.533333 2.566667 2.600000 2.633333
2.666667 2.700000 2.733333 2.766667 2.800000 2.833333 2.866667 2.900000 2.933333 2.966667 3.000000</float_array>
        <technique_common>
          <accessor source="#mixamorig_Hips-Matrix-animation-input-array" count="91">
            <param name="TIME" type="float"/>
          </accessor>
        </technique_common>
      </source>
      <source id="mixamorig_Hips-Matrix-animation-output-transform">
        <float_array id="mixamorig_Hips-Matrix-animation-output-transform-array" count="1456">

0.332154 -0.118536 0.935747 0.020027 0.943215 0.037023 -0.330115 0.010057 0.004486 0.992259 0.124102 0.944647 0.000000 0.000000 0.000000 1.000000
0.303880 -0.130121 0.943783 0.013210 0.952506 0.062007 -0.298139 -0.012224 -0.019727 0.989557 0.142783 0.942517 0.000000 0.000000 0.000000 1.000000
0.272288 -0.134276 0.952801 0.006862 0.961360 0.079725 -0.263499 -0.031498 -0.040581 0.987732 0.150796 0.931456 0.000000 0.000000 0.000000 1.000000
0.240590 -0.129617 0.961933 0.000341 0.969023 0.089020 -0.230368 -0.047130 -0.055772 0.987560 0.147019 0.910519 0.000000 0.000000 0.000000 1.000000
0.220680 -0.122231 0.967657 -0.006219 0.972867 0.098275 -0.209455 -0.058244 -0.069494 0.987624 0.140602 0.889990 0.000000 0.000000 0.000000 1.000000
0.216337 -0.112072 0.969865 -0.010748 0.973111 0.105216 -0.204903 -0.064052 -0.079082 0.988114 0.131821 0.875938 0.000000 0.000000 0.000000 1.000000
0.223275 -0.099798 0.969633 -0.011983 0.971260 0.106949 -0.212642 -0.065350 -0.082480 0.989243 0.120809 0.871562 0.000000 0.000000 0.000000 1.000000
0.238681 -0.088102 0.967093 -0.009987 0.967235 0.110309 -0.228667 -0.062811 -0.086533 0.989985 0.111544 0.876432 0.000000 0.000000 0.000000 1.000000
0.264157 -0.077019 0.961400 -0.005177 0.960832 0.107624 -0.255379 -0.054674 -0.083801 0.991204 0.102432 0.890762 0.000000 0.000000 0.000000 1.000000
0.300822 -0.070913 0.951040 0.000504 0.951206 0.094098 -0.293858 -0.041889 -0.068653 0.993034 0.095760 0.911864 0.000000 0.000000 0.000000 1.000000
0.342052 -0.072896 0.936849 0.005776 0.938574 0.074878 -0.336856 -0.025801 -0.045594 0.994525 0.094030 0.932855 0.000000 0.000000 0.000000 1.000000
0.384121 -0.083092 0.919536 0.009833 0.923064 0.056266 -0.380510 -0.007128 -0.020121 0.994952 0.098312 0.945633 0.000000 0.000000 0.000000 1.000000
0.419014 -0.100886 0.902358 0.012442 0.907978 0.044467 -0.416652 0.013114 0.001909 0.993904 0.110234 0.944860 0.000000 0.000000 0.000000 1.000000
0.444326 -0.108706 0.889245 0.013807 0.895703 0.034992 -0.443275 0.031269 0.017070 0.993458 0.112916 0.932963 0.000000 0.000000 0.000000 1.000000
0.462268 -0.101513 0.880910 0.013711 0.886237 0.019431 -0.462824 0.046681 0.029865 0.994644 0.098947 0.913952 0.000000 0.000000 0.000000 1.000000
0.470878 -0.091422 0.877448 0.012611 0.881116 -0.000509 -0.472899 0.059162 0.043680 0.995812 0.080314 0.893129 0.000000 0.000000 0.000000 1.000000
0.469018 -0.082266 0.879349 0.011302 0.881483 -0.018251 -0.471863 0.067190 0.054867 0.996443 0.063956 0.877410 0.000000 0.000000 0.000000 1.000000
0.456602 -0.074012 0.886587 0.010660 0.887641 -0.029377 -0.459598 0.069739 0.060061 0.996825 0.052282 0.871891 0.000000 0.000000 0.000000 1.000000
0.439006 -0.067166 0.895970 0.010936 0.896420 -0.034817 -0.441836 0.066718 0.060871 0.997134 0.044924 0.876646 0.000000 0.000000 0.000000 1.000000
0.418032 -0.062303 0.906294 0.012489 0.906623 -0.034325 -0.420543 0.057732 0.057309 0.997467 0.042136 0.889417 0.000000 0.000000 0.000000 1.000000
0.401136 -0.054096 0.914420 0.013461 0.915098 -0.021061 -0.402680 0.042289 0.041042 0.998314 0.041055 0.908720 0.000000 0.000000 0.000000 1.000000
0.385334 -0.046184 0.921621 0.012569 0.922651 0.002778 -0.385625 0.022528 0.015250 0.998929 0.043682 0.927610 0.000000 0.000000 0.000000 1.000000
0.368131 -0.043357 0.928762 0.009998 0.929724 0.027467 -0.367230 0.000302 -0.009588 0.998682 0.050421 0.940342 0.000000 0.000000 0.000000 1.000000
0.350168 -0.048333 0.935439 0.005663 0.936154 0.051742 -0.347763 -0.021825 -0.031593 0.997490 0.063365 0.944423 0.000000 0.000000 0.000000 1.000000
0.331772 -0.059000 0.941513 -0.000358 0.941986 0.074566 -0.327266 -0.041416 -0.050896 0.995469 0.080316 0.937382 0.000000 0.000000 0.000000 1.000000
0.316831 -0.063713 0.946340 -0.006670 0.946414 0.087092 -0.310992 -0.057646 -0.062604 0.994161 0.087892 0.922303 0.000000 0.000000 0.000000 1.000000
0.305898 -0.061056 0.950105 -0.012249 0.949517 0.092519 -0.299763 -0.070316 -0.069600 0.993837 0.086275 0.904738 0.000000 0.000000 0.000000 1.000000
0.299197 -0.054091 0.952657 -0.017091 0.951130 0.096819 -0.293220 -0.079027 -0.076375 0.993831 0.080415 0.889944 0.000000 0.000000 0.000000 1.000000
0.300901 -0.043901 0.952644 -0.019988 0.950298 0.097545 -0.295665 -0.083541 -0.079946 0.994262 0.071071 0.883355 0.000000 0.000000 0.000000 1.000000
0.310306 -0.032326 0.950087 -0.020384 0.947431 0.092524 -0.306290 -0.083904 -0.078005 0.995186 0.059337 0.886211 0.000000 0.000000 0.000000 1.000000
0.326416 -0.023662 0.944930 -0.018466 0.942268 0.087172 -0.323314 -0.080123 -0.074721 0.995912 0.050750 0.895533 0.000000 0.000000 0.000000 1.000000
0.352436 -0.017818 0.935666 -0.014059 0.933268 0.080712 -0.349995 -0.071741 -0.069283 0.996578 0.045075 0.909127 0.000000 0.000000 0.000000 1.000000
0.388298 -0.020149 0.921313 -0.008524 0.920036 0.065458 -0.386328 -0.058777 -0.052523 0.997652 0.043956 0.926177 0.000000 0.000000 0.000000 1.000000
0.430653 -0.030705 0.901995 -0.003285 0.902099 0.045066 -0.429169 -0.042852 -0.027471 0.998512 0.047106 0.941668 0.000000 0.000000 0.000000 1.000000
0.473597 -0.044523 0.879616 0.000911 0.880741 0.025292 -0.472922 -0.025011 -0.001192 0.998688 0.051192 0.949308 0.000000 0.000000 0.000000 1.000000
0.505279 -0.062042 0.860723 0.003727 0.862718 0.012886 -0.505522 -0.005798 0.020272 0.997990 0.060036 0.945566 0.000000 0.000000 0.000000 1.000000
0.521198 -0.077862 0.849877 0.005204 0.852719 0.006692 -0.522328 0.011806 0.034982 0.996942 0.069883 0.933127 0.000000 0.000000 0.000000 1.000000
0.529911 -0.081443 0.844133 0.005364 0.846815 -0.002939 -0.531879 0.025482 0.045799 0.996674 0.067410 0.916360 0.000000 0.000000 0.000000 1.000000
0.532060 -0.079231 0.842991 0.004956 0.845121 -0.011209 -0.534458 0.035665 0.051795 0.996793 0.060996 0.900322 0.000000 0.000000 0.000000 1.000000
0.527883 -0.075686 0.845938 0.004237 0.847596 -0.016438 -0.530388 0.041438 0.054048 0.996996 0.055474 0.891241 0.000000 0.000000 0.000000 1.000000
0.519751 -0.069647 0.851474 0.003273 0.852700 -0.019023 -0.522055 0.041905 0.052558 0.997390 0.049501 0.890694 0.000000 0.000000 0.000000 1.000000
0.506822 -0.065750 0.859539 0.002806 0.860808 -0.014926 -0.508712 0.036468 0.046278 0.997724 0.049034 0.896587 0.000000 0.000000 0.000000 1.000000
0.485250 -0.068838 0.871661 0.002220 0.873337 -0.010416 -0.487005 0.026052 0.042604 0.997573 0.055065 0.906586 0.000000 0.000000 0.000000 1.000000
0.458590 -0.073323 0.885618 0.002051 0.888004 -0.000105 -0.459835 0.010804 0.033810 0.997308 0.065063 0.920357 0.000000 0.000000 0.000000 1.000000
0.428058 -0.082283 0.899997 0.001789 0.903620 0.022028 -0.427768 -0.008074 0.015373 0.996366 0.083782 0.932725 0.000000 0.000000 0.000000 1.000000
0.392810 -0.094901 0.914710 -0.000078 0.919612 0.044747 -0.390272 -0.027838 -0.003893 0.994480 0.104849 0.939332 0.000000 0.000000 0.000000 1.000000
0.357813 -0.110994 0.927173 -0.003947 0.933540 0.065628 -0.352414 -0.046396 -0.021733 0.991652 0.127100 0.936974 0.000000 0.000000 0.000000 1.000000
0.326429 -0.127591 0.936571 -0.009017 0.944511 0.082440 -0.317965 -0.062023 -0.036641 0.988395 0.147422 0.927086 0.000000 0.000000 0.000000 1.000000
0.300030 -0.127007 0.945437 -0.013989 0.952660 0.091018 -0.290095 -0.073492 -0.049207 0.987717 0.148302 0.913356 0.000000 0.000000 0.000000 1.000000
0.281024 -0.116088 0.952654 -0.018403 0.957846 0.095622 -0.270903 -0.082090 -0.059646 0.988625 0.138067 0.899105 0.000000 0.000000 0.000000 1.000000
0.270554 -0.101764 0.957311 -0.021675 0.960310 0.098621 -0.260918 -0.086592 -0.067859 0.989908 0.124407 0.889394 0.000000 0.000000 0.000000 1.000000
0.270658 -0.086611 0.958771 -0.023040 0.960033 0.098030 -0.262159 -0.086086 -0.071282 0.991407 0.109682 0.887231 0.000000 0.000000 0.000000 1.000000
0.278304 -0.076776 0.957420 -0.022313 0.958069 0.092957 -0.271039 -0.081265 -0.068190 0.992706 0.099427 0.892953 0.000000 0.000000 0.000000 1.000000
0.296192 -0.073024 0.952333 -0.019971 0.952967 0.089630 -0.289517 -0.072177 -0.064216 0.993294 0.096137 0.901840 0.000000 0.000000 0.000000 1.000000
0.319707 -0.069966 0.944930 -0.015791 0.945731 0.084758 -0.313703 -0.058391 -0.058142 0.993942 0.093267 0.912240 0.000000 0.000000 0.000000 1.000000
0.335723 -0.078138 0.938714 -0.010909 0.941142 0.069380 -0.330816 -0.041019 -0.039279 0.994525 0.096831 0.922936 0.000000 0.000000 0.000000 1.000000
0.349520 -0.087761 0.932810 -0.007081 0.936762 0.051534 -0.346152 -0.021242 -0.017693 0.994808 0.100224 0.928971 0.000000 0.000000 0.000000 1.000000
0.366098 -0.099618 0.925229 -0.004710 0.930572 0.036181 -0.364316 0.000068 0.002816 0.994368 0.105947 0.927880 0.000000 0.000000 0.000000 1.000000
0.382691 -0.116183 0.916542 -0.003272 0.923573 0.022689 -0.382751 0.020605 0.023674 0.992969 0.115986 0.919520 0.000000 0.000000 0.000000 1.000000
0.394100 -0.128918 0.909981 -0.001939 0.918159 0.011210 -0.396054 0.036655 0.040858 0.991592 0.122785 0.907676 0.000000 0.000000 0.000000 1.000000
0.395821 -0.140527 0.907512 0.000096 0.916787 0.003240 -0.399364 0.048035 0.053181 0.990072 0.130116 0.895987 0.000000 0.000000 0.000000 1.000000
0.387373 -0.152470 0.909228 0.002191 0.919710 -0.004389 -0.392574 0.054879 0.063846 0.988298 0.138528 0.886381 0.000000 0.000000 0.000000 1.000000
0.370920 -0.157014 0.915295 0.003503 0.926043 -0.011478 -0.377244 0.055996 0.069738 0.987530 0.141145 0.883323 0.000000 0.000000 0.000000 1.000000
0.352412 -0.151983 0.923421 0.004304 0.933600 -0.011206 -0.358141 0.051536 0.064779 0.988320 0.137942 0.888677 0.000000 0.000000 0.000000 1.000000
0.338004 -0.143912 0.930077 0.004853 0.939624 -0.004550 -0.342178 0.042785 0.053475 0.989580 0.133685 0.898284 0.000000 0.000000 0.000000 1.000000
0.322932 -0.139496 0.936085 0.005830 0.945468 0.003148 -0.325699 0.030613 0.042487 0.990218 0.132906 0.907267 0.000000 0.000000 0.000000 1.000000
0.305150 -0.137961 0.942258 0.006383 0.951917 0.015957 -0.305941 0.015150 0.027172 0.990309 0.136196 0.916199 0.000000 0.000000 0.000000 1.000000
0.283481 -0.138000 0.948997 0.005842 0.958951 0.033366 -0.281602 -0.001597 0.007197 0.989870 0.141794 0.922747 0.000000 0.000000 0.000000 1.000000
0.258906 -0.138792 0.955879 0.003829 0.965821 0.050026 -0.254335 -0.018444 -0.012519 0.989057 0.147000 0.924682 0.000000 0.000000 0.000000 1.000000
0.236629 -0.142161 0.961144 0.000197 0.971163 0.064289 -0.229587 -0.033754 -0.029153 0.987754 0.153274 0.922180 0.000000 0.000000 0.000000 1.000000
0.219431 -0.149730 0.964070 -0.003537 0.974793 0.074509 -0.210300 -0.046024 -0.040344 0.985916 0.162305 0.915210 0.000000 0.000000 0.000000 1.000000
0.207380 -0.150717 0.966581 -0.005635 0.977090 0.080231 -0.197125 -0.055263 -0.047839 0.985316 0.163902 0.905846 0.000000 0.000000 0.000000 1.000000
0.198587 -0.144649 0.969350 -0.006459 0.978658 0.082594 -0.188169 -0.061619 -0.052844 0.986030 0.157964 0.896648 0.000000 0.000000 0.000000 1.000000
0.197112 -0.139023 0.970474 -0.006639 0.978925 0.081838 -0.187105 -0.063516 -0.053409 0.986902 0.152224 0.892237 0.000000 0.000000 0.000000 1.000000
0.208279 -0.134030 0.968843 -0.005552 0.976843 0.078090 -0.199196 -0.059825 -0.048959 0.987896 0.147191 0.894309 0.000000 0.000000 0.000000 1.000000
0.231604 -0.128816 0.964244 -0.003068 0.971904 0.073420 -0.223635 -0.051105 -0.041987 0.988947 0.142201 0.900725 0.000000 0.000000 0.000000 1.000000
0.258266 -0.124872 0.957970 0.001023 0.965314 0.072680 -0.250772 -0.039185 -0.038311 0.989507 0.139312 0.906223 0.000000 0.000000 0.000000 1.000000
0.286135 -0.115998 0.951142 0.007198 0.957682 0.066926 -0.279940 -0.024280 -0.031183 0.990992 0.130239 0.914369 0.000000 0.000000 0.000000 1.000000
0.322718 -0.111611 0.939892 0.013156 0.946398 0.052305 -0.318741 -0.007618 -0.013585 0.992374 0.122508 0.926634 0.000000 0.000000 0.000000 1.000000
0.357700 -0.111018 0.927214 0.018121 0.933811 0.035148 -0.356036 0.010671 0.006937 0.993197 0.116242 0.936022 0.000000 0.000000 0.000000 1.000000
0.391170 -0.117085 0.912840 0.021751 0.919859 0.018381 -0.391819 0.030583 0.029097 0.992952 0.114892 0.937175 0.000000 0.000000 0.000000 1.000000
0.423271 -0.128392 0.896859 0.024712 0.904456 0.002057 -0.426562 0.049512 0.052922 0.991721 0.116996 0.928660 0.000000 0.000000 0.000000 1.000000
0.448250 -0.131768 0.884143 0.026311 0.890706 -0.017806 -0.454231 0.065232 0.075596 0.991121 0.109385 0.912892 0.000000 0.000000 0.000000 1.000000
0.458062 -0.134571 0.878675 0.027110 0.883607 -0.038985 -0.466604 0.077708 0.097046 0.990137 0.101050 0.894503 0.000000 0.000000 0.000000 1.000000
0.453160 -0.136028 0.880990 0.027525 0.884361 -0.055610 -0.463480 0.084949 0.112038 0.989143 0.095098 0.882481 0.000000 0.000000 0.000000 1.000000
0.438710 -0.131446 0.888963 0.028262 0.891519 -0.060527 -0.448921 0.086102 0.112815 0.989474 0.090633 0.880887 0.000000 0.000000 0.000000 1.000000
0.421231 -0.125140 0.898279 0.029512 0.900788 -0.057567 -0.430427 0.081480 0.105575 0.990468 0.088476 0.887755 0.000000 0.000000 0.000000 1.000000
0.402986 -0.118197 0.907542 0.031135 0.910824 -0.045125 -0.410320 0.070734 0.089452 0.991964 0.089472 0.902631 0.000000 0.000000 0.000000 1.000000
0.382378 -0.113570 0.917000 0.030873 0.921967 -0.019003 -0.386803 0.054313 0.061355 0.993348 0.097441 0.923002 0.000000 0.000000 0.000000 1.000000
0.358707 -0.113493 0.926525 0.027033 0.932905 0.009682 -0.359991 0.033315 0.031886 0.993492 0.109351 0.936975 0.000000 0.000000 0.000000 1.000000
0.332154 -0.118536 0.935747 0.020027 0.943215 0.037023 -0.330115 0.010057 0.004486 0.992259 0.124102 0.944647 0.000000 0.000000 0.000000 1.000000</float_array>
        <technique_common>
          <accessor source="#mixamorig_Hips-Matrix-animation-output-transform-array" count="91" stride="16">
            <param type="float4x4"/>
          </accessor>
        </technique_common>
      </source>
      <source id="mixamorig_Hips-Interpolations">
        <Name_array id="mixamorig_Hips-Interpolations-array" count="91">
 LINEAR LINEAR LINEAR LINEAR LINEAR LINEAR LINEAR LINEAR LINEAR LINEAR LINEAR
LINEAR LINEAR LINEAR LINEAR LINEAR LINEAR LINEAR LINEAR LINEAR LINEAR LINEAR LINEAR
LINEAR LINEAR LINEAR LINEAR LINEAR LINEAR LINEAR LINEAR LINEAR LINEAR LINEAR LINEAR
LINEAR LINEAR LINEAR LINEAR LINEAR LINEAR LINEAR LINEAR LINEAR LINEAR LINEAR LINEAR
LINEAR LINEAR LINEAR LINEAR LINEAR LINEAR LINEAR LINEAR LINEAR LINEAR LINEAR LINEAR
LINEAR LINEAR LINEAR LINEAR LINEAR LINEAR LINEAR LINEAR LINEAR LINEAR LINEAR LINEAR
LINEAR LINEAR LINEAR LINEAR LINEAR LINEAR LINEAR LINEAR LINEAR LINEAR LINEAR LINEAR
LINEAR LINEAR LINEAR LINEAR LINEAR LINEAR LINEAR LINEAR</Name_array>
        <technique_common>
          <accessor source="#mixamorig_Hips-Interpolations-array" count="91">
            <param type="name"/>
          </accessor>
        </technique_common>
      </source>
      <sampler id="mixamorig_Hips-Matrix-animation-transform">
        <input semantic="INPUT" source="#mixamorig_Hips-Matrix-animation-input"/>
        <input semantic="OUTPUT" source="#mixamorig_Hips-Matrix-animation-output-transform"/>
        <input semantic="INTERPOLATION" source="#mixamorig_Hips-Interpolations"/>
      </sampler>
      <channel source="#mixamorig_Hips-Matrix-animation-transform" target="mixamorig_Hips/matrix"/>
      <source id="mixamorig_Spine-Matrix-animation-input">
        <float_array id="mixamorig_Spine-Matrix-animation-input-array" count="91">

0.000000 0.033333 0.066667 0.100000 0.133333 0.166667 0.200000 0.233333 0.266667 0.300000 0.333333 0.366667 0.400000 0.433333 0.466667 0.500000
0.533333 0.566667 0.600000 0.633333 0.666667 0.700000 0.733333 0.766667 0.800000 0.833333 0.866667 0.900000 0.933333 0.966667 1.000000 1.033333
1.066667 1.100000 1.133333 1.166667 1.200000 1.233333 1.266667 1.300000 1.333333 1.366667 1.400000 1.433333 1.466667 1.500000 1.533333 1.566667
1.600000 1.633333 1.666667 1.700000 1.733333 1.766667 1.800000 1.833333 1.866667 1.900000 1.933333 1.966667 2.000000 2.033333 2.066667 2.100000
2.133333 2.166667 2.200000 2.233333 2.266667 2.300000 2.333333 2.366667 2.400000 2.433333 2.466667 2.500000 2.533333 2.566667 2.600000 2.633333
2.666667 2.700000 2.733333 2.766667 2.800000 2.833333 2.866667 2.900000 2.933333 2.966667 3.000000</float_array>
        <technique_common>
          <accessor source="#mixamorig_Spine-Matrix-animation-input-array" count="91">
            <param name="TIME" type="float"/>
          </accessor>
        </technique_common>
      </source>
      <source id="mixamorig_Spine-Matrix-animation-output-transform">
        <float_array id="mixamorig_Spine-Matrix-animation-output-transform-array" count="1456">

0.998904 0.001448 -0.046781 0.000000 0.001977 0.997324 0.073084 0.069300 0.046761 -0.073097 0.996228 -0.008100 0.000000 0.000000 0.000000 1.000000
0.998699 0.003659 -0.050857 0.000000 -0.000076 0.997528 0.070273 0.069300 0.050988 -0.070178 0.996231 -0.008100 0.000000 0.000000 0.000000 1.000000
0.998435 0.004449 -0.055743 0.000000 -0.000585 0.997607 0.069142 0.069300 0.055917 -0.069001 0.996048 -0.008100 0.000000 0.000000 0.000000 1.000000
0.998221 0.003504 -0.059528 0.000000 0.000565 0.997672 0.068198 0.069300 0.059628 -0.068110 0.995894 -0.008100 0.000000 0.000000 0.000000 1.000000
0.998034 -0.004675 -0.062504 0.000000 0.008856 0.997728 0.066780 0.069300 0.062050 -0.067202 0.995808 -0.008100 0.000000 0.000000 0.000000 1.000000
0.997921 -0.013021 -0.063119 0.000000 0.017226 0.997635 0.066545 0.069300 0.062104 -0.067494 0.995785 -0.008100 0.000000 0.000000 0.000000 1.000000
0.997871 -0.019270 -0.062313 0.000000 0.023461 0.997461 0.067239 0.069300 0.060859 -0.068557 0.995789 -0.008100 0.000000 0.000000 0.000000 1.000000
0.997617 -0.029882 -0.062181 0.000000 0.034022 0.997198 0.066627 0.069300 0.060016 -0.068584 0.995839 -0.008100 0.000000 0.000000 0.000000 1.000000
0.997404 -0.036982 -0.061790 0.000000 0.041134 0.996882 0.067337 0.069300 0.059108 -0.069704 0.995815 -0.008100 0.000000 0.000000 0.000000 1.000000
0.997683 -0.034396 -0.058705 -0.000000 0.038488 0.996800 0.070067 0.069300 0.056107 -0.072164 0.995813 -0.008100 0.000000 0.000000 0.000000 1.000000
0.997957 -0.031116 -0.055793 0.000000 0.035108 0.996782 0.072067 0.069300 0.053372 -0.073879 0.995838 -0.008100 0.000000 0.000000 0.000000 1.000000
0.998223 -0.026367 -0.053443 0.000000 0.030204 0.996925 0.072301 0.069300 0.051372 -0.073787 0.995950 -0.008100 0.000000 0.000000 0.000000 1.000000
0.998494 -0.020566 -0.050868 0.000000 0.024127 0.997225 0.070422 0.069300 0.049278 -0.071544 0.996219 -0.008100 0.000000 0.000000 0.000000 1.000000
0.998739 -0.015745 -0.047666 0.000000 0.018996 0.997469 0.068525 0.069300 0.046466 -0.069344 0.996510 -0.008100 0.000000 0.000000 0.000000 1.000000
0.998961 -0.008411 -0.044788 0.000000 0.011508 0.997526 0.069348 0.069300 0.044094 -0.069791 0.996587 -0.008100 0.000000 0.000000 0.000000 1.000000
0.999061 0.000331 -0.043315 0.000000 0.002737 0.997491 0.070746 0.069300 0.043229 -0.070798 0.996554 -0.008100 0.000000 0.000000 0.000000 1.000000
0.999044 0.006803 -0.043189 0.000000 -0.003715 0.997458 0.071165 0.069300 0.043563 -0.070937 0.996529 -0.008100 0.000000 0.000000 0.000000 1.000000
0.998961 0.011771 -0.044032 0.000000 -0.008576 0.997363 0.072071 0.069300 0.044764 -0.071619 0.996427 -0.008100 0.000000 0.000000 0.000000 1.000000
0.998845 0.015347 -0.045538 0.000000 -0.011960 0.997205 0.073750 0.069300 0.046543 -0.073120 0.996237 -0.008100 0.000000 0.000000 0.000000 1.000000
0.998858 0.013283 -0.045889 0.000000 -0.009794 0.997103 0.075424 0.069300 0.046758 -0.074888 0.996095 -0.008100 0.000000 0.000000 0.000000 1.000000
0.998955 0.003654 -0.045551 0.000000 -0.000128 0.997018 0.077167 0.069300 0.045697 -0.077081 0.995977 -0.008100 0.000000 0.000000 0.000000 1.000000
0.998961 -0.006767 -0.045076 0.000000 0.010349 0.996765 0.079704 0.069300 0.044390 -0.080087 0.995799 -0.008100 0.000000 0.000000 0.000000 1.000000
0.998963 -0.009422 -0.044548 0.000000 0.013069 0.996523 0.082284 0.069300 0.043618 -0.082780 0.995613 -0.008100 0.000000 0.000000 0.000000 1.000000
0.998885 -0.009118 -0.046312 -0.000000 0.012930 0.996491 0.082692 0.069300 0.045396 -0.083199 0.995498 -0.008100 0.000000 0.000000 0.000000 1.000000
0.998681 -0.013013 -0.049664 -0.000000 0.016982 0.996623 0.080343 0.069300 0.048451 -0.081081 0.995529 -0.008100 0.000000 0.000000 0.000000 1.000000
0.998525 -0.015566 -0.052023 -0.000000 0.019604 0.996759 0.078019 0.069300 0.050640 -0.078924 0.995594 -0.008100 0.000000 0.000000 0.000000 1.000000
0.998460 -0.017192 -0.052743 0.000000 0.021196 0.996857 0.076332 0.069300 0.051265 -0.077332 0.995686 -0.008100 0.000000 0.000000 0.000000 1.000000
0.998329 -0.021567 -0.053616 0.000000 0.025576 0.996837 0.075241 0.069300 0.051823 -0.076487 0.995723 -0.008100 0.000000 0.000000 0.000000 1.000000
0.998270 -0.025626 -0.052913 0.000000 0.029559 0.996750 0.074938 0.069300 0.050821 -0.076373 0.995783 -0.008100 0.000000 0.000000 0.000000 1.000000
0.998265 -0.028150 -0.051715 0.000000 0.032024 0.996619 0.075664 0.069300 0.049410 -0.077189 0.995791 -0.008100 0.000000 0.000000 0.000000 1.000000
0.998152 -0.032487 -0.051347 0.000000 0.036417 0.996323 0.077550 0.069300 0.048639 -0.079277 0.995665 -0.008100 0.000000 0.000000 0.000000 1.000000
0.997892 -0.040224 -0.050927 0.000000 0.044190 0.995870 0.079314 0.069300 0.047527 -0.081397 0.995548 -0.008100 0.000000 0.000000 0.000000 1.000000
0.998039 -0.038937 -0.049007 0.000000 0.042802 0.995837 0.080480 0.069300 0.045669 -0.082420 0.995551 -0.008100 0.000000 0.000000 0.000000 1.000000
