<?xml version="1.0" encoding="utf-8"?>
<COLLADA xmlns="http://www.collada.org/2005/11/COLLADASchema" version="1.4.1">
  <asset>
    <contributor>
      <author>Mixamo</author>
      <authoring_tool>COLLADA Mixamo exporter</authoring_tool>
      <comments/>
    </contributor>
    <created>2024-07-03T22:41:47Z</created>
    <modified>2024-07-03T22:41:47Z</modified>
    <revision/>
    <title/>
    <unit meter="0.010000"/>
    <up_axis>Y_UP</up_axis>
  </asset>
  <library_animations>
    <animation>
      <source id="Armature.001-Matrix-animation-input">
        <float_array id="Armature.001-Matrix-animation-input-array" count="91">

0.000000 0.033333 0.066667 0.100000 0.133333 0.166667 0.200000 0.233333 0.266667 0.300000 0.333333 0.366667 0.400000 0.433333 0.466667 0.500000
0.533333 0.566667 0.600000 0.633333 0.666667 0.700000 0.733333 0.766667 0.800000 0.833333 0.866667 0.900000 0.933333 0.966667 1.000000 1.033333
1.066667 1.100000 1.133333 1.166667 1.200000 1.233333 1.266667 1.300000 1.333333 1.366667 1.400000 1.433333 1.466667 1.500000 1.533333 1.566667
1.600000 1.633333 1.666667 1.700000 1.733333 1.766667 1.800000 1.833333 1.866667 1.900000 1.933333 1.966667 2.000000 2.033333 2.066667 2.100000
2.133333 2.166667 2.200000 2.233333 2.266667 2.300000 2.333333 2.366667 2.400000 2.433333 2.466667 2.500000 2.533333 2.566667 2.600000 2.633333
2.666667 2.700000 2.733333 2.766667 2.800000 2.833333 2.866667 2.900000 2.933333 2.966667 3.000000</float_array>
        <technique_common>
          <accessor source="#Armature.001-Matrix-animation-input-array" count="91">
            <param name="TIME" type="float"/>
          </accessor>
        </technique_common>
      </source>
      <source id="Armature.001-Matrix-animation-output-transform">
        <float_array id="Armature.001-Matrix-animation-output-transform-array" count="1456">

100.000000 0.000000 0.000000 0.000000 0.000000 0.000000 100.000000 0.000000 0.000000 -100.000000 0.000000 0.000000 0.000000 0.000000 0.000000 1.000000
100.000000 0.000000 0.000000 0.000000 0.000000 0.000000 100.000000 0.000000 0.000000 -100.000000 0.000000 0.000000 0.000000 0.000000 0.000000 1.000000
100.000000 0.000000 0.000000 0.000000 0.000000 0.000000 100.000000 0.000000 0.000000 -100.000000 0.000000 0.000000 0.000000 0.000000 0.000000 1.000000
100.000000 0.000000 0.000000 0.000000 0.000000 0.000000 100.000000 0.000000 0.000000 -100.000000 0.000000 0.000000 0.000000 0.000000 0.000000 1.000000
100.000000 0.000000 0.000000 0.000000 0.000000 0.000000 100.000000 0.000000 0.000000 -100.000000 0.000000 0.000000 0.000000 0.000000 0.000000 1.000000
100.000000 0.000000 0.000000 0.000000 0.000000 0.000000 100.000000 0.000000 0.000000 -100.000000 0.000000 0.000000 0.000000 0.000000 0.000000 1.000000
100.000000 0.000000 0.000000 0.000000 0.000000 0.000000 100.000000 0.000000 0.000000 -100.000000 0.000000 0.000000 0.000000 0.000000 0.000000 1.000000
100.000000 0.000000 0.000000 0.000000 0.000000 0.000000 100.000000 0.000000 0.000000 -100.000000 0.000000 0.000000 0.000000 0.000000 0.000000 1.000000
100.000000 0.000000 0.000000 0.000000 0.000000 0.000000 100.000000 0.000000 0.000000 -100.000000 0.000000 0.000000 0.000000 0.000000 0.000000 1.000000
100.000000 0.000000 0.000000 0.000000 0.000000 0.000000 100.000000 0.000000 0.000000 -100.000000 0.000000 0.000000 0.000000 0.000000 0.000000 1.000000
100.000000 0.000000 0.000000 0.000000 0.000000 0.000000 100.000000 0.000000 0.000000 -100.000000 0.000000 0.000000 0.000000 0.000000 0.000000 1.000000
100.000000 0.000000 0.000000 0.000000 0.000000 0.000000 100.000000 0.000000 0.000000 -100.000000 0.000000 0.000000 0.000000 0.000000 0.000000 1.000000
100.000000 0.000000 0.000000 0.000000 0.000000 0.000000 100.000000 0.000000 0.000000 -100.000000 0.000000 0.000000 0.000000 0.000000 0.000000 1.000000
100.000000 0.000000 0.000000 0.000000 0.000000 0.000000 100.000000 0.000000 0.000000 -100.000000 0.000000 0.000000 0.000000 0.000000 0.000000 1.000000
100.000000 0.000000 0.000000 0.000000 0.000000 0.000000 100.000000 0.000000 0.000000 -100.000000 0.000000 0.000000 0.000000 0.000000 0.000000 1.000000
100.000000 0.000000 0.000000 0.000000 0.000000 0.000000 100.000000 0.000000 0.000000 -100.000000 0.000000 0.000000 0.000000 0.000000 0.000000 1.000000
100.000000 0.000000 0.000000 0.000000 0.000000 0.000000 100.000000 0.000000 0.000000 -100.000000 0.000000 0.000000 0.000000 0.000000 0.000000 1.000000
100.000000 0.000000 0.000000 0.000000 0.000000 0.000000 100.000000 0.000000 0.000000 -100.000000 0.000000 0.000000 0.000000 0.000000 0.000000 1.000000
100.000000 0.000000 0.000000 0.000000 0.000000 0.000000 100.000000 0.000000 0.000000 -100.000000 0.000000 0.000000 0.000000 0.000000 0.000000 1.000000
100.000000 0.000000 0.000000 0.000000 0.000000 0.000000 100.000000 0.000000 0.000000 -100.000000 0.000000 0.000000 0.000000 0.000000 0.000000 1.000000
100.000000 0.000000 0.000000 0.000000 0.000000 0.000000 100.000000 0.000000 0.000000 -100.000000 0.000000 0.000000 0.000000 0.000000 0.000000 1.000000
100.000000 0.000000 0.000000 0.000000 0.000000 0.000000 100.000000 0.000000 0.000000 -100.000000 0.000000 0.000000 0.000000 0.000000 0.000000 1.000000
100.000000 0.000000 0.000000 0.000000 0.000000 0.000000 100.000000 0.000000 0.000000 -100.000000 0.000000 0.000000 0.000000 0.000000 0.000000 1.000000
100.000000 0.000000 0.000000 0.000000 0.000000 0.000000 100.000000 0.000000 0.000000 -100.000000 0.000000 0.000000 0.000000 0.000000 0.000000 1.000000
100.000000 0.000000 0.000000 0.000000 0.000000 0.000000 100.000000 0.000000 0.000000 -100.000000 0.000000 0.000000 0.000000 0.000000 0.000000 1.000000
100.000000 0.000000 0.000000 0.000000 0.000000 0.000000 100.000000 0.000000 0.000000 -100.000000 0.000000 0.000000 0.000000 0.000000 0.000000 1.000000
100.000000 0.000000 0.000000 0.000000 0.000000 0.000000 100.000000 0.000000 0.000000 -100.000000 0.000000 0.000000 0.000000 0.000000 0.000000 1.000000
100.000000 0.000000 0.000000 0.000000 0.000000 0.000000 100.000000 0.000000 0.000000 -100.000000 0.000000 0.000000 0.000000 0.000000 0.000000 1.000000
100.000000 0.000000 0.000000 0.000000 0.000000 0.000000 100.000000 0.000000 0.000000 -100.000000 0.000000 0.000000 0.000000 0.000000 0.000000 1.000000
100.000000 0.000000 0.000000 0.000000 0.000000 0.000000 100.000000 0.000000 0.000000 -100.000000 0.000000 0.000000 0.000000 0.000000 0.000000 1.000000
100.000000 0.000000 0.000000 0.000000 0.000000 0.000000 100.000000 0.000000 0.000000 -100.000000 0.000000 0.000000 0.000000 0.000000 0.000000 1.000000
100.000000 0.000000 0.000000 0.000000 0.000000 0.000000 100.000000 0.000000 0.000000 -100.000000 0.000000 0.000000 0.000000 0.000000 0.000000 1.000000
100.000000 0.000000 0.000000 0.000000 0.000000 0.000000 100.000000 0.000000 0.000000 -100.000000 0.000000 0.000000 0.000000 0.000000 0.000000 1.000000
100.000000 0.000000 0.000000 0.000000 0.000000 0.000000 100.000000 0.000000 0.000000 -100.000000 0.000000 0.000000 0.000000 0.000000 0.000000 1.000000
100.000000 0.000000 0.000000 0.000000 0.000000 0.000000 100.000000 0.000000 0.000000 -100.000000 0.000000 0.000000 0.000000 0.000000 0.000000 1.000000
100.000000 0.000000 0.000000 0.000000 0.000000 0.000000 100.000000 0.000000 0.000000 -100.000000 0.000000 0.000000 0.000000 0.000000 0.000000 1.000000
100.000000 0.000000 0.000000 0.000000 0.000000 0.000000 100.000000 0.000000 0.000000 -100.000000 0.000000 0.000000 0.000000 0.000000 0.000000 1.000000
100.000000 0.000000 0.000000 0.000000 0.000000 0.000000 100.000000 0.000000 0.000000 -100.000000 0.000000 0.000000 0.000000 0.000000 0.000000 1.000000
100.000000 0.000000 0.000000 0.000000 0.000000 0.000000 100.000000 0.000000 0.000000 -100.000000 0.000000 0.000000 0.000000 0.000000 0.000000 1.000000
100.000000 0.000000 0.000000 0.000000 0.000000 0.000000 100.000000 0.000000 0.000000 -100.000000 0.000000 0.000000 0.000000 0.000000 0.000000 1.000000
100.000000 0.000000 0.000000 0.000000 0.000000 0.000000 100.000000 0.000000 0.000000 -100.000000 0.000000 0.000000 0.000000 0.000000 0.000000 1.000000
100.000000 0.000000 0.000000 0.000000 0.000000 0.000000 100.000000 0.000000 0.000000 -100.000000 0.000000 0.000000 0.000000 0.000000 0.000000 1.000000
100.000000 0.000000 0.000000 0.000000 0.000000 0.000000 100.000000 0.000000 0.000000 -100.000000 0.000000 0.000000 0.000000 0.000000 0.000000 1.000000
100.000000 0.000000 0.000000 0.000000 0.000000 0.000000 100.000000 0.000000 0.000000 -100.000000 0.000000 0.000000 0.000000 0.000000 0.000000 1.000000
100.000000 0.000000 0.000000 0.000000 0.000000 0.000000 100.000000 0.000000 0.000000 -100.000000 0.000000 0.000000 0.000000 0.000000 0.000000 1.000000
100.000000 0.000000 0.000000 0.000000 0.000000 0.000000 100.000000 0.000000 0.000000 -100.000000 0.000000 0.000000 0.000000 0.000000 0.000000 1.000000
100.000000 0.000000 0.000000 0.000000 0.000000 0.000000 100.000000 0.000000 0.000000 -100.000000 0.000000 0.000000 0.000000 0.000000 0.000000 1.000000
100.000000 0.000000 0.000000 0.000000 0.000000 0.000000 100.000000 0.000000 0.000000 -100.000000 0.000000 0.000000 0.000000 0.000000 0.000000 1.000000
100.000000 0.000000 0.000000 0.000000 0.000000 0.000000 100.000000 0.000000 0.000000 -100.000000 0.000000 0.000000 0.000000 0.000000 0.000000 1.000000
100.000000 0.000000 0.000000 0.000000 0.000000 0.000000 100.000000 0.000000 0.000000 -100.000000 0.000000 0.000000 0.000000 0.000000 0.000000 1.000000
100.000000 0.000000 0.000000 0.000000 0.000000 0.000000 100.000000 0.000000 0.000000 -100.000000 0.000000 0.000000 0.000000 0.000000 0.000000 1.000000
100.000000 0.000000 0.000000 0.000000 0.000000 0.000000 100.000000 0.000000 0.000000 -100.000000 0.000000 0.000000 0.000000 0.000000 0.000000 1.000000
100.000000 0.000000 0.000000 0.000000 0.000000 0.000000 100.000000 0.000000 0.000000 -100.000000 0.000000 0.000000 0.000000 0.000000 0.000000 1.000000
100.000000 0.000000 0.000000 0.000000 0.000000 0.000000 100.000000 0.000000 0.000000 -100.000000 0.000000 0.000000 0.000000 0.000000 0.000000 1.000000
100.000000 0.000000 0.000000 0.000000 0.000000 0.000000 100.000000 0.000000 0.000000 -100.000000 0.000000 0.000000 0.000000 0.000000 0.000000 1.000000
100.000000 0.000000 0.000000 0.000000 0.000000 0.000000 100.000000 0.000000 0.000000 -100.000000 0.000000 0.000000 0.000000 0.000000 0.000000 1.000000
100.000000 0.000000 0.000000 0.000000 0.000000 0.000000 100.000000 0.000000 0.000000 -100.000000 0.000000 0.000000 0.000000 0.000000 0.000000 1.000000
100.000000 0.000000 0.000000 0.000000 0.000000 0.000000 100.000000 0.000000 0.000000 -100.000000 0.000000 0.000000 0.000000 0.000000 0.000000 1.000000
100.000000 0.000000 0.000000 0.000000 0.000000 0.000000 100.000000 0.000000 0.000000 -100.000000 0.000000 0.000000 0.000000 0.000000 0.000000 1.000000
100.000000 0.000000 0.000000 0.000000 0.000000 0.000000 100.000000 0.000000 0.000000 -100.000000 0.000000 0.000000 0.000000 0.000000 0.000000 1.000000
100.000000 0.000000 0.000000 0.000000 0.000000 0.000000 100.000000 0.000000 0.000000 -100.000000 0.000000 0.000000 0.000000 0.000000 0.000000 1.000000
100.000000 0.000000 0.000000 0.000000 0.000000 0.000000 100.000000 0.000000 0.000000 -100.000000 0.000000 0.000000 0.000000 0.000000 0.000000 1.000000
100.000000 0.000000 0.000000 0.000000 0.000000 0.000000 100.000000 0.000000 0.000000 -100.000000 0.000000 0.000000 0.000000 0.000000 0.000000 1.000000
100.000000 0.000000 0.000000 0.000000 0.000000 0.000000 100.000000 0.000000 0.000000 -100.000000 0.000000 0.000000 0.000000 0.000000 0.000000 1.000000
100.000000 0.000000 0.000000 0.000000 0.000000 0.000000 100.000000 0.000000 0.000000 -100.000000 0.000000 0.000000 0.000000 0.000000 0.000000 1.000000
100.000000 0.000000 0.000000 0.000000 0.000000 0.000000 100.000000 0.000000 0.000000 -100.000000 0.000000 0.000000 0.000000 0.000000 0.000000 1.000000
100.000000 0.000000 0.000000 0.000000 0.000000 0.000000 100.000000 0.000000 0.000000 -100.000000 0.000000 0.000000 0.000000 0.000000 0.000000 1.000000
100.000000 0.000000 0.000000 0.000000 0.000000 0.000000 100.000000 0.000000 0.000000 -100.000000 0.000000 0.000000 0.000000 0.000000 0.000000 1.000000
100.000000 0.000000 0.000000 0.000000 0.000000 0.000000 100.000000 0.000000 0.000000 -100.000000 0.000000 0.000000 0.000000 0.000000 0.000000 1.000000
100.000000 0.000000 0.000000 0.000000 0.000000 0.000000 100.000000 0.000000 0.000000 -100.000000 0.000000 0.000000 0.000000 0.000000 0.000000 1.000000
100.000000 0.000000 0.000000 0.000000 0.000000 0.000000 100.000000 0.000000 0.000000 -100.000000 0.000000 0.000000 0.000000 0.000000 0.000000 1.000000
100.000000 0.000000 0.000000 0.000000 0.000000 0.000000 100.000000 0.000000 0.000000 -100.000000 0.000000 0.000000 0.000000 0.000000 0.000000 1.000000
100.000000 0.000000 0.000000 0.000000 0.000000 0.000000 100.000000 0.000000 0.000000 -100.000000 0.000000 0.000000 0.000000 0.000000 0.000000 1.000000
100.000000 0.000000 0.000000 0.000000 0.000000 0.000000 100.000000 0.000000 0.000000 -100.000000 0.000000 0.000000 0.000000 0.000000 0.000000 1.000000
100.000000 0.000000 0.000000 0.000000 0.000000 0.000000 100.000000 0.000000 0.000000 -100.000000 0.000000 0.000000 0.000000 0.000000 0.000000 1.000000
100.000000 0.000000 0.000000 0.000000 0.000000 0.000000 100.000000 0.000000 0.000000 -100.000000 0.000000 0.000000 0.000000 0.000000 0.000000 1.000000
100.000000 0.000000 0.000000 0.000000 0.000000 0.000000 100.000000 0.000000 0.000000 -100.000000 0.000000 0.000000 0.000000 0.000000 0.000000 1.000000
100.000000 0.000000 0.000000 0.000000 0.000000 0.000000 100.000000 0.000000 0.000000 -100.000000 0.000000 0.000000 0.000000 0.000000 0.000000 1.000000
100.000000 0.000000 0.000000 0.000000 0.000000 0.000000 100.000000 0.000000 0.000000 -100.000000 0.000000 0.000000 0.000000 0.000000 0.000000 1.000000
100.000000 0.000000 0.000000 0.000000 0.000000 0.000000 100.000000 0.000000 0.000000 -100.000000 0.000000 0.000000 0.000000 0.000000 0.000000 1.000000
100.000000 0.000000 0.000000 0.000000 0.000000 0.000000 100.000000 0.000000 0.000000 -100.000000 0.000000 0.000000 0.000000 0.000000 0.000000 1.000000
100.000000 0.000000 0.000000 0.000000 0.000000 0.000000 100.000000 0.000000 0.000000 -100.000000 0.000000 0.000000 0.000000 0.000000 0.000000 1.000000
100.000000 0.000000 0.000000 0.000000 0.000000 0.000000 100.000000 0.000000 0.000000 -100.000000 0.000000 0.000000 0.000000 0.000000 0.000000 1.000000
100.000000 0.000000 0.000000 0.000000 0.000000 0.000000 100.000000 0.000000 0.000000 -100.000000 0.000000 0.000000 0.000000 0.000000 0.000000 1.000000
100.000000 0.000000 0.000000 0.000000 0.000000 0.000000 100.000000 0.000000 0.000000 -100.000000 0.000000 0.000000 0.000000 0.000000 0.000000 1.000000
100.000000 0.000000 0.000000 0.000000 0.000000 0.000000 100.000000 0.000000 0.000000 -100.000000 0.000000 0.000000 0.000000 0.000000 0.000000 1.000000
100.000000 0.000000 0.000000 0.000000 0.000000 0.000000 100.000000 0.000000 0.000000 -100.000000 0.000000 0.000000 0.000000 0.000000 0.000000 1.000000
100.000000 0.000000 0.000000 0.000000 0.000000 0.000000 100.000000 0.000000 0.000000 -100.000000 0.000000 0.000000 0.000000 0.000000 0.000000 1.000000
100.000000 0.000000 0.000000 0.000000 0.000000 0.000000 100.000000 0.000000 0.000000 -100.000000 0.000000 0.000000 0.000000 0.000000 0.000000 1.000000
100.000000 0.000000 0.000000 0.000000 0.000000 0.000000 100.000000 0.000000 0.000000 -100.000000 0.000000 0.000000 0.000000 0.000000 0.000000 1.000000
100.000000 0.000000 0.000000 0.000000 0.000000 0.000000 100.000000 0.000000 0.000000 -100.000000 0.000000 0.000000 0.000000 0.000000 0.000000 1.000000</float_array>
        <technique_common>
          <accessor source="#Armature.001-Matrix-animation-output-transform-array" count="91" stride="16">
            <param type="float4x4"/>
          </accessor>
        </technique_common>
      </source>
      <source id="Armature.001-Interpolations">
        <Name_array id="Armature.001-Interpolations-array" count="91">
 LINEAR LINEAR LINEAR LINEAR LINEAR LINEAR LINEAR LINEAR LINEAR LINEAR LINEAR
LINEAR LINEAR LINEAR LINEAR LINEAR LINEAR LINEAR LINEAR LINEAR LINEAR LINEAR LINEAR
LINEAR LINEAR LINEAR LINEAR LINEAR LINEAR LINEAR LINEAR LINEAR LINEAR LINEAR LINEAR
LINEAR LINEAR LINEAR LINEAR LINEAR LINEAR LINEAR LINEAR LINEAR LINEAR LINEAR LINEAR
LINEAR LINEAR LINEAR LINEAR LINEAR LINEAR LINEAR LINEAR LINEAR LINEAR LINEAR LINEAR
LINEAR LINEAR LINEAR LINEAR LINEAR LINEAR LINEAR LINEAR LINEAR LINEAR LINEAR LINEAR
LINEAR LINEAR LINEAR LINEAR LINEAR LINEAR LINEAR LINEAR LINEAR LINEAR LINEAR LINEAR
LINEAR LINEAR LINEAR LINEAR LINEAR LINEAR LINEAR LINEAR</Name_array>
        <technique_common>
          <accessor source="#Armature.001-Interpolations-array" count="91">
            <param type="name"/>
          </accessor>
        </technique_common>
      </source>
      <sampler id="Armature.001-Matrix-animation-transform">
        <input semantic="INPUT" source="#Armature.001-Matrix-animation-input"/>
        <input semantic="OUTPUT" source="#Armature.001-Matrix-animation-output-transform"/>
        <input semantic="INTERPOLATION" source="#Armature.001-Interpolations"/>
      </sampler>
      <channel source="#Armature.001-Matrix-animation-transform" target="Armature.001/matrix"/>
      <source id="mixamorig_Hips-Matrix-animation-input">
        <float_array id="mixamorig_Hips-Matrix-animation-input-array" count="91">

0.000000 0.033333 0.066667 0.100000 0.133333 0.166667 0.200000 0.233333 0.266667 0.300000 0.333333 0.366667 0.400000 0.433333 0.466667 0.500000
0.533333 0.566667 0.600000 0.633333 0.666667 0.700000 0.733333 0.766667 0.800000 0.833333 0.866667 0.900000 0.933333 0.966667 1.000000 1.033333
1.066667 1.100000 1.133333 1.166667 1.200000 1.233333 1.266667 1.300000 1.333333 1.366667 1.400000 1.433333 1.466667 1.500000 1.533333 1.566667
1.600000 1.633333 1.666667 1.700000 1.733333 1.766667 1.800000 1.833333 1.866667 1.900000 1.933333 1.966667 2.000000 2.033333 2.066667 2.100000
2.133333 2.166667 2.200000 2.233333 2.266667 2.300000 2.333333 2.366667 2.400000 2.433333 2.466667 2.500000 2.533333 2.566667 2.600000 2.633333
2.666667 2.700000 2.733333 2.766667 2.800000 2.833333 2.866667 2.900000 2.933333 2.966667 3.000000</float_array>
        <technique_common>
          <accessor source="#mixamorig_Hips-Matrix-animation-input-array" count="91">
            <param name="TIME" type="float"/>
          </accessor>
        </technique_common>
      </source>
      <source id="mixamorig_Hips-Matrix-animation-output-transform">
        <float_array id="mixamorig_Hips-Matrix-animation-output-transform-array" count="1456">

0.332118 0.118797 -0.935727 -0.020000 -0.943225 0.036764 -0.330112 0.009932 -0.004816 0.992238 0.124262 0.944523 0.000000 0.000000 0.000000 1.000000
0.303853 0.130235 -0.943775 -0.013190 -0.952520 0.061742 -0.298149 -0.012348 0.019441 0.989559 0.142812 0.942478 0.000000 0.000000 0.000000 1.000000
0.272262 0.134240 -0.952813 -0.006847 -0.961378 0.079451 -0.263515 -0.031623 0.040328 0.987759 0.150687 0.931507 0.000000 0.000000 0.000000 1.000000
0.240560 0.129470 -0.961961 -0.000289 -0.969044 0.088753 -0.230386 -0.047244 0.055548 0.987603 0.146813 0.910682 0.000000 0.000000 0.000000 1.000000
0.220646 0.122048 -0.967688 0.006274 -0.972893 0.097974 -0.209476 -0.058355 0.069242 0.987677 0.140357 0.890232 0.000000 0.000000 0.000000 1.000000
0.216304 0.111895 -0.969893 0.010793 -0.973148 0.104802 -0.204940 -0.064180 0.078715 0.988178 0.131560 0.876193 0.000000 0.000000 0.000000 1.000000
0.223242 0.099615 -0.969660 0.012031 -0.971301 0.106495 -0.212679 -0.065482 0.082077 0.989311 0.120530 0.871832 0.000000 0.000000 0.000000 1.000000
0.238649 0.087910 -0.967119 0.010038 -0.967283 0.109796 -0.228709 -0.062957 0.086080 0.990059 0.111236 0.876676 0.000000 0.000000 0.000000 1.000000
0.264122 0.076817 -0.961425 0.005233 -0.960885 0.107049 -0.255421 -0.054834 0.083299 0.991282 0.102086 0.890957 0.000000 0.000000 0.000000 1.000000
0.300786 0.070754 -0.951063 -0.000466 -0.951256 0.093489 -0.293892 -0.042060 0.068120 0.993103 0.095425 0.911996 0.000000 0.000000 0.000000 1.000000
0.342018 0.072833 -0.936867 -0.005756 -0.938610 0.074344 -0.336874 -0.025962 0.045114 0.994569 0.093789 0.932933 0.000000 0.000000 0.000000 1.000000
0.384089 0.083243 -0.919536 -0.009808 -0.923090 0.055644 -0.380537 -0.007300 0.019490 0.994975 0.098213 0.945587 0.000000 0.000000 0.000000 1.000000
0.418971 0.101186 -0.902344 -0.012420 -0.907996 0.043963 -0.416665 0.012954 -0.002491 0.993896 0.110296 0.944734 0.000000 0.000000 0.000000 1.000000
0.444265 0.109133 -0.889223 -0.013787 -0.895722 0.034574 -0.443269 0.031115 -0.017631 0.993426 0.113112 0.932750 0.000000 0.000000 0.000000 1.000000
0.462193 0.102103 -0.880882 -0.013695 -0.886252 0.018939 -0.462816 0.046511 -0.030572 0.994594 0.099242 0.913682 0.000000 0.000000 0.000000 1.000000
0.470766 0.092052 -0.877443 -0.012555 -0.881145 -0.000889 -0.472846 0.058996 -0.044306 0.995754 0.080692 0.892726 0.000000 0.000000 0.000000 1.000000
0.468899 0.083058 -0.879338 -0.011273 -0.881488 -0.018876 -0.471828 0.066984 -0.055787 0.996366 0.064364 0.877059 0.000000 0.000000 0.000000 1.000000
0.456491 0.074948 -0.886565 -0.010655 -0.887612 -0.030321 -0.459593 0.069496 -0.061327 0.996726 0.052683 0.871661 0.000000 0.000000 0.000000 1.000000
0.438895 0.068021 -0.895960 -0.010908 -0.896396 -0.035674 -0.441817 0.066484 -0.062016 0.997046 0.045317 0.876392 0.000000 0.000000 0.000000 1.000000
0.417915 0.063000 -0.906299 -0.012418 -0.906624 -0.034915 -0.420491 0.057523 -0.058134 0.997403 0.042526 0.889083 0.000000 0.000000 0.000000 1.000000
0.401051 0.054763 -0.914417 -0.013430 -0.915098 -0.021688 -0.402648 0.042093 -0.041882 0.998264 0.041416 0.908439 0.000000 0.000000 0.000000 1.000000
0.385279 0.046746 -0.921615 -0.012541 -0.922661 0.002171 -0.385606 0.022345 -0.016024 0.998904 0.043967 0.927381 0.000000 0.000000 0.000000 1.000000
0.368103 0.043760 -0.928755 -0.009971 -0.929742 0.026893 -0.367227 0.000136 0.008907 0.998680 0.050585 0.940178 0.000000 0.000000 0.000000 1.000000
0.350163 0.048573 -0.935429 -0.005640 -0.936178 0.051115 -0.347789 -0.021983 0.030921 0.997511 0.063371 0.944362 0.000000 0.000000 0.000000 1.000000
0.331762 0.059037 -0.941514 0.000371 -0.942015 0.074074 -0.327294 -0.041554 0.050419 0.995504 0.080188 0.937420 0.000000 0.000000 0.000000 1.000000
0.316818 0.063673 -0.946347 0.006681 -0.946449 0.086579 -0.311027 -0.057789 0.062130 0.994208 0.087693 0.922400 0.000000 0.000000 0.000000 1.000000
0.305886 0.060964 -0.950114 0.012291 -0.949554 0.092010 -0.299802 -0.070447 0.069143 0.993890 0.086034 0.904925 0.000000 0.000000 0.000000 1.000000
0.299185 0.053975 -0.952667 0.017144 -0.951170 0.096309 -0.293258 -0.079150 0.075922 0.993887 0.080154 0.890203 0.000000 0.000000 0.000000 1.000000
0.300896 0.043819 -0.952650 0.020033 -0.950349 0.096903 -0.295712 -0.083682 0.079357 0.994329 0.070801 0.883605 0.000000 0.000000 0.000000 1.000000
0.310305 0.032258 -0.950090 0.020432 -0.947483 0.091838 -0.306336 -0.084048 0.077373 0.995251 0.059061 0.886459 0.000000 0.000000 0.000000 1.000000
0.326417 0.023616 -0.944931 0.018521 -0.942320 0.086451 -0.323355 -0.080274 0.074054 0.995976 0.050473 0.895747 0.000000 0.000000 0.000000 1.000000
0.352438 0.017840 -0.935665 0.014085 -0.933323 0.079915 -0.350032 -0.071917 0.068529 0.996642 0.044816 0.909248 0.000000 0.000000 0.000000 1.000000
0.388293 0.020223 -0.921314 0.008535 -0.920078 0.064732 -0.386351 -0.058948 0.051825 0.997698 0.043742 0.926246 0.000000 0.000000 0.000000 1.000000
0.430639 0.030893 -0.901995 0.003293 -0.902128 0.044340 -0.429184 -0.043022 0.026736 0.998539 0.046964 0.941664 0.000000 0.000000 0.000000 1.000000
0.473557 0.044918 -0.879617 -0.000903 -0.880763 0.024553 -0.472920 -0.025190 0.000355 0.998689 0.051189 0.949189 0.000000 0.000000 0.000000 1.000000
0.505206 0.062547 -0.860729 -0.003721 -0.862743 0.012308 -0.505493 -0.005970 -0.021023 0.997966 0.060180 0.945358 0.000000 0.000000 0.000000 1.000000
0.521101 0.078461 -0.849881 -0.005201 -0.852747 0.006185 -0.522287 0.011633 -0.035723 0.996898 0.070130 0.932858 0.000000 0.000000 0.000000 1.000000
0.529793 0.082167 -0.844138 -0.005366 -0.846844 -0.003475 -0.531830 0.025297 -0.046632 0.996613 0.067741 0.916041 0.000000 0.000000 0.000000 1.000000
0.531919 0.079945 -0.843013 -0.004921 -0.845165 -0.011632 -0.534379 0.035483 -0.052527 0.996731 0.061379 0.899899 0.000000 0.000000 0.000000 1.000000
0.527732 0.076471 -0.845962 -0.004203 -0.847637 -0.016923 -0.530307 0.041236 -0.054869 0.996928 0.055889 0.890833 0.000000 0.000000 0.000000 1.000000
0.519600 0.070570 -0.851490 -0.003267 -0.852726 -0.019706 -0.521987 0.041683 -0.053616 0.997312 0.049937 0.890371 0.000000 0.000000 0.000000 1.000000
0.506671 0.066475 -0.859573 -0.002745 -0.860859 -0.015325 -0.508613 0.036271 -0.046983 0.997670 0.049461 0.896158 0.000000 0.000000 0.000000 1.000000
0.485122 0.069543 -0.871677 -0.002194 -0.873372 -0.010877 -0.486933 0.025865 -0.043344 0.997520 0.055460 0.906227 0.000000 0.000000 0.000000 1.000000
0.458487 0.073986 -0.885616 -0.002044 -0.888029 -0.000605 -0.459787 0.010623 -0.034553 0.997259 0.065424 0.920073 0.000000 0.000000 0.000000 1.000000
0.427987 0.082787 -0.899985 -0.001777 -0.903644 0.021629 -0.427738 -0.008228 -0.015945 0.996333 0.084067 0.932494 0.000000 0.000000 0.000000 1.000000
0.392770 0.095206 -0.914695 0.000092 -0.919630 0.044456 -0.390262 -0.027964 0.003509 0.994464 0.105015 0.939176 0.000000 0.000000 0.000000 1.000000
0.357788 0.111142 -0.927165 0.003960 -0.933556 0.065405 -0.352414 -0.046505 0.021473 0.991650 0.127159 0.936886 0.000000 0.000000 0.000000 1.000000
0.326406 0.127631 -0.936573 0.009029 -0.944527 0.082244 -0.317970 -0.062128 0.036445 0.988406 0.147396 0.927051 0.000000 0.000000 0.000000 1.000000
0.300012 0.126967 -0.945448 0.013999 -0.952677 0.090780 -0.290114 -0.073604 0.048993 0.987744 0.148194 0.913386 0.000000 0.000000 0.000000 1.000000
0.281000 0.115991 -0.952673 0.018436 -0.957864 0.095397 -0.270916 -0.082192 0.059458 0.988658 0.137910 0.899220 0.000000 0.000000 0.000000 1.000000
0.270532 0.101655 -0.957329 0.021709 -0.960333 0.098347 -0.260938 -0.086700 0.067625 0.989947 0.124229 0.889548 0.000000 0.000000 0.000000 1.000000
0.270640 0.086499 -0.958787 0.023072 -0.960061 0.097678 -0.262188 -0.086205 0.070973 0.991452 0.109480 0.887391 0.000000 0.000000 0.000000 1.000000
0.278288 0.076659 -0.957434 0.022355 -0.958097 0.092582 -0.271068 -0.081382 0.067862 0.992750 0.099211 0.893114 0.000000 0.000000 0.000000 1.000000
0.296184 0.072957 -0.952340 0.019995 -0.952998 0.089169 -0.289557 -0.072318 0.063794 0.993341 0.095938 0.901930 0.000000 0.000000 0.000000 1.000000
0.319702 0.069967 -0.944931 0.015805 -0.945761 0.084273 -0.313743 -0.058541 0.057680 0.993983 0.093115 0.912276 0.000000 0.000000 0.000000 1.000000
0.335720 0.078251 -0.938706 0.010927 -0.941166 0.068828 -0.330862 -0.041175 0.038718 0.994555 0.096754 0.922896 0.000000 0.000000 0.000000 1.000000
0.349508 0.087955 -0.932796 0.007098 -0.936777 0.051020 -0.346188 -0.021395 0.017142 0.994817 0.100226 0.928898 0.000000 0.000000 0.000000 1.000000
0.366072 0.099916 -0.925207 0.004724 -0.930581 0.035713 -0.364341 -0.000084 -0.003361 0.994355 0.106053 0.927770 0.000000 0.000000 0.000000 1.000000
0.382637 0.116544 -0.916519 0.003284 -0.923583 0.022314 -0.382749 0.020456 -0.024156 0.992935 0.116176 0.919355 0.000000 0.000000 0.000000 1.000000
0.394026 0.129348 -0.909952 0.001950 -0.918168 0.010833 -0.396044 0.036496 -0.041370 0.991540 0.123032 0.907475 0.000000 0.000000 0.000000 1.000000
0.395731 0.141005 -0.907477 -0.000086 -0.916794 0.002859 -0.399350 0.047868 -0.053716 0.990005 0.130404 0.895753 0.000000 0.000000 0.000000 1.000000
0.387265 0.153000 -0.909185 -0.002185 -0.919717 -0.004763 -0.392552 0.054706 -0.064391 0.988215 0.138873 0.886120 0.000000 0.000000 0.000000 1.000000
0.370803 0.157612 -0.915240 -0.003490 -0.926040 -0.011956 -0.377237 0.055806 -0.070399 0.987429 0.141522 0.883093 0.000000 0.000000 0.000000 1.000000
0.352310 0.152534 -0.923370 -0.004290 -0.933595 -0.011679 -0.358140 0.051357 -0.065413 0.988229 0.138290 0.888454 0.000000 0.000000 0.000000 1.000000
0.337923 0.144368 -0.930036 -0.004847 -0.939624 -0.004938 -0.342173 0.042629 -0.053991 0.989512 0.133983 0.898066 0.000000 0.000000 0.000000 1.000000
0.322864 0.139889 -0.936050 -0.005823 -0.945471 0.002802 -0.325695 0.030469 -0.042939 0.990163 0.133166 0.907083 0.000000 0.000000 0.000000 1.000000
0.305095 0.138287 -0.942228 -0.006373 -0.951923 0.015643 -0.305939 0.015016 -0.027568 0.990269 0.136411 0.916040 0.000000 0.000000 0.000000 1.000000
0.283445 0.138219 -0.948975 -0.005833 -0.958959 0.033125 -0.281603 -0.001715 -0.007488 0.989848 0.141935 0.922642 0.000000 0.000000 0.000000 1.000000
0.258884 0.138893 -0.955870 -0.003818 -0.965830 0.049806 -0.254345 -0.018553 0.012281 0.989054 0.147041 0.924629 0.000000 0.000000 0.000000 1.000000
0.236608 0.142155 -0.961150 -0.000185 -0.971173 0.064099 -0.229595 -0.033857 0.028971 0.987767 0.153224 0.922171 0.000000 0.000000 0.000000 1.000000
0.219404 0.149653 -0.964088 0.003546 -0.974805 0.074346 -0.210303 -0.046126 0.040204 0.985939 0.162194 0.915249 0.000000 0.000000 0.000000 1.000000
0.207350 0.150601 -0.966605 0.005644 -0.977104 0.080044 -0.197131 -0.055373 0.047682 0.985349 0.163750 0.905924 0.000000 0.000000 0.000000 1.000000
0.198546 0.144477 -0.969384 0.006493 -0.978672 0.082446 -0.188160 -0.061717 0.052737 0.986067 0.157765 0.896809 0.000000 0.000000 0.000000 1.000000
0.197068 0.138812 -0.970513 0.006690 -0.978941 0.081667 -0.187098 -0.063613 0.053288 0.986946 0.151983 0.892444 0.000000 0.000000 0.000000 1.000000
0.208240 0.133814 -0.968881 0.005604 -0.976862 0.077836 -0.199206 -0.059933 0.048757 0.987945 0.146926 0.894507 0.000000 0.000000 0.000000 1.000000
0.231576 0.128652 -0.964272 0.003095 -0.971925 0.073035 -0.223670 -0.051240 0.041650 0.988997 0.141953 0.900853 0.000000 0.000000 0.000000 1.000000
0.258239 0.124757 -0.957992 -0.001002 -0.965335 0.072283 -0.250805 -0.039324 0.037957 0.989551 0.139098 0.906310 0.000000 0.000000 0.000000 1.000000
0.286111 0.115944 -0.951156 -0.007174 -0.957702 0.066492 -0.279975 -0.024424 0.030783 0.991028 0.130064 0.914422 0.000000 0.000000 0.000000 1.000000
0.322702 0.111689 -0.939888 -0.013127 -0.946411 0.051782 -0.318788 -0.007769 0.013064 0.992393 0.122414 0.926614 0.000000 0.000000 0.000000 1.000000
0.357675 0.111230 -0.927198 -0.018095 -0.933817 0.034706 -0.356065 0.010529 -0.007426 0.993188 0.116282 0.935947 0.000000 0.000000 0.000000 1.000000
0.391122 0.117409 -0.912819 -0.021727 -0.919866 0.018073 -0.391817 0.030454 -0.029506 0.992919 0.115069 0.937020 0.000000 0.000000 0.000000 1.000000
0.423202 0.128821 -0.896831 -0.024689 -0.904463 0.001775 -0.426549 0.049383 -0.053357 0.991666 0.117265 0.928447 0.000000 0.000000 0.000000 1.000000
0.448156 0.132321 -0.884108 -0.026290 -0.890707 -0.018140 -0.454216 0.065091 -0.076140 0.991041 0.109730 0.912619 0.000000 0.000000 0.000000 1.000000
0.457931 0.135156 -0.878654 -0.027052 -0.883620 -0.039247 -0.466556 0.077558 -0.097543 0.990047 0.101454 0.894125 0.000000 0.000000 0.000000 1.000000
0.453019 0.136803 -0.880942 -0.027500 -0.884318 -0.056231 -0.463487 0.084763 -0.112943 0.989001 0.095504 0.882223 0.000000 0.000000 0.000000 1.000000
0.438569 0.132244 -0.888914 -0.028233 -0.891463 -0.061233 -0.448936 0.085902 -0.113800 0.989324 0.091036 0.880666 0.000000 0.000000 0.000000 1.000000
0.421091 0.125837 -0.898247 -0.029456 -0.900766 -0.058063 -0.430406 0.081296 -0.106316 0.990350 0.088900 0.887470 0.000000 0.000000 0.000000 1.000000
0.402849 0.118777 -0.907527 -0.031062 -0.910843 -0.045339 -0.410256 0.070585 -0.089875 0.991885 0.089922 0.902258 0.000000 0.000000 0.000000 1.000000
0.382288 0.114110 -0.916970 -0.030835 -0.921971 -0.019314 -0.386777 0.054170 -0.061845 0.993280 0.097823 0.922733 0.000000 0.000000 0.000000 1.000000
0.358651 0.113898 -0.926497 -0.027001 -0.932912 0.009374 -0.359982 0.033179 -0.032316 0.993448 0.109619 0.936787 0.000000 0.000000 0.000000 1.000000
0.332118 0.118797 -0.935727 -0.020000 -0.943225 0.036764 -0.330112 0.009932 -0.004816 0.992238 0.124262 0.944523 0.000000 0.000000 0.000000 1.000000</float_array>
        <technique_common>
          <accessor source="#mixamorig_Hips-Matrix-animation-output-transform-array" count="91" stride="16">
            <param type="float4x4"/>
          </accessor>
        </technique_common>
      </source>
      <source id="mixamorig_Hips-Interpolations">
        <Name_array id="mixamorig_Hips-Interpolations-array" count="91">
 LINEAR LINEAR LINEAR LINEAR LINEAR LINEAR LINEAR LINEAR LINEAR LINEAR LINEAR
LINEAR LINEAR LINEAR LINEAR LINEAR LINEAR LINEAR LINEAR LINEAR LINEAR LINEAR LINEAR
LINEAR LINEAR LINEAR LINEAR LINEAR LINEAR LINEAR LINEAR LINEAR LINEAR LINEAR LINEAR
LINEAR LINEAR LINEAR LINEAR LINEAR LINEAR LINEAR LINEAR LINEAR LINEAR LINEAR LINEAR
LINEAR LINEAR LINEAR LINEAR LINEAR LINEAR LINEAR LINEAR LINEAR LINEAR LINEAR LINEAR
LINEAR LINEAR LINEAR LINEAR LINEAR LINEAR LINEAR LINEAR LINEAR LINEAR LINEAR LINEAR
LINEAR LINEAR LINEAR LINEAR LINEAR LINEAR LINEAR LINEAR LINEAR LINEAR LINEAR LINEAR
LINEAR LINEAR LINEAR LINEAR LINEAR LINEAR LINEAR LINEAR</Name_array>
        <technique_common>
          <accessor source="#mixamorig_Hips-Interpolations-array" count="91">
            <param type="name"/>
          </accessor>
        </technique_common>
      </source>
      <sampler id="mixamorig_Hips-Matrix-animation-transform">
        <input semantic="INPUT" source="#mixamorig_Hips-Matrix-animation-input"/>
        <input semantic="OUTPUT" source="#mixamorig_Hips-Matrix-animation-output-transform"/>
        <input semantic="INTERPOLATION" source="#mixamorig_Hips-Interpolations"/>
      </sampler>
      <channel source="#mixamorig_Hips-Matrix-animation-transform" target="mixamorig_Hips/matrix"/>
      <source id="mixamorig_Spine-Matrix-animation-input">
        <float_array id="mixamorig_Spine-Matrix-animation-input-array" count="91">

0.000000 0.033333 0.066667 0.100000 0.133333 0.166667 0.200000 0.233333 0.266667 0.300000 0.333333 0.366667 0.400000 0.433333 0.466667 0.500000
0.533333 0.566667 0.600000 0.633333 0.666667 0.700000 0.733333 0.766667 0.800000 0.833333 0.866667 0.900000 0.933333 0.966667 1.000000 1.033333
1.066667 1.100000 1.133333 1.166667 1.200000 1.233333 1.266667 1.300000 1.333333 1.366667 1.400000 1.433333 1.466667 1.500000 1.533333 1.566667
1.600000 1.633333 1.666667 1.700000 1.733333 1.766667 1.800000 1.833333 1.866667 1.900000 1.933333 1.966667 2.000000 2.033333 2.066667 2.100000
2.133333 2.166667 2.200000 2.233333 2.266667 2.300000 2.333333 2.366667 2.400000 2.433333 2.466667 2.500000 2.533333 2.566667 2.600000 2.633333
2.666667 2.700000 2.733333 2.766667 2.800000 2.833333 2.866667 2.900000 2.933333 2.966667 3.000000</float_array>
        <technique_common>
          <accessor source="#mixamorig_Spine-Matrix-animation-input-array" count="91">
            <param name="TIME" type="float"/>
          </accessor>
        </technique_common>
      </source>
      <source id="mixamorig_Spine-Matrix-animation-output-transform">
        <float_array id="mixamorig_Spine-Matrix-animation-output-transform-array" count="1456">

0.998905 -0.001778 0.046752 -0.000000 -0.001639 0.997335 0.072940 0.069300 -0.046757 -0.072936 0.996240 -0.008100 0.000000 0.000000 0.000000 1.000000
0.998700 -0.003945 0.050826 -0.000000 0.000365 0.997529 0.070260 0.069300 -0.050977 -0.070150 0.996233 -0.008100 0.000000 0.000000 0.000000 1.000000
0.998436 -0.004703 0.055716 0.000000 0.000833 0.997598 0.069267 0.069300 -0.055908 -0.069112 0.996041 -0.008100 0.000000 0.000000 0.000000 1.000000
0.998221 -0.003730 0.059511 0.000000 -0.000351 0.997657 0.068420 0.069300 -0.059627 -0.068319 0.995880 -0.008100 0.000000 0.000000 0.000000 1.000000
0.998036 0.004420 0.062491 -0.000000 -0.008616 0.997713 0.067043 0.069300 -0.062051 -0.067450 0.995791 -0.008100 0.000000 0.000000 0.000000 1.000000
0.997928 0.012652 0.063085 0.000000 -0.016873 0.997622 0.066833 0.069300 -0.062089 -0.067759 0.995768 -0.008100 0.000000 0.000000 0.000000 1.000000
0.997881 0.018866 0.062277 0.000000 -0.023073 0.997449 0.067545 0.069300 -0.060843 -0.068839 0.995771 -0.008100 0.000000 0.000000 0.000000 1.000000
0.997633 0.029427 0.062144 -0.000000 -0.033585 0.997190 0.066966 0.069300 -0.059999 -0.068894 0.995818 -0.008100 0.000000 0.000000 0.000000 1.000000
0.997425 0.036478 0.061752 0.000000 -0.040650 0.996876 0.067717 0.069300 -0.059089 -0.070052 0.995792 -0.008100 0.000000 0.000000 0.000000 1.000000
0.997703 0.033861 0.058666 0.000000 -0.037972 0.996793 0.070434 0.069300 -0.056093 -0.072500 0.995790 -0.008100 0.000000 0.000000 0.000000 1.000000
0.997974 0.030635 0.055759 0.000000 -0.034640 0.996779 0.072336 0.069300 -0.053363 -0.074121 0.995820 -0.008100 0.000000 0.000000 0.000000 1.000000
0.998243 0.025738 0.053374 0.000000 -0.029577 0.996935 0.072435 0.069300 -0.051346 -0.073886 0.995944 -0.008100 0.000000 0.000000 0.000000 1.000000
0.998508 0.019985 0.050809 0.000000 -0.023541 0.997242 0.070390 0.069300 -0.049262 -0.071481 0.996225 -0.008100 0.000000 0.000000 0.000000 1.000000
0.998750 0.015182 0.047625 -0.000000 -0.018423 0.997491 0.068354 0.069300 -0.046468 -0.069146 0.996524 -0.008100 0.000000 0.000000 0.000000 1.000000
0.998969 0.007702 0.044743 0.000000 -0.010785 0.997553 0.069084 0.069300 -0.044101 -0.069495 0.996607 -0.008100 0.000000 0.000000 0.000000 1.000000
0.999060 -0.000967 0.043332 0.000000 -0.002087 0.997517 0.070397 0.069300 -0.043292 -0.070421 0.996577 -0.008100 0.000000 0.000000 0.000000 1.000000
0.999038 -0.007730 0.043171 0.000000 0.004659 0.997480 0.070800 0.069300 -0.043609 -0.070531 0.996556 -0.008100 0.000000 0.000000 0.000000 1.000000
0.998948 -0.013041 0.043959 0.000000 0.009864 0.997375 0.071727 0.069300 -0.044779 -0.071218 0.996455 -0.008100 0.000000 0.000000 0.000000 1.000000
0.998829 -0.016496 0.045490 0.000000 0.013126 0.997215 0.073412 0.069300 -0.046574 -0.072729 0.996264 -0.008100 0.000000 0.000000 0.000000 1.000000
0.998846 -0.014115 0.045897 0.000000 0.010641 0.997121 0.075076 0.069300 -0.046825 -0.074501 0.996121 -0.008100 0.000000 0.000000 0.000000 1.000000
0.998953 -0.004498 0.045531 0.000000 0.000987 0.997042 0.076848 0.069300 -0.045742 -0.076722 0.996003 -0.008100 0.000000 0.000000 0.000000 1.000000
0.998967 0.005991 0.045036 0.000000 -0.009560 0.996793 0.079455 0.069300 -0.044415 -0.079803 0.995821 -0.008100 0.000000 0.000000 0.000000 1.000000
0.998972 0.008743 0.044490 0.000000 -0.012380 0.996543 0.082151 0.069300 -0.043618 -0.082617 0.995626 -0.008100 0.000000 0.000000 0.000000 1.000000
0.998895 0.008451 0.046229 0.000000 -0.012259 0.996498 0.082718 0.069300 -0.045368 -0.083194 0.995500 -0.008100 0.000000 0.000000 0.000000 1.000000
0.998690 0.012539 0.049606 0.000000 -0.016511 0.996618 0.080495 0.069300 -0.048429 -0.081209 0.995520 -0.008100 0.000000 0.000000 0.000000 1.000000
0.998535 0.015094 0.051968 0.000000 -0.019139 0.996750 0.078245 0.069300 -0.050618 -0.079125 0.995579 -0.008100 0.000000 0.000000 0.000000 1.000000
0.998471 0.016737 0.052691 0.000000 -0.020752 0.996846 0.076599 0.069300 -0.051243 -0.077575 0.995669 -0.008100 0.000000 0.000000 0.000000 1.000000
0.998341 0.021114 0.053571 -0.000000 -0.025135 0.996827 0.075529 0.069300 -0.051806 -0.076750 0.995704 -0.008100 0.000000 0.000000 0.000000 1.000000
0.998289 0.025039 0.052848 0.000000 -0.028983 0.996744 0.075241 0.069300 -0.050792 -0.076644 0.995764 -0.008100 0.000000 0.000000 0.000000 1.000000
0.998286 0.027520 0.051647 0.000000 -0.031404 0.996615 0.075974 0.069300 -0.049381 -0.077466 0.995771 -0.008100 0.000000 0.000000 0.000000 1.000000
0.998177 0.031822 0.051278 0.000000 -0.035762 0.996322 0.077863 0.069300 -0.048611 -0.079555 0.995644 -0.008100 0.000000 0.000000 0.000000 1.000000
0.997926 0.039472 0.050852 0.000000 -0.043448 0.995879 0.079612 0.069300 -0.047499 -0.081657 0.995528 -0.008100 0.000000 0.000000 0.000000 1.000000
