<?xml version="1.0" encoding="utf-8"?>
<COLLADA xmlns="http://www.collada.org/2005/11/COLLADASchema" version="1.4.1">
  <asset>
    <contributor>
      <author>Mixamo</author>
      <authoring_tool>COLLADA Mixamo exporter</authoring_tool>
      <comments/>
    </contributor>
    <created>2024-07-03T22:28:27Z</created>
    <modified>2024-07-03T22:28:27Z</modified>
    <revision/>
    <title/>
    <unit meter="0.010000"/>
    <up_axis>Y_UP</up_axis>
  </asset>
  <library_animations>
    <animation>
      <source id="Armature-Matrix-animation-input">
        <float_array id="Armature-Matrix-animation-input-array" count="151">

0.000000 0.033333 0.066667 0.100000 0.133333 0.166667 0.200000 0.233333 0.266667 0.300000 0.333333 0.366667 0.400000 0.433333 0.466667 0.500000
0.533333 0.566667 0.600000 0.633333 0.666667 0.700000 0.733333 0.766667 0.800000 0.833333 0.866667 0.900000 0.933333 0.966667 1.000000 1.033333
1.066667 1.100000 1.133333 1.166667 1.200000 1.233333 1.266667 1.300000 1.333333 1.366667 1.400000 1.433333 1.466667 1.500000 1.533333 1.566667
1.600000 1.633333 1.666667 1.700000 1.733333 1.766667 1.800000 1.833333 1.866667 1.900000 1.933333 1.966667 2.000000 2.033333 2.066667 2.100000
2.133333 2.166667 2.200000 2.233333 2.266667 2.300000 2.333333 2.366667 2.400000 2.433333 2.466667 2.500000 2.533333 2.566667 2.600000 2.633333
2.666667 2.700000 2.733333 2.766667 2.800000 2.833333 2.866667 2.900000 2.933333 2.966667 3.000000 3.033333 3.066667 3.100000 3.133333 3.166667
3.200000 3.233333 3.266667 3.300000 3.333333 3.366667 3.400000 3.433333 3.466667 3.500000 3.533333 3.566667 3.600000 3.633333 3.666667 3.700000
3.733333 3.766667 3.800000 3.833333 3.866667 3.900000 3.933333 3.966667 4.000000 4.033333 4.066667 4.100000 4.133333 4.166667 4.200000 4.233333
4.266667 4.300000 4.333333 4.366667 4.400000 4.433333 4.466667 4.500000 4.533333 4.566667 4.600000 4.633333 4.666667 4.700000 4.733333 4.766667
4.800000 4.833333 4.866667 4.900000 4.933333 4.966667 5.000000</float_array>
        <technique_common>
          <accessor source="#Armature-Matrix-animation-input-array" count="151">
            <param name="TIME" type="float"/>
          </accessor>
        </technique_common>
      </source>
      <source id="Armature-Matrix-animation-output-transform">
        <float_array id="Armature-Matrix-animation-output-transform-array" count="2416">

1.000000 0.000000 0.000000 0.000000 0.000000 0.000000 1.000000 0.000000 0.000000 -1.000000 0.000000 0.000000 0.000000 0.000000 0.000000 1.000000
1.000000 0.000000 0.000000 0.000000 0.000000 0.000000 1.000000 0.000000 0.000000 -1.000000 0.000000 0.000000 0.000000 0.000000 0.000000 1.000000
1.000000 0.000000 0.000000 0.000000 0.000000 0.000000 1.000000 0.000000 0.000000 -1.000000 0.000000 0.000000 0.000000 0.000000 0.000000 1.000000
1.000000 0.000000 0.000000 0.000000 0.000000 0.000000 1.000000 0.000000 0.000000 -1.000000 0.000000 0.000000 0.000000 0.000000 0.000000 1.000000
1.000000 0.000000 0.000000 0.000000 0.000000 0.000000 1.000000 0.000000 0.000000 -1.000000 0.000000 0.000000 0.000000 0.000000 0.000000 1.000000
1.000000 0.000000 0.000000 0.000000 0.000000 0.000000 1.000000 0.000000 0.000000 -1.000000 0.000000 0.000000 0.000000 0.000000 0.000000 1.000000
1.000000 0.000000 0.000000 0.000000 0.000000 0.000000 1.000000 0.000000 0.000000 -1.000000 0.000000 0.000000 0.000000 0.000000 0.000000 1.000000
1.000000 0.000000 0.000000 0.000000 0.000000 0.000000 1.000000 0.000000 0.000000 -1.000000 0.000000 0.000000 0.000000 0.000000 0.000000 1.000000
1.000000 0.000000 0.000000 0.000000 0.000000 0.000000 1.000000 0.000000 0.000000 -1.000000 0.000000 0.000000 0.000000 0.000000 0.000000 1.000000
1.000000 0.000000 0.000000 0.000000 0.000000 0.000000 1.000000 0.000000 0.000000 -1.000000 0.000000 0.000000 0.000000 0.000000 0.000000 1.000000
1.000000 0.000000 0.000000 0.000000 0.000000 0.000000 1.000000 0.000000 0.000000 -1.000000 0.000000 0.000000 0.000000 0.000000 0.000000 1.000000
1.000000 0.000000 0.000000 0.000000 0.000000 0.000000 1.000000 0.000000 0.000000 -1.000000 0.000000 0.000000 0.000000 0.000000 0.000000 1.000000
1.000000 0.000000 0.000000 0.000000 0.000000 0.000000 1.000000 0.000000 0.000000 -1.000000 0.000000 0.000000 0.000000 0.000000 0.000000 1.000000
1.000000 0.000000 0.000000 0.000000 0.000000 0.000000 1.000000 0.000000 0.000000 -1.000000 0.000000 0.000000 0.000000 0.000000 0.000000 1.000000
1.000000 0.000000 0.000000 0.000000 0.000000 0.000000 1.000000 0.000000 0.000000 -1.000000 0.000000 0.000000 0.000000 0.000000 0.000000 1.000000
1.000000 0.000000 0.000000 0.000000 0.000000 0.000000 1.000000 0.000000 0.000000 -1.000000 0.000000 0.000000 0.000000 0.000000 0.000000 1.000000
1.000000 0.000000 0.000000 0.000000 0.000000 0.000000 1.000000 0.000000 0.000000 -1.000000 0.000000 0.000000 0.000000 0.000000 0.000000 1.000000
1.000000 0.000000 0.000000 0.000000 0.000000 0.000000 1.000000 0.000000 0.000000 -1.000000 0.000000 0.000000 0.000000 0.000000 0.000000 1.000000
1.000000 0.000000 0.000000 0.000000 0.000000 0.000000 1.000000 0.000000 0.000000 -1.000000 0.000000 0.000000 0.000000 0.000000 0.000000 1.000000
1.000000 0.000000 0.000000 0.000000 0.000000 0.000000 1.000000 0.000000 0.000000 -1.000000 0.000000 0.000000 0.000000 0.000000 0.000000 1.000000
1.000000 0.000000 0.000000 0.000000 0.000000 0.000000 1.000000 0.000000 0.000000 -1.000000 0.000000 0.000000 0.000000 0.000000 0.000000 1.000000
1.000000 0.000000 0.000000 0.000000 0.000000 0.000000 1.000000 0.000000 0.000000 -1.000000 0.000000 0.000000 0.000000 0.000000 0.000000 1.000000
1.000000 0.000000 0.000000 0.000000 0.000000 0.000000 1.000000 0.000000 0.000000 -1.000000 0.000000 0.000000 0.000000 0.000000 0.000000 1.000000
1.000000 0.000000 0.000000 0.000000 0.000000 0.000000 1.000000 0.000000 0.000000 -1.000000 0.000000 0.000000 0.000000 0.000000 0.000000 1.000000
1.000000 0.000000 0.000000 0.000000 0.000000 0.000000 1.000000 0.000000 0.000000 -1.000000 0.000000 0.000000 0.000000 0.000000 0.000000 1.000000
1.000000 0.000000 0.000000 0.000000 0.000000 0.000000 1.000000 0.000000 0.000000 -1.000000 0.000000 0.000000 0.000000 0.000000 0.000000 1.000000
1.000000 0.000000 0.000000 0.000000 0.000000 0.000000 1.000000 0.000000 0.000000 -1.000000 0.000000 0.000000 0.000000 0.000000 0.000000 1.000000
1.000000 0.000000 0.000000 0.000000 0.000000 0.000000 1.000000 0.000000 0.000000 -1.000000 0.000000 0.000000 0.000000 0.000000 0.000000 1.000000
1.000000 0.000000 0.000000 0.000000 0.000000 0.000000 1.000000 0.000000 0.000000 -1.000000 0.000000 0.000000 0.000000 0.000000 0.000000 1.000000
1.000000 0.000000 0.000000 0.000000 0.000000 0.000000 1.000000 0.000000 0.000000 -1.000000 0.000000 0.000000 0.000000 0.000000 0.000000 1.000000
1.000000 0.000000 0.000000 0.000000 0.000000 0.000000 1.000000 0.000000 0.000000 -1.000000 0.000000 0.000000 0.000000 0.000000 0.000000 1.000000
1.000000 0.000000 0.000000 0.000000 0.000000 0.000000 1.000000 0.000000 0.000000 -1.000000 0.000000 0.000000 0.000000 0.000000 0.000000 1.000000
1.000000 0.000000 0.000000 0.000000 0.000000 0.000000 1.000000 0.000000 0.000000 -1.000000 0.000000 0.000000 0.000000 0.000000 0.000000 1.000000
1.000000 0.000000 0.000000 0.000000 0.000000 0.000000 1.000000 0.000000 0.000000 -1.000000 0.000000 0.000000 0.000000 0.000000 0.000000 1.000000
1.000000 0.000000 0.000000 0.000000 0.000000 0.000000 1.000000 0.000000 0.000000 -1.000000 0.000000 0.000000 0.000000 0.000000 0.000000 1.000000
1.000000 0.000000 0.000000 0.000000 0.000000 0.000000 1.000000 0.000000 0.000000 -1.000000 0.000000 0.000000 0.000000 0.000000 0.000000 1.000000
1.000000 0.000000 0.000000 0.000000 0.000000 0.000000 1.000000 0.000000 0.000000 -1.000000 0.000000 0.000000 0.000000 0.000000 0.000000 1.000000
1.000000 0.000000 0.000000 0.000000 0.000000 0.000000 1.000000 0.000000 0.000000 -1.000000 0.000000 0.000000 0.000000 0.000000 0.000000 1.000000
1.000000 0.000000 0.000000 0.000000 0.000000 0.000000 1.000000 0.000000 0.000000 -1.000000 0.000000 0.000000 0.000000 0.000000 0.000000 1.000000
1.000000 0.000000 0.000000 0.000000 0.000000 0.000000 1.000000 0.000000 0.000000 -1.000000 0.000000 0.000000 0.000000 0.000000 0.000000 1.000000
1.000000 0.000000 0.000000 0.000000 0.000000 0.000000 1.000000 0.000000 0.000000 -1.000000 0.000000 0.000000 0.000000 0.000000 0.000000 1.000000
1.000000 0.000000 0.000000 0.000000 0.000000 0.000000 1.000000 0.000000 0.000000 -1.000000 0.000000 0.000000 0.000000 0.000000 0.000000 1.000000
1.000000 0.000000 0.000000 0.000000 0.000000 0.000000 1.000000 0.000000 0.000000 -1.000000 0.000000 0.000000 0.000000 0.000000 0.000000 1.000000
1.000000 0.000000 0.000000 0.000000 0.000000 0.000000 1.000000 0.000000 0.000000 -1.000000 0.000000 0.000000 0.000000 0.000000 0.000000 1.000000
1.000000 0.000000 0.000000 0.000000 0.000000 0.000000 1.000000 0.000000 0.000000 -1.000000 0.000000 0.000000 0.000000 0.000000 0.000000 1.000000
1.000000 0.000000 0.000000 0.000000 0.000000 0.000000 1.000000 0.000000 0.000000 -1.000000 0.000000 0.000000 0.000000 0.000000 0.000000 1.000000
1.000000 0.000000 0.000000 0.000000 0.000000 0.000000 1.000000 0.000000 0.000000 -1.000000 0.000000 0.000000 0.000000 0.000000 0.000000 1.000000
1.000000 0.000000 0.000000 0.000000 0.000000 0.000000 1.000000 0.000000 0.000000 -1.000000 0.000000 0.000000 0.000000 0.000000 0.000000 1.000000
1.000000 0.000000 0.000000 0.000000 0.000000 0.000000 1.000000 0.000000 0.000000 -1.000000 0.000000 0.000000 0.000000 0.000000 0.000000 1.000000
1.000000 0.000000 0.000000 0.000000 0.000000 0.000000 1.000000 0.000000 0.000000 -1.000000 0.000000 0.000000 0.000000 0.000000 0.000000 1.000000
1.000000 0.000000 0.000000 0.000000 0.000000 0.000000 1.000000 0.000000 0.000000 -1.000000 0.000000 0.000000 0.000000 0.000000 0.000000 1.000000
1.000000 0.000000 0.000000 0.000000 0.000000 0.000000 1.000000 0.000000 0.000000 -1.000000 0.000000 0.000000 0.000000 0.000000 0.000000 1.000000
1.000000 0.000000 0.000000 0.000000 0.000000 0.000000 1.000000 0.000000 0.000000 -1.000000 0.000000 0.000000 0.000000 0.000000 0.000000 1.000000
1.000000 0.000000 0.000000 0.000000 0.000000 0.000000 1.000000 0.000000 0.000000 -1.000000 0.000000 0.000000 0.000000 0.000000 0.000000 1.000000
1.000000 0.000000 0.000000 0.000000 0.000000 0.000000 1.000000 0.000000 0.000000 -1.000000 0.000000 0.000000 0.000000 0.000000 0.000000 1.000000
1.000000 0.000000 0.000000 0.000000 0.000000 0.000000 1.000000 0.000000 0.000000 -1.000000 0.000000 0.000000 0.000000 0.000000 0.000000 1.000000
1.000000 0.000000 0.000000 0.000000 0.000000 0.000000 1.000000 0.000000 0.000000 -1.000000 0.000000 0.000000 0.000000 0.000000 0.000000 1.000000
1.000000 0.000000 0.000000 0.000000 0.000000 0.000000 1.000000 0.000000 0.000000 -1.000000 0.000000 0.000000 0.000000 0.000000 0.000000 1.000000
1.000000 0.000000 0.000000 0.000000 0.000000 0.000000 1.000000 0.000000 0.000000 -1.000000 0.000000 0.000000 0.000000 0.000000 0.000000 1.000000
1.000000 0.000000 0.000000 0.000000 0.000000 0.000000 1.000000 0.000000 0.000000 -1.000000 0.000000 0.000000 0.000000 0.000000 0.000000 1.000000
1.000000 0.000000 0.000000 0.000000 0.000000 0.000000 1.000000 0.000000 0.000000 -1.000000 0.000000 0.000000 0.000000 0.000000 0.000000 1.000000
1.000000 0.000000 0.000000 0.000000 0.000000 0.000000 1.000000 0.000000 0.000000 -1.000000 0.000000 0.000000 0.000000 0.000000 0.000000 1.000000
1.000000 0.000000 0.000000 0.000000 0.000000 0.000000 1.000000 0.000000 0.000000 -1.000000 0.000000 0.000000 0.000000 0.000000 0.000000 1.000000
1.000000 0.000000 0.000000 0.000000 0.000000 0.000000 1.000000 0.000000 0.000000 -1.000000 0.000000 0.000000 0.000000 0.000000 0.000000 1.000000
1.000000 0.000000 0.000000 0.000000 0.000000 0.000000 1.000000 0.000000 0.000000 -1.000000 0.000000 0.000000 0.000000 0.000000 0.000000 1.000000
1.000000 0.000000 0.000000 0.000000 0.000000 0.000000 1.000000 0.000000 0.000000 -1.000000 0.000000 0.000000 0.000000 0.000000 0.000000 1.000000
1.000000 0.000000 0.000000 0.000000 0.000000 0.000000 1.000000 0.000000 0.000000 -1.000000 0.000000 0.000000 0.000000 0.000000 0.000000 1.000000
1.000000 0.000000 0.000000 0.000000 0.000000 0.000000 1.000000 0.000000 0.000000 -1.000000 0.000000 0.000000 0.000000 0.000000 0.000000 1.000000
1.000000 0.000000 0.000000 0.000000 0.000000 0.000000 1.000000 0.000000 0.000000 -1.000000 0.000000 0.000000 0.000000 0.000000 0.000000 1.000000
1.000000 0.000000 0.000000 0.000000 0.000000 0.000000 1.000000 0.000000 0.000000 -1.000000 0.000000 0.000000 0.000000 0.000000 0.000000 1.000000
1.000000 0.000000 0.000000 0.000000 0.000000 0.000000 1.000000 0.000000 0.000000 -1.000000 0.000000 0.000000 0.000000 0.000000 0.000000 1.000000
1.000000 0.000000 0.000000 0.000000 0.000000 0.000000 1.000000 0.000000 0.000000 -1.000000 0.000000 0.000000 0.000000 0.000000 0.000000 1.000000
1.000000 0.000000 0.000000 0.000000 0.000000 0.000000 1.000000 0.000000 0.000000 -1.000000 0.000000 0.000000 0.000000 0.000000 0.000000 1.000000
1.000000 0.000000 0.000000 0.000000 0.000000 0.000000 1.000000 0.000000 0.000000 -1.000000 0.000000 0.000000 0.000000 0.000000 0.000000 1.000000
1.000000 0.000000 0.000000 0.000000 0.000000 0.000000 1.000000 0.000000 0.000000 -1.000000 0.000000 0.000000 0.000000 0.000000 0.000000 1.000000
1.000000 0.000000 0.000000 0.000000 0.000000 0.000000 1.000000 0.000000 0.000000 -1.000000 0.000000 0.000000 0.000000 0.000000 0.000000 1.000000
1.000000 0.000000 0.000000 0.000000 0.000000 0.000000 1.000000 0.000000 0.000000 -1.000000 0.000000 0.000000 0.000000 0.000000 0.000000 1.000000
1.000000 0.000000 0.000000 0.000000 0.000000 0.000000 1.000000 0.000000 0.000000 -1.000000 0.000000 0.000000 0.000000 0.000000 0.000000 1.000000
1.000000 0.000000 0.000000 0.000000 0.000000 0.000000 1.000000 0.000000 0.000000 -1.000000 0.000000 0.000000 0.000000 0.000000 0.000000 1.000000
1.000000 0.000000 0.000000 0.000000 0.000000 0.000000 1.000000 0.000000 0.000000 -1.000000 0.000000 0.000000 0.000000 0.000000 0.000000 1.000000
1.000000 0.000000 0.000000 0.000000 0.000000 0.000000 1.000000 0.000000 0.000000 -1.000000 0.000000 0.000000 0.000000 0.000000 0.000000 1.000000
1.000000 0.000000 0.000000 0.000000 0.000000 0.000000 1.000000 0.000000 0.000000 -1.000000 0.000000 0.000000 0.000000 0.000000 0.000000 1.000000
1.000000 0.000000 0.000000 0.000000 0.000000 0.000000 1.000000 0.000000 0.000000 -1.000000 0.000000 0.000000 0.000000 0.000000 0.000000 1.000000
1.000000 0.000000 0.000000 0.000000 0.000000 0.000000 1.000000 0.000000 0.000000 -1.000000 0.000000 0.000000 0.000000 0.000000 0.000000 1.000000
1.000000 0.000000 0.000000 0.000000 0.000000 0.000000 1.000000 0.000000 0.000000 -1.000000 0.000000 0.000000 0.000000 0.000000 0.000000 1.000000
1.000000 0.000000 0.000000 0.000000 0.000000 0.000000 1.000000 0.000000 0.000000 -1.000000 0.000000 0.000000 0.000000 0.000000 0.000000 1.000000
1.000000 0.000000 0.000000 0.000000 0.000000 0.000000 1.000000 0.000000 0.000000 -1.000000 0.000000 0.000000 0.000000 0.000000 0.000000 1.000000
1.000000 0.000000 0.000000 0.000000 0.000000 0.000000 1.000000 0.000000 0.000000 -1.000000 0.000000 0.000000 0.000000 0.000000 0.000000 1.000000
1.000000 0.000000 0.000000 0.000000 0.000000 0.000000 1.000000 0.000000 0.000000 -1.000000 0.000000 0.000000 0.000000 0.000000 0.000000 1.000000
1.000000 0.000000 0.000000 0.000000 0.000000 0.000000 1.000000 0.000000 0.000000 -1.000000 0.000000 0.000000 0.000000 0.000000 0.000000 1.000000
1.000000 0.000000 0.000000 0.000000 0.000000 0.000000 1.000000 0.000000 0.000000 -1.000000 0.000000 0.000000 0.000000 0.000000 0.000000 1.000000
1.000000 0.000000 0.000000 0.000000 0.000000 0.000000 1.000000 0.000000 0.000000 -1.000000 0.000000 0.000000 0.000000 0.000000 0.000000 1.000000
1.000000 0.000000 0.000000 0.000000 0.000000 0.000000 1.000000 0.000000 0.000000 -1.000000 0.000000 0.000000 0.000000 0.000000 0.000000 1.000000
1.000000 0.000000 0.000000 0.000000 0.000000 0.000000 1.000000 0.000000 0.000000 -1.000000 0.000000 0.000000 0.000000 0.000000 0.000000 1.000000
1.000000 0.000000 0.000000 0.000000 0.000000 0.000000 1.000000 0.000000 0.000000 -1.000000 0.000000 0.000000 0.000000 0.000000 0.000000 1.000000
1.000000 0.000000 0.000000 0.000000 0.000000 0.000000 1.000000 0.000000 0.000000 -1.000000 0.000000 0.000000 0.000000 0.000000 0.000000 1.000000
1.000000 0.000000 0.000000 0.000000 0.000000 0.000000 1.000000 0.000000 0.000000 -1.000000 0.000000 0.000000 0.000000 0.000000 0.000000 1.000000
1.000000 0.000000 0.000000 0.000000 0.000000 0.000000 1.000000 0.000000 0.000000 -1.000000 0.000000 0.000000 0.000000 0.000000 0.000000 1.000000
1.000000 0.000000 0.000000 0.000000 0.000000 0.000000 1.000000 0.000000 0.000000 -1.000000 0.000000 0.000000 0.000000 0.000000 0.000000 1.000000
1.000000 0.000000 0.000000 0.000000 0.000000 0.000000 1.000000 0.000000 0.000000 -1.000000 0.000000 0.000000 0.000000 0.000000 0.000000 1.000000
1.000000 0.000000 0.000000 0.000000 0.000000 0.000000 1.000000 0.000000 0.000000 -1.000000 0.000000 0.000000 0.000000 0.000000 0.000000 1.000000
1.000000 0.000000 0.000000 0.000000 0.000000 0.000000 1.000000 0.000000 0.000000 -1.000000 0.000000 0.000000 0.000000 0.000000 0.000000 1.000000
1.000000 0.000000 0.000000 0.000000 0.000000 0.000000 1.000000 0.000000 0.000000 -1.000000 0.000000 0.000000 0.000000 0.000000 0.000000 1.000000
1.000000 0.000000 0.000000 0.000000 0.000000 0.000000 1.000000 0.000000 0.000000 -1.000000 0.000000 0.000000 0.000000 0.000000 0.000000 1.000000
1.000000 0.000000 0.000000 0.000000 0.000000 0.000000 1.000000 0.000000 0.000000 -1.000000 0.000000 0.000000 0.000000 0.000000 0.000000 1.000000
1.000000 0.000000 0.000000 0.000000 0.000000 0.000000 1.000000 0.000000 0.000000 -1.000000 0.000000 0.000000 0.000000 0.000000 0.000000 1.000000
1.000000 0.000000 0.000000 0.000000 0.000000 0.000000 1.000000 0.000000 0.000000 -1.000000 0.000000 0.000000 0.000000 0.000000 0.000000 1.000000
1.000000 0.000000 0.000000 0.000000 0.000000 0.000000 1.000000 0.000000 0.000000 -1.000000 0.000000 0.000000 0.000000 0.000000 0.000000 1.000000
1.000000 0.000000 0.000000 0.000000 0.000000 0.000000 1.000000 0.000000 0.000000 -1.000000 0.000000 0.000000 0.000000 0.000000 0.000000 1.000000
1.000000 0.000000 0.000000 0.000000 0.000000 0.000000 1.000000 0.000000 0.000000 -1.000000 0.000000 0.000000 0.000000 0.000000 0.000000 1.000000
1.000000 0.000000 0.000000 0.000000 0.000000 0.000000 1.000000 0.000000 0.000000 -1.000000 0.000000 0.000000 0.000000 0.000000 0.000000 1.000000
1.000000 0.000000 0.000000 0.000000 0.000000 0.000000 1.000000 0.000000 0.000000 -1.000000 0.000000 0.000000 0.000000 0.000000 0.000000 1.000000
1.000000 0.000000 0.000000 0.000000 0.000000 0.000000 1.000000 0.000000 0.000000 -1.000000 0.000000 0.000000 0.000000 0.000000 0.000000 1.000000
1.000000 0.000000 0.000000 0.000000 0.000000 0.000000 1.000000 0.000000 0.000000 -1.000000 0.000000 0.000000 0.000000 0.000000 0.000000 1.000000
1.000000 0.000000 0.000000 0.000000 0.000000 0.000000 1.000000 0.000000 0.000000 -1.000000 0.000000 0.000000 0.000000 0.000000 0.000000 1.000000
1.000000 0.000000 0.000000 0.000000 0.000000 0.000000 1.000000 0.000000 0.000000 -1.000000 0.000000 0.000000 0.000000 0.000000 0.000000 1.000000
1.000000 0.000000 0.000000 0.000000 0.000000 0.000000 1.000000 0.000000 0.000000 -1.000000 0.000000 0.000000 0.000000 0.000000 0.000000 1.000000
1.000000 0.000000 0.000000 0.000000 0.000000 0.000000 1.000000 0.000000 0.000000 -1.000000 0.000000 0.000000 0.000000 0.000000 0.000000 1.000000
1.000000 0.000000 0.000000 0.000000 0.000000 0.000000 1.000000 0.000000 0.000000 -1.000000 0.000000 0.000000 0.000000 0.000000 0.000000 1.000000
1.000000 0.000000 0.000000 0.000000 0.000000 0.000000 1.000000 0.000000 0.000000 -1.000000 0.000000 0.000000 0.000000 0.000000 0.000000 1.000000
1.000000 0.000000 0.000000 0.000000 0.000000 0.000000 1.000000 0.000000 0.000000 -1.000000 0.000000 0.000000 0.000000 0.000000 0.000000 1.000000
1.000000 0.000000 0.000000 0.000000 0.000000 0.000000 1.000000 0.000000 0.000000 -1.000000 0.000000 0.000000 0.000000 0.000000 0.000000 1.000000
1.000000 0.000000 0.000000 0.000000 0.000000 0.000000 1.000000 0.000000 0.000000 -1.000000 0.000000 0.000000 0.000000 0.000000 0.000000 1.000000
1.000000 0.000000 0.000000 0.000000 0.000000 0.000000 1.000000 0.000000 0.000000 -1.000000 0.000000 0.000000 0.000000 0.000000 0.000000 1.000000
1.000000 0.000000 0.000000 0.000000 0.000000 0.000000 1.000000 0.000000 0.000000 -1.000000 0.000000 0.000000 0.000000 0.000000 0.000000 1.000000
1.000000 0.000000 0.000000 0.000000 0.000000 0.000000 1.000000 0.000000 0.000000 -1.000000 0.000000 0.000000 0.000000 0.000000 0.000000 1.000000
1.000000 0.000000 0.000000 0.000000 0.000000 0.000000 1.000000 0.000000 0.000000 -1.000000 0.000000 0.000000 0.000000 0.000000 0.000000 1.000000
1.000000 0.000000 0.000000 0.000000 0.000000 0.000000 1.000000 0.000000 0.000000 -1.000000 0.000000 0.000000 0.000000 0.000000 0.000000 1.000000
1.000000 0.000000 0.000000 0.000000 0.000000 0.000000 1.000000 0.000000 0.000000 -1.000000 0.000000 0.000000 0.000000 0.000000 0.000000 1.000000
1.000000 0.000000 0.000000 0.000000 0.000000 0.000000 1.000000 0.000000 0.000000 -1.000000 0.000000 0.000000 0.000000 0.000000 0.000000 1.000000
1.000000 0.000000 0.000000 0.000000 0.000000 0.000000 1.000000 0.000000 0.000000 -1.000000 0.000000 0.000000 0.000000 0.000000 0.000000 1.000000
1.000000 0.000000 0.000000 0.000000 0.000000 0.000000 1.000000 0.000000 0.000000 -1.000000 0.000000 0.000000 0.000000 0.000000 0.000000 1.000000
1.000000 0.000000 0.000000 0.000000 0.000000 0.000000 1.000000 0.000000 0.000000 -1.000000 0.000000 0.000000 0.000000 0.000000 0.000000 1.000000
1.000000 0.000000 0.000000 0.000000 0.000000 0.000000 1.000000 0.000000 0.000000 -1.000000 0.000000 0.000000 0.000000 0.000000 0.000000 1.000000
1.000000 0.000000 0.000000 0.000000 0.000000 0.000000 1.000000 0.000000 0.000000 -1.000000 0.000000 0.000000 0.000000 0.000000 0.000000 1.000000
1.000000 0.000000 0.000000 0.000000 0.000000 0.000000 1.000000 0.000000 0.000000 -1.000000 0.000000 0.000000 0.000000 0.000000 0.000000 1.000000
1.000000 0.000000 0.000000 0.000000 0.000000 0.000000 1.000000 0.000000 0.000000 -1.000000 0.000000 0.000000 0.000000 0.000000 0.000000 1.000000
1.000000 0.000000 0.000000 0.000000 0.000000 0.000000 1.000000 0.000000 0.000000 -1.000000 0.000000 0.000000 0.000000 0.000000 0.000000 1.000000
1.000000 0.000000 0.000000 0.000000 0.000000 0.000000 1.000000 0.000000 0.000000 -1.000000 0.000000 0.000000 0.000000 0.000000 0.000000 1.000000
1.000000 0.000000 0.000000 0.000000 0.000000 0.000000 1.000000 0.000000 0.000000 -1.000000 0.000000 0.000000 0.000000 0.000000 0.000000 1.000000
1.000000 0.000000 0.000000 0.000000 0.000000 0.000000 1.000000 0.000000 0.000000 -1.000000 0.000000 0.000000 0.000000 0.000000 0.000000 1.000000
1.000000 0.000000 0.000000 0.000000 0.000000 0.000000 1.000000 0.000000 0.000000 -1.000000 0.000000 0.000000 0.000000 0.000000 0.000000 1.000000
1.000000 0.000000 0.000000 0.000000 0.000000 0.000000 1.000000 0.000000 0.000000 -1.000000 0.000000 0.000000 0.000000 0.000000 0.000000 1.000000
1.000000 0.000000 0.000000 0.000000 0.000000 0.000000 1.000000 0.000000 0.000000 -1.000000 0.000000 0.000000 0.000000 0.000000 0.000000 1.000000
1.000000 0.000000 0.000000 0.000000 0.000000 0.000000 1.000000 0.000000 0.000000 -1.000000 0.000000 0.000000 0.000000 0.000000 0.000000 1.000000
1.000000 0.000000 0.000000 0.000000 0.000000 0.000000 1.000000 0.000000 0.000000 -1.000000 0.000000 0.000000 0.000000 0.000000 0.000000 1.000000
1.000000 0.000000 0.000000 0.000000 0.000000 0.000000 1.000000 0.000000 0.000000 -1.000000 0.000000 0.000000 0.000000 0.000000 0.000000 1.000000
1.000000 0.000000 0.000000 0.000000 0.000000 0.000000 1.000000 0.000000 0.000000 -1.000000 0.000000 0.000000 0.000000 0.000000 0.000000 1.000000
1.000000 0.000000 0.000000 0.000000 0.000000 0.000000 1.000000 0.000000 0.000000 -1.000000 0.000000 0.000000 0.000000 0.000000 0.000000 1.000000
1.000000 0.000000 0.000000 0.000000 0.000000 0.000000 1.000000 0.000000 0.000000 -1.000000 0.000000 0.000000 0.000000 0.000000 0.000000 1.000000
1.000000 0.000000 0.000000 0.000000 0.000000 0.000000 1.000000 0.000000 0.000000 -1.000000 0.000000 0.000000 0.000000 0.000000 0.000000 1.000000</float_array>
        <technique_common>
          <accessor source="#Armature-Matrix-animation-output-transform-array" count="151" stride="16">
            <param type="float4x4"/>
          </accessor>
        </technique_common>
      </source>
      <source id="Armature-Interpolations">
        <Name_array id="Armature-Interpolations-array" count="151">
 LINEAR LINEAR LINEAR LINEAR LINEAR LINEAR LINEAR LINEAR LINEAR LINEAR LINEAR
LINEAR LINEAR LINEAR LINEAR LINEAR LINEAR LINEAR LINEAR LINEAR LINEAR LINEAR LINEAR
LINEAR LINEAR LINEAR LINEAR LINEAR LINEAR LINEAR LINEAR LINEAR LINEAR LINEAR LINEAR
LINEAR LINEAR LINEAR LINEAR LINEAR LINEAR LINEAR LINEAR LINEAR LINEAR LINEAR LINEAR
LINEAR LINEAR LINEAR LINEAR LINEAR LINEAR LINEAR LINEAR LINEAR LINEAR LINEAR LINEAR
LINEAR LINEAR LINEAR LINEAR LINEAR LINEAR LINEAR LINEAR LINEAR LINEAR LINEAR LINEAR
LINEAR LINEAR LINEAR LINEAR LINEAR LINEAR LINEAR LINEAR LINEAR LINEAR LINEAR LINEAR
LINEAR LINEAR LINEAR LINEAR LINEAR LINEAR LINEAR LINEAR LINEAR LINEAR LINEAR LINEAR
LINEAR LINEAR LINEAR LINEAR LINEAR LINEAR LINEAR LINEAR LINEAR LINEAR LINEAR LINEAR
LINEAR LINEAR LINEAR LINEAR LINEAR LINEAR LINEAR LINEAR LINEAR LINEAR LINEAR LINEAR
LINEAR LINEAR LINEAR LINEAR LINEAR LINEAR LINEAR LINEAR LINEAR LINEAR LINEAR LINEAR
LINEAR LINEAR LINEAR LINEAR LINEAR LINEAR LINEAR LINEAR LINEAR LINEAR LINEAR LINEAR
LINEAR LINEAR LINEAR LINEAR LINEAR LINEAR LINEAR LINEAR</Name_array>
        <technique_common>
          <accessor source="#Armature-Interpolations-array" count="151">
            <param type="name"/>
          </accessor>
        </technique_common>
      </source>
      <sampler id="Armature-Matrix-animation-transform">
        <input semantic="INPUT" source="#Armature-Matrix-animation-input"/>
        <input semantic="OUTPUT" source="#Armature-Matrix-animation-output-transform"/>
        <input semantic="INTERPOLATION" source="#Armature-Interpolations"/>
      </sampler>
      <channel source="#Armature-Matrix-animation-transform" target="Armature/matrix"/>
      <source id="mixamorig_Hips-Matrix-animation-input">
        <float_array id="mixamorig_Hips-Matrix-animation-input-array" count="151">

0.000000 0.033333 0.066667 0.100000 0.133333 0.166667 0.200000 0.233333 0.266667 0.300000 0.333333 0.366667 0.400000 0.433333 0.466667 0.500000
0.533333 0.566667 0.600000 0.633333 0.666667 0.700000 0.733333 0.766667 0.800000 0.833333 0.866667 0.900000 0.933333 0.966667 1.000000 1.033333
1.066667 1.100000 1.133333 1.166667 1.200000 1.233333 1.266667 1.300000 1.333333 1.366667 1.400000 1.433333 1.466667 1.500000 1.533333 1.566667
1.600000 1.633333 1.666667 1.700000 1.733333 1.766667 1.800000 1.833333 1.866667 1.900000 1.933333 1.966667 2.000000 2.033333 2.066667 2.100000
2.133333 2.166667 2.200000 2.233333 2.266667 2.300000 2.333333 2.366667 2.400000 2.433333 2.466667 2.500000 2.533333 2.566667 2.600000 2.633333
2.666667 2.700000 2.733333 2.766667 2.800000 2.833333 2.866667 2.900000 2.933333 2.966667 3.000000 3.033333 3.066667 3.100000 3.133333 3.166667
3.200000 3.233333 3.266667 3.300000 3.333333 3.366667 3.400000 3.433333 3.466667 3.500000 3.533333 3.566667 3.600000 3.633333 3.666667 3.700000
3.733333 3.766667 3.800000 3.833333 3.866667 3.900000 3.933333 3.966667 4.000000 4.033333 4.066667 4.100000 4.133333 4.166667 4.200000 4.233333
4.266667 4.300000 4.333333 4.366667 4.400000 4.433333 4.466667 4.500000 4.533333 4.566667 4.600000 4.633333 4.666667 4.700000 4.733333 4.766667
4.800000 4.833333 4.866667 4.900000 4.933333 4.966667 5.000000</float_array>
        <technique_common>
          <accessor source="#mixamorig_Hips-Matrix-animation-input-array" count="151">
            <param name="TIME" type="float"/>
          </accessor>
        </technique_common>
      </source>
      <source id="mixamorig_Hips-Matrix-animation-output-transform">
        <float_array id="mixamorig_Hips-Matrix-animation-output-transform-array" count="2416">

0.816338 -0.030071 -0.576791 -0.132202 -0.575044 -0.135694 -0.806791 -0.467407 -0.054007 0.990294 -0.128064 88.571762 0.000000 0.000000 0.000000 1.000000
0.825917 -0.020048 -0.563435 -0.336588 -0.560682 -0.134016 -0.817114 -0.748427 -0.059128 0.990776 -0.121927 88.468445 0.000000 0.000000 0.000000 1.000000
0.836674 -0.010450 -0.547602 -0.508399 -0.543969 -0.132385 -0.828596 -1.018549 -0.063835 0.991143 -0.116447 88.138931 0.000000 0.000000 0.000000 1.000000
0.848203 -0.001590 -0.529669 -0.637987 -0.525261 -0.131300 -0.840750 -1.262747 -0.068209 0.991341 -0.112205 87.619987 0.000000 0.000000 0.000000 1.000000
0.859366 0.006184 -0.511323 -0.730453 -0.506180 -0.131684 -0.852315 -1.460363 -0.072604 0.991272 -0.110035 87.069725 0.000000 0.000000 0.000000 1.000000
0.868806 0.012316 -0.494999 -0.798399 -0.489096 -0.134531 -0.861793 -1.595011 -0.077206 0.990833 -0.110858 86.694405 0.000000 0.000000 0.000000 1.000000
0.875466 0.015976 -0.483015 -0.844382 -0.476341 -0.140223 -0.868007 -1.666244 -0.081597 0.989991 -0.115151 86.640869 0.000000 0.000000 0.000000 1.000000
0.878786 0.016486 -0.476932 -0.856565 -0.469596 -0.148021 -0.870385 -1.687727 -0.084945 0.988847 -0.122336 86.929688 0.000000 0.000000 0.000000 1.000000
0.878772 0.013920 -0.477038 -0.822435 -0.469311 -0.156252 -0.869098 -1.673243 -0.086637 0.987619 -0.130777 87.458183 0.000000 0.000000 0.000000 1.000000
0.876072 0.009136 -0.482094 -0.742828 -0.474349 -0.163140 -0.865089 -1.626162 -0.086552 0.986561 -0.138589 88.066269 0.000000 0.000000 0.000000 1.000000
0.871864 0.003257 -0.489738 -0.630485 -0.482332 -0.167661 -0.859794 -1.542450 -0.084910 0.985839 -0.144607 88.614388 0.000000 0.000000 0.000000 1.000000
0.867376 -0.002910 -0.497645 -0.499336 -0.490849 -0.169803 -0.854537 -1.417033 -0.082015 0.985474 -0.148712 89.023483 0.000000 0.000000 0.000000 1.000000
0.863203 -0.009144 -0.504775 -0.357249 -0.498782 -0.170096 -0.849873 -1.238389 -0.078088 0.985385 -0.151388 89.254929 0.000000 0.000000 0.000000 1.000000
0.859067 -0.015579 -0.511627 -0.206485 -0.506589 -0.169007 -0.845461 -0.988322 -0.073297 0.985492 -0.153080 89.269989 0.000000 0.000000 0.000000 1.000000
0.854314 -0.022383 -0.519276 -0.046263 -0.515329 -0.166619 -0.840639 -0.654241 -0.067706 0.985767 -0.153880 89.011543 0.000000 0.000000 0.000000 1.000000
0.848684 -0.029527 -0.528075 0.123660 -0.525338 -0.162746 -0.835185 -0.250135 -0.061281 0.986226 -0.153632 88.432549 0.000000 0.000000 0.000000 1.000000
0.842629 -0.036738 -0.537239 0.296780 -0.535779 -0.157259 -0.829585 0.177347 -0.054009 0.986874 -0.152194 87.549034 0.000000 0.000000 0.000000 1.000000
0.836985 -0.043495 -0.545494 0.454686 -0.545273 -0.150425 -0.824651 0.563368 -0.046188 0.987664 -0.149620 86.479797 0.000000 0.000000 0.000000 1.000000
0.832414 -0.049321 -0.551955 0.571936 -0.552820 -0.142982 -0.820943 0.856670 -0.038430 0.988496 -0.146285 85.433243 0.000000 0.000000 0.000000 1.000000
0.829136 -0.054030 -0.556430 0.631425 -0.558159 -0.136093 -0.818497 1.037479 -0.031503 0.989222 -0.142997 84.645889 0.000000 0.000000 0.000000 1.000000
0.826995 -0.057801 -0.559230 0.638881 -0.561602 -0.131170 -0.816944 1.113732 -0.026134 0.989673 -0.140938 84.300438 0.000000 0.000000 0.000000 1.000000
0.825635 -0.060928 -0.560905 0.622193 -0.563740 -0.129435 -0.815748 1.105962 -0.022899 0.989714 -0.141214 84.462029 0.000000 0.000000 0.000000 1.000000
0.824689 -0.063349 -0.562028 0.612345 -0.565150 -0.131346 -0.814465 1.033623 -0.022225 0.989310 -0.144121 85.063057 0.000000 0.000000 0.000000 1.000000
0.824037 -0.064444 -0.562858 0.620796 -0.566014 -0.136265 -0.813056 0.910555 -0.024301 0.988574 -0.148764 85.936958 0.000000 0.000000 0.000000 1.000000
0.824044 -0.063444 -0.562962 0.633106 -0.565795 -0.142623 -0.812118 0.749384 -0.028768 0.987742 -0.153423 86.874924 0.000000 0.000000 0.000000 1.000000
0.825490 -0.060048 -0.561213 0.623696 -0.563358 -0.148504 -0.812757 0.565927 -0.034538 0.987087 -0.156417 87.679626 0.000000 0.000000 0.000000 1.000000
0.829099 -0.054559 -0.556433 0.576109 -0.557652 -0.152308 -0.815982 0.375613 -0.040230 0.986826 -0.156703 88.206558 0.000000 0.000000 0.000000 1.000000
0.834907 -0.047481 -0.548338 0.492823 -0.548549 -0.153212 -0.821961 0.184650 -0.044985 0.987052 -0.153964 88.390099 0.000000 0.000000 0.000000 1.000000
0.841994 -0.039352 -0.538049 0.392013 -0.537276 -0.151357 -0.829714 -0.010565 -0.048786 0.987696 -0.148585 88.251228 0.000000 0.000000 0.000000 1.000000
0.848910 -0.031056 -0.527624 0.297586 -0.525978 -0.147747 -0.837567 -0.211128 -0.051943 0.988537 -0.141759 87.888832 0.000000 0.000000 0.000000 1.000000
0.854493 -0.023796 -0.518918 0.227517 -0.516583 -0.143979 -0.844045 -0.405673 -0.054628 0.989295 -0.135322 87.453659 0.000000 0.000000 0.000000 1.000000
0.858423 -0.018430 -0.512612 0.181788 -0.509766 -0.141709 -0.848562 -0.574965 -0.057002 0.989737 -0.131041 87.110588 0.000000 0.000000 0.000000 1.000000
0.861071 -0.014913 -0.508265 0.141934 -0.504989 -0.142078 -0.851352 -0.706747 -0.059517 0.989743 -0.129870 86.988960 0.000000 0.000000 0.000000 1.000000
0.862840 -0.012692 -0.505317 0.088372 -0.501582 -0.145362 -0.852810 -0.801028 -0.062631 0.989297 -0.131790 87.135857 0.000000 0.000000 0.000000 1.000000
0.863639 -0.011561 -0.503979 0.021347 -0.499744 -0.150951 -0.852918 -0.857537 -0.066215 0.988474 -0.136145 87.499252 0.000000 0.000000 0.000000 1.000000
0.863006 -0.011720 -0.505058 -0.036861 -0.500375 -0.157580 -0.851348 -0.862013 -0.069609 0.987437 -0.141856 87.951950 0.000000 0.000000 0.000000 1.000000
0.860738 -0.013044 -0.508882 -0.062776 -0.503899 -0.163676 -0.848113 -0.791311 -0.072229 0.986428 -0.147455 88.342712 0.000000 0.000000 0.000000 1.000000
0.857372 -0.014743 -0.514486 -0.054306 -0.509370 -0.167753 -0.844039 -0.637191 -0.073863 0.985719 -0.151336 88.551102 0.000000 0.000000 0.000000 1.000000
0.854023 -0.015955 -0.519991 -0.032440 -0.514890 -0.168846 -0.840464 -0.426253 -0.074389 0.985513 -0.152413 88.528992 0.000000 0.000000 0.000000 1.000000
0.851662 -0.016533 -0.523830 -0.022290 -0.518901 -0.166914 -0.838380 -0.213006 -0.073573 0.985833 -0.150733 88.318459 0.000000 0.000000 0.000000 1.000000
0.850503 -0.017104 -0.525691 -0.033715 -0.521110 -0.162947 -0.837790 -0.048191 -0.071330 0.986487 -0.147500 88.035217 0.000000 0.000000 0.000000 1.000000
0.850007 -0.018421 -0.526450 -0.058537 -0.522357 -0.158599 -0.837848 0.050053 -0.068060 0.987171 -0.144433 87.817177 0.000000 0.000000 0.000000 1.000000
0.849373 -0.020823 -0.527383 -0.082577 -0.523837 -0.155381 -0.837527 0.098006 -0.064505 0.987635 -0.142885 87.760590 0.000000 0.000000 0.000000 1.000000
0.847992 -0.024238 -0.529454 -0.097440 -0.526461 -0.153904 -0.836153 0.125257 -0.061219 0.987788 -0.143270 87.881859 0.000000 0.000000 0.000000 1.000000
0.845580 -0.028485 -0.533088 -0.101943 -0.530667 -0.153709 -0.833526 0.154346 -0.058198 0.987705 -0.145090 88.128632 0.000000 0.000000 0.000000 1.000000
0.842160 -0.033384 -0.538194 -0.096653 -0.536408 -0.153817 -0.829823 0.196505 -0.055081 0.987535 -0.147446 88.425423 0.000000 0.000000 0.000000 1.000000
0.838074 -0.038564 -0.544192 -0.080156 -0.543102 -0.153501 -0.825517 0.258318 -0.051698 0.987396 -0.149589 88.712151 0.000000 0.000000 0.000000 1.000000
0.833956 -0.043373 -0.550123 -0.049333 -0.549708 -0.152646 -0.821292 0.346673 -0.048352 0.987329 -0.151143 88.946617 0.000000 0.000000 0.000000 1.000000
0.830505 -0.047261 -0.555002 0.000169 -0.555156 -0.151481 -0.817836 0.467527 -0.045420 0.987330 -0.152044 89.082382 0.000000 0.000000 0.000000 1.000000
0.828144 -0.050323 -0.558251 0.073854 -0.558884 -0.150053 -0.815557 0.621480 -0.042725 0.987396 -0.152390 89.057899 0.000000 0.000000 0.000000 1.000000
0.826882 -0.053247 -0.559849 0.173790 -0.560987 -0.148009 -0.814486 0.799968 -0.039494 0.987552 -0.152257 88.816971 0.000000 0.000000 0.000000 1.000000
0.826514 -0.056571 -0.560066 0.289738 -0.561823 -0.144886 -0.814471 0.983716 -0.035070 0.987830 -0.151533 88.348465 0.000000 0.000000 0.000000 1.000000
0.826866 -0.060082 -0.559180 0.397996 -0.561615 -0.140682 -0.815351 1.143838 -0.029678 0.988230 -0.150068 87.711601 0.000000 0.000000 0.000000 1.000000
0.827786 -0.063313 -0.557460 0.473199 -0.560524 -0.136100 -0.816878 1.250273 -0.024152 0.988670 -0.148150 87.037910 0.000000 0.000000 0.000000 1.000000
0.828945 -0.066302 -0.555386 0.504865 -0.558999 -0.132315 -0.818543 1.283325 -0.019215 0.988988 -0.146745 86.501122 0.000000 0.000000 0.000000 1.000000
0.829850 -0.069327 -0.553663 0.500420 -0.557774 -0.130431 -0.819680 1.239835 -0.015389 0.989031 -0.146907 86.257111 0.000000 0.000000 0.000000 1.000000
0.830223 -0.071921 -0.552772 0.469188 -0.557270 -0.130934 -0.819943 1.129925 -0.013406 0.988779 -0.148784 86.376335 0.000000 0.000000 0.000000 1.000000
0.830376 -0.072699 -0.552440 0.405891 -0.557025 -0.133399 -0.819712 0.966573 -0.014103 0.988392 -0.151267 86.807373 0.000000 0.000000 0.000000 1.000000
0.831161 -0.070487 -0.551547 0.291338 -0.555756 -0.136597 -0.820047 0.758397 -0.017537 0.988116 -0.152707 87.403046 0.000000 0.000000 0.000000 1.000000
0.833536 -0.065317 -0.548590 0.108064 -0.552003 -0.139067 -0.822164 0.513051 -0.022589 0.988127 -0.151972 87.994598 0.000000 0.000000 0.000000 1.000000
0.838168 -0.058031 -0.542316 -0.145297 -0.544698 -0.139898 -0.826881 0.246546 -0.027884 0.988464 -0.148867 88.457130 0.000000 0.000000 0.000000 1.000000
0.845222 -0.049131 -0.532153 -0.451167 -0.533395 -0.139072 -0.834355 -0.014983 -0.033015 0.989063 -0.143753 88.720070 0.000000 0.000000 0.000000 1.000000
0.854258 -0.038446 -0.518425 -0.779670 -0.518414 -0.137042 -0.844077 -0.246453 -0.038594 0.989819 -0.137000 88.736389 0.000000 0.000000 0.000000 1.000000
0.864268 -0.025976 -0.502361 -1.098773 -0.501001 -0.134085 -0.854996 -0.437140 -0.045150 0.990629 -0.128899 88.470222 0.000000 0.000000 0.000000 1.000000
0.874010 -0.012785 -0.485740 -1.382875 -0.483097 -0.130239 -0.865826 -0.589230 -0.052193 0.991400 -0.120007 87.934120 0.000000 0.000000 0.000000 1.000000
0.882539 -0.000723 -0.470238 -1.617220 -0.466572 -0.125979 -0.875465 -0.709717 -0.058607 0.992033 -0.111519 87.244041 0.000000 0.000000 0.000000 1.000000
0.889415 0.008577 -0.457020 -1.797240 -0.452650 -0.122666 -0.883211 -0.800781 -0.063636 0.992411 -0.105219 86.618469 0.000000 0.000000 0.000000 1.000000
0.894427 0.014448 -0.446980 -1.921956 -0.442102 -0.122112 -0.888614 -0.858116 -0.067421 0.992411 -0.102833 86.289818 0.000000 0.000000 0.000000 1.000000
0.897299 0.017036 -0.441095 -1.988657 -0.435757 -0.125415 -0.891284 -0.872371 -0.070504 0.991958 -0.105111 86.385056 0.000000 0.000000 0.000000 1.000000
0.897741 0.016694 -0.440207 -1.992193 -0.434433 -0.132046 -0.890973 -0.830277 -0.073001 0.991103 -0.111290 86.861191 0.000000 0.000000 0.000000 1.000000
0.895756 0.013679 -0.444336 -1.928213 -0.438282 -0.140044 -0.887861 -0.717208 -0.074372 0.990051 -0.119450 87.537720 0.000000 0.000000 0.000000 1.000000
0.891794 0.008295 -0.452365 -1.797440 -0.446358 -0.147262 -0.882654 -0.522276 -0.073938 0.989063 -0.127625 88.191803 0.000000 0.000000 0.000000 1.000000
0.886618 0.001120 -0.462501 -1.608986 -0.456936 -0.152559 -0.876319 -0.244037 -0.071540 0.988294 -0.134750 88.650078 0.000000 0.000000 0.000000 1.000000
0.880976 -0.006952 -0.473109 -1.379717 -0.468289 -0.155921 -0.869709 0.105683 -0.067721 0.987745 -0.140618 88.830696 0.000000 0.000000 0.000000 1.000000
0.875351 -0.015052 -0.483253 -1.126416 -0.479349 -0.157520 -0.863373 0.509145 -0.063127 0.987401 -0.145100 88.727959 0.000000 0.000000 0.000000 1.000000
0.869898 -0.022608 -0.492713 -0.854163 -0.489806 -0.157117 -0.857557 0.945518 -0.058026 0.987321 -0.147749 88.371361 0.000000 0.000000 0.000000 1.000000
0.864593 -0.029621 -0.501600 -0.555838 -0.499756 -0.154376 -0.852298 1.390745 -0.052189 0.987568 -0.148276 87.796326 0.000000 0.000000 0.000000 1.000000
