<?xml version="1.0" encoding="utf-8"?>
<COLLADA xmlns="http://www.collada.org/2005/11/COLLADASchema" version="1.4.1">
  <asset>
    <contributor>
      <author>Mixamo</author>
      <authoring_tool>COLLADA Mixamo exporter</authoring_tool>
      <comments/>
    </contributor>
    <created>2024-07-03T22:28:41Z</created>
    <modified>2024-07-03T22:28:41Z</modified>
    <revision/>
    <title/>
    <unit meter="0.010000"/>
    <up_axis>Y_UP</up_axis>
  </asset>
  <library_animations>
    <animation>
      <source id="Armature-Matrix-animation-input">
        <float_array id="Armature-Matrix-animation-input-array" count="151">

0.000000 0.033333 0.066667 0.100000 0.133333 0.166667 0.200000 0.233333 0.266667 0.300000 0.333333 0.366667 0.400000 0.433333 0.466667 0.500000
0.533333 0.566667 0.600000 0.633333 0.666667 0.700000 0.733333 0.766667 0.800000 0.833333 0.866667 0.900000 0.933333 0.966667 1.000000 1.033333
1.066667 1.100000 1.133333 1.166667 1.200000 1.233333 1.266667 1.300000 1.333333 1.366667 1.400000 1.433333 1.466667 1.500000 1.533333 1.566667
1.600000 1.633333 1.666667 1.700000 1.733333 1.766667 1.800000 1.833333 1.866667 1.900000 1.933333 1.966667 2.000000 2.033333 2.066667 2.100000
2.133333 2.166667 2.200000 2.233333 2.266667 2.300000 2.333333 2.366667 2.400000 2.433333 2.466667 2.500000 2.533333 2.566667 2.600000 2.633333
2.666667 2.700000 2.733333 2.766667 2.800000 2.833333 2.866667 2.900000 2.933333 2.966667 3.000000 3.033333 3.066667 3.100000 3.133333 3.166667
3.200000 3.233333 3.266667 3.300000 3.333333 3.366667 3.400000 3.433333 3.466667 3.500000 3.533333 3.566667 3.600000 3.633333 3.666667 3.700000
3.733333 3.766667 3.800000 3.833333 3.866667 3.900000 3.933333 3.966667 4.000000 4.033333 4.066667 4.100000 4.133333 4.166667 4.200000 4.233333
4.266667 4.300000 4.333333 4.366667 4.400000 4.433333 4.466667 4.500000 4.533333 4.566667 4.600000 4.633333 4.666667 4.700000 4.733333 4.766667
4.800000 4.833333 4.866667 4.900000 4.933333 4.966667 5.000000</float_array>
        <technique_common>
          <accessor source="#Armature-Matrix-animation-input-array" count="151">
            <param name="TIME" type="float"/>
          </accessor>
        </technique_common>
      </source>
      <source id="Armature-Matrix-animation-output-transform">
        <float_array id="Armature-Matrix-animation-output-transform-array" count="2416">

1.000000 0.000000 0.000000 0.000000 0.000000 0.000000 1.000000 0.000000 0.000000 -1.000000 0.000000 0.000000 0.000000 0.000000 0.000000 1.000000
1.000000 0.000000 0.000000 0.000000 0.000000 0.000000 1.000000 0.000000 0.000000 -1.000000 0.000000 0.000000 0.000000 0.000000 0.000000 1.000000
1.000000 0.000000 0.000000 0.000000 0.000000 0.000000 1.000000 0.000000 0.000000 -1.000000 0.000000 0.000000 0.000000 0.000000 0.000000 1.000000
1.000000 0.000000 0.000000 0.000000 0.000000 0.000000 1.000000 0.000000 0.000000 -1.000000 0.000000 0.000000 0.000000 0.000000 0.000000 1.000000
1.000000 0.000000 0.000000 0.000000 0.000000 0.000000 1.000000 0.000000 0.000000 -1.000000 0.000000 0.000000 0.000000 0.000000 0.000000 1.000000
1.000000 0.000000 0.000000 0.000000 0.000000 0.000000 1.000000 0.000000 0.000000 -1.000000 0.000000 0.000000 0.000000 0.000000 0.000000 1.000000
1.000000 0.000000 0.000000 0.000000 0.000000 0.000000 1.000000 0.000000 0.000000 -1.000000 0.000000 0.000000 0.000000 0.000000 0.000000 1.000000
1.000000 0.000000 0.000000 0.000000 0.000000 0.000000 1.000000 0.000000 0.000000 -1.000000 0.000000 0.000000 0.000000 0.000000 0.000000 1.000000
1.000000 0.000000 0.000000 0.000000 0.000000 0.000000 1.000000 0.000000 0.000000 -1.000000 0.000000 0.000000 0.000000 0.000000 0.000000 1.000000
1.000000 0.000000 0.000000 0.000000 0.000000 0.000000 1.000000 0.000000 0.000000 -1.000000 0.000000 0.000000 0.000000 0.000000 0.000000 1.000000
1.000000 0.000000 0.000000 0.000000 0.000000 0.000000 1.000000 0.000000 0.000000 -1.000000 0.000000 0.000000 0.000000 0.000000 0.000000 1.000000
1.000000 0.000000 0.000000 0.000000 0.000000 0.000000 1.000000 0.000000 0.000000 -1.000000 0.000000 0.000000 0.000000 0.000000 0.000000 1.000000
1.000000 0.000000 0.000000 0.000000 0.000000 0.000000 1.000000 0.000000 0.000000 -1.000000 0.000000 0.000000 0.000000 0.000000 0.000000 1.000000
1.000000 0.000000 0.000000 0.000000 0.000000 0.000000 1.000000 0.000000 0.000000 -1.000000 0.000000 0.000000 0.000000 0.000000 0.000000 1.000000
1.000000 0.000000 0.000000 0.000000 0.000000 0.000000 1.000000 0.000000 0.000000 -1.000000 0.000000 0.000000 0.000000 0.000000 0.000000 1.000000
1.000000 0.000000 0.000000 0.000000 0.000000 0.000000 1.000000 0.000000 0.000000 -1.000000 0.000000 0.000000 0.000000 0.000000 0.000000 1.000000
1.000000 0.000000 0.000000 0.000000 0.000000 0.000000 1.000000 0.000000 0.000000 -1.000000 0.000000 0.000000 0.000000 0.000000 0.000000 1.000000
1.000000 0.000000 0.000000 0.000000 0.000000 0.000000 1.000000 0.000000 0.000000 -1.000000 0.000000 0.000000 0.000000 0.000000 0.000000 1.000000
1.000000 0.000000 0.000000 0.000000 0.000000 0.000000 1.000000 0.000000 0.000000 -1.000000 0.000000 0.000000 0.000000 0.000000 0.000000 1.000000
1.000000 0.000000 0.000000 0.000000 0.000000 0.000000 1.000000 0.000000 0.000000 -1.000000 0.000000 0.000000 0.000000 0.000000 0.000000 1.000000
1.000000 0.000000 0.000000 0.000000 0.000000 0.000000 1.000000 0.000000 0.000000 -1.000000 0.000000 0.000000 0.000000 0.000000 0.000000 1.000000
1.000000 0.000000 0.000000 0.000000 0.000000 0.000000 1.000000 0.000000 0.000000 -1.000000 0.000000 0.000000 0.000000 0.000000 0.000000 1.000000
1.000000 0.000000 0.000000 0.000000 0.000000 0.000000 1.000000 0.000000 0.000000 -1.000000 0.000000 0.000000 0.000000 0.000000 0.000000 1.000000
1.000000 0.000000 0.000000 0.000000 0.000000 0.000000 1.000000 0.000000 0.000000 -1.000000 0.000000 0.000000 0.000000 0.000000 0.000000 1.000000
1.000000 0.000000 0.000000 0.000000 0.000000 0.000000 1.000000 0.000000 0.000000 -1.000000 0.000000 0.000000 0.000000 0.000000 0.000000 1.000000
1.000000 0.000000 0.000000 0.000000 0.000000 0.000000 1.000000 0.000000 0.000000 -1.000000 0.000000 0.000000 0.000000 0.000000 0.000000 1.000000
1.000000 0.000000 0.000000 0.000000 0.000000 0.000000 1.000000 0.000000 0.000000 -1.000000 0.000000 0.000000 0.000000 0.000000 0.000000 1.000000
1.000000 0.000000 0.000000 0.000000 0.000000 0.000000 1.000000 0.000000 0.000000 -1.000000 0.000000 0.000000 0.000000 0.000000 0.000000 1.000000
1.000000 0.000000 0.000000 0.000000 0.000000 0.000000 1.000000 0.000000 0.000000 -1.000000 0.000000 0.000000 0.000000 0.000000 0.000000 1.000000
1.000000 0.000000 0.000000 0.000000 0.000000 0.000000 1.000000 0.000000 0.000000 -1.000000 0.000000 0.000000 0.000000 0.000000 0.000000 1.000000
1.000000 0.000000 0.000000 0.000000 0.000000 0.000000 1.000000 0.000000 0.000000 -1.000000 0.000000 0.000000 0.000000 0.000000 0.000000 1.000000
1.000000 0.000000 0.000000 0.000000 0.000000 0.000000 1.000000 0.000000 0.000000 -1.000000 0.000000 0.000000 0.000000 0.000000 0.000000 1.000000
1.000000 0.000000 0.000000 0.000000 0.000000 0.000000 1.000000 0.000000 0.000000 -1.000000 0.000000 0.000000 0.000000 0.000000 0.000000 1.000000
1.000000 0.000000 0.000000 0.000000 0.000000 0.000000 1.000000 0.000000 0.000000 -1.000000 0.000000 0.000000 0.000000 0.000000 0.000000 1.000000
1.000000 0.000000 0.000000 0.000000 0.000000 0.000000 1.000000 0.000000 0.000000 -1.000000 0.000000 0.000000 0.000000 0.000000 0.000000 1.000000
1.000000 0.000000 0.000000 0.000000 0.000000 0.000000 1.000000 0.000000 0.000000 -1.000000 0.000000 0.000000 0.000000 0.000000 0.000000 1.000000
1.000000 0.000000 0.000000 0.000000 0.000000 0.000000 1.000000 0.000000 0.000000 -1.000000 0.000000 0.000000 0.000000 0.000000 0.000000 1.000000
1.000000 0.000000 0.000000 0.000000 0.000000 0.000000 1.000000 0.000000 0.000000 -1.000000 0.000000 0.000000 0.000000 0.000000 0.000000 1.000000
1.000000 0.000000 0.000000 0.000000 0.000000 0.000000 1.000000 0.000000 0.000000 -1.000000 0.000000 0.000000 0.000000 0.000000 0.000000 1.000000
1.000000 0.000000 0.000000 0.000000 0.000000 0.000000 1.000000 0.000000 0.000000 -1.000000 0.000000 0.000000 0.000000 0.000000 0.000000 1.000000
1.000000 0.000000 0.000000 0.000000 0.000000 0.000000 1.000000 0.000000 0.000000 -1.000000 0.000000 0.000000 0.000000 0.000000 0.000000 1.000000
1.000000 0.000000 0.000000 0.000000 0.000000 0.000000 1.000000 0.000000 0.000000 -1.000000 0.000000 0.000000 0.000000 0.000000 0.000000 1.000000
1.000000 0.000000 0.000000 0.000000 0.000000 0.000000 1.000000 0.000000 0.000000 -1.000000 0.000000 0.000000 0.000000 0.000000 0.000000 1.000000
1.000000 0.000000 0.000000 0.000000 0.000000 0.000000 1.000000 0.000000 0.000000 -1.000000 0.000000 0.000000 0.000000 0.000000 0.000000 1.000000
1.000000 0.000000 0.000000 0.000000 0.000000 0.000000 1.000000 0.000000 0.000000 -1.000000 0.000000 0.000000 0.000000 0.000000 0.000000 1.000000
1.000000 0.000000 0.000000 0.000000 0.000000 0.000000 1.000000 0.000000 0.000000 -1.000000 0.000000 0.000000 0.000000 0.000000 0.000000 1.000000
1.000000 0.000000 0.000000 0.000000 0.000000 0.000000 1.000000 0.000000 0.000000 -1.000000 0.000000 0.000000 0.000000 0.000000 0.000000 1.000000
1.000000 0.000000 0.000000 0.000000 0.000000 0.000000 1.000000 0.000000 0.000000 -1.000000 0.000000 0.000000 0.000000 0.000000 0.000000 1.000000
1.000000 0.000000 0.000000 0.000000 0.000000 0.000000 1.000000 0.000000 0.000000 -1.000000 0.000000 0.000000 0.000000 0.000000 0.000000 1.000000
1.000000 0.000000 0.000000 0.000000 0.000000 0.000000 1.000000 0.000000 0.000000 -1.000000 0.000000 0.000000 0.000000 0.000000 0.000000 1.000000
1.000000 0.000000 0.000000 0.000000 0.000000 0.000000 1.000000 0.000000 0.000000 -1.000000 0.000000 0.000000 0.000000 0.000000 0.000000 1.000000
1.000000 0.000000 0.000000 0.000000 0.000000 0.000000 1.000000 0.000000 0.000000 -1.000000 0.000000 0.000000 0.000000 0.000000 0.000000 1.000000
1.000000 0.000000 0.000000 0.000000 0.000000 0.000000 1.000000 0.000000 0.000000 -1.000000 0.000000 0.000000 0.000000 0.000000 0.000000 1.000000
1.000000 0.000000 0.000000 0.000000 0.000000 0.000000 1.000000 0.000000 0.000000 -1.000000 0.000000 0.000000 0.000000 0.000000 0.000000 1.000000
1.000000 0.000000 0.000000 0.000000 0.000000 0.000000 1.000000 0.000000 0.000000 -1.000000 0.000000 0.000000 0.000000 0.000000 0.000000 1.000000
1.000000 0.000000 0.000000 0.000000 0.000000 0.000000 1.000000 0.000000 0.000000 -1.000000 0.000000 0.000000 0.000000 0.000000 0.000000 1.000000
1.000000 0.000000 0.000000 0.000000 0.000000 0.000000 1.000000 0.000000 0.000000 -1.000000 0.000000 0.000000 0.000000 0.000000 0.000000 1.000000
1.000000 0.000000 0.000000 0.000000 0.000000 0.000000 1.000000 0.000000 0.000000 -1.000000 0.000000 0.000000 0.000000 0.000000 0.000000 1.000000
1.000000 0.000000 0.000000 0.000000 0.000000 0.000000 1.000000 0.000000 0.000000 -1.000000 0.000000 0.000000 0.000000 0.000000 0.000000 1.000000
1.000000 0.000000 0.000000 0.000000 0.000000 0.000000 1.000000 0.000000 0.000000 -1.000000 0.000000 0.000000 0.000000 0.000000 0.000000 1.000000
1.000000 0.000000 0.000000 0.000000 0.000000 0.000000 1.000000 0.000000 0.000000 -1.000000 0.000000 0.000000 0.000000 0.000000 0.000000 1.000000
1.000000 0.000000 0.000000 0.000000 0.000000 0.000000 1.000000 0.000000 0.000000 -1.000000 0.000000 0.000000 0.000000 0.000000 0.000000 1.000000
1.000000 0.000000 0.000000 0.000000 0.000000 0.000000 1.000000 0.000000 0.000000 -1.000000 0.000000 0.000000 0.000000 0.000000 0.000000 1.000000
1.000000 0.000000 0.000000 0.000000 0.000000 0.000000 1.000000 0.000000 0.000000 -1.000000 0.000000 0.000000 0.000000 0.000000 0.000000 1.000000
1.000000 0.000000 0.000000 0.000000 0.000000 0.000000 1.000000 0.000000 0.000000 -1.000000 0.000000 0.000000 0.000000 0.000000 0.000000 1.000000
1.000000 0.000000 0.000000 0.000000 0.000000 0.000000 1.000000 0.000000 0.000000 -1.000000 0.000000 0.000000 0.000000 0.000000 0.000000 1.000000
1.000000 0.000000 0.000000 0.000000 0.000000 0.000000 1.000000 0.000000 0.000000 -1.000000 0.000000 0.000000 0.000000 0.000000 0.000000 1.000000
1.000000 0.000000 0.000000 0.000000 0.000000 0.000000 1.000000 0.000000 0.000000 -1.000000 0.000000 0.000000 0.000000 0.000000 0.000000 1.000000
1.000000 0.000000 0.000000 0.000000 0.000000 0.000000 1.000000 0.000000 0.000000 -1.000000 0.000000 0.000000 0.000000 0.000000 0.000000 1.000000
1.000000 0.000000 0.000000 0.000000 0.000000 0.000000 1.000000 0.000000 0.000000 -1.000000 0.000000 0.000000 0.000000 0.000000 0.000000 1.000000
1.000000 0.000000 0.000000 0.000000 0.000000 0.000000 1.000000 0.000000 0.000000 -1.000000 0.000000 0.000000 0.000000 0.000000 0.000000 1.000000
1.000000 0.000000 0.000000 0.000000 0.000000 0.000000 1.000000 0.000000 0.000000 -1.000000 0.000000 0.000000 0.000000 0.000000 0.000000 1.000000
1.000000 0.000000 0.000000 0.000000 0.000000 0.000000 1.000000 0.000000 0.000000 -1.000000 0.000000 0.000000 0.000000 0.000000 0.000000 1.000000
1.000000 0.000000 0.000000 0.000000 0.000000 0.000000 1.000000 0.000000 0.000000 -1.000000 0.000000 0.000000 0.000000 0.000000 0.000000 1.000000
1.000000 0.000000 0.000000 0.000000 0.000000 0.000000 1.000000 0.000000 0.000000 -1.000000 0.000000 0.000000 0.000000 0.000000 0.000000 1.000000
1.000000 0.000000 0.000000 0.000000 0.000000 0.000000 1.000000 0.000000 0.000000 -1.000000 0.000000 0.000000 0.000000 0.000000 0.000000 1.000000
1.000000 0.000000 0.000000 0.000000 0.000000 0.000000 1.000000 0.000000 0.000000 -1.000000 0.000000 0.000000 0.000000 0.000000 0.000000 1.000000
1.000000 0.000000 0.000000 0.000000 0.000000 0.000000 1.000000 0.000000 0.000000 -1.000000 0.000000 0.000000 0.000000 0.000000 0.000000 1.000000
1.000000 0.000000 0.000000 0.000000 0.000000 0.000000 1.000000 0.000000 0.000000 -1.000000 0.000000 0.000000 0.000000 0.000000 0.000000 1.000000
1.000000 0.000000 0.000000 0.000000 0.000000 0.000000 1.000000 0.000000 0.000000 -1.000000 0.000000 0.000000 0.000000 0.000000 0.000000 1.000000
1.000000 0.000000 0.000000 0.000000 0.000000 0.000000 1.000000 0.000000 0.000000 -1.000000 0.000000 0.000000 0.000000 0.000000 0.000000 1.000000
1.000000 0.000000 0.000000 0.000000 0.000000 0.000000 1.000000 0.000000 0.000000 -1.000000 0.000000 0.000000 0.000000 0.000000 0.000000 1.000000
1.000000 0.000000 0.000000 0.000000 0.000000 0.000000 1.000000 0.000000 0.000000 -1.000000 0.000000 0.000000 0.000000 0.000000 0.000000 1.000000
1.000000 0.000000 0.000000 0.000000 0.000000 0.000000 1.000000 0.000000 0.000000 -1.000000 0.000000 0.000000 0.000000 0.000000 0.000000 1.000000
1.000000 0.000000 0.000000 0.000000 0.000000 0.000000 1.000000 0.000000 0.000000 -1.000000 0.000000 0.000000 0.000000 0.000000 0.000000 1.000000
1.000000 0.000000 0.000000 0.000000 0.000000 0.000000 1.000000 0.000000 0.000000 -1.000000 0.000000 0.000000 0.000000 0.000000 0.000000 1.000000
1.000000 0.000000 0.000000 0.000000 0.000000 0.000000 1.000000 0.000000 0.000000 -1.000000 0.000000 0.000000 0.000000 0.000000 0.000000 1.000000
1.000000 0.000000 0.000000 0.000000 0.000000 0.000000 1.000000 0.000000 0.000000 -1.000000 0.000000 0.000000 0.000000 0.000000 0.000000 1.000000
1.000000 0.000000 0.000000 0.000000 0.000000 0.000000 1.000000 0.000000 0.000000 -1.000000 0.000000 0.000000 0.000000 0.000000 0.000000 1.000000
1.000000 0.000000 0.000000 0.000000 0.000000 0.000000 1.000000 0.000000 0.000000 -1.000000 0.000000 0.000000 0.000000 0.000000 0.000000 1.000000
1.000000 0.000000 0.000000 0.000000 0.000000 0.000000 1.000000 0.000000 0.000000 -1.000000 0.000000 0.000000 0.000000 0.000000 0.000000 1.000000
1.000000 0.000000 0.000000 0.000000 0.000000 0.000000 1.000000 0.000000 0.000000 -1.000000 0.000000 0.000000 0.000000 0.000000 0.000000 1.000000
1.000000 0.000000 0.000000 0.000000 0.000000 0.000000 1.000000 0.000000 0.000000 -1.000000 0.000000 0.000000 0.000000 0.000000 0.000000 1.000000
1.000000 0.000000 0.000000 0.000000 0.000000 0.000000 1.000000 0.000000 0.000000 -1.000000 0.000000 0.000000 0.000000 0.000000 0.000000 1.000000
1.000000 0.000000 0.000000 0.000000 0.000000 0.000000 1.000000 0.000000 0.000000 -1.000000 0.000000 0.000000 0.000000 0.000000 0.000000 1.000000
1.000000 0.000000 0.000000 0.000000 0.000000 0.000000 1.000000 0.000000 0.000000 -1.000000 0.000000 0.000000 0.000000 0.000000 0.000000 1.000000
1.000000 0.000000 0.000000 0.000000 0.000000 0.000000 1.000000 0.000000 0.000000 -1.000000 0.000000 0.000000 0.000000 0.000000 0.000000 1.000000
1.000000 0.000000 0.000000 0.000000 0.000000 0.000000 1.000000 0.000000 0.000000 -1.000000 0.000000 0.000000 0.000000 0.000000 0.000000 1.000000
1.000000 0.000000 0.000000 0.000000 0.000000 0.000000 1.000000 0.000000 0.000000 -1.000000 0.000000 0.000000 0.000000 0.000000 0.000000 1.000000
1.000000 0.000000 0.000000 0.000000 0.000000 0.000000 1.000000 0.000000 0.000000 -1.000000 0.000000 0.000000 0.000000 0.000000 0.000000 1.000000
1.000000 0.000000 0.000000 0.000000 0.000000 0.000000 1.000000 0.000000 0.000000 -1.000000 0.000000 0.000000 0.000000 0.000000 0.000000 1.000000
1.000000 0.000000 0.000000 0.000000 0.000000 0.000000 1.000000 0.000000 0.000000 -1.000000 0.000000 0.000000 0.000000 0.000000 0.000000 1.000000
1.000000 0.000000 0.000000 0.000000 0.000000 0.000000 1.000000 0.000000 0.000000 -1.000000 0.000000 0.000000 0.000000 0.000000 0.000000 1.000000
1.000000 0.000000 0.000000 0.000000 0.000000 0.000000 1.000000 0.000000 0.000000 -1.000000 0.000000 0.000000 0.000000 0.000000 0.000000 1.000000
1.000000 0.000000 0.000000 0.000000 0.000000 0.000000 1.000000 0.000000 0.000000 -1.000000 0.000000 0.000000 0.000000 0.000000 0.000000 1.000000
1.000000 0.000000 0.000000 0.000000 0.000000 0.000000 1.000000 0.000000 0.000000 -1.000000 0.000000 0.000000 0.000000 0.000000 0.000000 1.000000
1.000000 0.000000 0.000000 0.000000 0.000000 0.000000 1.000000 0.000000 0.000000 -1.000000 0.000000 0.000000 0.000000 0.000000 0.000000 1.000000
1.000000 0.000000 0.000000 0.000000 0.000000 0.000000 1.000000 0.000000 0.000000 -1.000000 0.000000 0.000000 0.000000 0.000000 0.000000 1.000000
1.000000 0.000000 0.000000 0.000000 0.000000 0.000000 1.000000 0.000000 0.000000 -1.000000 0.000000 0.000000 0.000000 0.000000 0.000000 1.000000
1.000000 0.000000 0.000000 0.000000 0.000000 0.000000 1.000000 0.000000 0.000000 -1.000000 0.000000 0.000000 0.000000 0.000000 0.000000 1.000000
1.000000 0.000000 0.000000 0.000000 0.000000 0.000000 1.000000 0.000000 0.000000 -1.000000 0.000000 0.000000 0.000000 0.000000 0.000000 1.000000
1.000000 0.000000 0.000000 0.000000 0.000000 0.000000 1.000000 0.000000 0.000000 -1.000000 0.000000 0.000000 0.000000 0.000000 0.000000 1.000000
1.000000 0.000000 0.000000 0.000000 0.000000 0.000000 1.000000 0.000000 0.000000 -1.000000 0.000000 0.000000 0.000000 0.000000 0.000000 1.000000
1.000000 0.000000 0.000000 0.000000 0.000000 0.000000 1.000000 0.000000 0.000000 -1.000000 0.000000 0.000000 0.000000 0.000000 0.000000 1.000000
1.000000 0.000000 0.000000 0.000000 0.000000 0.000000 1.000000 0.000000 0.000000 -1.000000 0.000000 0.000000 0.000000 0.000000 0.000000 1.000000
1.000000 0.000000 0.000000 0.000000 0.000000 0.000000 1.000000 0.000000 0.000000 -1.000000 0.000000 0.000000 0.000000 0.000000 0.000000 1.000000
1.000000 0.000000 0.000000 0.000000 0.000000 0.000000 1.000000 0.000000 0.000000 -1.000000 0.000000 0.000000 0.000000 0.000000 0.000000 1.000000
1.000000 0.000000 0.000000 0.000000 0.000000 0.000000 1.000000 0.000000 0.000000 -1.000000 0.000000 0.000000 0.000000 0.000000 0.000000 1.000000
1.000000 0.000000 0.000000 0.000000 0.000000 0.000000 1.000000 0.000000 0.000000 -1.000000 0.000000 0.000000 0.000000 0.000000 0.000000 1.000000
1.000000 0.000000 0.000000 0.000000 0.000000 0.000000 1.000000 0.000000 0.000000 -1.000000 0.000000 0.000000 0.000000 0.000000 0.000000 1.000000
1.000000 0.000000 0.000000 0.000000 0.000000 0.000000 1.000000 0.000000 0.000000 -1.000000 0.000000 0.000000 0.000000 0.000000 0.000000 1.000000
1.000000 0.000000 0.000000 0.000000 0.000000 0.000000 1.000000 0.000000 0.000000 -1.000000 0.000000 0.000000 0.000000 0.000000 0.000000 1.000000
1.000000 0.000000 0.000000 0.000000 0.000000 0.000000 1.000000 0.000000 0.000000 -1.000000 0.000000 0.000000 0.000000 0.000000 0.000000 1.000000
1.000000 0.000000 0.000000 0.000000 0.000000 0.000000 1.000000 0.000000 0.000000 -1.000000 0.000000 0.000000 0.000000 0.000000 0.000000 1.000000
1.000000 0.000000 0.000000 0.000000 0.000000 0.000000 1.000000 0.000000 0.000000 -1.000000 0.000000 0.000000 0.000000 0.000000 0.000000 1.000000
1.000000 0.000000 0.000000 0.000000 0.000000 0.000000 1.000000 0.000000 0.000000 -1.000000 0.000000 0.000000 0.000000 0.000000 0.000000 1.000000
1.000000 0.000000 0.000000 0.000000 0.000000 0.000000 1.000000 0.000000 0.000000 -1.000000 0.000000 0.000000 0.000000 0.000000 0.000000 1.000000
1.000000 0.000000 0.000000 0.000000 0.000000 0.000000 1.000000 0.000000 0.000000 -1.000000 0.000000 0.000000 0.000000 0.000000 0.000000 1.000000
1.000000 0.000000 0.000000 0.000000 0.000000 0.000000 1.000000 0.000000 0.000000 -1.000000 0.000000 0.000000 0.000000 0.000000 0.000000 1.000000
1.000000 0.000000 0.000000 0.000000 0.000000 0.000000 1.000000 0.000000 0.000000 -1.000000 0.000000 0.000000 0.000000 0.000000 0.000000 1.000000
1.000000 0.000000 0.000000 0.000000 0.000000 0.000000 1.000000 0.000000 0.000000 -1.000000 0.000000 0.000000 0.000000 0.000000 0.000000 1.000000
1.000000 0.000000 0.000000 0.000000 0.000000 0.000000 1.000000 0.000000 0.000000 -1.000000 0.000000 0.000000 0.000000 0.000000 0.000000 1.000000
1.000000 0.000000 0.000000 0.000000 0.000000 0.000000 1.000000 0.000000 0.000000 -1.000000 0.000000 0.000000 0.000000 0.000000 0.000000 1.000000
1.000000 0.000000 0.000000 0.000000 0.000000 0.000000 1.000000 0.000000 0.000000 -1.000000 0.000000 0.000000 0.000000 0.000000 0.000000 1.000000
1.000000 0.000000 0.000000 0.000000 0.000000 0.000000 1.000000 0.000000 0.000000 -1.000000 0.000000 0.000000 0.000000 0.000000 0.000000 1.000000
1.000000 0.000000 0.000000 0.000000 0.000000 0.000000 1.000000 0.000000 0.000000 -1.000000 0.000000 0.000000 0.000000 0.000000 0.000000 1.000000
1.000000 0.000000 0.000000 0.000000 0.000000 0.000000 1.000000 0.000000 0.000000 -1.000000 0.000000 0.000000 0.000000 0.000000 0.000000 1.000000
1.000000 0.000000 0.000000 0.000000 0.000000 0.000000 1.000000 0.000000 0.000000 -1.000000 0.000000 0.000000 0.000000 0.000000 0.000000 1.000000
1.000000 0.000000 0.000000 0.000000 0.000000 0.000000 1.000000 0.000000 0.000000 -1.000000 0.000000 0.000000 0.000000 0.000000 0.000000 1.000000
1.000000 0.000000 0.000000 0.000000 0.000000 0.000000 1.000000 0.000000 0.000000 -1.000000 0.000000 0.000000 0.000000 0.000000 0.000000 1.000000
1.000000 0.000000 0.000000 0.000000 0.000000 0.000000 1.000000 0.000000 0.000000 -1.000000 0.000000 0.000000 0.000000 0.000000 0.000000 1.000000
1.000000 0.000000 0.000000 0.000000 0.000000 0.000000 1.000000 0.000000 0.000000 -1.000000 0.000000 0.000000 0.000000 0.000000 0.000000 1.000000
1.000000 0.000000 0.000000 0.000000 0.000000 0.000000 1.000000 0.000000 0.000000 -1.000000 0.000000 0.000000 0.000000 0.000000 0.000000 1.000000
1.000000 0.000000 0.000000 0.000000 0.000000 0.000000 1.000000 0.000000 0.000000 -1.000000 0.000000 0.000000 0.000000 0.000000 0.000000 1.000000
1.000000 0.000000 0.000000 0.000000 0.000000 0.000000 1.000000 0.000000 0.000000 -1.000000 0.000000 0.000000 0.000000 0.000000 0.000000 1.000000
1.000000 0.000000 0.000000 0.000000 0.000000 0.000000 1.000000 0.000000 0.000000 -1.000000 0.000000 0.000000 0.000000 0.000000 0.000000 1.000000
1.000000 0.000000 0.000000 0.000000 0.000000 0.000000 1.000000 0.000000 0.000000 -1.000000 0.000000 0.000000 0.000000 0.000000 0.000000 1.000000
1.000000 0.000000 0.000000 0.000000 0.000000 0.000000 1.000000 0.000000 0.000000 -1.000000 0.000000 0.000000 0.000000 0.000000 0.000000 1.000000
1.000000 0.000000 0.000000 0.000000 0.000000 0.000000 1.000000 0.000000 0.000000 -1.000000 0.000000 0.000000 0.000000 0.000000 0.000000 1.000000
1.000000 0.000000 0.000000 0.000000 0.000000 0.000000 1.000000 0.000000 0.000000 -1.000000 0.000000 0.000000 0.000000 0.000000 0.000000 1.000000
1.000000 0.000000 0.000000 0.000000 0.000000 0.000000 1.000000 0.000000 0.000000 -1.000000 0.000000 0.000000 0.000000 0.000000 0.000000 1.000000</float_array>
        <technique_common>
          <accessor source="#Armature-Matrix-animation-output-transform-array" count="151" stride="16">
            <param type="float4x4"/>
          </accessor>
        </technique_common>
      </source>
      <source id="Armature-Interpolations">
        <Name_array id="Armature-Interpolations-array" count="151">
 LINEAR LINEAR LINEAR LINEAR LINEAR LINEAR LINEAR LINEAR LINEAR LINEAR LINEAR
LINEAR LINEAR LINEAR LINEAR LINEAR LINEAR LINEAR LINEAR LINEAR LINEAR LINEAR LINEAR
LINEAR LINEAR LINEAR LINEAR LINEAR LINEAR LINEAR LINEAR LINEAR LINEAR LINEAR LINEAR
LINEAR LINEAR LINEAR LINEAR LINEAR LINEAR LINEAR LINEAR LINEAR LINEAR LINEAR LINEAR
LINEAR LINEAR LINEAR LINEAR LINEAR LINEAR LINEAR LINEAR LINEAR LINEAR LINEAR LINEAR
LINEAR LINEAR LINEAR LINEAR LINEAR LINEAR LINEAR LINEAR LINEAR LINEAR LINEAR LINEAR
LINEAR LINEAR LINEAR LINEAR LINEAR LINEAR LINEAR LINEAR LINEAR LINEAR LINEAR LINEAR
LINEAR LINEAR LINEAR LINEAR LINEAR LINEAR LINEAR LINEAR LINEAR LINEAR LINEAR LINEAR
LINEAR LINEAR LINEAR LINEAR LINEAR LINEAR LINEAR LINEAR LINEAR LINEAR LINEAR LINEAR
LINEAR LINEAR LINEAR LINEAR LINEAR LINEAR LINEAR LINEAR LINEAR LINEAR LINEAR LINEAR
LINEAR LINEAR LINEAR LINEAR LINEAR LINEAR LINEAR LINEAR LINEAR LINEAR LINEAR LINEAR
LINEAR LINEAR LINEAR LINEAR LINEAR LINEAR LINEAR LINEAR LINEAR LINEAR LINEAR LINEAR
LINEAR LINEAR LINEAR LINEAR LINEAR LINEAR LINEAR LINEAR</Name_array>
        <technique_common>
          <accessor source="#Armature-Interpolations-array" count="151">
            <param type="name"/>
          </accessor>
        </technique_common>
      </source>
      <sampler id="Armature-Matrix-animation-transform">
        <input semantic="INPUT" source="#Armature-Matrix-animation-input"/>
        <input semantic="OUTPUT" source="#Armature-Matrix-animation-output-transform"/>
        <input semantic="INTERPOLATION" source="#Armature-Interpolations"/>
      </sampler>
      <channel source="#Armature-Matrix-animation-transform" target="Armature/matrix"/>
      <source id="mixamorig_Hips-Matrix-animation-input">
        <float_array id="mixamorig_Hips-Matrix-animation-input-array" count="151">

0.000000 0.033333 0.066667 0.100000 0.133333 0.166667 0.200000 0.233333 0.266667 0.300000 0.333333 0.366667 0.400000 0.433333 0.466667 0.500000
0.533333 0.566667 0.600000 0.633333 0.666667 0.700000 0.733333 0.766667 0.800000 0.833333 0.866667 0.900000 0.933333 0.966667 1.000000 1.033333
1.066667 1.100000 1.133333 1.166667 1.200000 1.233333 1.266667 1.300000 1.333333 1.366667 1.400000 1.433333 1.466667 1.500000 1.533333 1.566667
1.600000 1.633333 1.666667 1.700000 1.733333 1.766667 1.800000 1.833333 1.866667 1.900000 1.933333 1.966667 2.000000 2.033333 2.066667 2.100000
2.133333 2.166667 2.200000 2.233333 2.266667 2.300000 2.333333 2.366667 2.400000 2.433333 2.466667 2.500000 2.533333 2.566667 2.600000 2.633333
2.666667 2.700000 2.733333 2.766667 2.800000 2.833333 2.866667 2.900000 2.933333 2.966667 3.000000 3.033333 3.066667 3.100000 3.133333 3.166667
3.200000 3.233333 3.266667 3.300000 3.333333 3.366667 3.400000 3.433333 3.466667 3.500000 3.533333 3.566667 3.600000 3.633333 3.666667 3.700000
3.733333 3.766667 3.800000 3.833333 3.866667 3.900000 3.933333 3.966667 4.000000 4.033333 4.066667 4.100000 4.133333 4.166667 4.200000 4.233333
4.266667 4.300000 4.333333 4.366667 4.400000 4.433333 4.466667 4.500000 4.533333 4.566667 4.600000 4.633333 4.666667 4.700000 4.733333 4.766667
4.800000 4.833333 4.866667 4.900000 4.933333 4.966667 5.000000</float_array>
        <technique_common>
          <accessor source="#mixamorig_Hips-Matrix-animation-input-array" count="151">
            <param name="TIME" type="float"/>
          </accessor>
        </technique_common>
      </source>
      <source id="mixamorig_Hips-Matrix-animation-output-transform">
        <float_array id="mixamorig_Hips-Matrix-animation-output-transform-array" count="2416">

0.816262 0.029543 0.576925 0.128237 0.575091 -0.136024 -0.806702 -0.476641 0.054643 0.990265 -0.128021 88.557243 0.000000 0.000000 0.000000 1.000000
0.825839 0.019522 0.563568 0.332619 0.560731 -0.134330 -0.817029 -0.757470 0.059754 0.990744 -0.121881 88.453545 0.000000 0.000000 0.000000 1.000000
0.836592 0.009918 0.547737 0.504381 0.544021 -0.132685 -0.828514 -1.027543 0.064459 0.991109 -0.116399 88.123543 0.000000 0.000000 0.000000 1.000000
0.848117 0.001048 0.529808 0.633875 0.525319 -0.131589 -0.840669 -1.271836 0.068835 0.991304 -0.112153 87.603943 0.000000 0.000000 0.000000 1.000000
0.859275 -0.006739 0.511469 0.726218 0.506243 -0.131962 -0.852235 -1.469639 0.073238 0.991232 -0.109980 87.052986 0.000000 0.000000 0.000000 1.000000
0.868711 -0.012883 0.495152 0.794081 0.489164 -0.134800 -0.861712 -1.604416 0.077848 0.990789 -0.110800 86.677177 0.000000 0.000000 0.000000 1.000000
0.875367 -0.016551 0.483176 0.840014 0.476412 -0.140484 -0.867926 -1.675720 0.082243 0.989945 -0.115090 86.623398 0.000000 0.000000 0.000000 1.000000
0.878684 -0.017065 0.477098 0.852168 0.469667 -0.148279 -0.870302 -1.697257 0.085596 0.988798 -0.122275 86.912178 0.000000 0.000000 0.000000 1.000000
0.878671 -0.014498 0.477208 0.818051 0.469381 -0.156510 -0.869014 -1.682746 0.087287 0.987570 -0.130716 87.440895 0.000000 0.000000 0.000000 1.000000
0.875971 -0.009709 0.482265 0.738487 0.474416 -0.163401 -0.865003 -1.635582 0.087200 0.986512 -0.138528 88.049301 0.000000 0.000000 0.000000 1.000000
0.871766 -0.003824 0.489908 0.626209 0.482395 -0.167927 -0.859707 -1.551787 0.085557 0.985792 -0.144548 88.597816 0.000000 0.000000 0.000000 1.000000
0.867280 0.002348 0.497814 0.495133 0.490909 -0.170074 -0.854449 -1.426283 0.082659 0.985428 -0.148655 89.007332 0.000000 0.000000 0.000000 1.000000
0.863110 0.008585 0.504943 0.353094 0.498841 -0.170374 -0.849783 -1.247651 0.078734 0.985342 -0.151334 89.239082 0.000000 0.000000 0.000000 1.000000
0.858976 0.015018 0.511796 0.202343 0.506648 -0.169294 -0.845368 -0.997710 0.073948 0.985451 -0.153028 89.254272 0.000000 0.000000 0.000000 1.000000
0.854224 0.021814 0.519448 0.042084 0.515390 -0.166920 -0.840542 -0.663901 0.068370 0.985729 -0.153830 88.995911 0.000000 0.000000 0.000000 1.000000
0.848594 0.028949 0.528251 -0.127884 0.525403 -0.163064 -0.835082 -0.260182 0.061964 0.986191 -0.153585 88.416870 0.000000 0.000000 0.000000 1.000000
0.842539 0.036141 0.537421 -0.301122 0.535848 -0.157599 -0.829475 0.166729 0.054719 0.986842 -0.152149 87.533257 0.000000 0.000000 0.000000 1.000000
0.836895 0.042881 0.545681 -0.459148 0.545348 -0.150788 -0.824535 0.552151 0.046925 0.987636 -0.149578 86.463814 0.000000 0.000000 0.000000 1.000000
0.832325 0.048691 0.552145 -0.576514 0.552901 -0.143364 -0.820821 0.844917 0.039191 0.988472 -0.146246 85.417084 0.000000 0.000000 0.000000 1.000000
0.829048 0.053389 0.556623 -0.636088 0.558245 -0.136489 -0.818372 1.025355 0.032281 0.989202 -0.142960 84.629623 0.000000 0.000000 0.000000 1.000000
0.826910 0.057157 0.559423 -0.643569 0.561690 -0.131573 -0.816818 1.101487 0.026918 0.989657 -0.140904 84.284203 0.000000 0.000000 0.000000 1.000000
0.825553 0.060289 0.561095 -0.626817 0.563828 -0.129838 -0.815623 1.093868 0.023679 0.989701 -0.141181 84.445999 0.000000 0.000000 0.000000 1.000000
0.824609 0.062718 0.562216 -0.616880 0.565236 -0.131746 -0.814341 1.021755 0.022996 0.989298 -0.144089 85.047218 0.000000 0.000000 0.000000 1.000000
0.823959 0.063823 0.563044 -0.625240 0.566095 -0.136659 -0.812933 0.898951 0.025061 0.988560 -0.148731 85.921326 0.000000 0.000000 0.000000 1.000000
0.823966 0.062836 0.563144 -0.637459 0.565870 -0.143007 -0.811998 0.738169 0.029510 0.987725 -0.153390 86.859619 0.000000 0.000000 0.000000 1.000000
0.825412 0.059456 0.561391 -0.627967 0.563428 -0.148875 -0.812641 0.555174 0.035261 0.987067 -0.156382 87.664612 0.000000 0.000000 0.000000 1.000000
0.829020 0.053976 0.556608 -0.580313 0.557718 -0.152664 -0.815870 0.365189 0.040937 0.986803 -0.156665 88.191612 0.000000 0.000000 0.000000 1.000000
0.834827 0.046905 0.548511 -0.496966 0.548615 -0.153554 -0.821853 0.174490 0.045677 0.987026 -0.153923 88.375015 0.000000 0.000000 0.000000 1.000000
0.841912 0.038777 0.538220 -0.396127 0.537343 -0.151686 -0.829611 -0.020584 0.049470 0.987668 -0.148543 88.235886 0.000000 0.000000 0.000000 1.000000
0.848826 0.030480 0.527793 -0.301687 0.526047 -0.148065 -0.837467 -0.221075 0.052622 0.988508 -0.141715 87.873062 0.000000 0.000000 0.000000 1.000000
0.854406 0.023216 0.519088 -0.231675 0.516655 -0.144289 -0.843948 -0.415689 0.055306 0.989263 -0.135276 87.437347 0.000000 0.000000 0.000000 1.000000
0.858333 0.017846 0.512782 -0.185977 0.509840 -0.142013 -0.848466 -0.585005 0.057680 0.989704 -0.130994 87.093956 0.000000 0.000000 0.000000 1.000000
0.860980 0.014326 0.508436 -0.146158 0.505064 -0.142378 -0.851257 -0.716787 0.060195 0.989709 -0.129820 86.972168 0.000000 0.000000 0.000000 1.000000
0.862748 0.012106 0.505489 -0.092605 0.501655 -0.145659 -0.852717 -0.811014 0.063306 0.989261 -0.131740 87.119019 0.000000 0.000000 0.000000 1.000000
0.863545 0.010979 0.504152 -0.025578 0.499815 -0.151244 -0.852825 -0.867437 0.066887 0.988436 -0.136093 87.482506 0.000000 0.000000 0.000000 1.000000
0.862912 0.011142 0.505232 0.032648 0.500445 -0.157870 -0.851253 -0.871806 0.070277 0.987397 -0.141804 87.935425 0.000000 0.000000 0.000000 1.000000
0.860643 0.012470 0.509057 0.058581 0.503965 -0.163968 -0.848018 -0.801052 0.072894 0.986387 -0.147402 88.326370 0.000000 0.000000 0.000000 1.000000
0.857276 0.014172 0.514662 0.050120 0.509435 -0.168048 -0.843941 -0.646959 0.074528 0.985677 -0.151283 88.534912 0.000000 0.000000 0.000000 1.000000
0.853926 0.015381 0.520168 0.028223 0.514954 -0.169148 -0.840364 -0.436146 0.075059 0.985471 -0.152360 88.512924 0.000000 0.000000 0.000000 1.000000
0.851565 0.015959 0.524006 0.018057 0.518965 -0.167220 -0.838280 -0.223017 0.074247 0.985790 -0.150681 88.302414 0.000000 0.000000 0.000000 1.000000
0.850406 0.016526 0.525867 0.029450 0.521176 -0.163258 -0.837689 -0.058341 0.072009 0.986445 -0.147448 88.019104 0.000000 0.000000 0.000000 1.000000
0.849911 0.017842 0.526625 0.054264 0.522424 -0.158912 -0.837747 0.039852 0.068740 0.987132 -0.144382 87.801056 0.000000 0.000000 0.000000 1.000000
0.849279 0.020245 0.527556 0.078304 0.523905 -0.155696 -0.837426 0.087803 0.065185 0.987598 -0.142836 87.744507 0.000000 0.000000 0.000000 1.000000
0.847901 0.023663 0.529626 0.093184 0.526528 -0.154220 -0.836053 0.115111 0.061896 0.987753 -0.143222 87.865883 0.000000 0.000000 0.000000 1.000000
0.845492 0.027914 0.533258 0.097706 0.530733 -0.154028 -0.833426 0.144262 0.058872 0.987672 -0.145044 88.112900 0.000000 0.000000 0.000000 1.000000
0.842075 0.032820 0.538362 0.092455 0.536472 -0.154138 -0.829722 0.186532 0.055751 0.987504 -0.147403 88.409958 0.000000 0.000000 0.000000 1.000000
0.837992 0.038007 0.544357 0.076001 0.543164 -0.153824 -0.825416 0.248451 0.052364 0.987367 -0.149548 88.696938 0.000000 0.000000 0.000000 1.000000
0.833877 0.042822 0.550286 0.045215 0.549769 -0.152974 -0.821190 0.336874 0.049014 0.987302 -0.151103 88.931702 0.000000 0.000000 0.000000 1.000000
0.830429 0.046714 0.555163 -0.004244 0.555216 -0.151812 -0.817734 0.457787 0.046081 0.987305 -0.152006 89.067719 0.000000 0.000000 0.000000 1.000000
0.828069 0.049777 0.558412 -0.077919 0.558944 -0.150388 -0.815454 0.611764 0.043388 0.987373 -0.152354 89.043419 0.000000 0.000000 0.000000 1.000000
0.826807 0.052694 0.560012 -0.177844 0.561049 -0.148351 -0.814380 0.790060 0.040165 0.987530 -0.152222 88.802490 0.000000 0.000000 0.000000 1.000000
0.826439 0.056006 0.560233 -0.293867 0.561889 -0.145238 -0.814363 0.973497 0.035758 0.987810 -0.151500 88.333847 0.000000 0.000000 0.000000 1.000000
0.826792 0.059503 0.559352 -0.402224 0.561687 -0.141045 -0.815239 1.133235 0.030384 0.988213 -0.150037 87.696754 0.000000 0.000000 0.000000 1.000000
0.827712 0.062718 0.557637 -0.477540 0.560602 -0.136474 -0.816762 1.239269 0.024877 0.988656 -0.148121 87.022820 0.000000 0.000000 0.000000 1.000000
0.828872 0.065696 0.555567 -0.509297 0.559082 -0.132695 -0.818425 1.272028 0.019954 0.988977 -0.146717 86.485840 0.000000 0.000000 0.000000 1.000000
0.829779 0.068715 0.553846 -0.504892 0.557859 -0.130814 -0.819562 1.228424 0.016135 0.989023 -0.146880 86.241730 0.000000 0.000000 0.000000 1.000000
0.830154 0.071310 0.552955 -0.473629 0.557355 -0.131316 -0.819824 1.118598 0.014150 0.988772 -0.148758 86.361008 0.000000 0.000000 0.000000 1.000000
0.830309 0.072095 0.552621 -0.410289 0.557106 -0.133778 -0.819595 0.955437 0.014839 0.988385 -0.151241 86.792114 0.000000 0.000000 0.000000 1.000000
0.831093 0.069893 0.551724 -0.295717 0.555833 -0.136966 -0.819933 0.747531 0.018260 0.988107 -0.152680 87.387932 0.000000 0.000000 0.000000 1.000000
0.833469 0.064737 0.548761 -0.112375 0.552075 -0.139422 -0.822055 0.502590 0.023292 0.988115 -0.151943 87.979614 0.000000 0.000000 0.000000 1.000000
0.838101 0.057466 0.542479 0.141086 0.544766 -0.140235 -0.826779 0.236569 0.028563 0.988449 -0.148837 88.442322 0.000000 0.000000 0.000000 1.000000
0.845154 0.048575 0.532311 0.446982 0.533461 -0.139391 -0.834260 -0.024632 0.033675 0.989045 -0.143720 88.705208 0.000000 0.000000 0.000000 1.000000
0.854189 0.037895 0.518580 0.775480 0.518479 -0.137343 -0.843988 -0.255862 0.039241 0.989798 -0.136965 88.721283 0.000000 0.000000 0.000000 1.000000
0.864195 0.025424 0.502514 1.094543 0.501069 -0.134369 -0.854912 -0.446422 0.045787 0.990605 -0.128861 88.454727 0.000000 0.000000 0.000000 1.000000
0.873932 0.012226 0.485894 1.378507 0.483168 -0.130511 -0.865745 -0.598606 0.052830 0.991371 -0.119965 87.918060 0.000000 0.000000 0.000000 1.000000
0.882457 0.000158 0.470393 1.612797 0.466648 -0.126239 -0.875388 -0.719078 0.059244 0.992000 -0.111474 87.227531 0.000000 0.000000 0.000000 1.000000
0.889328 -0.009149 0.457179 1.792724 0.452731 -0.122916 -0.883135 -0.810222 0.064275 0.992375 -0.105171 86.601479 0.000000 0.000000 0.000000 1.000000
0.894337 -0.015026 0.447141 1.917361 0.442186 -0.122355 -0.888538 -0.867634 0.068061 0.992373 -0.102782 86.272575 0.000000 0.000000 0.000000 1.000000
0.897207 -0.017616 0.441260 1.984036 0.435843 -0.125654 -0.891208 -0.881892 0.071145 0.991918 -0.105060 86.367706 0.000000 0.000000 0.000000 1.000000
0.897648 -0.017271 0.440375 1.987594 0.434517 -0.132282 -0.890896 -0.839734 0.073640 0.991062 -0.111238 86.844032 0.000000 0.000000 0.000000 1.000000
0.895663 -0.014251 0.444505 1.923672 0.438362 -0.140282 -0.887784 -0.726583 0.075008 0.990009 -0.119399 87.520882 0.000000 0.000000 0.000000 1.000000
0.891703 -0.008860 0.452533 1.792979 0.446435 -0.147505 -0.882575 -0.531574 0.074571 0.989022 -0.127575 88.175377 0.000000 0.000000 0.000000 1.000000
0.886529 -0.001683 0.462670 1.604579 0.457009 -0.152811 -0.876237 -0.253385 0.072176 0.988254 -0.134703 88.634140 0.000000 0.000000 0.000000 1.000000
0.880889 0.006387 0.473281 1.375351 0.468361 -0.156185 -0.869623 0.096205 0.068365 0.987707 -0.140573 88.815079 0.000000 0.000000 0.000000 1.000000
0.875263 0.014479 0.483430 1.122026 0.479422 -0.157798 -0.863281 0.499354 0.063785 0.987365 -0.145056 88.712479 0.000000 0.000000 0.000000 1.000000
0.869810 0.022025 0.492894 0.849748 0.489882 -0.157411 -0.857460 0.935367 0.058701 0.987288 -0.147707 88.355865 0.000000 0.000000 0.000000 1.000000
0.864504 0.029024 0.501788 0.551354 0.499836 -0.154690 -0.852194 1.380088 0.052888 0.987537 -0.148237 87.780762 0.000000 0.000000 0.000000 1.000000
0.859319 0.035890 0.510179 0.224666 0.509361 -0.149920 -0.847393 1.796367 0.046073 0.988047 -0.147110 87.038025 0.000000 0.000000 0.000000 1.000000
0.854269 0.043120 0.518040 -0.110317 0.518421 -0.144050 -0.842906 2.137151 0.038278 0.988631 -0.145412 86.223160 0.000000 0.000000 0.000000 1.000000
