<?xml version="1.0" encoding="utf-8"?>
<COLLADA xmlns="http://www.collada.org/2005/11/COLLADASchema" version="1.4.1">
  <asset>
    <contributor>
      <author>Mixamo</author>
      <authoring_tool>COLLADA Mixamo exporter</authoring_tool>
      <comments/>
    </contributor>
    <created>2024-07-03T22:36:07Z</created>
    <modified>2024-07-03T22:36:07Z</modified>
    <revision/>
    <title/>
    <unit meter="0.010000"/>
    <up_axis>Y_UP</up_axis>
  </asset>
  <library_animations>
    <animation>
      <source id="Armature-Matrix-animation-input">
        <float_array id="Armature-Matrix-animation-input-array" count="122">

0.000000 0.033333 0.066667 0.100000 0.133333 0.166667 0.200000 0.233333 0.266667 0.300000 0.333333 0.366667 0.400000 0.433333 0.466667 0.500000
0.533333 0.566667 0.600000 0.633333 0.666667 0.700000 0.733333 0.766667 0.800000 0.833333 0.866667 0.900000 0.933333 0.966667 1.000000 1.033333
1.066667 1.100000 1.133333 1.166667 1.200000 1.233333 1.266667 1.300000 1.333333 1.366667 1.400000 1.433333 1.466667 1.500000 1.533333 1.566667
1.600000 1.633333 1.666667 1.700000 1.733333 1.766667 1.800000 1.833333 1.866667 1.900000 1.933333 1.966667 2.000000 2.033333 2.066667 2.100000
2.133333 2.166667 2.200000 2.233333 2.266667 2.300000 2.333333 2.366667 2.400000 2.433333 2.466667 2.500000 2.533333 2.566667 2.600000 2.633333
2.666667 2.700000 2.733333 2.766667 2.800000 2.833333 2.866667 2.900000 2.933333 2.966667 3.000000 3.033333 3.066667 3.100000 3.133333 3.166667
3.200000 3.233333 3.266667 3.300000 3.333333 3.366667 3.400000 3.433333 3.466667 3.500000 3.533333 3.566667 3.600000 3.633333 3.666667 3.700000
3.733333 3.766667 3.800000 3.833333 3.866667 3.900000 3.933333 3.966667 4.000000 4.033333</float_array>
        <technique_common>
          <accessor source="#Armature-Matrix-animation-input-array" count="122">
            <param name="TIME" type="float"/>
          </accessor>
        </technique_common>
      </source>
      <source id="Armature-Matrix-animation-output-transform">
        <float_array id="Armature-Matrix-animation-output-transform-array" count="1952">

1.000000 0.000000 0.000000 0.000000 0.000000 0.000000 1.000000 0.000000 0.000000 -1.000000 0.000000 0.000000 0.000000 0.000000 0.000000 1.000000
1.000000 0.000000 0.000000 0.000000 0.000000 0.000000 1.000000 0.000000 0.000000 -1.000000 0.000000 0.000000 0.000000 0.000000 0.000000 1.000000
1.000000 0.000000 0.000000 0.000000 0.000000 0.000000 1.000000 0.000000 0.000000 -1.000000 0.000000 0.000000 0.000000 0.000000 0.000000 1.000000
1.000000 0.000000 0.000000 0.000000 0.000000 0.000000 1.000000 0.000000 0.000000 -1.000000 0.000000 0.000000 0.000000 0.000000 0.000000 1.000000
1.000000 0.000000 0.000000 0.000000 0.000000 0.000000 1.000000 0.000000 0.000000 -1.000000 0.000000 0.000000 0.000000 0.000000 0.000000 1.000000
1.000000 0.000000 0.000000 0.000000 0.000000 0.000000 1.000000 0.000000 0.000000 -1.000000 0.000000 0.000000 0.000000 0.000000 0.000000 1.000000
1.000000 0.000000 0.000000 0.000000 0.000000 0.000000 1.000000 0.000000 0.000000 -1.000000 0.000000 0.000000 0.000000 0.000000 0.000000 1.000000
1.000000 0.000000 0.000000 0.000000 0.000000 0.000000 1.000000 0.000000 0.000000 -1.000000 0.000000 0.000000 0.000000 0.000000 0.000000 1.000000
1.000000 0.000000 0.000000 0.000000 0.000000 0.000000 1.000000 0.000000 0.000000 -1.000000 0.000000 0.000000 0.000000 0.000000 0.000000 1.000000
1.000000 0.000000 0.000000 0.000000 0.000000 0.000000 1.000000 0.000000 0.000000 -1.000000 0.000000 0.000000 0.000000 0.000000 0.000000 1.000000
1.000000 0.000000 0.000000 0.000000 0.000000 0.000000 1.000000 0.000000 0.000000 -1.000000 0.000000 0.000000 0.000000 0.000000 0.000000 1.000000
1.000000 0.000000 0.000000 0.000000 0.000000 0.000000 1.000000 0.000000 0.000000 -1.000000 0.000000 0.000000 0.000000 0.000000 0.000000 1.000000
1.000000 0.000000 0.000000 0.000000 0.000000 0.000000 1.000000 0.000000 0.000000 -1.000000 0.000000 0.000000 0.000000 0.000000 0.000000 1.000000
1.000000 0.000000 0.000000 0.000000 0.000000 0.000000 1.000000 0.000000 0.000000 -1.000000 0.000000 0.000000 0.000000 0.000000 0.000000 1.000000
1.000000 0.000000 0.000000 0.000000 0.000000 0.000000 1.000000 0.000000 0.000000 -1.000000 0.000000 0.000000 0.000000 0.000000 0.000000 1.000000
1.000000 0.000000 0.000000 0.000000 0.000000 0.000000 1.000000 0.000000 0.000000 -1.000000 0.000000 0.000000 0.000000 0.000000 0.000000 1.000000
1.000000 0.000000 0.000000 0.000000 0.000000 0.000000 1.000000 0.000000 0.000000 -1.000000 0.000000 0.000000 0.000000 0.000000 0.000000 1.000000
1.000000 0.000000 0.000000 0.000000 0.000000 0.000000 1.000000 0.000000 0.000000 -1.000000 0.000000 0.000000 0.000000 0.000000 0.000000 1.000000
1.000000 0.000000 0.000000 0.000000 0.000000 0.000000 1.000000 0.000000 0.000000 -1.000000 0.000000 0.000000 0.000000 0.000000 0.000000 1.000000
1.000000 0.000000 0.000000 0.000000 0.000000 0.000000 1.000000 0.000000 0.000000 -1.000000 0.000000 0.000000 0.000000 0.000000 0.000000 1.000000
1.000000 0.000000 0.000000 0.000000 0.000000 0.000000 1.000000 0.000000 0.000000 -1.000000 0.000000 0.000000 0.000000 0.000000 0.000000 1.000000
1.000000 0.000000 0.000000 0.000000 0.000000 0.000000 1.000000 0.000000 0.000000 -1.000000 0.000000 0.000000 0.000000 0.000000 0.000000 1.000000
1.000000 0.000000 0.000000 0.000000 0.000000 0.000000 1.000000 0.000000 0.000000 -1.000000 0.000000 0.000000 0.000000 0.000000 0.000000 1.000000
1.000000 0.000000 0.000000 0.000000 0.000000 0.000000 1.000000 0.000000 0.000000 -1.000000 0.000000 0.000000 0.000000 0.000000 0.000000 1.000000
1.000000 0.000000 0.000000 0.000000 0.000000 0.000000 1.000000 0.000000 0.000000 -1.000000 0.000000 0.000000 0.000000 0.000000 0.000000 1.000000
1.000000 0.000000 0.000000 0.000000 0.000000 0.000000 1.000000 0.000000 0.000000 -1.000000 0.000000 0.000000 0.000000 0.000000 0.000000 1.000000
1.000000 0.000000 0.000000 0.000000 0.000000 0.000000 1.000000 0.000000 0.000000 -1.000000 0.000000 0.000000 0.000000 0.000000 0.000000 1.000000
1.000000 0.000000 0.000000 0.000000 0.000000 0.000000 1.000000 0.000000 0.000000 -1.000000 0.000000 0.000000 0.000000 0.000000 0.000000 1.000000
1.000000 0.000000 0.000000 0.000000 0.000000 0.000000 1.000000 0.000000 0.000000 -1.000000 0.000000 0.000000 0.000000 0.000000 0.000000 1.000000
1.000000 0.000000 0.000000 0.000000 0.000000 0.000000 1.000000 0.000000 0.000000 -1.000000 0.000000 0.000000 0.000000 0.000000 0.000000 1.000000
1.000000 0.000000 0.000000 0.000000 0.000000 0.000000 1.000000 0.000000 0.000000 -1.000000 0.000000 0.000000 0.000000 0.000000 0.000000 1.000000
1.000000 0.000000 0.000000 0.000000 0.000000 0.000000 1.000000 0.000000 0.000000 -1.000000 0.000000 0.000000 0.000000 0.000000 0.000000 1.000000
1.000000 0.000000 0.000000 0.000000 0.000000 0.000000 1.000000 0.000000 0.000000 -1.000000 0.000000 0.000000 0.000000 0.000000 0.000000 1.000000
1.000000 0.000000 0.000000 0.000000 0.000000 0.000000 1.000000 0.000000 0.000000 -1.000000 0.000000 0.000000 0.000000 0.000000 0.000000 1.000000
1.000000 0.000000 0.000000 0.000000 0.000000 0.000000 1.000000 0.000000 0.000000 -1.000000 0.000000 0.000000 0.000000 0.000000 0.000000 1.000000
1.000000 0.000000 0.000000 0.000000 0.000000 0.000000 1.000000 0.000000 0.000000 -1.000000 0.000000 0.000000 0.000000 0.000000 0.000000 1.000000
1.000000 0.000000 0.000000 0.000000 0.000000 0.000000 1.000000 0.000000 0.000000 -1.000000 0.000000 0.000000 0.000000 0.000000 0.000000 1.000000
1.000000 0.000000 0.000000 0.000000 0.000000 0.000000 1.000000 0.000000 0.000000 -1.000000 0.000000 0.000000 0.000000 0.000000 0.000000 1.000000
1.000000 0.000000 0.000000 0.000000 0.000000 0.000000 1.000000 0.000000 0.000000 -1.000000 0.000000 0.000000 0.000000 0.000000 0.000000 1.000000
1.000000 0.000000 0.000000 0.000000 0.000000 0.000000 1.000000 0.000000 0.000000 -1.000000 0.000000 0.000000 0.000000 0.000000 0.000000 1.000000
1.000000 0.000000 0.000000 0.000000 0.000000 0.000000 1.000000 0.000000 0.000000 -1.000000 0.000000 0.000000 0.000000 0.000000 0.000000 1.000000
1.000000 0.000000 0.000000 0.000000 0.000000 0.000000 1.000000 0.000000 0.000000 -1.000000 0.000000 0.000000 0.000000 0.000000 0.000000 1.000000
1.000000 0.000000 0.000000 0.000000 0.000000 0.000000 1.000000 0.000000 0.000000 -1.000000 0.000000 0.000000 0.000000 0.000000 0.000000 1.000000
1.000000 0.000000 0.000000 0.000000 0.000000 0.000000 1.000000 0.000000 0.000000 -1.000000 0.000000 0.000000 0.000000 0.000000 0.000000 1.000000
1.000000 0.000000 0.000000 0.000000 0.000000 0.000000 1.000000 0.000000 0.000000 -1.000000 0.000000 0.000000 0.000000 0.000000 0.000000 1.000000
1.000000 0.000000 0.000000 0.000000 0.000000 0.000000 1.000000 0.000000 0.000000 -1.000000 0.000000 0.000000 0.000000 0.000000 0.000000 1.000000
1.000000 0.000000 0.000000 0.000000 0.000000 0.000000 1.000000 0.000000 0.000000 -1.000000 0.000000 0.000000 0.000000 0.000000 0.000000 1.000000
1.000000 0.000000 0.000000 0.000000 0.000000 0.000000 1.000000 0.000000 0.000000 -1.000000 0.000000 0.000000 0.000000 0.000000 0.000000 1.000000
1.000000 0.000000 0.000000 0.000000 0.000000 0.000000 1.000000 0.000000 0.000000 -1.000000 0.000000 0.000000 0.000000 0.000000 0.000000 1.000000
1.000000 0.000000 0.000000 0.000000 0.000000 0.000000 1.000000 0.000000 0.000000 -1.000000 0.000000 0.000000 0.000000 0.000000 0.000000 1.000000
1.000000 0.000000 0.000000 0.000000 0.000000 0.000000 1.000000 0.000000 0.000000 -1.000000 0.000000 0.000000 0.000000 0.000000 0.000000 1.000000
1.000000 0.000000 0.000000 0.000000 0.000000 0.000000 1.000000 0.000000 0.000000 -1.000000 0.000000 0.000000 0.000000 0.000000 0.000000 1.000000
1.000000 0.000000 0.000000 0.000000 0.000000 0.000000 1.000000 0.000000 0.000000 -1.000000 0.000000 0.000000 0.000000 0.000000 0.000000 1.000000
1.000000 0.000000 0.000000 0.000000 0.000000 0.000000 1.000000 0.000000 0.000000 -1.000000 0.000000 0.000000 0.000000 0.000000 0.000000 1.000000
1.000000 0.000000 0.000000 0.000000 0.000000 0.000000 1.000000 0.000000 0.000000 -1.000000 0.000000 0.000000 0.000000 0.000000 0.000000 1.000000
1.000000 0.000000 0.000000 0.000000 0.000000 0.000000 1.000000 0.000000 0.000000 -1.000000 0.000000 0.000000 0.000000 0.000000 0.000000 1.000000
1.000000 0.000000 0.000000 0.000000 0.000000 0.000000 1.000000 0.000000 0.000000 -1.000000 0.000000 0.000000 0.000000 0.000000 0.000000 1.000000
1.000000 0.000000 0.000000 0.000000 0.000000 0.000000 1.000000 0.000000 0.000000 -1.000000 0.000000 0.000000 0.000000 0.000000 0.000000 1.000000
1.000000 0.000000 0.000000 0.000000 0.000000 0.000000 1.000000 0.000000 0.000000 -1.000000 0.000000 0.000000 0.000000 0.000000 0.000000 1.000000
1.000000 0.000000 0.000000 0.000000 0.000000 0.000000 1.000000 0.000000 0.000000 -1.000000 0.000000 0.000000 0.000000 0.000000 0.000000 1.000000
1.000000 0.000000 0.000000 0.000000 0.000000 0.000000 1.000000 0.000000 0.000000 -1.000000 0.000000 0.000000 0.000000 0.000000 0.000000 1.000000
1.000000 0.000000 0.000000 0.000000 0.000000 0.000000 1.000000 0.000000 0.000000 -1.000000 0.000000 0.000000 0.000000 0.000000 0.000000 1.000000
1.000000 0.000000 0.000000 0.000000 0.000000 0.000000 1.000000 0.000000 0.000000 -1.000000 0.000000 0.000000 0.000000 0.000000 0.000000 1.000000
1.000000 0.000000 0.000000 0.000000 0.000000 0.000000 1.000000 0.000000 0.000000 -1.000000 0.000000 0.000000 0.000000 0.000000 0.000000 1.000000
1.000000 0.000000 0.000000 0.000000 0.000000 0.000000 1.000000 0.000000 0.000000 -1.000000 0.000000 0.000000 0.000000 0.000000 0.000000 1.000000
1.000000 0.000000 0.000000 0.000000 0.000000 0.000000 1.000000 0.000000 0.000000 -1.000000 0.000000 0.000000 0.000000 0.000000 0.000000 1.000000
1.000000 0.000000 0.000000 0.000000 0.000000 0.000000 1.000000 0.000000 0.000000 -1.000000 0.000000 0.000000 0.000000 0.000000 0.000000 1.000000
1.000000 0.000000 0.000000 0.000000 0.000000 0.000000 1.000000 0.000000 0.000000 -1.000000 0.000000 0.000000 0.000000 0.000000 0.000000 1.000000
1.000000 0.000000 0.000000 0.000000 0.000000 0.000000 1.000000 0.000000 0.000000 -1.000000 0.000000 0.000000 0.000000 0.000000 0.000000 1.000000
1.000000 0.000000 0.000000 0.000000 0.000000 0.000000 1.000000 0.000000 0.000000 -1.000000 0.000000 0.000000 0.000000 0.000000 0.000000 1.000000
1.000000 0.000000 0.000000 0.000000 0.000000 0.000000 1.000000 0.000000 0.000000 -1.000000 0.000000 0.000000 0.000000 0.000000 0.000000 1.000000
1.000000 0.000000 0.000000 0.000000 0.000000 0.000000 1.000000 0.000000 0.000000 -1.000000 0.000000 0.000000 0.000000 0.000000 0.000000 1.000000
1.000000 0.000000 0.000000 0.000000 0.000000 0.000000 1.000000 0.000000 0.000000 -1.000000 0.000000 0.000000 0.000000 0.000000 0.000000 1.000000
1.000000 0.000000 0.000000 0.000000 0.000000 0.000000 1.000000 0.000000 0.000000 -1.000000 0.000000 0.000000 0.000000 0.000000 0.000000 1.000000
1.000000 0.000000 0.000000 0.000000 0.000000 0.000000 1.000000 0.000000 0.000000 -1.000000 0.000000 0.000000 0.000000 0.000000 0.000000 1.000000
1.000000 0.000000 0.000000 0.000000 0.000000 0.000000 1.000000 0.000000 0.000000 -1.000000 0.000000 0.000000 0.000000 0.000000 0.000000 1.000000
1.000000 0.000000 0.000000 0.000000 0.000000 0.000000 1.000000 0.000000 0.000000 -1.000000 0.000000 0.000000 0.000000 0.000000 0.000000 1.000000
1.000000 0.000000 0.000000 0.000000 0.000000 0.000000 1.000000 0.000000 0.000000 -1.000000 0.000000 0.000000 0.000000 0.000000 0.000000 1.000000
1.000000 0.000000 0.000000 0.000000 0.000000 0.000000 1.000000 0.000000 0.000000 -1.000000 0.000000 0.000000 0.000000 0.000000 0.000000 1.000000
1.000000 0.000000 0.000000 0.000000 0.000000 0.000000 1.000000 0.000000 0.000000 -1.000000 0.000000 0.000000 0.000000 0.000000 0.000000 1.000000
1.000000 0.000000 0.000000 0.000000 0.000000 0.000000 1.000000 0.000000 0.000000 -1.000000 0.000000 0.000000 0.000000 0.000000 0.000000 1.000000
1.000000 0.000000 0.000000 0.000000 0.000000 0.000000 1.000000 0.000000 0.000000 -1.000000 0.000000 0.000000 0.000000 0.000000 0.000000 1.000000
1.000000 0.000000 0.000000 0.000000 0.000000 0.000000 1.000000 0.000000 0.000000 -1.000000 0.000000 0.000000 0.000000 0.000000 0.000000 1.000000
1.000000 0.000000 0.000000 0.000000 0.000000 0.000000 1.000000 0.000000 0.000000 -1.000000 0.000000 0.000000 0.000000 0.000000 0.000000 1.000000
1.000000 0.000000 0.000000 0.000000 0.000000 0.000000 1.000000 0.000000 0.000000 -1.000000 0.000000 0.000000 0.000000 0.000000 0.000000 1.000000
1.000000 0.000000 0.000000 0.000000 0.000000 0.000000 1.000000 0.000000 0.000000 -1.000000 0.000000 0.000000 0.000000 0.000000 0.000000 1.000000
1.000000 0.000000 0.000000 0.000000 0.000000 0.000000 1.000000 0.000000 0.000000 -1.000000 0.000000 0.000000 0.000000 0.000000 0.000000 1.000000
1.000000 0.000000 0.000000 0.000000 0.000000 0.000000 1.000000 0.000000 0.000000 -1.000000 0.000000 0.000000 0.000000 0.000000 0.000000 1.000000
1.000000 0.000000 0.000000 0.000000 0.000000 0.000000 1.000000 0.000000 0.000000 -1.000000 0.000000 0.000000 0.000000 0.000000 0.000000 1.000000
1.000000 0.000000 0.000000 0.000000 0.000000 0.000000 1.000000 0.000000 0.000000 -1.000000 0.000000 0.000000 0.000000 0.000000 0.000000 1.000000
1.000000 0.000000 0.000000 0.000000 0.000000 0.000000 1.000000 0.000000 0.000000 -1.000000 0.000000 0.000000 0.000000 0.000000 0.000000 1.000000
1.000000 0.000000 0.000000 0.000000 0.000000 0.000000 1.000000 0.000000 0.000000 -1.000000 0.000000 0.000000 0.000000 0.000000 0.000000 1.000000
1.000000 0.000000 0.000000 0.000000 0.000000 0.000000 1.000000 0.000000 0.000000 -1.000000 0.000000 0.000000 0.000000 0.000000 0.000000 1.000000
1.000000 0.000000 0.000000 0.000000 0.000000 0.000000 1.000000 0.000000 0.000000 -1.000000 0.000000 0.000000 0.000000 0.000000 0.000000 1.000000
1.000000 0.000000 0.000000 0.000000 0.000000 0.000000 1.000000 0.000000 0.000000 -1.000000 0.000000 0.000000 0.000000 0.000000 0.000000 1.000000
1.000000 0.000000 0.000000 0.000000 0.000000 0.000000 1.000000 0.000000 0.000000 -1.000000 0.000000 0.000000 0.000000 0.000000 0.000000 1.000000
1.000000 0.000000 0.000000 0.000000 0.000000 0.000000 1.000000 0.000000 0.000000 -1.000000 0.000000 0.000000 0.000000 0.000000 0.000000 1.000000
1.000000 0.000000 0.000000 0.000000 0.000000 0.000000 1.000000 0.000000 0.000000 -1.000000 0.000000 0.000000 0.000000 0.000000 0.000000 1.000000
1.000000 0.000000 0.000000 0.000000 0.000000 0.000000 1.000000 0.000000 0.000000 -1.000000 0.000000 0.000000 0.000000 0.000000 0.000000 1.000000
1.000000 0.000000 0.000000 0.000000 0.000000 0.000000 1.000000 0.000000 0.000000 -1.000000 0.000000 0.000000 0.000000 0.000000 0.000000 1.000000
1.000000 0.000000 0.000000 0.000000 0.000000 0.000000 1.000000 0.000000 0.000000 -1.000000 0.000000 0.000000 0.000000 0.000000 0.000000 1.000000
1.000000 0.000000 0.000000 0.000000 0.000000 0.000000 1.000000 0.000000 0.000000 -1.000000 0.000000 0.000000 0.000000 0.000000 0.000000 1.000000
1.000000 0.000000 0.000000 0.000000 0.000000 0.000000 1.000000 0.000000 0.000000 -1.000000 0.000000 0.000000 0.000000 0.000000 0.000000 1.000000
1.000000 0.000000 0.000000 0.000000 0.000000 0.000000 1.000000 0.000000 0.000000 -1.000000 0.000000 0.000000 0.000000 0.000000 0.000000 1.000000
1.000000 0.000000 0.000000 0.000000 0.000000 0.000000 1.000000 0.000000 0.000000 -1.000000 0.000000 0.000000 0.000000 0.000000 0.000000 1.000000
1.000000 0.000000 0.000000 0.000000 0.000000 0.000000 1.000000 0.000000 0.000000 -1.000000 0.000000 0.000000 0.000000 0.000000 0.000000 1.000000
1.000000 0.000000 0.000000 0.000000 0.000000 0.000000 1.000000 0.000000 0.000000 -1.000000 0.000000 0.000000 0.000000 0.000000 0.000000 1.000000
1.000000 0.000000 0.000000 0.000000 0.000000 0.000000 1.000000 0.000000 0.000000 -1.000000 0.000000 0.000000 0.000000 0.000000 0.000000 1.000000
1.000000 0.000000 0.000000 0.000000 0.000000 0.000000 1.000000 0.000000 0.000000 -1.000000 0.000000 0.000000 0.000000 0.000000 0.000000 1.000000
1.000000 0.000000 0.000000 0.000000 0.000000 0.000000 1.000000 0.000000 0.000000 -1.000000 0.000000 0.000000 0.000000 0.000000 0.000000 1.000000
1.000000 0.000000 0.000000 0.000000 0.000000 0.000000 1.000000 0.000000 0.000000 -1.000000 0.000000 0.000000 0.000000 0.000000 0.000000 1.000000
1.000000 0.000000 0.000000 0.000000 0.000000 0.000000 1.000000 0.000000 0.000000 -1.000000 0.000000 0.000000 0.000000 0.000000 0.000000 1.000000
1.000000 0.000000 0.000000 0.000000 0.000000 0.000000 1.000000 0.000000 0.000000 -1.000000 0.000000 0.000000 0.000000 0.000000 0.000000 1.000000
1.000000 0.000000 0.000000 0.000000 0.000000 0.000000 1.000000 0.000000 0.000000 -1.000000 0.000000 0.000000 0.000000 0.000000 0.000000 1.000000
1.000000 0.000000 0.000000 0.000000 0.000000 0.000000 1.000000 0.000000 0.000000 -1.000000 0.000000 0.000000 0.000000 0.000000 0.000000 1.000000
1.000000 0.000000 0.000000 0.000000 0.000000 0.000000 1.000000 0.000000 0.000000 -1.000000 0.000000 0.000000 0.000000 0.000000 0.000000 1.000000
1.000000 0.000000 0.000000 0.000000 0.000000 0.000000 1.000000 0.000000 0.000000 -1.000000 0.000000 0.000000 0.000000 0.000000 0.000000 1.000000
1.000000 0.000000 0.000000 0.000000 0.000000 0.000000 1.000000 0.000000 0.000000 -1.000000 0.000000 0.000000 0.000000 0.000000 0.000000 1.000000
1.000000 0.000000 0.000000 0.000000 0.000000 0.000000 1.000000 0.000000 0.000000 -1.000000 0.000000 0.000000 0.000000 0.000000 0.000000 1.000000
1.000000 0.000000 0.000000 0.000000 0.000000 0.000000 1.000000 0.000000 0.000000 -1.000000 0.000000 0.000000 0.000000 0.000000 0.000000 1.000000
1.000000 0.000000 0.000000 0.000000 0.000000 0.000000 1.000000 0.000000 0.000000 -1.000000 0.000000 0.000000 0.000000 0.000000 0.000000 1.000000
1.000000 0.000000 0.000000 0.000000 0.000000 0.000000 1.000000 0.000000 0.000000 -1.000000 0.000000 0.000000 0.000000 0.000000 0.000000 1.000000</float_array>
        <technique_common>
          <accessor source="#Armature-Matrix-animation-output-transform-array" count="122" stride="16">
            <param type="float4x4"/>
          </accessor>
        </technique_common>
      </source>
      <source id="Armature-Interpolations">
        <Name_array id="Armature-Interpolations-array" count="122">
 LINEAR LINEAR LINEAR LINEAR LINEAR LINEAR LINEAR LINEAR LINEAR LINEAR LINEAR
LINEAR LINEAR LINEAR LINEAR LINEAR LINEAR LINEAR LINEAR LINEAR LINEAR LINEAR LINEAR
LINEAR LINEAR LINEAR LINEAR LINEAR LINEAR LINEAR LINEAR LINEAR LINEAR LINEAR LINEAR
LINEAR LINEAR LINEAR LINEAR LINEAR LINEAR LINEAR LINEAR LINEAR LINEAR LINEAR LINEAR
LINEAR LINEAR LINEAR LINEAR LINEAR LINEAR LINEAR LINEAR LINEAR LINEAR LINEAR LINEAR
LINEAR LINEAR LINEAR LINEAR LINEAR LINEAR LINEAR LINEAR LINEAR LINEAR LINEAR LINEAR
LINEAR LINEAR LINEAR LINEAR LINEAR LINEAR LINEAR LINEAR LINEAR LINEAR LINEAR LINEAR
LINEAR LINEAR LINEAR LINEAR LINEAR LINEAR LINEAR LINEAR LINEAR LINEAR LINEAR LINEAR
LINEAR LINEAR LINEAR LINEAR LINEAR LINEAR LINEAR LINEAR LINEAR LINEAR LINEAR LINEAR
LINEAR LINEAR LINEAR LINEAR LINEAR LINEAR LINEAR LINEAR LINEAR LINEAR LINEAR LINEAR
LINEAR LINEAR LINEAR</Name_array>
        <technique_common>
          <accessor source="#Armature-Interpolations-array" count="122">
            <param type="name"/>
          </accessor>
        </technique_common>
      </source>
      <sampler id="Armature-Matrix-animation-transform">
        <input semantic="INPUT" source="#Armature-Matrix-animation-input"/>
        <input semantic="OUTPUT" source="#Armature-Matrix-animation-output-transform"/>
        <input semantic="INTERPOLATION" source="#Armature-Interpolations"/>
      </sampler>
      <channel source="#Armature-Matrix-animation-transform" target="Armature/matrix"/>
      <source id="mixamorig_Hips-Matrix-animation-input">
        <float_array id="mixamorig_Hips-Matrix-animation-input-array" count="122">

0.000000 0.033333 0.066667 0.100000 0.133333 0.166667 0.200000 0.233333 0.266667 0.300000 0.333333 0.366667 0.400000 0.433333 0.466667 0.500000
0.533333 0.566667 0.600000 0.633333 0.666667 0.700000 0.733333 0.766667 0.800000 0.833333 0.866667 0.900000 0.933333 0.966667 1.000000 1.033333
1.066667 1.100000 1.133333 1.166667 1.200000 1.233333 1.266667 1.300000 1.333333 1.366667 1.400000 1.433333 1.466667 1.500000 1.533333 1.566667
1.600000 1.633333 1.666667 1.700000 1.733333 1.766667 1.800000 1.833333 1.866667 1.900000 1.933333 1.966667 2.000000 2.033333 2.066667 2.100000
2.133333 2.166667 2.200000 2.233333 2.266667 2.300000 2.333333 2.366667 2.400000 2.433333 2.466667 2.500000 2.533333 2.566667 2.600000 2.633333
2.666667 2.700000 2.733333 2.766667 2.800000 2.833333 2.866667 2.900000 2.933333 2.966667 3.000000 3.033333 3.066667 3.100000 3.133333 3.166667
3.200000 3.233333 3.266667 3.300000 3.333333 3.366667 3.400000 3.433333 3.466667 3.500000 3.533333 3.566667 3.600000 3.633333 3.666667 3.700000
3.733333 3.766667 3.800000 3.833333 3.866667 3.900000 3.933333 3.966667 4.000000 4.033333</float_array>
        <technique_common>
          <accessor source="#mixamorig_Hips-Matrix-animation-input-array" count="122">
            <param name="TIME" type="float"/>
          </accessor>
        </technique_common>
      </source>
      <source id="mixamorig_Hips-Matrix-animation-output-transform">
        <float_array id="mixamorig_Hips-Matrix-animation-output-transform-array" count="1952">

0.999449 0.027896 -0.018009 -0.107119 -0.019672 0.060510 -0.997974 -1.249655 -0.026750 0.997778 0.061025 95.422379 0.000000 0.000000 0.000000 1.000000
0.999448 0.028037 -0.017837 -0.089570 -0.019509 0.060548 -0.997975 -1.251205 -0.026900 0.997771 0.061062 95.421898 0.000000 0.000000 0.000000 1.000000
0.999445 0.028261 -0.017655 -0.073466 -0.019343 0.060628 -0.997973 -1.249432 -0.027133 0.997760 0.061141 95.417679 0.000000 0.000000 0.000000 1.000000
0.999436 0.028556 -0.017675 -0.060176 -0.019385 0.060741 -0.997965 -1.245864 -0.027425 0.997745 0.061260 95.412872 0.000000 0.000000 0.000000 1.000000
0.999422 0.028881 -0.017925 -0.047992 -0.019657 0.060837 -0.997954 -1.241469 -0.027731 0.997730 0.061369 95.407364 0.000000 0.000000 0.000000 1.000000
0.999410 0.029127 -0.018177 -0.037820 -0.019923 0.060827 -0.997949 -1.235498 -0.027961 0.997723 0.061372 95.411179 0.000000 0.000000 0.000000 1.000000
0.999404 0.029268 -0.018327 -0.031596 -0.020077 0.060672 -0.997956 -1.230655 -0.028096 0.997729 0.061223 95.419525 0.000000 0.000000 0.000000 1.000000
0.999403 0.029262 -0.018355 -0.030519 -0.020102 0.060538 -0.997963 -1.226919 -0.028092 0.997737 0.061090 95.434174 0.000000 0.000000 0.000000 1.000000
0.999405 0.029199 -0.018355 -0.032986 -0.020095 0.060447 -0.997969 -1.224893 -0.028030 0.997744 0.060997 95.448936 0.000000 0.000000 0.000000 1.000000
0.999409 0.029115 -0.018258 -0.037416 -0.019989 0.060330 -0.997978 -1.224637 -0.027955 0.997754 0.060876 95.460739 0.000000 0.000000 0.000000 1.000000
0.999414 0.029124 -0.018008 -0.041872 -0.019737 0.060206 -0.997991 -1.227723 -0.027982 0.997761 0.060746 95.470779 0.000000 0.000000 0.000000 1.000000
0.999415 0.029254 -0.017737 -0.045919 -0.019473 0.060152 -0.997999 -1.233866 -0.028128 0.997760 0.060687 95.482285 0.000000 0.000000 0.000000 1.000000
0.999409 0.029491 -0.017654 -0.051190 -0.019405 0.060184 -0.997999 -1.241825 -0.028369 0.997752 0.060721 95.497116 0.000000 0.000000 0.000000 1.000000
0.999401 0.029660 -0.017824 -0.057835 -0.019585 0.060164 -0.997996 -1.248849 -0.028528 0.997748 0.060709 95.510483 0.000000 0.000000 0.000000 1.000000
0.999395 0.029694 -0.018089 -0.065524 -0.019848 0.060069 -0.997997 -1.255231 -0.028548 0.997752 0.060622 95.522125 0.000000 0.000000 0.000000 1.000000
0.999393 0.029608 -0.018357 -0.073161 -0.020104 0.059832 -0.998006 -1.262659 -0.028451 0.997769 0.060390 95.527229 0.000000 0.000000 0.000000 1.000000
0.999393 0.029450 -0.018630 -0.081474 -0.020359 0.059526 -0.998019 -1.269733 -0.028282 0.997792 0.060090 95.529915 0.000000 0.000000 0.000000 1.000000
0.999396 0.029146 -0.018903 -0.088908 -0.020604 0.059183 -0.998035 -1.277131 -0.027970 0.997822 0.059747 95.528870 0.000000 0.000000 0.000000 1.000000
0.999407 0.028694 -0.019018 -0.096036 -0.020681 0.058816 -0.998055 -1.279719 -0.027520 0.997856 0.059375 95.531387 0.000000 0.000000 0.000000 1.000000
0.999420 0.028283 -0.018975 -0.101149 -0.020604 0.058459 -0.998077 -1.279574 -0.027119 0.997889 0.059008 95.534805 0.000000 0.000000 0.000000 1.000000
0.999427 0.028023 -0.018963 -0.105947 -0.020570 0.058204 -0.998093 -1.278067 -0.026866 0.997911 0.058747 95.538918 0.000000 0.000000 0.000000 1.000000
0.999427 0.027906 -0.019154 -0.113119 -0.020752 0.058166 -0.998091 -1.277752 -0.026738 0.997917 0.058712 95.541351 0.000000 0.000000 0.000000 1.000000
0.999420 0.027878 -0.019560 -0.123016 -0.021159 0.058260 -0.998077 -1.275959 -0.026685 0.997912 0.058816 95.549011 0.000000 0.000000 0.000000 1.000000
0.999411 0.027892 -0.020005 -0.134259 -0.021607 0.058372 -0.998061 -1.270226 -0.026670 0.997905 0.058941 95.551346 0.000000 0.000000 0.000000 1.000000
0.999403 0.027963 -0.020304 -0.145704 -0.021913 0.058473 -0.998048 -1.261962 -0.026721 0.997897 0.059051 95.541550 0.000000 0.000000 0.000000 1.000000
0.999399 0.028083 -0.020297 -0.158224 -0.021918 0.058674 -0.998037 -1.252675 -0.026837 0.997882 0.059254 95.528976 0.000000 0.000000 0.000000 1.000000
0.999400 0.028260 -0.020020 -0.171583 -0.021659 0.058925 -0.998027 -1.242845 -0.027025 0.997862 0.059502 95.517670 0.000000 0.000000 0.000000 1.000000
0.999404 0.028352 -0.019701 -0.184656 -0.021349 0.059046 -0.998027 -1.232251 -0.027133 0.997853 0.059616 95.503532 0.000000 0.000000 0.000000 1.000000
0.999408 0.028360 -0.019491 -0.198268 -0.021141 0.059084 -0.998029 -1.220056 -0.027153 0.997850 0.059648 95.484253 0.000000 0.000000 0.000000 1.000000
0.999414 0.028296 -0.019257 -0.211747 -0.020904 0.059086 -0.998034 -1.204455 -0.027102 0.997852 0.059643 95.463539 0.000000 0.000000 0.000000 1.000000
0.999422 0.028240 -0.018920 -0.223977 -0.020564 0.059082 -0.998041 -1.185968 -0.027067 0.997854 0.059628 95.447868 0.000000 0.000000 0.000000 1.000000
0.999431 0.028265 -0.018430 -0.235274 -0.020074 0.059028 -0.998054 -1.165495 -0.027122 0.997856 0.059562 95.441078 0.000000 0.000000 0.000000 1.000000
0.999441 0.028353 -0.017699 -0.244564 -0.019348 0.058964 -0.998073 -1.146698 -0.027255 0.997857 0.059480 95.437668 0.000000 0.000000 0.000000 1.000000
0.999455 0.028411 -0.016817 -0.252807 -0.018472 0.059028 -0.998085 -1.132300 -0.027364 0.997852 0.059520 95.444763 0.000000 0.000000 0.000000 1.000000
0.999467 0.028402 -0.016090 -0.261191 -0.017753 0.059293 -0.998083 -1.124335 -0.027394 0.997836 0.059766 95.453766 0.000000 0.000000 0.000000 1.000000
0.999476 0.028290 -0.015720 -0.269345 -0.017384 0.059567 -0.998073 -1.119695 -0.027299 0.997823 0.060028 95.446686 0.000000 0.000000 0.000000 1.000000
0.999486 0.028021 -0.015595 -0.277956 -0.017245 0.059643 -0.998071 -1.112399 -0.027037 0.997826 0.060096 95.426468 0.000000 0.000000 0.000000 1.000000
0.999497 0.027626 -0.015601 -0.287231 -0.017221 0.059424 -0.998084 -1.101662 -0.026646 0.997850 0.059870 95.403358 0.000000 0.000000 0.000000 1.000000
0.999506 0.027267 -0.015638 -0.297701 -0.017228 0.059087 -0.998104 -1.088841 -0.026291 0.997880 0.059528 95.398125 0.000000 0.000000 0.000000 1.000000
0.999510 0.027067 -0.015710 -0.307610 -0.017280 0.058805 -0.998120 -1.079682 -0.026092 0.997902 0.059244 95.406845 0.000000 0.000000 0.000000 1.000000
0.999511 0.026978 -0.015780 -0.315316 -0.017340 0.058598 -0.998131 -1.075957 -0.026003 0.997917 0.059038 95.423569 0.000000 0.000000 0.000000 1.000000
0.999512 0.026904 -0.015853 -0.320465 -0.017404 0.058429 -0.998140 -1.074809 -0.025928 0.997929 0.058869 95.448196 0.000000 0.000000 0.000000 1.000000
0.999515 0.026753 -0.015954 -0.323113 -0.017490 0.058213 -0.998151 -1.076611 -0.025775 0.997946 0.058653 95.471535 0.000000 0.000000 0.000000 1.000000
0.999520 0.026528 -0.016016 -0.323442 -0.017531 0.057905 -0.998168 -1.081501 -0.025552 0.997970 0.058342 95.489410 0.000000 0.000000 0.000000 1.000000
0.999524 0.026344 -0.016078 -0.321776 -0.017574 0.057591 -0.998186 -1.090298 -0.025370 0.997993 0.058027 95.504044 0.000000 0.000000 0.000000 1.000000
0.999522 0.026311 -0.016227 -0.319961 -0.017713 0.057290 -0.998200 -1.103309 -0.025334 0.998011 0.057729 95.519341 0.000000 0.000000 0.000000 1.000000
0.999518 0.026351 -0.016439 -0.318939 -0.017924 0.057122 -0.998206 -1.120758 -0.025365 0.998019 0.057567 95.534225 0.000000 0.000000 0.000000 1.000000
0.999515 0.026374 -0.016531 -0.317711 -0.018017 0.057134 -0.998204 -1.140032 -0.025382 0.998018 0.057581 95.549286 0.000000 0.000000 0.000000 1.000000
0.999516 0.026435 -0.016377 -0.315429 -0.017871 0.057286 -0.998198 -1.160820 -0.025449 0.998008 0.057730 95.558723 0.000000 0.000000 0.000000 1.000000
0.999523 0.026494 -0.015841 -0.311387 -0.017346 0.057562 -0.998191 -1.183724 -0.025535 0.997990 0.057994 95.564865 0.000000 0.000000 0.000000 1.000000
0.999532 0.026575 -0.015172 -0.302985 -0.016693 0.057979 -0.998178 -1.208351 -0.025647 0.997964 0.058395 95.569771 0.000000 0.000000 0.000000 1.000000
0.999538 0.026654 -0.014621 -0.291808 -0.016158 0.058390 -0.998163 -1.231716 -0.025751 0.997938 0.058794 95.576805 0.000000 0.000000 0.000000 1.000000
0.999543 0.026661 -0.014247 -0.280764 -0.015792 0.058676 -0.998152 -1.251103 -0.025776 0.997921 0.059070 95.585358 0.000000 0.000000 0.000000 1.000000
0.999545 0.026711 -0.013991 -0.269549 -0.015545 0.058888 -0.998144 -1.265691 -0.025837 0.997907 0.059276 95.583359 0.000000 0.000000 0.000000 1.000000
0.999550 0.026695 -0.013658 -0.255480 -0.015213 0.058965 -0.998144 -1.272389 -0.025840 0.997903 0.059344 95.573387 0.000000 0.000000 0.000000 1.000000
0.999560 0.026504 -0.013308 -0.240454 -0.014853 0.059002 -0.998147 -1.271404 -0.025669 0.997906 0.059369 95.558975 0.000000 0.000000 0.000000 1.000000
0.999568 0.026318 -0.013048 -0.225829 -0.014580 0.058876 -0.998159 -1.263242 -0.025501 0.997918 0.059235 95.544586 0.000000 0.000000 0.000000 1.000000
0.999573 0.026171 -0.012995 -0.212317 -0.014511 0.058622 -0.998175 -1.252795 -0.025362 0.997937 0.058977 95.535965 0.000000 0.000000 0.000000 1.000000
0.999569 0.026218 -0.013173 -0.198686 -0.014690 0.058525 -0.998178 -1.243106 -0.025400 0.997942 0.058885 95.524673 0.000000 0.000000 0.000000 1.000000
0.999558 0.026501 -0.013464 -0.185446 -0.015001 0.058685 -0.998164 -1.236300 -0.025662 0.997925 0.059057 95.504547 0.000000 0.000000 0.000000 1.000000
0.999551 0.026682 -0.013633 -0.167512 -0.015189 0.059019 -0.998141 -1.228667 -0.025828 0.997900 0.059398 95.476990 0.000000 0.000000 0.000000 1.000000
0.999548 0.026796 -0.013636 -0.147595 -0.015203 0.059146 -0.998134 -1.217771 -0.025940 0.997890 0.059527 95.451736 0.000000 0.000000 0.000000 1.000000
0.999543 0.026962 -0.013644 -0.128903 -0.015219 0.059132 -0.998134 -1.207717 -0.026105 0.997886 0.059515 95.434715 0.000000 0.000000 0.000000 1.000000
0.999534 0.027208 -0.013867 -0.114147 -0.015459 0.059189 -0.998127 -1.198642 -0.026336 0.997876 0.059582 95.423485 0.000000 0.000000 0.000000 1.000000
0.999523 0.027398 -0.014231 -0.101170 -0.015836 0.059285 -0.998115 -1.189630 -0.026503 0.997865 0.059691 95.407684 0.000000 0.000000 0.000000 1.000000
0.999515 0.027482 -0.014653 -0.088593 -0.016263 0.059276 -0.998109 -1.177458 -0.026562 0.997863 0.059694 95.396286 0.000000 0.000000 0.000000 1.000000
0.999510 0.027364 -0.015207 -0.076030 -0.016807 0.059224 -0.998103 -1.162445 -0.026411 0.997870 0.059655 95.391495 0.000000 0.000000 0.000000 1.000000
0.999503 0.027239 -0.015881 -0.065559 -0.017477 0.059381 -0.998082 -1.147942 -0.026244 0.997864 0.059828 95.385605 0.000000 0.000000 0.000000 1.000000
0.999496 0.027069 -0.016567 -0.054495 -0.018155 0.059523 -0.998062 -1.135843 -0.026030 0.997860 0.059985 95.384537 0.000000 0.000000 0.000000 1.000000
0.999491 0.026873 -0.017188 -0.043230 -0.018762 0.059457 -0.998055 -1.125069 -0.025799 0.997869 0.059931 95.407310 0.000000 0.000000 0.000000 1.000000
0.999483 0.026814 -0.017747 -0.033258 -0.019313 0.059321 -0.998052 -1.119793 -0.025709 0.997879 0.059808 95.438492 0.000000 0.000000 0.000000 1.000000
0.999469 0.026871 -0.018418 -0.023850 -0.019988 0.059374 -0.998036 -1.119969 -0.025724 0.997874 0.059880 95.463905 0.000000 0.000000 0.000000 1.000000
0.999454 0.027024 -0.019034 -0.012483 -0.020619 0.059621 -0.998008 -1.121811 -0.025835 0.997855 0.060146 95.489151 0.000000 0.000000 0.000000 1.000000
0.999435 0.027235 -0.019720 0.001885 -0.021330 0.060148 -0.997962 -1.128329 -0.025993 0.997818 0.060695 95.512115 0.000000 0.000000 0.000000 1.000000
0.999411 0.027435 -0.020598 0.019343 -0.022236 0.060795 -0.997903 -1.136430 -0.026125 0.997773 0.061369 95.527924 0.000000 0.000000 0.000000 1.000000
0.999387 0.027502 -0.021664 0.037701 -0.023321 0.061446 -0.997838 -1.148067 -0.026111 0.997731 0.062050 95.540520 0.000000 0.000000 0.000000 1.000000
0.999364 0.027492 -0.022697 0.053932 -0.024362 0.061841 -0.997789 -1.155197 -0.026027 0.997707 0.062472 95.544060 0.000000 0.000000 0.000000 1.000000
0.999352 0.027477 -0.023265 0.065828 -0.024931 0.061929 -0.997769 -1.153704 -0.025975 0.997702 0.062574 95.542480 0.000000 0.000000 0.000000 1.000000
0.999346 0.027448 -0.023526 0.072987 -0.025185 0.061724 -0.997775 -1.148033 -0.025935 0.997716 0.062375 95.545235 0.000000 0.000000 0.000000 1.000000
0.999345 0.027522 -0.023498 0.073878 -0.025152 0.061351 -0.997799 -1.137781 -0.026020 0.997737 0.062003 95.543892 0.000000 0.000000 0.000000 1.000000
0.999352 0.027559 -0.023135 0.065352 -0.024783 0.061033 -0.997828 -1.126847 -0.026087 0.997755 0.061677 95.530975 0.000000 0.000000 0.000000 1.000000
0.999371 0.027378 -0.022550 0.041279 -0.024180 0.060729 -0.997861 -1.113197 -0.025950 0.997779 0.061352 95.524696 0.000000 0.000000 0.000000 1.000000
0.999399 0.026977 -0.021787 0.006778 -0.023384 0.060361 -0.997903 -1.089907 -0.025606 0.997812 0.060955 95.526321 0.000000 0.000000 0.000000 1.000000
0.999428 0.026550 -0.020959 -0.032587 -0.022520 0.059924 -0.997949 -1.060999 -0.025240 0.997850 0.060488 95.529602 0.000000 0.000000 0.000000 1.000000
0.999452 0.026323 -0.020088 -0.071181 -0.021627 0.059548 -0.997991 -1.034029 -0.025074 0.997878 0.060085 95.523232 0.000000 0.000000 0.000000 1.000000
0.999465 0.026464 -0.019230 -0.107931 -0.020777 0.059475 -0.998014 -1.013201 -0.025268 0.997879 0.059993 95.506706 0.000000 0.000000 0.000000 1.000000
0.999477 0.026721 -0.018190 -0.142616 -0.019759 0.059691 -0.998021 -1.000830 -0.025582 0.997859 0.060188 95.488892 0.000000 0.000000 0.000000 1.000000
0.999484 0.027013 -0.017360 -0.173078 -0.018953 0.059859 -0.998027 -0.993883 -0.025921 0.997841 0.060340 95.478592 0.000000 0.000000 0.000000 1.000000
0.999494 0.027115 -0.016632 -0.200511 -0.018231 0.059837 -0.998042 -0.989944 -0.026067 0.997840 0.060301 95.470932 0.000000 0.000000 0.000000 1.000000
0.999508 0.027058 -0.015873 -0.227628 -0.017470 0.059820 -0.998056 -0.989475 -0.026056 0.997842 0.060263 95.462662 0.000000 0.000000 0.000000 1.000000
0.999525 0.026853 -0.015098 -0.251964 -0.016682 0.059755 -0.998074 -0.990754 -0.025899 0.997852 0.060174 95.442245 0.000000 0.000000 0.000000 1.000000
0.999542 0.026604 -0.014432 -0.274755 -0.015998 0.059633 -0.998092 -0.995228 -0.025693 0.997866 0.060031 95.422195 0.000000 0.000000 0.000000 1.000000
0.999553 0.026399 -0.014065 -0.296351 -0.015612 0.059337 -0.998116 -1.003571 -0.025514 0.997889 0.059723 95.412651 0.000000 0.000000 0.000000 1.000000
0.999559 0.026236 -0.013905 -0.317148 -0.015435 0.059040 -0.998136 -1.014166 -0.025366 0.997911 0.059419 95.417953 0.000000 0.000000 0.000000 1.000000
0.999558 0.026250 -0.013968 -0.335573 -0.015493 0.058793 -0.998150 -1.029477 -0.025380 0.997925 0.059174 95.432228 0.000000 0.000000 0.000000 1.000000
0.999558 0.026171 -0.014113 -0.352914 -0.015626 0.058503 -0.998165 -1.047813 -0.025297 0.997944 0.058886 95.453049 0.000000 0.000000 0.000000 1.000000
0.999559 0.025993 -0.014381 -0.368847 -0.015873 0.058156 -0.998181 -1.068095 -0.025109 0.997969 0.058543 95.476242 0.000000 0.000000 0.000000 1.000000
0.999557 0.025848 -0.014747 -0.383014 -0.016221 0.057780 -0.998198 -1.090873 -0.024949 0.997995 0.058174 95.501999 0.000000 0.000000 0.000000 1.000000
0.999558 0.025629 -0.015048 -0.393957 -0.016497 0.057300 -0.998221 -1.112748 -0.024721 0.998028 0.057698 95.529175 0.000000 0.000000 0.000000 1.000000
0.999562 0.025548 -0.014963 -0.406682 -0.016398 0.056931 -0.998243 -1.132311 -0.024652 0.998051 0.057325 95.553352 0.000000 0.000000 0.000000 1.000000
0.999562 0.025591 -0.014883 -0.420681 -0.016313 0.056640 -0.998261 -1.149059 -0.024703 0.998067 0.057033 95.568245 0.000000 0.000000 0.000000 1.000000
0.999562 0.025530 -0.014988 -0.430079 -0.016409 0.056373 -0.998275 -1.164101 -0.024641 0.998083 0.056767 95.572853 0.000000 0.000000 0.000000 1.000000
0.999558 0.025508 -0.015251 -0.436979 -0.016669 0.056334 -0.998273 -1.180226 -0.024605 0.998086 0.056734 95.577721 0.000000 0.000000 0.000000 1.000000
0.999551 0.025554 -0.015655 -0.440310 -0.017077 0.056421 -0.998261 -1.199565 -0.024627 0.998080 0.056832 95.581917 0.000000 0.000000 0.000000 1.000000
0.999541 0.025667 -0.016066 -0.439587 -0.017499 0.056620 -0.998242 -1.218254 -0.024713 0.998066 0.057043 95.592400 0.000000 0.000000 0.000000 1.000000
0.999532 0.025787 -0.016433 -0.434776 -0.017880 0.056933 -0.998218 -1.236566 -0.024805 0.998045 0.057367 95.606377 0.000000 0.000000 0.000000 1.000000
0.999525 0.025879 -0.016743 -0.427805 -0.018206 0.057358 -0.998188 -1.260660 -0.024871 0.998018 0.057801 95.616005 0.000000 0.000000 0.000000 1.000000
0.999525 0.025883 -0.016707 -0.417499 -0.018182 0.057856 -0.998159 -1.278582 -0.024868 0.997989 0.058299 95.610405 0.000000 0.000000 0.000000 1.000000
0.999529 0.025886 -0.016462 -0.405968 -0.017953 0.058470 -0.998128 -1.297356 -0.024875 0.997954 0.058907 95.595184 0.000000 0.000000 0.000000 1.000000
0.999533 0.025944 -0.016133 -0.394838 -0.017640 0.058964 -0.998104 -1.310298 -0.024943 0.997923 0.059394 95.574768 0.000000 0.000000 0.000000 1.000000
