<?xml version="1.0" encoding="utf-8"?>
<COLLADA xmlns="http://www.collada.org/2005/11/COLLADASchema" version="1.4.1">
  <asset>
    <contributor>
      <author>Mixamo</author>
      <authoring_tool>COLLADA Mixamo exporter</authoring_tool>
      <comments/>
    </contributor>
    <created>2024-05-10T11:13:03Z</created>
    <modified>2024-05-10T11:13:03Z</modified>
    <revision/>
    <title/>
    <unit meter="0.010000"/>
    <up_axis>Y_UP</up_axis>
  </asset>
  <library_animations>
    <animation>
      <source id="Armature-Matrix-animation-input">
        <float_array id="Armature-Matrix-animation-input-array" count="50">

0.000000 0.033333 0.066667 0.100000 0.133333 0.166667 0.200000 0.233333 0.266667 0.300000 0.333333 0.366667 0.400000 0.433333 0.466667 0.500000
0.533333 0.566667 0.600000 0.633333 0.666667 0.700000 0.733333 0.766667 0.800000 0.833333 0.866667 0.900000 0.933333 0.966667 1.000000 1.033333
1.066667 1.100000 1.133333 1.166667 1.200000 1.233333 1.266667 1.300000 1.333333 1.366667 1.400000 1.433333 1.466667 1.500000 1.533333 1.566667
1.600000 1.633333</float_array>
        <technique_common>
          <accessor source="#Armature-Matrix-animation-input-array" count="50">
            <param name="TIME" type="float"/>
          </accessor>
        </technique_common>
      </source>
      <source id="Armature-Matrix-animation-output-transform">
        <float_array id="Armature-Matrix-animation-output-transform-array" count="800">

1.000000 0.000000 0.000000 0.000000 0.000000 0.000000 1.000000 0.000000 0.000000 -1.000000 0.000000 0.000000 0.000000 0.000000 0.000000 1.000000
1.000000 0.000000 0.000000 0.000000 0.000000 0.000000 1.000000 0.000000 0.000000 -1.000000 0.000000 0.000000 0.000000 0.000000 0.000000 1.000000
1.000000 0.000000 0.000000 0.000000 0.000000 0.000000 1.000000 0.000000 0.000000 -1.000000 0.000000 0.000000 0.000000 0.000000 0.000000 1.000000
1.000000 0.000000 0.000000 0.000000 0.000000 0.000000 1.000000 0.000000 0.000000 -1.000000 0.000000 0.000000 0.000000 0.000000 0.000000 1.000000
1.000000 0.000000 0.000000 0.000000 0.000000 0.000000 1.000000 0.000000 0.000000 -1.000000 0.000000 0.000000 0.000000 0.000000 0.000000 1.000000
1.000000 0.000000 0.000000 0.000000 0.000000 0.000000 1.000000 0.000000 0.000000 -1.000000 0.000000 0.000000 0.000000 0.000000 0.000000 1.000000
1.000000 0.000000 0.000000 0.000000 0.000000 0.000000 1.000000 0.000000 0.000000 -1.000000 0.000000 0.000000 0.000000 0.000000 0.000000 1.000000
1.000000 0.000000 0.000000 0.000000 0.000000 0.000000 1.000000 0.000000 0.000000 -1.000000 0.000000 0.000000 0.000000 0.000000 0.000000 1.000000
1.000000 0.000000 0.000000 0.000000 0.000000 0.000000 1.000000 0.000000 0.000000 -1.000000 0.000000 0.000000 0.000000 0.000000 0.000000 1.000000
1.000000 0.000000 0.000000 0.000000 0.000000 0.000000 1.000000 0.000000 0.000000 -1.000000 0.000000 0.000000 0.000000 0.000000 0.000000 1.000000
1.000000 0.000000 0.000000 0.000000 0.000000 0.000000 1.000000 0.000000 0.000000 -1.000000 0.000000 0.000000 0.000000 0.000000 0.000000 1.000000
1.000000 0.000000 0.000000 0.000000 0.000000 0.000000 1.000000 0.000000 0.000000 -1.000000 0.000000 0.000000 0.000000 0.000000 0.000000 1.000000
1.000000 0.000000 0.000000 0.000000 0.000000 0.000000 1.000000 0.000000 0.000000 -1.000000 0.000000 0.000000 0.000000 0.000000 0.000000 1.000000
1.000000 0.000000 0.000000 0.000000 0.000000 0.000000 1.000000 0.000000 0.000000 -1.000000 0.000000 0.000000 0.000000 0.000000 0.000000 1.000000
1.000000 0.000000 0.000000 0.000000 0.000000 0.000000 1.000000 0.000000 0.000000 -1.000000 0.000000 0.000000 0.000000 0.000000 0.000000 1.000000
1.000000 0.000000 0.000000 0.000000 0.000000 0.000000 1.000000 0.000000 0.000000 -1.000000 0.000000 0.000000 0.000000 0.000000 0.000000 1.000000
1.000000 0.000000 0.000000 0.000000 0.000000 0.000000 1.000000 0.000000 0.000000 -1.000000 0.000000 0.000000 0.000000 0.000000 0.000000 1.000000
1.000000 0.000000 0.000000 0.000000 0.000000 0.000000 1.000000 0.000000 0.000000 -1.000000 0.000000 0.000000 0.000000 0.000000 0.000000 1.000000
1.000000 0.000000 0.000000 0.000000 0.000000 0.000000 1.000000 0.000000 0.000000 -1.000000 0.000000 0.000000 0.000000 0.000000 0.000000 1.000000
1.000000 0.000000 0.000000 0.000000 0.000000 0.000000 1.000000 0.000000 0.000000 -1.000000 0.000000 0.000000 0.000000 0.000000 0.000000 1.000000
1.000000 0.000000 0.000000 0.000000 0.000000 0.000000 1.000000 0.000000 0.000000 -1.000000 0.000000 0.000000 0.000000 0.000000 0.000000 1.000000
1.000000 0.000000 0.000000 0.000000 0.000000 0.000000 1.000000 0.000000 0.000000 -1.000000 0.000000 0.000000 0.000000 0.000000 0.000000 1.000000
1.000000 0.000000 0.000000 0.000000 0.000000 0.000000 1.000000 0.000000 0.000000 -1.000000 0.000000 0.000000 0.000000 0.000000 0.000000 1.000000
1.000000 0.000000 0.000000 0.000000 0.000000 0.000000 1.000000 0.000000 0.000000 -1.000000 0.000000 0.000000 0.000000 0.000000 0.000000 1.000000
1.000000 0.000000 0.000000 0.000000 0.000000 0.000000 1.000000 0.000000 0.000000 -1.000000 0.000000 0.000000 0.000000 0.000000 0.000000 1.000000
1.000000 0.000000 0.000000 0.000000 0.000000 0.000000 1.000000 0.000000 0.000000 -1.000000 0.000000 0.000000 0.000000 0.000000 0.000000 1.000000
1.000000 0.000000 0.000000 0.000000 0.000000 0.000000 1.000000 0.000000 0.000000 -1.000000 0.000000 0.000000 0.000000 0.000000 0.000000 1.000000
1.000000 0.000000 0.000000 0.000000 0.000000 0.000000 1.000000 0.000000 0.000000 -1.000000 0.000000 0.000000 0.000000 0.000000 0.000000 1.000000
1.000000 0.000000 0.000000 0.000000 0.000000 0.000000 1.000000 0.000000 0.000000 -1.000000 0.000000 0.000000 0.000000 0.000000 0.000000 1.000000
1.000000 0.000000 0.000000 0.000000 0.000000 0.000000 1.000000 0.000000 0.000000 -1.000000 0.000000 0.000000 0.000000 0.000000 0.000000 1.000000
1.000000 0.000000 0.000000 0.000000 0.000000 0.000000 1.000000 0.000000 0.000000 -1.000000 0.000000 0.000000 0.000000 0.000000 0.000000 1.000000
1.000000 0.000000 0.000000 0.000000 0.000000 0.000000 1.000000 0.000000 0.000000 -1.000000 0.000000 0.000000 0.000000 0.000000 0.000000 1.000000
1.000000 0.000000 0.000000 0.000000 0.000000 0.000000 1.000000 0.000000 0.000000 -1.000000 0.000000 0.000000 0.000000 0.000000 0.000000 1.000000
1.000000 0.000000 0.000000 0.000000 0.000000 0.000000 1.000000 0.000000 0.000000 -1.000000 0.000000 0.000000 0.000000 0.000000 0.000000 1.000000
1.000000 0.000000 0.000000 0.000000 0.000000 0.000000 1.000000 0.000000 0.000000 -1.000000 0.000000 0.000000 0.000000 0.000000 0.000000 1.000000
1.000000 0.000000 0.000000 0.000000 0.000000 0.000000 1.000000 0.000000 0.000000 -1.000000 0.000000 0.000000 0.000000 0.000000 0.000000 1.000000
1.000000 0.000000 0.000000 0.000000 0.000000 0.000000 1.000000 0.000000 0.000000 -1.000000 0.000000 0.000000 0.000000 0.000000 0.000000 1.000000
1.000000 0.000000 0.000000 0.000000 0.000000 0.000000 1.000000 0.000000 0.000000 -1.000000 0.000000 0.000000 0.000000 0.000000 0.000000 1.000000
1.000000 0.000000 0.000000 0.000000 0.000000 0.000000 1.000000 0.000000 0.000000 -1.000000 0.000000 0.000000 0.000000 0.000000 0.000000 1.000000
1.000000 0.000000 0.000000 0.000000 0.000000 0.000000 1.000000 0.000000 0.000000 -1.000000 0.000000 0.000000 0.000000 0.000000 0.000000 1.000000
1.000000 0.000000 0.000000 0.000000 0.000000 0.000000 1.000000 0.000000 0.000000 -1.000000 0.000000 0.000000 0.000000 0.000000 0.000000 1.000000
1.000000 0.000000 0.000000 0.000000 0.000000 0.000000 1.000000 0.000000 0.000000 -1.000000 0.000000 0.000000 0.000000 0.000000 0.000000 1.000000
1.000000 0.000000 0.000000 0.000000 0.000000 0.000000 1.000000 0.000000 0.000000 -1.000000 0.000000 0.000000 0.000000 0.000000 0.000000 1.000000
1.000000 0.000000 0.000000 0.000000 0.000000 0.000000 1.000000 0.000000 0.000000 -1.000000 0.000000 0.000000 0.000000 0.000000 0.000000 1.000000
1.000000 0.000000 0.000000 0.000000 0.000000 0.000000 1.000000 0.000000 0.000000 -1.000000 0.000000 0.000000 0.000000 0.000000 0.000000 1.000000
1.000000 0.000000 0.000000 0.000000 0.000000 0.000000 1.000000 0.000000 0.000000 -1.000000 0.000000 0.000000 0.000000 0.000000 0.000000 1.000000
1.000000 0.000000 0.000000 0.000000 0.000000 0.000000 1.000000 0.000000 0.000000 -1.000000 0.000000 0.000000 0.000000 0.000000 0.000000 1.000000
1.000000 0.000000 0.000000 0.000000 0.000000 0.000000 1.000000 0.000000 0.000000 -1.000000 0.000000 0.000000 0.000000 0.000000 0.000000 1.000000
1.000000 0.000000 0.000000 0.000000 0.000000 0.000000 1.000000 0.000000 0.000000 -1.000000 0.000000 0.000000 0.000000 0.000000 0.000000 1.000000
1.000000 0.000000 0.000000 0.000000 0.000000 0.000000 1.000000 0.000000 0.000000 -1.000000 0.000000 0.000000 0.000000 0.000000 0.000000 1.000000</float_array>
        <technique_common>
          <accessor source="#Armature-Matrix-animation-output-transform-array" count="50" stride="16">
            <param type="float4x4"/>
          </accessor>
        </technique_common>
      </source>
      <source id="Armature-Interpolations">
        <Name_array id="Armature-Interpolations-array" count="50">
 LINEAR LINEAR LINEAR LINEAR LINEAR LINEAR LINEAR LINEAR LINEAR LINEAR LINEAR
LINEAR LINEAR LINEAR LINEAR LINEAR LINEAR LINEAR LINEAR LINEAR LINEAR LINEAR LINEAR
LINEAR LINEAR LINEAR LINEAR LINEAR LINEAR LINEAR LINEAR LINEAR LINEAR LINEAR LINEAR
LINEAR LINEAR LINEAR LINEAR LINEAR LINEAR LINEAR LINEAR LINEAR LINEAR LINEAR LINEAR
LINEAR LINEAR LINEAR</Name_array>
        <technique_common>
          <accessor source="#Armature-Interpolations-array" count="50">
            <param type="name"/>
          </accessor>
        </technique_common>
      </source>
      <sampler id="Armature-Matrix-animation-transform">
        <input semantic="INPUT" source="#Armature-Matrix-animation-input"/>
        <input semantic="OUTPUT" source="#Armature-Matrix-animation-output-transform"/>
        <input semantic="INTERPOLATION" source="#Armature-Interpolations"/>
      </sampler>
      <channel source="#Armature-Matrix-animation-transform" target="Armature/matrix"/>
      <source id="mixamorig_Hips-Matrix-animation-input">
        <float_array id="mixamorig_Hips-Matrix-animation-input-array" count="50">

0.000000 0.033333 0.066667 0.100000 0.133333 0.166667 0.200000 0.233333 0.266667 0.300000 0.333333 0.366667 0.400000 0.433333 0.466667 0.500000
0.533333 0.566667 0.600000 0.633333 0.666667 0.700000 0.733333 0.766667 0.800000 0.833333 0.866667 0.900000 0.933333 0.966667 1.000000 1.033333
1.066667 1.100000 1.133333 1.166667 1.200000 1.233333 1.266667 1.300000 1.333333 1.366667 1.400000 1.433333 1.466667 1.500000 1.533333 1.566667
1.600000 1.633333</float_array>
        <technique_common>
          <accessor source="#mixamorig_Hips-Matrix-animation-input-array" count="50">
            <param name="TIME" type="float"/>
          </accessor>
        </technique_common>
      </source>
      <source id="mixamorig_Hips-Matrix-animation-output-transform">
        <float_array id="mixamorig_Hips-Matrix-animation-output-transform-array" count="800">

0.691900 -0.000427 0.721993 0.256549 0.718849 0.093639 -0.688831 -0.104135 -0.067312 0.995606 0.065096 84.181168 0.000000 0.000000 0.000000 1.000000
0.714070 0.002095 0.700071 0.113581 0.695651 0.110114 -0.709891 0.260262 -0.078574 0.993917 0.077172 84.314392 0.000000 0.000000 0.000000 1.000000
0.788729 -0.001832 0.614738 0.837336 0.609237 0.135837 -0.781267 0.565471 -0.082073 0.990730 0.108254 84.387878 0.000000 0.000000 0.000000 1.000000
0.888462 0.000609 0.458949 2.595018 0.451967 0.172608 -0.875176 0.325294 -0.079751 0.984990 0.153080 84.543808 0.000000 0.000000 0.000000 1.000000
0.954790 0.031869 0.295567 4.527272 0.283208 0.204753 -0.936947 -0.514301 -0.090378 0.978295 0.186470 84.636612 0.000000 0.000000 0.000000 1.000000
0.984317 0.080307 0.157069 5.879055 0.136797 0.214704 -0.967052 -1.527092 -0.111384 0.973372 0.200351 84.559196 0.000000 0.000000 0.000000 1.000000
0.992823 0.119592 -0.000347 6.865918 -0.024575 0.201174 -0.979247 -2.532222 -0.117040 0.972228 0.202669 84.265976 0.000000 0.000000 0.000000 1.000000
0.972272 0.140231 -0.187141 7.951400 -0.209264 0.164545 -0.963916 -3.376266 -0.104377 0.976350 0.189328 83.692284 0.000000 0.000000 0.000000 1.000000
0.923852 0.143385 -0.354878 8.975071 -0.371441 0.112145 -0.921659 -3.810056 -0.092354 0.983293 0.156864 82.763741 0.000000 0.000000 0.000000 1.000000
0.875363 0.133518 -0.464665 9.587735 -0.475275 0.061474 -0.877687 -3.575908 -0.088622 0.989138 0.117270 81.542343 0.000000 0.000000 0.000000 1.000000
0.855908 0.119744 -0.503073 9.812898 -0.509623 0.030187 -0.859868 -2.446987 -0.087778 0.992346 0.086861 80.235954 0.000000 0.000000 0.000000 1.000000
0.865076 0.106501 -0.490206 9.967463 -0.495000 0.022751 -0.868595 -0.846047 -0.081354 0.994052 0.072399 79.211151 0.000000 0.000000 0.000000 1.000000
0.880307 0.094607 -0.464875 10.258915 -0.469019 0.026337 -0.882795 0.843317 -0.071275 0.995166 0.067557 78.446045 0.000000 0.000000 0.000000 1.000000
0.895164 0.085480 -0.437464 10.561067 -0.440723 0.022943 -0.897350 2.755957 -0.066669 0.996076 0.058211 77.832840 0.000000 0.000000 0.000000 1.000000
0.912948 0.076754 -0.400792 10.772241 -0.402133 0.002221 -0.915578 4.914187 -0.069385 0.997048 0.032893 77.386078 0.000000 0.000000 0.000000 1.000000
0.931655 0.067833 -0.356957 10.843948 -0.355665 -0.030663 -0.934110 7.069895 -0.074309 0.997225 -0.004442 77.062202 0.000000 0.000000 0.000000 1.000000
0.950510 0.060309 -0.304783 10.644526 -0.301505 -0.057754 -0.951714 9.107350 -0.074999 0.996508 -0.036713 76.847885 0.000000 0.000000 0.000000 1.000000
0.970207 0.052830 -0.236446 10.036802 -0.232607 -0.069842 -0.970060 11.056992 -0.067762 0.996158 -0.055473 76.723618 0.000000 0.000000 0.000000 1.000000
0.988609 0.041207 -0.144753 8.993936 -0.141124 -0.080436 -0.986719 12.947553 -0.052303 0.995908 -0.073705 76.634590 0.000000 0.000000 0.000000 1.000000
0.999267 0.027461 -0.026657 7.507617 -0.023583 -0.106772 -0.994004 14.712674 -0.030142 0.993904 -0.106046 76.590874 0.000000 0.000000 0.000000 1.000000
0.994248 0.020474 0.105126 5.575253 0.106981 -0.143373 -0.983869 16.143354 -0.005071 0.989457 -0.144739 76.703735 0.000000 0.000000 0.000000 1.000000
0.972768 0.023571 0.230580 3.307094 0.231137 -0.172809 -0.957451 17.056540 0.017279 0.984673 -0.173551 77.057076 0.000000 0.000000 0.000000 1.000000
0.938339 0.036561 0.343778 0.870479 0.344177 -0.192532 -0.918952 17.415270 0.032591 0.980609 -0.193244 77.584282 0.000000 0.000000 0.000000 1.000000
0.893155 0.058584 0.445917 -1.561724 0.447854 -0.206761 -0.869872 17.258879 0.041238 0.976636 -0.210906 78.180092 0.000000 0.000000 0.000000 1.000000
0.839593 0.082899 0.536853 -3.829394 0.541214 -0.212404 -0.813616 16.606981 0.046582 0.973659 -0.223199 78.741333 0.000000 0.000000 0.000000 1.000000
0.777954 0.103206 0.619788 -5.823279 0.626279 -0.206837 -0.751660 15.524258 0.050620 0.972917 -0.225545 79.240013 0.000000 0.000000 0.000000 1.000000
0.708126 0.120719 0.695690 -7.455255 0.704140 -0.193844 -0.683090 14.151596 0.052393 0.973577 -0.222269 79.648682 0.000000 0.000000 0.000000 1.000000
0.637543 0.139669 0.757648 -8.685471 0.768957 -0.175834 -0.614645 12.686228 0.047374 0.974461 -0.219501 80.001312 0.000000 0.000000 0.000000 1.000000
0.576434 0.157846 0.801753 -9.576176 0.816442 -0.151907 -0.557088 11.268941 0.033857 0.975709 -0.216436 80.418495 0.000000 0.000000 0.000000 1.000000
0.528861 0.170786 0.831347 -10.121878 0.848576 -0.123753 -0.514397 10.020507 0.015030 0.977506 -0.210373 80.887268 0.000000 0.000000 0.000000 1.000000
0.495511 0.178584 0.850045 -10.265409 0.868572 -0.093808 -0.486603 9.038922 -0.007158 0.979443 -0.201596 81.344856 0.000000 0.000000 0.000000 1.000000
0.478503 0.182193 0.858977 -10.004087 0.877468 -0.062518 -0.475543 8.335156 -0.032939 0.981273 -0.189784 81.774590 0.000000 0.000000 0.000000 1.000000
0.477989 0.180482 0.859624 -9.397507 0.876279 -0.030569 -0.480832 7.851062 -0.060503 0.983103 -0.172764 82.185684 0.000000 0.000000 0.000000 1.000000
0.489391 0.173810 0.854568 -8.527220 0.867675 0.001142 -0.497130 7.522478 -0.087382 0.984779 -0.150252 82.589737 0.000000 0.000000 0.000000 1.000000
0.508301 0.165046 0.845216 -7.493220 0.853785 0.031755 -0.519656 7.273716 -0.112607 0.985775 -0.124772 82.997437 0.000000 0.000000 0.000000 1.000000
0.533031 0.155654 0.831655 -6.413650 0.835178 0.060602 -0.546631 7.016777 -0.135485 0.985951 -0.097696 83.422119 0.000000 0.000000 0.000000 1.000000
0.560056 0.144110 0.815824 -5.341796 0.814110 0.086723 -0.574199 6.697050 -0.153498 0.985754 -0.068752 83.819473 0.000000 0.000000 0.000000 1.000000
0.583517 0.129823 0.801657 -4.287323 0.795448 0.107515 -0.596408 6.324239 -0.163618 0.985691 -0.040531 84.130302 0.000000 0.000000 0.000000 1.000000
0.601568 0.114043 0.790639 -3.297333 0.781412 0.121500 -0.612073 5.913712 -0.165865 0.986018 -0.016024 84.354507 0.000000 0.000000 0.000000 1.000000
0.618324 0.096534 0.779972 -2.415266 0.768914 0.131048 -0.625778 5.459344 -0.162623 0.986665 0.006804 84.542503 0.000000 0.000000 0.000000 1.000000
0.637046 0.077244 0.766945 -1.638329 0.755090 0.137481 -0.641045 4.952657 -0.154957 0.987488 0.029256 84.719353 0.000000 0.000000 0.000000 1.000000
0.655444 0.059220 0.752919 -0.960626 0.741537 0.138606 -0.656438 4.384399 -0.143234 0.988575 0.046935 84.854134 0.000000 0.000000 0.000000 1.000000
0.670816 0.044545 0.740285 -0.412619 0.730324 0.133911 -0.669847 3.745342 -0.128971 0.989992 0.057297 84.937752 0.000000 0.000000 0.000000 1.000000
0.682886 0.031108 0.729863 -0.026816 0.721577 0.127174 -0.680554 3.046277 -0.113990 0.991393 0.064398 84.977097 0.000000 0.000000 0.000000 1.000000
0.690173 0.017663 0.723429 0.207438 0.716664 0.121834 -0.686694 2.343962 -0.100267 0.992393 0.071428 84.966064 0.000000 0.000000 0.000000 1.000000
0.691619 0.007625 0.722222 0.306214 0.716639 0.117287 -0.687511 1.687934 -0.089950 0.993069 0.075653 84.892822 0.000000 0.000000 0.000000 1.000000
0.690704 0.003515 0.723129 0.289450 0.718318 0.111925 -0.686652 1.090373 -0.083350 0.993710 0.074782 84.774490 0.000000 0.000000 0.000000 1.000000
0.691115 0.002629 0.722740 0.236615 0.718489 0.105856 -0.687436 0.578093 -0.078313 0.994378 0.071270 84.613731 0.000000 0.000000 0.000000 1.000000
0.691919 0.001464 0.721973 0.229824 0.718276 0.099697 -0.688578 0.188771 -0.072987 0.995017 0.067931 84.399673 0.000000 0.000000 0.000000 1.000000
0.691900 -0.000428 0.721993 0.256546 0.718849 0.093639 -0.688831 -0.104141 -0.067312 0.995606 0.065096 84.181152 0.000000 0.000000 0.000000 1.000000</float_array>
        <technique_common>
          <accessor source="#mixamorig_Hips-Matrix-animation-output-transform-array" count="50" stride="16">
            <param type="float4x4"/>
          </accessor>
        </technique_common>
      </source>
      <source id="mixamorig_Hips-Interpolations">
        <Name_array id="mixamorig_Hips-Interpolations-array" count="50">
 LINEAR LINEAR LINEAR LINEAR LINEAR LINEAR LINEAR LINEAR LINEAR LINEAR LINEAR
LINEAR LINEAR LINEAR LINEAR LINEAR LINEAR LINEAR LINEAR LINEAR LINEAR LINEAR LINEAR
LINEAR LINEAR LINEAR LINEAR LINEAR LINEAR LINEAR LINEAR LINEAR LINEAR LINEAR LINEAR
LINEAR LINEAR LINEAR LINEAR LINEAR LINEAR LINEAR LINEAR LINEAR LINEAR LINEAR LINEAR
LINEAR LINEAR LINEAR</Name_array>
        <technique_common>
          <accessor source="#mixamorig_Hips-Interpolations-array" count="50">
            <param type="name"/>
          </accessor>
        </technique_common>
      </source>
      <sampler id="mixamorig_Hips-Matrix-animation-transform">
        <input semantic="INPUT" source="#mixamorig_Hips-Matrix-animation-input"/>
        <input semantic="OUTPUT" source="#mixamorig_Hips-Matrix-animation-output-transform"/>
        <input semantic="INTERPOLATION" source="#mixamorig_Hips-Interpolations"/>
      </sampler>
      <channel source="#mixamorig_Hips-Matrix-animation-transform" target="mixamorig_Hips/matrix"/>
      <source id="mixamorig_Spine-Matrix-animation-input">
        <float_array id="mixamorig_Spine-Matrix-animation-input-array" count="50">

0.000000 0.033333 0.066667 0.100000 0.133333 0.166667 0.200000 0.233333 0.266667 0.300000 0.333333 0.366667 0.400000 0.433333 0.466667 0.500000
0.533333 0.566667 0.600000 0.633333 0.666667 0.700000 0.733333 0.766667 0.800000 0.833333 0.866667 0.900000 0.933333 0.966667 1.000000 1.033333
1.066667 1.100000 1.133333 1.166667 1.200000 1.233333 1.266667 1.300000 1.333333 1.366667 1.400000 1.433333 1.466667 1.500000 1.533333 1.566667
1.600000 1.633333</float_array>
        <technique_common>
          <accessor source="#mixamorig_Spine-Matrix-animation-input-array" count="50">
            <param name="TIME" type="float"/>
          </accessor>
        </technique_common>
      </source>
      <source id="mixamorig_Spine-Matrix-animation-output-transform">
        <float_array id="mixamorig_Spine-Matrix-animation-output-transform-array" count="800">

0.991734 -0.015958 -0.127312 0.000000 0.010836 0.999108 -0.040819 8.407700 0.127849 0.039102 0.991022 -1.041900 0.000000 0.000000 0.000000 1.000000
0.996385 -0.028581 -0.079999 0.000000 0.025457 0.998883 -0.039800 8.407700 0.081047 0.037620 0.996000 -1.041900 0.000000 0.000000 0.000000 1.000000
0.999206 -0.038426 -0.010550 0.000000 0.038202 0.999056 -0.020684 8.407700 0.011334 0.020264 0.999730 -1.041900 0.000000 0.000000 0.000000 1.000000
0.998626 -0.049451 0.017313 0.000000 0.048950 0.998400 0.028292 8.407700 -0.018684 -0.027406 0.999450 -1.041900 0.000000 0.000000 0.000000 1.000000
0.995942 -0.064744 -0.062511 -0.000000 0.070699 0.992643 0.098294 8.407700 0.055687 -0.102315 0.993192 -1.041900 0.000000 0.000000 0.000000 1.000000
0.965827 -0.082531 -0.245699 -0.000000 0.121910 0.981197 0.149636 8.407700 0.228729 -0.174476 0.957727 -1.041900 0.000000 0.000000 0.000000 1.000000
0.894511 -0.102417 -0.435156 0.000000 0.185989 0.970420 0.153925 8.407700 0.406520 -0.218621 0.887100 -1.041900 0.000000 0.000000 0.000000 1.000000
0.831708 -0.128033 -0.540249 -0.000000 0.237700 0.961474 0.138078 8.407700 0.501757 -0.243258 0.830100 -1.041900 0.000000 0.000000 0.000000 1.000000
0.814677 -0.155961 -0.558549 0.000000 0.275899 0.951408 0.136758 8.407700 0.510079 -0.265517 0.818120 -1.041900 0.000000 0.000000 0.000000 1.000000
0.821551 -0.172605 -0.543380 -0.000000 0.294092 0.944785 0.144535 8.407700 0.488430 -0.278547 0.826951 -1.041900 0.000000 0.000000 0.000000 1.000000
0.823025 -0.169687 -0.542066 -0.000000 0.283087 0.949904 0.132458 8.407700 0.492434 -0.262468 0.829831 -1.041900 0.000000 0.000000 0.000000 1.000000
0.813661 -0.154599 -0.560405 -0.000000 0.245596 0.965155 0.090327 8.407700 0.526913 -0.211128 0.823278 -1.041900 0.000000 0.000000 0.000000 1.000000
0.802958 -0.140161 -0.579322 0.000000 0.195156 0.980205 0.033341 8.407700 0.563181 -0.139830 0.814417 -1.041900 0.000000 0.000000 0.000000 1.000000
0.799799 -0.131369 -0.585717 0.000000 0.148629 0.988714 -0.018803 8.407700 0.581577 -0.072016 0.810298 -1.041900 0.000000 0.000000 0.000000 1.000000
0.807439 -0.127043 -0.576109 -0.000000 0.115612 0.991678 -0.056650 8.407700 0.578512 -0.020864 0.815407 -1.041900 0.000000 0.000000 0.000000 1.000000
0.826893 -0.126875 -0.547859 0.000000 0.095230 0.991739 -0.085937 8.407700 0.554237 0.018889 0.832145 -1.041900 0.000000 0.000000 0.000000 1.000000
0.855906 -0.131701 -0.500079 -0.000000 0.081344 0.989276 -0.121313 8.407700 0.510693 0.063154 0.857440 -1.041900 0.000000 0.000000 0.000000 1.000000
0.887679 -0.140738 -0.438428 0.000000 0.072043 0.982869 -0.169642 8.407700 0.454793 0.119003 0.882611 -1.041900 0.000000 0.000000 0.000000 1.000000
0.915398 -0.152582 -0.372512 -0.000000 0.072544 0.972759 -0.220177 8.407700 0.395959 0.174526 0.901530 -1.041900 0.000000 0.000000 0.000000 1.000000
0.936451 -0.167202 -0.308387 0.000000 0.087466 0.962627 -0.256318 8.407700 0.339719 0.213056 0.916078 -1.041900 0.000000 0.000000 0.000000 1.000000
0.951475 -0.185514 -0.245519 -0.000000 0.115747 0.955012 -0.273046 8.407700 0.285128 0.231378 0.930143 -1.041900 0.000000 0.000000 0.000000 1.000000
0.961391 -0.206597 -0.181783 0.000000 0.151593 0.948918 -0.276722 8.407700 0.229667 0.238481 0.943600 -1.041900 0.000000 0.000000 0.000000 1.000000
0.966736 -0.226875 -0.118108 0.000000 0.187571 0.942772 -0.275679 8.407700 0.173893 0.244355 0.953966 -1.041900 0.000000 0.000000 0.000000 1.000000
0.968544 -0.241922 -0.058272 0.000000 0.217412 0.936604 -0.274782 8.407700 0.121053 0.253470 0.959739 -1.041900 0.000000 0.000000 0.000000 1.000000
0.967897 -0.251226 -0.007875 -0.000000 0.239677 0.931933 -0.272133 8.407700 0.075705 0.261510 0.962227 -1.041900 0.000000 0.000000 0.000000 1.000000
0.965524 -0.258732 0.028659 -0.000000 0.257079 0.930425 -0.261190 8.407700 0.040914 0.259553 0.964862 -1.041900 0.000000 0.000000 0.000000 1.000000
0.962839 -0.264781 0.053215 0.000000 0.269685 0.932014 -0.242116 8.407700 0.014510 0.247470 0.968787 -1.041900 0.000000 0.000000 0.000000 1.000000
0.961821 -0.263828 0.072770 0.000000 0.273548 0.935022 -0.225624 8.407700 -0.008515 0.236916 0.971493 -1.041900 0.000000 0.000000 0.000000 1.000000
0.963730 -0.251640 0.088890 0.000000 0.265415 0.938555 -0.220610 8.407700 -0.027914 0.236201 0.971303 -1.041900 0.000000 0.000000 0.000000 1.000000
0.968220 -0.230565 0.096902 0.000000 0.246950 0.942651 -0.224555 8.407700 -0.039571 0.241348 0.969631 -1.041900 0.000000 0.000000 0.000000 1.000000
0.974096 -0.205405 0.094580 -0.000000 0.222119 0.947556 -0.229783 8.407700 -0.042421 0.244839 0.968635 -1.041900 0.000000 0.000000 0.000000 1.000000
0.980144 -0.178877 0.085557 -0.000000 0.194255 0.952792 -0.233350 8.407700 -0.039777 0.245337 0.968621 -1.041900 0.000000 0.000000 0.000000 1.000000
0.985650 -0.151758 0.073914 0.000000 0.165166 0.957434 -0.236729 8.407700 -0.034842 0.245540 0.968760 -1.041900 0.000000 0.000000 0.000000 1.000000
0.990366 -0.124523 0.060582 0.000000 0.135535 0.961346 -0.239676 8.407700 -0.028395 0.245578 0.968961 -1.041900 0.000000 0.000000 0.000000 1.000000
0.994130 -0.098128 0.045565 0.000000 0.106229 0.965152 -0.239157 8.407700 -0.020509 0.242594 0.969911 -1.041900 0.000000 0.000000 0.000000 1.000000
0.996820 -0.074024 0.029489 0.000000 0.078872 0.969254 -0.233080 8.407700 -0.011329 0.234665 0.972010 -1.041900 0.000000 0.000000 0.000000 1.000000
0.998524 -0.052981 0.011964 0.000000 0.054315 0.973575 -0.221816 8.407700 0.000104 0.222139 0.975015 -1.041900 0.000000 0.000000 0.000000 1.000000
0.999355 -0.035124 -0.007433 0.000000 0.032827 0.977803 -0.206941 8.407700 0.014536 0.206564 0.978325 -1.041900 0.000000 0.000000 0.000000 1.000000
0.999439 -0.020509 -0.026463 0.000000 0.015089 0.981507 -0.190833 8.407700 0.029887 0.190326 0.981266 -1.041900 0.000000 0.000000 0.000000 1.000000
0.999091 -0.009080 -0.041649 0.000000 0.001622 0.984437 -0.175728 8.407700 0.042597 0.175501 0.983557 -1.041900 0.000000 0.000000 0.000000 1.000000
0.998640 -0.000301 -0.052142 0.000000 -0.008115 0.986900 -0.161127 8.407700 0.051507 0.161331 0.985555 -1.041900 0.000000 0.000000 0.000000 1.000000
0.998198 0.006523 -0.059653 0.000000 -0.015096 0.989402 -0.144415 8.407700 0.058079 0.145055 0.987717 -1.041900 0.000000 0.000000 0.000000 1.000000
0.997769 0.011488 -0.065772 0.000000 -0.019693 0.991898 -0.125502 8.407700 0.063798 0.126517 0.989911 -1.041900 0.000000 0.000000 0.000000 1.000000
0.997333 0.013654 -0.071703 -0.000000 -0.021367 0.993928 -0.107939 8.407700 0.069793 0.109183 0.991568 -1.041900 0.000000 0.000000 0.000000 1.000000
0.996808 0.011760 -0.078971 0.000000 -0.019203 0.995372 -0.094163 8.407700 0.077498 0.095378 0.992420 -1.041900 0.000000 0.000000 0.000000 1.000000
0.996086 0.005994 -0.088184 -0.000000 -0.013313 0.996490 -0.082641 8.407700 0.087379 0.083492 0.992670 -1.041900 0.000000 0.000000 0.000000 1.000000
0.995151 -0.001423 -0.098346 -0.000000 -0.005587 0.997463 -0.070968 8.407700 0.098198 0.071173 0.992619 -1.041900 0.000000 0.000000 0.000000 1.000000
0.994075 -0.007961 -0.108401 0.000000 0.001542 0.998247 -0.059173 8.407700 0.108682 0.058656 0.992345 -1.041900 0.000000 0.000000 0.000000 1.000000
0.992920 -0.012689 -0.118106 0.000000 0.006958 0.998784 -0.048804 8.407700 0.118582 0.047637 0.991801 -1.041900 0.000000 0.000000 0.000000 1.000000
0.991734 -0.015958 -0.127312 0.000000 0.010836 0.999108 -0.040819 8.407700 0.127849 0.039102 0.991022 -1.041900 0.000000 0.000000 0.000000 1.000000</float_array>
        <technique_common>
          <accessor source="#mixamorig_Spine-Matrix-animation-output-transform-array" count="50" stride="16">
            <param type="float4x4"/>
          </accessor>
        </technique_common>
      </source>
      <source id="mixamorig_Spine-Interpolations">
        <Name_array id="mixamorig_Spine-Interpolations-array" count="50">
 LINEAR LINEAR LINEAR LINEAR LINEAR LINEAR LINEAR LINEAR LINEAR LINEAR LINEAR
LINEAR LINEAR LINEAR LINEAR LINEAR LINEAR LINEAR LINEAR LINEAR LINEAR LINEAR LINEAR
LINEAR LINEAR LINEAR LINEAR LINEAR LINEAR LINEAR LINEAR LINEAR LINEAR LINEAR LINEAR
LINEAR LINEAR LINEAR LINEAR LINEAR LINEAR LINEAR LINEAR LINEAR LINEAR LINEAR LINEAR
LINEAR LINEAR LINEAR</Name_array>
        <technique_common>
          <accessor source="#mixamorig_Spine-Interpolations-array" count="50">
            <param type="name"/>
          </accessor>
        </technique_common>
      </source>
      <sampler id="mixamorig_Spine-Matrix-animation-transform">
        <input semantic="INPUT" source="#mixamorig_Spine-Matrix-animation-input"/>
        <input semantic="OUTPUT" source="#mixamorig_Spine-Matrix-animation-output-transform"/>
        <input semantic="INTERPOLATION" source="#mixamorig_Spine-Interpolations"/>
      </sampler>
      <channel source="#mixamorig_Spine-Matrix-animation-transform" target="mixamorig_Spine/matrix"/>
      <source id="mixamorig_Spine1-Matrix-animation-input">
        <float_array id="mixamorig_Spine1-Matrix-animation-input-array" count="50">

0.000000 0.033333 0.066667 0.100000 0.133333 0.166667 0.200000 0.233333 0.266667 0.300000 0.333333 0.366667 0.400000 0.433333 0.466667 0.500000
0.533333 0.566667 0.600000 0.633333 0.666667 0.700000 0.733333 0.766667 0.800000 0.833333 0.866667 0.900000 0.933333 0.966667 1.000000 1.033333
1.066667 1.100000 1.133333 1.166667 1.200000 1.233333 1.266667 1.300000 1.333333 1.366667 1.400000 1.433333 1.466667 1.500000 1.533333 1.566667
1.600000 1.633333</float_array>
        <technique_common>
          <accessor source="#mixamorig_Spine1-Matrix-animation-input-array" count="50">
            <param name="TIME" type="float"/>
          </accessor>
        </technique_common>
      </source>
      <source id="mixamorig_Spine1-Matrix-animation-output-transform">
        <float_array id="mixamorig_Spine1-Matrix-animation-output-transform-array" count="800">

0.999723 -0.013732 -0.019110 0.000000 0.012995 0.999187 -0.038158 9.883800 0.019618 0.037899 0.999089 -0.000000 0.000000 0.000000 0.000000 1.000000
0.999591 -0.028353 -0.003792 -0.000000 0.028078 0.997838 -0.059430 9.883800 0.005469 0.059299 0.998225 0.000000 0.000000 0.000000 0.000000 1.000000
0.998892 -0.041997 0.021246 0.000000 0.043487 0.996207 -0.075372 9.883800 -0.018000 0.076212 0.996929 -0.000000 0.000000 0.000000 0.000000 1.000000
0.998032 -0.056954 0.026236 0.000000 0.058892 0.995033 -0.080255 9.883800 -0.021534 0.081642 0.996429 -0.000000 0.000000 0.000000 0.000000 1.000000
0.996791 -0.077717 -0.019181 0.000000 0.076004 0.994055 -0.077956 9.883800 0.025126 0.076248 0.996772 0.000000 0.000000 0.000000 0.000000 1.000000
0.987957 -0.106096 -0.112623 0.000000 0.097008 0.991789 -0.083330 9.883800 0.120539 0.071402 0.990137 0.000000 0.000000 0.000000 0.000000 1.000000
0.967673 -0.139503 -0.210113 -0.000000 0.119581 0.987281 -0.104768 9.883800 0.222056 0.076256 0.972047 0.000000 0.000000 0.000000 0.000000 1.000000
0.948099 -0.174221 -0.266000 0.000000 0.143443 0.980923 -0.131203 9.883800 0.283784 0.086237 0.955003 0.000000 0.000000 0.000000 0.000000 1.000000
0.939267 -0.205520 -0.274844 0.000000 0.169719 0.974240 -0.148501 9.883800 0.298284 0.092836 0.949952 0.000000 0.000000 0.000000 0.000000 1.000000
0.937080 -0.226128 -0.265983 0.000000 0.188638 0.969048 -0.159256 9.883800 0.293762 0.099061 0.950732 0.000000 0.000000 0.000000 0.000000 1.000000
0.935840 -0.230224 -0.266834 0.000000 0.187039 0.966161 -0.177618 9.883800 0.298697 0.116314 0.947234 -0.000000 0.000000 0.000000 0.000000 1.000000
0.934562 -0.219271 -0.280202 0.000000 0.163472 0.964106 -0.209227 9.883800 0.316022 0.149730 0.936862 -0.000000 0.000000 0.000000 0.000000 1.000000
0.934273 -0.201394 -0.294236 -0.000000 0.129498 0.960516 -0.246251 9.883800 0.332212 0.191963 0.923464 -0.000000 0.000000 0.000000 0.000000 1.000000
0.935696 -0.184763 -0.300558 0.000000 0.099353 0.955423 -0.278023 9.883800 0.338528 0.230283 0.912342 0.000000 0.000000 0.000000 0.000000 1.000000
0.939087 -0.172761 -0.297101 0.000000 0.080083 0.950673 -0.299678 9.883800 0.334219 0.257631 0.906600 0.000000 0.000000 0.000000 0.000000 1.000000
0.944857 -0.164793 -0.283001 -0.000000 0.070884 0.946592 -0.314545 9.883800 0.319721 0.277140 0.906075 0.000000 0.000000 0.000000 0.000000 1.000000
0.952750 -0.159266 -0.258653 0.000000 0.067819 0.941558 -0.329953 9.883800 0.296087 0.296821 0.907871 0.000000 0.000000 0.000000 0.000000 1.000000
0.961198 -0.155566 -0.227811 0.000000 0.068661 0.934749 -0.348612 9.883800 0.267178 0.319443 0.909160 -0.000000 0.000000 0.000000 0.000000 1.000000
0.968448 -0.154465 -0.195576 0.000000 0.074285 0.928003 -0.365091 9.883800 0.237889 0.339043 0.910197 0.000000 0.000000 0.000000 0.000000 1.000000
0.973820 -0.156798 -0.164590 0.000000 0.085801 0.924012 -0.372613 9.883800 0.210508 0.348736 0.913274 0.000000 0.000000 0.000000 0.000000 1.000000
0.977637 -0.161829 -0.134300 -0.000000 0.101917 0.923208 -0.370541 9.883800 0.183952 0.348567 0.919055 0.000000 0.000000 0.000000 0.000000 1.000000
0.980393 -0.167590 -0.103649 0.000000 0.119530 0.923957 -0.363340 9.883800 0.156659 0.343827 0.925873 0.000000 0.000000 0.000000 0.000000 1.000000
0.982347 -0.172156 -0.073186 -0.000000 0.135522 0.924626 -0.355949 9.883800 0.128948 0.339747 0.931635 0.000000 0.000000 0.000000 0.000000 1.000000
0.983655 -0.174408 -0.044764 0.000000 0.147928 0.924485 -0.351348 9.883800 0.102661 0.338984 0.935174 -0.000000 0.000000 0.000000 0.000000 1.000000
0.984344 -0.175030 -0.020779 0.000000 0.156935 0.923984 -0.348748 9.883800 0.080241 0.340027 0.936986 0.000000 0.000000 0.000000 0.000000 1.000000
0.984411 -0.175861 -0.002932 0.000000 0.164107 0.924361 -0.344421 9.883800 0.063281 0.338571 0.938811 0.000000 0.000000 0.000000 0.000000 1.000000
0.984255 -0.176489 0.009688 0.000000 0.169372 0.926051 -0.337258 9.883800 0.050550 0.333588 0.941363 0.000000 0.000000 0.000000 0.000000 1.000000
0.984595 -0.173763 0.019492 0.000000 0.170350 0.928126 -0.331002 9.883800 0.039425 0.329223 0.943429 0.000000 0.000000 0.000000 0.000000 1.000000
0.985765 -0.166002 0.026668 0.000000 0.165458 0.929646 -0.329214 9.883800 0.029858 0.328941 0.943878 0.000000 0.000000 0.000000 0.000000 1.000000
0.987506 -0.154862 0.029159 0.000000 0.155721 0.930622 -0.331199 9.883800 0.024154 0.331602 0.943110 0.000000 0.000000 0.000000 0.000000 1.000000
0.989420 -0.142645 0.026469 0.000000 0.143252 0.931691 -0.333814 9.883800 0.022956 0.334074 0.942267 -0.000000 0.000000 0.000000 0.000000 1.000000
0.991269 -0.130201 0.020833 0.000000 0.129629 0.933349 -0.334748 9.883800 0.024140 0.334526 0.942077 -0.000000 0.000000 0.000000 0.000000 1.000000
0.992962 -0.117545 0.014509 0.000000 0.115640 0.935736 -0.333205 9.883800 0.025590 0.332538 0.942743 0.000000 0.000000 0.000000 0.000000 1.000000
0.994447 -0.104921 0.008157 -0.000000 0.101757 0.938901 -0.328802 9.883800 0.026839 0.327806 0.944364 0.000000 0.000000 0.000000 0.000000 1.000000
0.995673 -0.092904 0.001904 0.000000 0.088594 0.942899 -0.321081 9.883800 0.028034 0.319861 0.947050 0.000000 0.000000 0.000000 0.000000 1.000000
0.996633 -0.081895 -0.004017 -0.000000 0.076622 0.947664 -0.309939 9.883800 0.029190 0.308588 0.950748 0.000000 0.000000 0.000000 0.000000 1.000000
0.997369 -0.071810 -0.009877 -0.000000 0.065691 0.953037 -0.295644 9.883800 0.030643 0.294217 0.955247 0.000000 0.000000 0.000000 0.000000 1.000000
0.997924 -0.062400 -0.015958 0.000000 0.055497 0.958790 -0.278643 9.883800 0.032688 0.277178 0.960262 0.000000 0.000000 0.000000 0.000000 1.000000
0.998328 -0.053742 -0.021291 0.000000 0.046377 0.964506 -0.259957 9.883800 0.034506 0.258535 0.965385 0.000000 0.000000 0.000000 0.000000 1.000000
0.998637 -0.046170 -0.024328 0.000000 0.038967 0.969774 -0.240873 9.883800 0.034714 0.239597 0.970252 0.000000 0.000000 0.000000 0.000000 1.000000
0.998902 -0.039757 -0.024790 0.000000 0.033295 0.974611 -0.221416 9.883800 0.032963 0.220347 0.974864 0.000000 0.000000 0.000000 0.000000 1.000000
0.999138 -0.034124 -0.023622 0.000000 0.028710 0.979311 -0.200316 9.883800 0.029969 0.199465 0.979446 0.000000 0.000000 0.000000 0.000000 1.000000
0.999347 -0.028908 -0.021656 0.000000 0.024615 0.983836 -0.177371 9.883800 0.026433 0.176722 0.983906 0.000000 0.000000 0.000000 0.000000 1.000000
0.999513 -0.024384 -0.019496 0.000000 0.021087 0.987788 -0.154370 9.883800 0.023022 0.153883 0.987821 -0.000000 0.000000 0.000000 0.000000 1.000000
0.999612 -0.021319 -0.017948 -0.000000 0.018749 0.990962 -0.132826 9.883800 0.020618 0.132438 0.990977 0.000000 0.000000 0.000000 0.000000 1.000000
0.999649 -0.019940 -0.017433 0.000000 0.017859 0.993511 -0.112325 9.883800 0.019560 0.111974 0.993519 0.000000 0.000000 0.000000 0.000000 1.000000
0.999658 -0.019349 -0.017600 0.000000 0.017651 0.995602 -0.092003 9.883800 0.019303 0.091661 0.995603 -0.000000 0.000000 0.000000 0.000000 1.000000
0.999671 -0.018290 -0.018007 -0.000000 0.016943 0.997241 -0.072271 9.883800 0.019279 0.071942 0.997223 0.000000 0.000000 0.000000 0.000000 1.000000
0.999695 -0.016300 -0.018538 -0.000000 0.015274 0.998415 -0.054160 9.883800 0.019392 0.053861 0.998360 -0.000000 0.000000 0.000000 0.000000 1.000000
0.999723 -0.013732 -0.019110 0.000000 0.012995 0.999187 -0.038158 9.883800 0.019618 0.037899 0.999089 -0.000000 0.000000 0.000000 0.000000 1.000000</float_array>
        <technique_common>
          <accessor source="#mixamorig_Spine1-Matrix-animation-output-transform-array" count="50" stride="16">
            <param type="float4x4"/>
          </accessor>
        </technique_common>
      </source>
      <source id="mixamorig_Spine1-Interpolations">
        <Name_array id="mixamorig_Spine1-Interpolations-array" count="50">
 LINEAR LINEAR LINEAR LINEAR LINEAR LINEAR LINEAR LINEAR LINEAR LINEAR LINEAR
LINEAR LINEAR LINEAR LINEAR LINEAR LINEAR LINEAR LINEAR LINEAR LINEAR LINEAR LINEAR
LINEAR LINEAR LINEAR LINEAR LINEAR LINEAR LINEAR LINEAR LINEAR LINEAR LINEAR LINEAR
LINEAR LINEAR LINEAR LINEAR LINEAR LINEAR LINEAR LINEAR LINEAR LINEAR LINEAR LINEAR
LINEAR LINEAR LINEAR</Name_array>
        <technique_common>
          <accessor source="#mixamorig_Spine1-Interpolations-array" count="50">
            <param type="name"/>
          </accessor>
        </technique_common>
      </source>
      <sampler id="mixamorig_Spine1-Matrix-animation-transform">
        <input semantic="INPUT" source="#mixamorig_Spine1-Matrix-animation-input"/>
        <input semantic="OUTPUT" source="#mixamorig_Spine1-Matrix-animation-output-transform"/>
        <input semantic="INTERPOLATION" source="#mixamorig_Spine1-Interpolations"/>
      </sampler>
      <channel source="#mixamorig_Spine1-Matrix-animation-transform" target="mixamorig_Spine1/matrix"/>
      <source id="mixamorig_Spine2-Matrix-animation-input">
        <float_array id="mixamorig_Spine2-Matrix-animation-input-array" count="50">

0.000000 0.033333 0.066667 0.100000 0.133333 0.166667 0.200000 0.233333 0.266667 0.300000 0.333333 0.366667 0.400000 0.433333 0.466667 0.500000
0.533333 0.566667 0.600000 0.633333 0.666667 0.700000 0.733333 0.766667 0.800000 0.833333 0.866667 0.900000 0.933333 0.966667 1.000000 1.033333
