<?xml version="1.0" encoding="utf-8"?>
<COLLADA xmlns="http://www.collada.org/2005/11/COLLADASchema" version="1.4.1">
  <asset>
    <contributor>
      <author>Mixamo</author>
      <authoring_tool>COLLADA Mixamo exporter</authoring_tool>
      <comments/>
    </contributor>
    <created>2024-05-10T11:27:20Z</created>
    <modified>2024-05-10T11:27:20Z</modified>
    <revision/>
    <title/>
    <unit meter="0.010000"/>
    <up_axis>Y_UP</up_axis>
  </asset>
  <library_animations>
    <animation>
      <source id="Armature-Matrix-animation-input">
        <float_array id="Armature-Matrix-animation-input-array" count="24">

0.000000 0.033333 0.066667 0.100000 0.133333 0.166667 0.200000 0.233333 0.266667 0.300000 0.333333 0.366667 0.400000 0.433333 0.466667 0.500000
0.533333 0.566667 0.600000 0.633333 0.666667 0.700000 0.733333 0.766667</float_array>
        <technique_common>
          <accessor source="#Armature-Matrix-animation-input-array" count="24">
            <param name="TIME" type="float"/>
          </accessor>
        </technique_common>
      </source>
      <source id="Armature-Matrix-animation-output-transform">
        <float_array id="Armature-Matrix-animation-output-transform-array" count="384">

1.000000 0.000000 0.000000 0.000000 0.000000 0.000000 1.000000 0.000000 0.000000 -1.000000 0.000000 0.000000 0.000000 0.000000 0.000000 1.000000
1.000000 0.000000 0.000000 0.000000 0.000000 0.000000 1.000000 0.000000 0.000000 -1.000000 0.000000 0.000000 0.000000 0.000000 0.000000 1.000000
1.000000 0.000000 0.000000 0.000000 0.000000 0.000000 1.000000 0.000000 0.000000 -1.000000 0.000000 0.000000 0.000000 0.000000 0.000000 1.000000
1.000000 0.000000 0.000000 0.000000 0.000000 0.000000 1.000000 0.000000 0.000000 -1.000000 0.000000 0.000000 0.000000 0.000000 0.000000 1.000000
1.000000 0.000000 0.000000 0.000000 0.000000 0.000000 1.000000 0.000000 0.000000 -1.000000 0.000000 0.000000 0.000000 0.000000 0.000000 1.000000
1.000000 0.000000 0.000000 0.000000 0.000000 0.000000 1.000000 0.000000 0.000000 -1.000000 0.000000 0.000000 0.000000 0.000000 0.000000 1.000000
1.000000 0.000000 0.000000 0.000000 0.000000 0.000000 1.000000 0.000000 0.000000 -1.000000 0.000000 0.000000 0.000000 0.000000 0.000000 1.000000
1.000000 0.000000 0.000000 0.000000 0.000000 0.000000 1.000000 0.000000 0.000000 -1.000000 0.000000 0.000000 0.000000 0.000000 0.000000 1.000000
1.000000 0.000000 0.000000 0.000000 0.000000 0.000000 1.000000 0.000000 0.000000 -1.000000 0.000000 0.000000 0.000000 0.000000 0.000000 1.000000
1.000000 0.000000 0.000000 0.000000 0.000000 0.000000 1.000000 0.000000 0.000000 -1.000000 0.000000 0.000000 0.000000 0.000000 0.000000 1.000000
1.000000 0.000000 0.000000 0.000000 0.000000 0.000000 1.000000 0.000000 0.000000 -1.000000 0.000000 0.000000 0.000000 0.000000 0.000000 1.000000
1.000000 0.000000 0.000000 0.000000 0.000000 0.000000 1.000000 0.000000 0.000000 -1.000000 0.000000 0.000000 0.000000 0.000000 0.000000 1.000000
1.000000 0.000000 0.000000 0.000000 0.000000 0.000000 1.000000 0.000000 0.000000 -1.000000 0.000000 0.000000 0.000000 0.000000 0.000000 1.000000
1.000000 0.000000 0.000000 0.000000 0.000000 0.000000 1.000000 0.000000 0.000000 -1.000000 0.000000 0.000000 0.000000 0.000000 0.000000 1.000000
1.000000 0.000000 0.000000 0.000000 0.000000 0.000000 1.000000 0.000000 0.000000 -1.000000 0.000000 0.000000 0.000000 0.000000 0.000000 1.000000
1.000000 0.000000 0.000000 0.000000 0.000000 0.000000 1.000000 0.000000 0.000000 -1.000000 0.000000 0.000000 0.000000 0.000000 0.000000 1.000000
1.000000 0.000000 0.000000 0.000000 0.000000 0.000000 1.000000 0.000000 0.000000 -1.000000 0.000000 0.000000 0.000000 0.000000 0.000000 1.000000
1.000000 0.000000 0.000000 0.000000 0.000000 0.000000 1.000000 0.000000 0.000000 -1.000000 0.000000 0.000000 0.000000 0.000000 0.000000 1.000000
1.000000 0.000000 0.000000 0.000000 0.000000 0.000000 1.000000 0.000000 0.000000 -1.000000 0.000000 0.000000 0.000000 0.000000 0.000000 1.000000
1.000000 0.000000 0.000000 0.000000 0.000000 0.000000 1.000000 0.000000 0.000000 -1.000000 0.000000 0.000000 0.000000 0.000000 0.000000 1.000000
1.000000 0.000000 0.000000 0.000000 0.000000 0.000000 1.000000 0.000000 0.000000 -1.000000 0.000000 0.000000 0.000000 0.000000 0.000000 1.000000
1.000000 0.000000 0.000000 0.000000 0.000000 0.000000 1.000000 0.000000 0.000000 -1.000000 0.000000 0.000000 0.000000 0.000000 0.000000 1.000000
1.000000 0.000000 0.000000 0.000000 0.000000 0.000000 1.000000 0.000000 0.000000 -1.000000 0.000000 0.000000 0.000000 0.000000 0.000000 1.000000
1.000000 0.000000 0.000000 0.000000 0.000000 0.000000 1.000000 0.000000 0.000000 -1.000000 0.000000 0.000000 0.000000 0.000000 0.000000 1.000000</float_array>
        <technique_common>
          <accessor source="#Armature-Matrix-animation-output-transform-array" count="24" stride="16">
            <param type="float4x4"/>
          </accessor>
        </technique_common>
      </source>
      <source id="Armature-Interpolations">
        <Name_array id="Armature-Interpolations-array" count="24">
 LINEAR LINEAR LINEAR LINEAR LINEAR LINEAR LINEAR LINEAR LINEAR LINEAR LINEAR
LINEAR LINEAR LINEAR LINEAR LINEAR LINEAR LINEAR LINEAR LINEAR LINEAR LINEAR LINEAR
LINEAR</Name_array>
        <technique_common>
          <accessor source="#Armature-Interpolations-array" count="24">
            <param type="name"/>
          </accessor>
        </technique_common>
      </source>
      <sampler id="Armature-Matrix-animation-transform">
        <input semantic="INPUT" source="#Armature-Matrix-animation-input"/>
        <input semantic="OUTPUT" source="#Armature-Matrix-animation-output-transform"/>
        <input semantic="INTERPOLATION" source="#Armature-Interpolations"/>
      </sampler>
      <channel source="#Armature-Matrix-animation-transform" target="Armature/matrix"/>
      <source id="mixamorig_Hips-Matrix-animation-input">
        <float_array id="mixamorig_Hips-Matrix-animation-input-array" count="24">

0.000000 0.033333 0.066667 0.100000 0.133333 0.166667 0.200000 0.233333 0.266667 0.300000 0.333333 0.366667 0.400000 0.433333 0.466667 0.500000
0.533333 0.566667 0.600000 0.633333 0.666667 0.700000 0.733333 0.766667</float_array>
        <technique_common>
          <accessor source="#mixamorig_Hips-Matrix-animation-input-array" count="24">
            <param name="TIME" type="float"/>
          </accessor>
        </technique_common>
      </source>
      <source id="mixamorig_Hips-Matrix-animation-output-transform">
        <float_array id="mixamorig_Hips-Matrix-animation-output-transform-array" count="384">

0.691860 0.000122 -0.722031 -0.260088 -0.718845 0.093965 -0.688791 -0.098889 0.067762 0.995576 0.065098 84.184372 0.000000 0.000000 0.000000 1.000000
0.720042 -0.007101 -0.693894 -0.621509 -0.689395 0.106809 -0.716468 0.037232 0.079201 0.994254 0.072012 84.149506 0.000000 0.000000 0.000000 1.000000
0.785193 -0.009061 -0.619185 -1.658103 -0.613718 0.121984 -0.780045 0.224457 0.082598 0.992491 0.090220 84.109520 0.000000 0.000000 0.000000 1.000000
0.879821 -0.006499 -0.475260 -3.227623 -0.470684 0.127175 -0.873088 0.337832 0.066116 0.991859 0.108832 84.129967 0.000000 0.000000 0.000000 1.000000
0.949575 -0.006309 -0.313476 -5.588932 -0.310694 0.115467 -0.943471 -0.048829 0.042149 0.993291 0.107684 84.083054 0.000000 0.000000 0.000000 1.000000
0.963526 -0.009588 -0.267444 -6.213964 -0.264735 0.112089 -0.957785 -0.262994 0.039160 0.993652 0.105462 83.924026 0.000000 0.000000 0.000000 1.000000
0.959829 -0.013429 -0.280265 -6.565959 -0.276707 0.120214 -0.953405 -0.302593 0.046495 0.992657 0.111669 83.763275 0.000000 0.000000 0.000000 1.000000
0.953193 -0.012847 -0.302088 -6.665798 -0.298165 0.125935 -0.946170 -0.220044 0.050199 0.991955 0.116210 83.653442 0.000000 0.000000 0.000000 1.000000
0.939874 -0.008390 -0.341419 -6.533082 -0.337427 0.131532 -0.932117 -0.026255 0.052728 0.991276 0.120793 83.559959 0.000000 0.000000 0.000000 1.000000
0.920281 -0.000789 -0.391258 -6.196918 -0.387312 0.139851 -0.911280 0.244588 0.055437 0.990172 0.128397 83.504875 0.000000 0.000000 0.000000 1.000000
0.896233 0.009121 -0.443489 -5.705564 -0.439831 0.148028 -0.885797 0.530262 0.057570 0.988941 0.136680 83.494247 0.000000 0.000000 0.000000 1.000000
0.869238 0.017056 -0.494100 -5.116081 -0.490612 0.153149 -0.857814 0.793936 0.061040 0.988056 0.141491 83.498520 0.000000 0.000000 0.000000 1.000000
0.840649 0.019540 -0.541228 -4.479139 -0.537383 0.154272 -0.829108 1.028224 0.067296 0.987835 0.140189 83.506630 0.000000 0.000000 0.000000 1.000000
0.811761 0.018775 -0.583688 -3.823405 -0.579292 0.152407 -0.800745 1.223418 0.073924 0.988139 0.134594 83.547165 0.000000 0.000000 0.000000 1.000000
0.784454 0.018484 -0.619911 -3.164572 -0.615200 0.149696 -0.774029 1.338784 0.078492 0.988559 0.128801 83.638268 0.000000 0.000000 0.000000 1.000000
0.759012 0.018527 -0.650814 -2.527982 -0.645854 0.147791 -0.749020 1.350977 0.082307 0.988845 0.124141 83.763565 0.000000 0.000000 0.000000 1.000000
0.733562 0.017734 -0.679391 -1.946777 -0.674011 0.147185 -0.723910 1.273507 0.087158 0.988950 0.119923 83.888779 0.000000 0.000000 0.000000 1.000000
0.708922 0.016548 -0.705093 -1.455198 -0.699247 0.147045 -0.699594 1.129649 0.092104 0.988991 0.115815 83.985413 0.000000 0.000000 0.000000 1.000000
0.688958 0.015590 -0.724634 -1.065204 -0.718564 0.145568 -0.680055 0.931046 0.094882 0.989225 0.111493 84.058174 0.000000 0.000000 0.000000 1.000000
0.678107 0.013508 -0.734839 -0.752272 -0.729060 0.138831 -0.670222 0.680805 0.092965 0.990224 0.103990 84.120003 0.000000 0.000000 0.000000 1.000000
0.673615 0.010015 -0.739014 -0.501838 -0.733711 0.129394 -0.667028 0.419495 0.088944 0.991543 0.094510 84.164047 0.000000 0.000000 0.000000 1.000000
0.674344 0.006180 -0.738392 -0.336690 -0.733691 0.118565 -0.669058 0.179333 0.083413 0.992927 0.084487 84.182968 0.000000 0.000000 0.000000 1.000000
0.679917 0.003021 -0.733283 -0.260642 -0.729325 0.106627 -0.675808 -0.014403 0.076147 0.994294 0.074701 84.178970 0.000000 0.000000 0.000000 1.000000
0.691860 0.000122 -0.722031 -0.260089 -0.718845 0.093965 -0.688791 -0.098887 0.067762 0.995576 0.065098 84.184364 0.000000 0.000000 0.000000 1.000000</float_array>
        <technique_common>
          <accessor source="#mixamorig_Hips-Matrix-animation-output-transform-array" count="24" stride="16">
            <param type="float4x4"/>
          </accessor>
        </technique_common>
      </source>
      <source id="mixamorig_Hips-Interpolations">
        <Name_array id="mixamorig_Hips-Interpolations-array" count="24">
 LINEAR LINEAR LINEAR LINEAR LINEAR LINEAR LINEAR LINEAR LINEAR LINEAR LINEAR
LINEAR LINEAR LINEAR LINEAR LINEAR LINEAR LINEAR LINEAR LINEAR LINEAR LINEAR LINEAR
LINEAR</Name_array>
        <technique_common>
          <accessor source="#mixamorig_Hips-Interpolations-array" count="24">
            <param type="name"/>
          </accessor>
        </technique_common>
      </source>
      <sampler id="mixamorig_Hips-Matrix-animation-transform">
        <input semantic="INPUT" source="#mixamorig_Hips-Matrix-animation-input"/>
        <input semantic="OUTPUT" source="#mixamorig_Hips-Matrix-animation-output-transform"/>
        <input semantic="INTERPOLATION" source="#mixamorig_Hips-Interpolations"/>
      </sampler>
      <channel source="#mixamorig_Hips-Matrix-animation-transform" target="mixamorig_Hips/matrix"/>
      <source id="mixamorig_Spine-Matrix-animation-input">
        <float_array id="mixamorig_Spine-Matrix-animation-input-array" count="24">

0.000000 0.033333 0.066667 0.100000 0.133333 0.166667 0.200000 0.233333 0.266667 0.300000 0.333333 0.366667 0.400000 0.433333 0.466667 0.500000
0.533333 0.566667 0.600000 0.633333 0.666667 0.700000 0.733333 0.766667</float_array>
        <technique_common>
          <accessor source="#mixamorig_Spine-Matrix-animation-input-array" count="24">
            <param name="TIME" type="float"/>
          </accessor>
        </technique_common>
      </source>
      <source id="mixamorig_Spine-Matrix-animation-output-transform">
        <float_array id="mixamorig_Spine-Matrix-animation-output-transform-array" count="384">

0.991722 0.016407 0.127349 0.000000 -0.011279 0.999100 -0.040881 8.407700 -0.127905 0.039107 0.991015 -1.041900 0.000000 0.000000 0.000000 1.000000
0.996618 0.024628 0.078393 0.000000 -0.022490 0.999354 -0.028038 8.407700 -0.079032 0.026180 0.996528 -1.041900 0.000000 0.000000 0.000000 1.000000
0.998764 0.041241 0.027755 0.000000 -0.041204 0.999149 -0.001885 8.407700 -0.027809 0.000739 0.999613 -1.041900 0.000000 0.000000 0.000000 1.000000
0.997426 0.070323 0.014000 0.000000 -0.070721 0.997034 0.030371 8.407700 -0.011822 -0.031283 0.999441 -1.041900 0.000000 0.000000 0.000000 1.000000
0.992873 0.107798 0.050816 -0.000000 -0.110445 0.992492 0.052543 8.407700 -0.044771 -0.057781 0.997325 -1.041900 0.000000 0.000000 0.000000 1.000000
0.983879 0.142788 0.107670 -0.000000 -0.149350 0.987224 0.055525 8.407700 -0.098366 -0.070710 0.992635 -1.041900 0.000000 0.000000 0.000000 1.000000
0.975328 0.166567 0.144879 0.000000 -0.175219 0.983306 0.049074 8.407700 -0.134286 -0.073249 0.988232 -1.041900 0.000000 0.000000 0.000000 1.000000
0.972324 0.176419 0.153171 -0.000000 -0.185558 0.981486 0.047460 8.407700 -0.141963 -0.074569 0.987059 -1.041900 0.000000 0.000000 0.000000 1.000000
0.973809 0.173741 0.146660 0.000000 -0.182973 0.981747 0.051900 8.407700 -0.134966 -0.077375 0.987824 -1.041900 0.000000 0.000000 0.000000 1.000000
0.976875 0.163759 0.137469 -0.000000 -0.172482 0.983528 0.054065 8.407700 -0.126351 -0.076525 0.989029 -1.041900 0.000000 0.000000 0.000000 1.000000
0.980092 0.152924 0.126628 -0.000000 -0.160230 0.985832 0.049615 8.407700 -0.117247 -0.068917 0.990709 -1.041900 0.000000 0.000000 0.000000 1.000000
0.983352 0.143843 0.111036 -0.000000 -0.149291 0.987885 0.042377 8.407700 -0.103595 -0.058248 0.992912 -1.041900 0.000000 0.000000 0.000000 1.000000
0.986777 0.134016 0.091160 -0.000000 -0.137889 0.989735 0.037578 8.407700 -0.085188 -0.049651 0.995127 -1.041900 0.000000 0.000000 0.000000 1.000000
0.990173 0.120548 0.070891 0.000000 -0.123267 0.991745 0.035309 8.407700 -0.066049 -0.043701 0.996859 -1.041900 0.000000 0.000000 0.000000 1.000000
0.993112 0.104317 0.053345 -0.000000 -0.106114 0.993837 0.032046 8.407700 -0.049673 -0.037486 0.998062 -1.041900 0.000000 0.000000 0.000000 1.000000
0.995235 0.089053 0.039701 0.000000 -0.090140 0.995577 0.026489 8.407700 -0.037167 -0.029942 0.998860 -1.041900 0.000000 0.000000 0.000000 1.000000
0.996583 0.076964 0.029981 0.000000 -0.077610 0.996762 0.021013 8.407700 -0.028267 -0.023268 0.999330 -1.041900 0.000000 0.000000 0.000000 1.000000
0.997416 0.067641 0.024228 0.000000 -0.068069 0.997531 0.017298 8.407700 -0.022998 -0.018903 0.999557 -1.041900 0.000000 0.000000 0.000000 1.000000
0.997931 0.059518 0.024311 0.000000 -0.059853 0.998119 0.013271 8.407700 -0.023476 -0.014698 0.999616 -1.041900 0.000000 0.000000 0.000000 1.000000
0.998128 0.051098 0.033611 0.000000 -0.051315 0.998667 0.005600 8.407700 -0.033280 -0.007315 0.999419 -1.041900 0.000000 0.000000 0.000000 1.000000
0.997712 0.041897 0.053066 0.000000 -0.041626 0.999114 -0.006215 8.407700 -0.053279 0.003992 0.998572 -1.041900 0.000000 0.000000 0.000000 1.000000
0.996372 0.032288 0.078738 0.000000 -0.030842 0.999334 -0.019514 8.407700 -0.079315 0.017015 0.996704 -1.041900 0.000000 0.000000 0.000000 1.000000
0.994218 0.023416 0.104794 0.000000 -0.020221 0.999301 -0.031447 8.407700 -0.105457 0.029146 0.993997 -1.041900 0.000000 0.000000 0.000000 1.000000
0.991722 0.016407 0.127348 0.000000 -0.011280 0.999100 -0.040881 8.407700 -0.127904 0.039107 0.991015 -1.041900 0.000000 0.000000 0.000000 1.000000</float_array>
        <technique_common>
          <accessor source="#mixamorig_Spine-Matrix-animation-output-transform-array" count="24" stride="16">
            <param type="float4x4"/>
          </accessor>
        </technique_common>
      </source>
      <source id="mixamorig_Spine-Interpolations">
        <Name_array id="mixamorig_Spine-Interpolations-array" count="24">
 LINEAR LINEAR LINEAR LINEAR LINEAR LINEAR LINEAR LINEAR LINEAR LINEAR LINEAR
LINEAR LINEAR LINEAR LINEAR LINEAR LINEAR LINEAR LINEAR LINEAR LINEAR LINEAR LINEAR
LINEAR</Name_array>
        <technique_common>
          <accessor source="#mixamorig_Spine-Interpolations-array" count="24">
            <param type="name"/>
          </accessor>
        </technique_common>
      </source>
      <sampler id="mixamorig_Spine-Matrix-animation-transform">
        <input semantic="INPUT" source="#mixamorig_Spine-Matrix-animation-input"/>
        <input semantic="OUTPUT" source="#mixamorig_Spine-Matrix-animation-output-transform"/>
        <input semantic="INTERPOLATION" source="#mixamorig_Spine-Interpolations"/>
      </sampler>
      <channel source="#mixamorig_Spine-Matrix-animation-transform" target="mixamorig_Spine/matrix"/>
      <source id="mixamorig_Spine1-Matrix-animation-input">
        <float_array id="mixamorig_Spine1-Matrix-animation-input-array" count="24">

0.000000 0.033333 0.066667 0.100000 0.133333 0.166667 0.200000 0.233333 0.266667 0.300000 0.333333 0.366667 0.400000 0.433333 0.466667 0.500000
0.533333 0.566667 0.600000 0.633333 0.666667 0.700000 0.733333 0.766667</float_array>
        <technique_common>
          <accessor source="#mixamorig_Spine1-Matrix-animation-input-array" count="24">
            <param name="TIME" type="float"/>
          </accessor>
        </technique_common>
      </source>
      <source id="mixamorig_Spine1-Matrix-animation-output-transform">
        <float_array id="mixamorig_Spine1-Matrix-animation-output-transform-array" count="384">

0.999723 0.013732 0.019110 0.000000 -0.012995 0.999187 -0.038158 9.883800 -0.019618 0.037899 0.999089 0.000000 0.000000 0.000000 0.000000 1.000000
0.999620 0.027292 0.003798 0.000000 -0.027037 0.998064 -0.056019 9.883800 -0.005319 0.055895 0.998422 0.000000 0.000000 0.000000 0.000000 1.000000
0.998873 0.045980 -0.011753 -0.000000 -0.046701 0.996383 -0.070987 9.883800 0.008446 0.071456 0.997408 -0.000000 0.000000 0.000000 0.000000 1.000000
0.997429 0.070956 -0.010041 0.000000 -0.071558 0.993736 -0.085843 9.883800 0.003887 0.086340 0.996258 0.000000 0.000000 0.000000 0.000000 1.000000
0.994902 0.099781 0.014594 0.000000 -0.097677 0.989504 -0.106494 9.883800 -0.025067 0.104526 0.994206 0.000000 0.000000 0.000000 0.000000 1.000000
0.990782 0.126965 0.047233 0.000000 -0.119614 0.983611 -0.134913 9.883800 -0.063588 0.128020 0.989731 0.000000 0.000000 0.000000 0.000000 1.000000
0.986542 0.147935 0.069641 0.000000 -0.134880 0.977061 -0.164799 9.883800 -0.092423 0.153188 0.983866 0.000000 0.000000 0.000000 0.000000 1.000000
0.983967 0.160388 0.078011 -0.000000 -0.143431 0.971565 -0.188383 9.883800 -0.106007 0.174173 0.978992 0.000000 0.000000 0.000000 0.000000 1.000000
0.983236 0.164270 0.079136 0.000000 -0.145354 0.968171 -0.203759 9.883800 -0.110089 0.188840 0.975817 0.000000 0.000000 0.000000 0.000000 1.000000
0.983703 0.161850 0.078310 0.000000 -0.142042 0.966579 -0.213424 9.883800 -0.110236 0.198822 0.973816 0.000000 0.000000 0.000000 0.000000 1.000000
0.984813 0.156349 0.075492 0.000000 -0.136533 0.966001 -0.219548 9.883800 -0.107251 0.205906 0.972677 0.000000 0.000000 0.000000 0.000000 1.000000
0.986262 0.149892 0.069428 -0.000000 -0.131119 0.965982 -0.222903 9.883800 -0.100477 0.210737 0.972365 0.000000 0.000000 0.000000 0.000000 1.000000
0.987898 0.142543 0.061146 -0.000000 -0.125577 0.966443 -0.224094 9.883800 -0.091037 0.213704 0.972647 0.000000 0.000000 0.000000 0.000000 1.000000
0.989620 0.133598 0.052951 0.000000 -0.118586 0.967293 -0.224234 9.883800 -0.081177 0.215627 0.973096 0.000000 0.000000 0.000000 0.000000 1.000000
0.991251 0.123640 0.046191 0.000000 -0.110292 0.968172 -0.224673 9.883800 -0.072500 0.217613 0.973339 0.000000 0.000000 0.000000 0.000000 1.000000
0.992566 0.114511 0.041225 0.000000 -0.102351 0.968653 -0.226355 9.883800 -0.065853 0.220453 0.973172 -0.000000 0.000000 0.000000 0.000000 1.000000
0.993463 0.107567 0.038218 0.000000 -0.096053 0.968602 -0.229312 9.883800 -0.061684 0.224142 0.972602 0.000000 0.000000 0.000000 0.000000 1.000000
0.994089 0.102169 0.036732 -0.000000 -0.091012 0.968644 -0.231185 9.883800 -0.059201 0.226475 0.972216 0.000000 0.000000 0.000000 0.000000 1.000000
0.994800 0.095470 0.035482 0.000000 -0.085090 0.970491 -0.225625 9.883800 -0.055975 0.221432 0.973568 0.000000 0.000000 0.000000 0.000000 1.000000
0.995878 0.084331 0.033389 -0.000000 -0.075731 0.975712 -0.205551 9.883800 -0.049912 0.202175 0.978077 0.000000 0.000000 0.000000 0.000000 1.000000
0.997217 0.068084 0.030368 0.000000 -0.061973 0.983506 -0.169926 9.883800 -0.041437 0.167571 0.984989 0.000000 0.000000 0.000000 0.000000 1.000000
0.998440 0.048971 0.026821 0.000000 -0.045252 0.991112 -0.125098 9.883800 -0.032709 0.123689 0.991782 0.000000 0.000000 0.000000 0.000000 1.000000
0.999281 0.030134 0.023013 -0.000000 -0.028221 0.996447 -0.079353 9.883800 -0.025323 0.078646 0.996581 0.000000 0.000000 0.000000 0.000000 1.000000
0.999723 0.013732 0.019110 0.000000 -0.012995 0.999187 -0.038158 9.883800 -0.019618 0.037899 0.999089 -0.000000 0.000000 0.000000 0.000000 1.000000</float_array>
        <technique_common>
          <accessor source="#mixamorig_Spine1-Matrix-animation-output-transform-array" count="24" stride="16">
            <param type="float4x4"/>
          </accessor>
        </technique_common>
      </source>
      <source id="mixamorig_Spine1-Interpolations">
        <Name_array id="mixamorig_Spine1-Interpolations-array" count="24">
 LINEAR LINEAR LINEAR LINEAR LINEAR LINEAR LINEAR LINEAR LINEAR LINEAR LINEAR
LINEAR LINEAR LINEAR LINEAR LINEAR LINEAR LINEAR LINEAR LINEAR LINEAR LINEAR LINEAR
LINEAR</Name_array>
        <technique_common>
          <accessor source="#mixamorig_Spine1-Interpolations-array" count="24">
            <param type="name"/>
          </accessor>
        </technique_common>
      </source>
      <sampler id="mixamorig_Spine1-Matrix-animation-transform">
        <input semantic="INPUT" source="#mixamorig_Spine1-Matrix-animation-input"/>
        <input semantic="OUTPUT" source="#mixamorig_Spine1-Matrix-animation-output-transform"/>
        <input semantic="INTERPOLATION" source="#mixamorig_Spine1-Interpolations"/>
      </sampler>
      <channel source="#mixamorig_Spine1-Matrix-animation-transform" target="mixamorig_Spine1/matrix"/>
      <source id="mixamorig_Spine2-Matrix-animation-input">
        <float_array id="mixamorig_Spine2-Matrix-animation-input-array" count="24">

0.000000 0.033333 0.066667 0.100000 0.133333 0.166667 0.200000 0.233333 0.266667 0.300000 0.333333 0.366667 0.400000 0.433333 0.466667 0.500000
0.533333 0.566667 0.600000 0.633333 0.666667 0.700000 0.733333 0.766667</float_array>
        <technique_common>
          <accessor source="#mixamorig_Spine2-Matrix-animation-input-array" count="24">
            <param name="TIME" type="float"/>
          </accessor>
        </technique_common>
      </source>
      <source id="mixamorig_Spine2-Matrix-animation-output-transform">
        <float_array id="mixamorig_Spine2-Matrix-animation-output-transform-array" count="384">

0.999731 0.013375 0.018940 0.000000 -0.012640 0.999182 -0.038423 11.295900 -0.019439 0.038173 0.999082 0.000000 0.000000 0.000000 0.000000 1.000000
0.999628 0.027026 0.003577 -0.000000 -0.026783 0.998059 -0.056230 11.295900 -0.005090 0.056113 0.998411 0.000000 0.000000 0.000000 0.000000 1.000000
0.998878 0.045821 -0.012005 0.000000 -0.046561 0.996379 -0.071137 11.295900 0.008702 0.071616 0.997394 -0.000000 0.000000 0.000000 0.000000 1.000000
0.997438 0.070809 -0.010219 0.000000 -0.071427 0.993731 -0.086001 11.295900 0.004065 0.086510 0.996243 0.000000 0.000000 0.000000 0.000000 1.000000
0.994932 0.099484 0.014611 -0.000000 -0.097374 0.989505 -0.106761 11.295900 -0.025078 0.104797 0.994177 0.000000 0.000000 0.000000 0.000000 1.000000
0.990838 0.126435 0.047482 0.000000 -0.119030 0.983627 -0.135315 11.295900 -0.063814 0.128424 0.989664 0.000000 0.000000 0.000000 0.000000 1.000000
0.986616 0.147237 0.070070 -0.000000 -0.134077 0.977091 -0.165276 11.295900 -0.092800 0.153669 0.983755 0.000000 0.000000 0.000000 0.000000 1.000000
0.984044 0.159658 0.078526 0.000000 -0.142568 0.971600 -0.188860 11.295900 -0.106449 0.174652 0.978859 0.000000 0.000000 0.000000 0.000000 1.000000
0.983306 0.163597 0.079656 0.000000 -0.144542 0.968199 -0.204200 11.295900 -0.110529 0.189278 0.975683 0.000000 0.000000 0.000000 0.000000 1.000000
0.983764 0.161249 0.078782 0.000000 -0.141311 0.966597 -0.213825 11.295900 -0.110630 0.199220 0.973690 0.000000 0.000000 0.000000 0.000000 1.000000
0.984866 0.155816 0.075895 0.000000 -0.135886 0.966010 -0.219909 11.295900 -0.107581 0.206268 0.972563 0.000000 0.000000 0.000000 0.000000 1.000000
0.986307 0.149438 0.069757 0.000000 -0.130572 0.965983 -0.223222 11.295900 -0.100742 0.211057 0.972268 0.000000 0.000000 0.000000 0.000000 1.000000
0.987934 0.142185 0.061401 0.000000 -0.125146 0.966436 -0.224366 11.295900 -0.091241 0.213975 0.972569 0.000000 0.000000 0.000000 0.000000 1.000000
0.989646 0.133334 0.053130 0.000000 -0.118270 0.967280 -0.224459 11.295900 -0.081320 0.215851 0.973034 0.000000 0.000000 0.000000 0.000000 1.000000
0.991270 0.123448 0.046298 -0.000000 -0.110068 0.968156 -0.224854 11.295900 -0.072582 0.217796 0.973292 0.000000 0.000000 0.000000 0.000000 1.000000
0.992580 0.114370 0.041274 0.000000 -0.102193 0.968635 -0.226499 11.295900 -0.065885 0.220601 0.973136 0.000000 0.000000 0.000000 0.000000 1.000000
0.993474 0.107465 0.038230 -0.000000 -0.095945 0.968586 -0.229426 11.295900 -0.061684 0.224260 0.972575 -0.000000 0.000000 0.000000 0.000000 1.000000
0.994096 0.102100 0.036726 0.000000 -0.090941 0.968630 -0.231271 11.295900 -0.059187 0.226565 0.972196 -0.000000 0.000000 0.000000 0.000000 1.000000
0.994805 0.095416 0.035465 0.000000 -0.085038 0.970482 -0.225684 11.295900 -0.055952 0.221496 0.973555 -0.000000 0.000000 0.000000 0.000000 1.000000
0.995885 0.084260 0.033358 0.000000 -0.075667 0.975708 -0.205591 11.295900 -0.049871 0.202221 0.978069 0.000000 0.000000 0.000000 0.000000 1.000000
0.997227 0.067960 0.030313 0.000000 -0.061859 0.983506 -0.169969 11.295900 -0.041365 0.167622 0.984983 0.000000 0.000000 0.000000 0.000000 1.000000
0.998452 0.048770 0.026731 0.000000 -0.045060 0.991110 -0.125182 11.295900 -0.032598 0.123784 0.991774 0.000000 0.000000 0.000000 0.000000 1.000000
0.999292 0.029850 0.022882 0.000000 -0.027944 0.996442 -0.079516 11.295900 -0.025174 0.078821 0.996571 0.000000 0.000000 0.000000 0.000000 1.000000
0.999731 0.013375 0.018941 0.000000 -0.012640 0.999182 -0.038423 11.295900 -0.019439 0.038173 0.999082 0.000000 0.000000 0.000000 0.000000 1.000000</float_array>
        <technique_common>
          <accessor source="#mixamorig_Spine2-Matrix-animation-output-transform-array" count="24" stride="16">
            <param type="float4x4"/>
          </accessor>
        </technique_common>
      </source>
      <source id="mixamorig_Spine2-Interpolations">
        <Name_array id="mixamorig_Spine2-Interpolations-array" count="24">
 LINEAR LINEAR LINEAR LINEAR LINEAR LINEAR LINEAR LINEAR LINEAR LINEAR LINEAR
LINEAR LINEAR LINEAR LINEAR LINEAR LINEAR LINEAR LINEAR LINEAR LINEAR LINEAR LINEAR
LINEAR</Name_array>
        <technique_common>
          <accessor source="#mixamorig_Spine2-Interpolations-array" count="24">
            <param type="name"/>
          </accessor>
        </technique_common>
      </source>
      <sampler id="mixamorig_Spine2-Matrix-animation-transform">
        <input semantic="INPUT" source="#mixamorig_Spine2-Matrix-animation-input"/>
        <input semantic="OUTPUT" source="#mixamorig_Spine2-Matrix-animation-output-transform"/>
        <input semantic="INTERPOLATION" source="#mixamorig_Spine2-Interpolations"/>
      </sampler>
      <channel source="#mixamorig_Spine2-Matrix-animation-transform" target="mixamorig_Spine2/matrix"/>
      <source id="mixamorig_Neck-Matrix-animation-input">
        <float_array id="mixamorig_Neck-Matrix-animation-input-array" count="24">

0.000000 0.033333 0.066667 0.100000 0.133333 0.166667 0.200000 0.233333 0.266667 0.300000 0.333333 0.366667 0.400000 0.433333 0.466667 0.500000
0.533333 0.566667 0.600000 0.633333 0.666667 0.700000 0.733333 0.766667</float_array>
        <technique_common>
          <accessor source="#mixamorig_Neck-Matrix-animation-input-array" count="24">
            <param name="TIME" type="float"/>
          </accessor>
        </technique_common>
      </source>
      <source id="mixamorig_Neck-Matrix-animation-output-transform">
        <float_array id="mixamorig_Neck-Matrix-animation-output-transform-array" count="384">

0.970444 -0.077035 0.228700 0.000000 0.106889 0.986863 -0.121149 12.707800 -0.216363 0.142014 0.965929 0.000000 0.000000 0.000000 0.000000 1.000000
0.974851 -0.061263 0.214270 0.000000 0.090839 0.987208 -0.131028 12.707800 -0.203502 0.147197 0.967946 0.000000 0.000000 0.000000 0.000000 1.000000
0.977703 -0.047470 0.204558 0.000000 0.077890 0.986605 -0.143329 12.707800 -0.195015 0.156066 0.968304 0.000000 0.000000 0.000000 0.000000 1.000000
0.980243 -0.027687 0.195851 0.000000 0.059111 0.985911 -0.156477 12.707800 -0.188759 0.164962 0.968069 0.000000 0.000000 0.000000 0.000000 1.000000
0.983665 0.003131 0.179983 0.000000 0.026816 0.986144 -0.163712 12.707800 -0.178002 0.165864 0.969951 0.000000 0.000000 0.000000 0.000000 1.000000
0.987843 0.035682 0.151303 0.000000 -0.010764 0.986666 -0.162405 12.707800 -0.155080 0.158802 0.975055 0.000000 0.000000 0.000000 0.000000 1.000000
0.991910 0.056648 0.113599 0.000000 -0.037777 0.986088 -0.161877 12.707800 -0.121188 0.156276 0.980251 0.000000 0.000000 0.000000 0.000000 1.000000
0.994957 0.065675 0.075817 0.000000 -0.051787 0.983653 -0.172466 12.707800 -0.085905 0.167670 0.982093 0.000000 0.000000 0.000000 0.000000 1.000000
0.996545 0.070301 0.044226 0.000000 -0.060555 0.979442 -0.192421 12.707800 -0.056844 0.189078 0.980315 0.000000 0.000000 0.000000 0.000000 1.000000
0.997165 0.072139 0.021394 0.000000 -0.065985 0.975010 -0.212135 12.707800 -0.036162 0.210122 0.977006 -0.000000 0.000000 0.000000 0.000000 1.000000
0.997691 0.067385 0.008487 -0.000000 -0.063755 0.972274 -0.224987 12.707800 -0.023412 0.223926 0.974325 0.000000 0.000000 0.000000 0.000000 1.000000
0.998396 0.056392 0.005019 0.000000 -0.053716 0.971548 -0.230669 12.707800 -0.017884 0.230030 0.973019 0.000000 0.000000 0.000000 0.000000 1.000000
0.998928 0.045548 0.008205 0.000000 -0.042401 0.971742 -0.232207 12.707800 -0.018549 0.231610 0.972632 0.000000 0.000000 0.000000 0.000000 1.000000
0.999112 0.039543 0.014544 -0.000000 -0.035102 0.972138 -0.231765 12.707800 -0.023304 0.231049 0.972663 -0.000000 0.000000 0.000000 0.000000 1.000000
0.999098 0.036593 0.021540 0.000000 -0.030694 0.972913 -0.229123 12.707800 -0.029341 0.228255 0.973159 0.000000 0.000000 0.000000 0.000000 1.000000
0.999081 0.032939 0.027429 0.000000 -0.025968 0.974226 -0.224075 12.707800 -0.034103 0.223156 0.974186 0.000000 0.000000 0.000000 0.000000 1.000000
0.999130 0.027987 0.030924 -0.000000 -0.020578 0.975694 -0.218169 12.707800 -0.036278 0.217343 0.975421 0.000000 0.000000 0.000000 0.000000 1.000000
0.999177 0.022544 0.033709 -0.000000 -0.014877 0.977054 -0.212473 12.707800 -0.037725 0.211797 0.976585 -0.000000 0.000000 0.000000 0.000000 1.000000
0.998984 0.014915 0.042523 0.000000 -0.005871 0.978671 -0.205350 12.707800 -0.044678 0.204892 0.977764 0.000000 0.000000 0.000000 0.000000 1.000000
0.997890 0.002005 0.064895 0.000000 0.010650 0.980929 -0.194075 12.707800 -0.064046 0.194356 0.978838 0.000000 0.000000 0.000000 0.000000 1.000000
0.994675 -0.016615 0.101711 -0.000000 0.034610 0.983455 -0.177818 12.707800 -0.097073 0.180391 0.978793 -0.000000 0.000000 0.000000 0.000000 1.000000
0.988513 -0.038059 0.146263 -0.000000 0.061379 0.985465 -0.158400 12.707800 -0.138109 0.165558 0.976482 -0.000000 0.000000 0.000000 0.000000 1.000000
0.979965 -0.058882 0.190269 -0.000000 0.086221 0.986565 -0.138765 12.707800 -0.179542 0.152390 0.971875 0.000000 0.000000 0.000000 0.000000 1.000000
0.970444 -0.077035 0.228700 0.000000 0.106889 0.986863 -0.121149 12.707800 -0.216363 0.142014 0.965929 0.000000 0.000000 0.000000 0.000000 1.000000</float_array>
        <technique_common>
          <accessor source="#mixamorig_Neck-Matrix-animation-output-transform-array" count="24" stride="16">
            <param type="float4x4"/>
          </accessor>
        </technique_common>
      </source>
      <source id="mixamorig_Neck-Interpolations">
        <Name_array id="mixamorig_Neck-Interpolations-array" count="24">
 LINEAR LINEAR LINEAR LINEAR LINEAR LINEAR LINEAR LINEAR LINEAR LINEAR LINEAR
LINEAR LINEAR LINEAR LINEAR LINEAR LINEAR LINEAR LINEAR LINEAR LINEAR LINEAR LINEAR
LINEAR</Name_array>
        <technique_common>
          <accessor source="#mixamorig_Neck-Interpolations-array" count="24">
            <param type="name"/>
          </accessor>
        </technique_common>
      </source>
      <sampler id="mixamorig_Neck-Matrix-animation-transform">
        <input semantic="INPUT" source="#mixamorig_Neck-Matrix-animation-input"/>
        <input semantic="OUTPUT" source="#mixamorig_Neck-Matrix-animation-output-transform"/>
        <input semantic="INTERPOLATION" source="#mixamorig_Neck-Interpolations"/>
      </sampler>
      <channel source="#mixamorig_Neck-Matrix-animation-transform" target="mixamorig_Neck/matrix"/>
      <source id="mixamorig_Head-Matrix-animation-input">
        <float_array id="mixamorig_Head-Matrix-animation-input-array" count="24">

0.000000 0.033333 0.066667 0.100000 0.133333 0.166667 0.200000 0.233333 0.266667 0.300000 0.333333 0.366667 0.400000 0.433333 0.466667 0.500000
0.533333 0.566667 0.600000 0.633333 0.666667 0.700000 0.733333 0.766667</float_array>
        <technique_common>
          <accessor source="#mixamorig_Head-Matrix-animation-input-array" count="24">
            <param name="TIME" type="float"/>
          </accessor>
        </technique_common>
      </source>
      <source id="mixamorig_Head-Matrix-animation-output-transform">
        <float_array id="mixamorig_Head-Matrix-animation-output-transform-array" count="384">

0.936427 0.067621 0.344285 0.000000 -0.017903 0.989183 -0.145591 6.103100 -0.350405 0.130172 0.927508 1.780100 0.000000 0.000000 0.000000 1.000000
0.939422 -0.012652 0.342530 0.000000 0.063904 0.988262 -0.138759 6.103100 -0.336754 0.152243 0.929203 1.780100 0.000000 0.000000 0.000000 1.000000
0.921667 -0.130380 0.365418 0.000000 0.186334 0.974864 -0.122148 6.103100 -0.340308 0.180670 0.922794 1.780100 0.000000 0.000000 0.000000 1.000000
0.876021 -0.212783 0.432793 0.000000 0.265455 0.961973 -0.064356 6.103100 -0.402641 0.171264 0.899193 1.780100 0.000000 0.000000 0.000000 1.000000
0.831622 -0.194043 0.520339 0.000000 0.224652 0.974429 0.004336 6.103100 -0.507875 0.113290 0.853949 1.780100 0.000000 0.000000 0.000000 1.000000
0.809190 -0.085533 0.581288 0.000000 0.085504 0.995958 0.027523 6.103100 -0.581292 0.027431 0.813232 1.780100 0.000000 0.000000 0.000000 1.000000
0.800136 0.036328 0.598718 0.000000 -0.055667 0.998354 0.013818 6.103100 -0.597230 -0.044385 0.800841 1.780100 0.000000 0.000000 0.000000 1.000000
0.802008 0.107838 0.587498 0.000000 -0.139686 0.990156 0.008941 6.103100 -0.580750 -0.089236 0.809176 1.780100 0.000000 0.000000 0.000000 1.000000
0.817592 0.123847 0.562322 0.000000 -0.168766 0.985247 0.028385 6.103100 -0.550511 -0.118108 0.826431 1.780100 0.000000 0.000000 0.000000 1.000000
0.839706 0.114642 0.530802 0.000000 -0.168678 0.984175 0.054281 6.103100 -0.516179 -0.135115 0.845756 1.780100 0.000000 0.000000 0.000000 1.000000
0.857899 0.104228 0.503136 0.000000 -0.160226 0.984650 0.069225 6.103100 -0.488197 -0.140003 0.861431 1.780100 0.000000 0.000000 0.000000 1.000000
0.865935 0.096105 0.490837 0.000000 -0.150515 0.985946 0.072491 6.103100 -0.476972 -0.136651 0.868231 1.780100 0.000000 0.000000 0.000000 1.000000
0.863312 0.086731 0.497162 0.000000 -0.140333 0.987526 0.071408 6.103100 -0.484767 -0.131415 0.864714 1.780100 0.000000 0.000000 0.000000 1.000000
0.853461 0.077979 0.515290 0.000000 -0.133093 0.988569 0.070838 6.103100 -0.503875 -0.129039 0.854083 1.780100 0.000000 0.000000 0.000000 1.000000
0.840335 0.073958 0.536998 -0.000000 -0.133300 0.988423 0.072466 6.103100 -0.525422 -0.132478 0.840465 1.780100 0.000000 0.000000 0.000000 1.000000
0.825862 0.074660 0.558908 -0.000000 -0.141233 0.986989 0.076847 6.103100 -0.545898 -0.142401 0.825661 1.780100 0.000000 0.000000 0.000000 1.000000
0.810513 0.076601 0.580690 0.000000 -0.152643 0.984777 0.083150 6.103100 -0.565481 -0.156033 0.809867 1.780100 0.000000 0.000000 0.000000 1.000000
0.796751 0.076933 0.599391 0.000000 -0.161147 0.982996 0.088038 6.103100 -0.582426 -0.166734 0.795600 1.780100 0.000000 0.000000 0.000000 1.000000
0.791908 0.075579 0.605945 0.000000 -0.158913 0.983627 0.084996 6.103100 -0.589600 -0.163601 0.790953 1.780100 0.000000 0.000000 0.000000 1.000000
0.804255 0.073827 0.589680 0.000000 -0.139643 0.987948 0.066767 6.103100 -0.577645 -0.136042 0.804872 1.780100 0.000000 0.000000 0.000000 1.000000
0.833848 0.072043 0.547273 0.000000 -0.105606 0.993954 0.030061 6.103100 -0.541798 -0.082861 0.836414 1.780100 0.000000 0.000000 0.000000 1.000000
0.871486 0.070044 0.485393 -0.000000 -0.067811 0.997451 -0.022187 6.103100 -0.485710 -0.013579 0.874014 1.780100 0.000000 0.000000 0.000000 1.000000
0.907325 0.068353 0.414837 0.000000 -0.037033 0.995854 -0.083089 6.103100 -0.418797 0.060026 0.906094 1.780100 0.000000 0.000000 0.000000 1.000000
0.936427 0.067621 0.344285 0.000000 -0.017903 0.989183 -0.145591 6.103100 -0.350406 0.130172 0.927508 1.780100 0.000000 0.000000 0.000000 1.000000</float_array>
        <technique_common>
          <accessor source="#mixamorig_Head-Matrix-animation-output-transform-array" count="24" stride="16">
            <param type="float4x4"/>
          </accessor>
        </technique_common>
      </source>
      <source id="mixamorig_Head-Interpolations">
        <Name_array id="mixamorig_Head-Interpolations-array" count="24">
 LINEAR LINEAR LINEAR LINEAR LINEAR LINEAR LINEAR LINEAR LINEAR LINEAR LINEAR
LINEAR LINEAR LINEAR LINEAR LINEAR LINEAR LINEAR LINEAR LINEAR LINEAR LINEAR LINEAR
LINEAR</Name_array>
        <technique_common>
          <accessor source="#mixamorig_Head-Interpolations-array" count="24">
            <param type="name"/>
          </accessor>
        </technique_common>
      </source>
      <sampler id="mixamorig_Head-Matrix-animation-transform">
        <input semantic="INPUT" source="#mixamorig_Head-Matrix-animation-input"/>
        <input semantic="OUTPUT" source="#mixamorig_Head-Matrix-animation-output-transform"/>
        <input semantic="INTERPOLATION" source="#mixamorig_Head-Interpolations"/>
      </sampler>
      <channel source="#mixamorig_Head-Matrix-animation-transform" target="mixamorig_Head/matrix"/>
      <source id="mixamorig_LeftShoulder-Matrix-animation-input">
        <float_array id="mixamorig_LeftShoulder-Matrix-animation-input-array" count="24">

0.000000 0.033333 0.066667 0.100000 0.133333 0.166667 0.200000 0.233333 0.266667 0.300000 0.333333 0.366667 0.400000 0.433333 0.466667 0.500000
0.533333 0.566667 0.600000 0.633333 0.666667 0.700000 0.733333 0.766667</float_array>
        <technique_common>
          <accessor source="#mixamorig_LeftShoulder-Matrix-animation-input-array" count="24">
            <param name="TIME" type="float"/>
          </accessor>
        </technique_common>
      </source>
      <source id="mixamorig_LeftShoulder-Matrix-animation-output-transform">
        <float_array id="mixamorig_LeftShoulder-Matrix-animation-output-transform-array" count="384">

-0.117162 0.919396 -0.375478 4.865300 0.019240 -0.375909 -0.926457 10.730200 -0.992926 -0.115770 0.026353 -0.266900 0.000000 0.000000 0.000000 1.000000
