<?xml version="1.0" encoding="utf-8"?>
<COLLADA xmlns="http://www.collada.org/2005/11/COLLADASchema" version="1.4.1">
  <asset>
    <contributor>
      <author>Mixamo</author>
      <authoring_tool>COLLADA Mixamo exporter</authoring_tool>
      <comments/>
    </contributor>
    <created>2024-05-10T11:27:40Z</created>
    <modified>2024-05-10T11:27:40Z</modified>
    <revision/>
    <title/>
    <unit meter="0.010000"/>
    <up_axis>Y_UP</up_axis>
  </asset>
  <library_animations>
    <animation>
      <source id="Armature-Matrix-animation-input">
        <float_array id="Armature-Matrix-animation-input-array" count="24">

0.000000 0.033333 0.066667 0.100000 0.133333 0.166667 0.200000 0.233333 0.266667 0.300000 0.333333 0.366667 0.400000 0.433333 0.466667 0.500000
0.533333 0.566667 0.600000 0.633333 0.666667 0.700000 0.733333 0.766667</float_array>
        <technique_common>
          <accessor source="#Armature-Matrix-animation-input-array" count="24">
            <param name="TIME" type="float"/>
          </accessor>
        </technique_common>
      </source>
      <source id="Armature-Matrix-animation-output-transform">
        <float_array id="Armature-Matrix-animation-output-transform-array" count="384">

1.000000 0.000000 0.000000 0.000000 0.000000 0.000000 1.000000 0.000000 0.000000 -1.000000 0.000000 0.000000 0.000000 0.000000 0.000000 1.000000
1.000000 0.000000 0.000000 0.000000 0.000000 0.000000 1.000000 0.000000 0.000000 -1.000000 0.000000 0.000000 0.000000 0.000000 0.000000 1.000000
1.000000 0.000000 0.000000 0.000000 0.000000 0.000000 1.000000 0.000000 0.000000 -1.000000 0.000000 0.000000 0.000000 0.000000 0.000000 1.000000
1.000000 0.000000 0.000000 0.000000 0.000000 0.000000 1.000000 0.000000 0.000000 -1.000000 0.000000 0.000000 0.000000 0.000000 0.000000 1.000000
1.000000 0.000000 0.000000 0.000000 0.000000 0.000000 1.000000 0.000000 0.000000 -1.000000 0.000000 0.000000 0.000000 0.000000 0.000000 1.000000
1.000000 0.000000 0.000000 0.000000 0.000000 0.000000 1.000000 0.000000 0.000000 -1.000000 0.000000 0.000000 0.000000 0.000000 0.000000 1.000000
1.000000 0.000000 0.000000 0.000000 0.000000 0.000000 1.000000 0.000000 0.000000 -1.000000 0.000000 0.000000 0.000000 0.000000 0.000000 1.000000
1.000000 0.000000 0.000000 0.000000 0.000000 0.000000 1.000000 0.000000 0.000000 -1.000000 0.000000 0.000000 0.000000 0.000000 0.000000 1.000000
1.000000 0.000000 0.000000 0.000000 0.000000 0.000000 1.000000 0.000000 0.000000 -1.000000 0.000000 0.000000 0.000000 0.000000 0.000000 1.000000
1.000000 0.000000 0.000000 0.000000 0.000000 0.000000 1.000000 0.000000 0.000000 -1.000000 0.000000 0.000000 0.000000 0.000000 0.000000 1.000000
1.000000 0.000000 0.000000 0.000000 0.000000 0.000000 1.000000 0.000000 0.000000 -1.000000 0.000000 0.000000 0.000000 0.000000 0.000000 1.000000
1.000000 0.000000 0.000000 0.000000 0.000000 0.000000 1.000000 0.000000 0.000000 -1.000000 0.000000 0.000000 0.000000 0.000000 0.000000 1.000000
1.000000 0.000000 0.000000 0.000000 0.000000 0.000000 1.000000 0.000000 0.000000 -1.000000 0.000000 0.000000 0.000000 0.000000 0.000000 1.000000
1.000000 0.000000 0.000000 0.000000 0.000000 0.000000 1.000000 0.000000 0.000000 -1.000000 0.000000 0.000000 0.000000 0.000000 0.000000 1.000000
1.000000 0.000000 0.000000 0.000000 0.000000 0.000000 1.000000 0.000000 0.000000 -1.000000 0.000000 0.000000 0.000000 0.000000 0.000000 1.000000
1.000000 0.000000 0.000000 0.000000 0.000000 0.000000 1.000000 0.000000 0.000000 -1.000000 0.000000 0.000000 0.000000 0.000000 0.000000 1.000000
1.000000 0.000000 0.000000 0.000000 0.000000 0.000000 1.000000 0.000000 0.000000 -1.000000 0.000000 0.000000 0.000000 0.000000 0.000000 1.000000
1.000000 0.000000 0.000000 0.000000 0.000000 0.000000 1.000000 0.000000 0.000000 -1.000000 0.000000 0.000000 0.000000 0.000000 0.000000 1.000000
1.000000 0.000000 0.000000 0.000000 0.000000 0.000000 1.000000 0.000000 0.000000 -1.000000 0.000000 0.000000 0.000000 0.000000 0.000000 1.000000
1.000000 0.000000 0.000000 0.000000 0.000000 0.000000 1.000000 0.000000 0.000000 -1.000000 0.000000 0.000000 0.000000 0.000000 0.000000 1.000000
1.000000 0.000000 0.000000 0.000000 0.000000 0.000000 1.000000 0.000000 0.000000 -1.000000 0.000000 0.000000 0.000000 0.000000 0.000000 1.000000
1.000000 0.000000 0.000000 0.000000 0.000000 0.000000 1.000000 0.000000 0.000000 -1.000000 0.000000 0.000000 0.000000 0.000000 0.000000 1.000000
1.000000 0.000000 0.000000 0.000000 0.000000 0.000000 1.000000 0.000000 0.000000 -1.000000 0.000000 0.000000 0.000000 0.000000 0.000000 1.000000
1.000000 0.000000 0.000000 0.000000 0.000000 0.000000 1.000000 0.000000 0.000000 -1.000000 0.000000 0.000000 0.000000 0.000000 0.000000 1.000000</float_array>
        <technique_common>
          <accessor source="#Armature-Matrix-animation-output-transform-array" count="24" stride="16">
            <param type="float4x4"/>
          </accessor>
        </technique_common>
      </source>
      <source id="Armature-Interpolations">
        <Name_array id="Armature-Interpolations-array" count="24">
 LINEAR LINEAR LINEAR LINEAR LINEAR LINEAR LINEAR LINEAR LINEAR LINEAR LINEAR
LINEAR LINEAR LINEAR LINEAR LINEAR LINEAR LINEAR LINEAR LINEAR LINEAR LINEAR LINEAR
LINEAR</Name_array>
        <technique_common>
          <accessor source="#Armature-Interpolations-array" count="24">
            <param type="name"/>
          </accessor>
        </technique_common>
      </source>
      <sampler id="Armature-Matrix-animation-transform">
        <input semantic="INPUT" source="#Armature-Matrix-animation-input"/>
        <input semantic="OUTPUT" source="#Armature-Matrix-animation-output-transform"/>
        <input semantic="INTERPOLATION" source="#Armature-Interpolations"/>
      </sampler>
      <channel source="#Armature-Matrix-animation-transform" target="Armature/matrix"/>
      <source id="mixamorig_Hips-Matrix-animation-input">
        <float_array id="mixamorig_Hips-Matrix-animation-input-array" count="24">

0.000000 0.033333 0.066667 0.100000 0.133333 0.166667 0.200000 0.233333 0.266667 0.300000 0.333333 0.366667 0.400000 0.433333 0.466667 0.500000
0.533333 0.566667 0.600000 0.633333 0.666667 0.700000 0.733333 0.766667</float_array>
        <technique_common>
          <accessor source="#mixamorig_Hips-Matrix-animation-input-array" count="24">
            <param name="TIME" type="float"/>
          </accessor>
        </technique_common>
      </source>
      <source id="mixamorig_Hips-Matrix-animation-output-transform">
        <float_array id="mixamorig_Hips-Matrix-animation-output-transform-array" count="384">

0.691900 -0.000428 0.721993 0.256546 0.718849 0.093639 -0.688831 -0.104139 -0.067312 0.995606 0.065096 84.181152 0.000000 0.000000 0.000000 1.000000
0.720078 0.006856 0.693859 0.618779 0.689398 0.106563 -0.716502 0.033183 -0.078852 0.994282 0.072007 84.147484 0.000000 0.000000 0.000000 1.000000
0.785221 0.008831 0.619153 1.655562 0.613722 0.121793 -0.780071 0.221061 -0.082297 0.992516 0.090215 84.105919 0.000000 0.000000 0.000000 1.000000
0.879827 0.006308 0.475252 3.225306 0.470703 0.127072 -0.873093 0.335657 -0.065898 0.991873 0.108832 84.123161 0.000000 0.000000 0.000000 1.000000
0.949572 0.006110 0.313489 5.586236 0.310730 0.115412 -0.943465 -0.050732 -0.041945 0.993299 0.107694 84.074661 0.000000 0.000000 0.000000 1.000000
0.963522 0.009385 0.267464 6.211126 0.264778 0.112047 -0.957778 -0.264767 -0.038957 0.993659 0.105474 83.915062 0.000000 0.000000 0.000000 1.000000
0.959826 0.013236 0.280282 6.563165 0.276748 0.120171 -0.953399 -0.304257 -0.046300 0.992665 0.111680 83.754494 0.000000 0.000000 0.000000 1.000000
0.953192 0.012658 0.302102 6.663062 0.298203 0.125887 -0.946165 -0.221727 -0.050007 0.991964 0.116219 83.644981 0.000000 0.000000 0.000000 1.000000
0.939873 0.008206 0.341426 6.530445 0.337460 0.131475 -0.932113 -0.028029 -0.052538 0.991286 0.120800 83.552094 0.000000 0.000000 0.000000 1.000000
0.920281 0.000615 0.391259 6.194445 0.387338 0.139784 -0.911279 0.242819 -0.055252 0.990182 0.128402 83.497498 0.000000 0.000000 0.000000 1.000000
0.896235 -0.009285 0.443483 5.703256 0.439852 0.147951 -0.885799 0.528482 -0.057389 0.988951 0.136683 83.487473 0.000000 0.000000 0.000000 1.000000
0.869241 -0.017213 0.494088 5.113919 0.490628 0.153061 -0.857821 0.792106 -0.060860 0.988067 0.141492 83.492325 0.000000 0.000000 0.000000 1.000000
0.840656 -0.019694 0.541211 4.477063 0.537396 0.154169 -0.829119 1.026266 -0.067109 0.987848 0.140187 83.501068 0.000000 0.000000 0.000000 1.000000
0.811778 -0.018955 0.583659 3.821220 0.579298 0.152269 -0.800767 1.220842 -0.073695 0.988157 0.134589 83.543068 0.000000 0.000000 0.000000 1.000000
0.784475 -0.018669 0.619879 3.162363 0.615204 0.149535 -0.774056 1.335920 -0.078243 0.988580 0.128792 83.634972 0.000000 0.000000 0.000000 1.000000
0.759036 -0.018717 0.650780 2.525740 0.645859 0.147609 -0.749051 1.347854 -0.082041 0.988869 0.124129 83.760956 0.000000 0.000000 0.000000 1.000000
0.733590 -0.017926 0.679356 1.944497 0.674017 0.146985 -0.723945 1.270175 -0.086877 0.988976 0.119909 83.886772 0.000000 0.000000 0.000000 1.000000
0.708953 -0.016741 0.705057 1.452872 0.699255 0.146827 -0.699632 1.126112 -0.091809 0.989020 0.115800 83.983978 0.000000 0.000000 0.000000 1.000000
0.688990 -0.015784 0.724599 1.062848 0.718573 0.145337 -0.680095 0.927371 -0.094576 0.989256 0.111477 84.057228 0.000000 0.000000 0.000000 1.000000
0.678140 -0.013708 0.734805 0.749841 0.729069 0.138588 -0.670262 0.676985 -0.092647 0.990255 0.103976 84.119202 0.000000 0.000000 0.000000 1.000000
0.673650 -0.010225 0.738980 0.499317 0.733719 0.129142 -0.667068 0.415531 -0.088612 0.991573 0.094498 84.163300 0.000000 0.000000 0.000000 1.000000
0.674379 -0.006401 0.738358 0.334066 0.733698 0.118304 -0.669097 0.175229 -0.083068 0.992957 0.084479 84.182045 0.000000 0.000000 0.000000 1.000000
0.679954 -0.003259 0.733248 0.257874 0.729328 0.106358 -0.675846 -0.018696 -0.075784 0.994323 0.074696 84.177765 0.000000 0.000000 0.000000 1.000000
0.691900 -0.000427 0.721993 0.256549 0.718849 0.093639 -0.688831 -0.104139 -0.067312 0.995606 0.065096 84.181160 0.000000 0.000000 0.000000 1.000000</float_array>
        <technique_common>
          <accessor source="#mixamorig_Hips-Matrix-animation-output-transform-array" count="24" stride="16">
            <param type="float4x4"/>
          </accessor>
        </technique_common>
      </source>
      <source id="mixamorig_Hips-Interpolations">
        <Name_array id="mixamorig_Hips-Interpolations-array" count="24">
 LINEAR LINEAR LINEAR LINEAR LINEAR LINEAR LINEAR LINEAR LINEAR LINEAR LINEAR
LINEAR LINEAR LINEAR LINEAR LINEAR LINEAR LINEAR LINEAR LINEAR LINEAR LINEAR LINEAR
LINEAR</Name_array>
        <technique_common>
          <accessor source="#mixamorig_Hips-Interpolations-array" count="24">
            <param type="name"/>
          </accessor>
        </technique_common>
      </source>
      <sampler id="mixamorig_Hips-Matrix-animation-transform">
        <input semantic="INPUT" source="#mixamorig_Hips-Matrix-animation-input"/>
        <input semantic="OUTPUT" source="#mixamorig_Hips-Matrix-animation-output-transform"/>
        <input semantic="INTERPOLATION" source="#mixamorig_Hips-Interpolations"/>
      </sampler>
      <channel source="#mixamorig_Hips-Matrix-animation-transform" target="mixamorig_Hips/matrix"/>
      <source id="mixamorig_Spine-Matrix-animation-input">
        <float_array id="mixamorig_Spine-Matrix-animation-input-array" count="24">

0.000000 0.033333 0.066667 0.100000 0.133333 0.166667 0.200000 0.233333 0.266667 0.300000 0.333333 0.366667 0.400000 0.433333 0.466667 0.500000
0.533333 0.566667 0.600000 0.633333 0.666667 0.700000 0.733333 0.766667</float_array>
        <technique_common>
          <accessor source="#mixamorig_Spine-Matrix-animation-input-array" count="24">
            <param name="TIME" type="float"/>
          </accessor>
        </technique_common>
      </source>
      <source id="mixamorig_Spine-Matrix-animation-output-transform">
        <float_array id="mixamorig_Spine-Matrix-animation-output-transform-array" count="384">

0.991734 -0.015958 -0.127311 0.000000 0.010836 0.999108 -0.040819 8.407700 0.127849 0.039102 0.991022 -1.041900 0.000000 0.000000 0.000000 1.000000
0.996630 -0.024279 -0.078354 -0.000000 0.022144 0.999363 -0.028002 8.407700 0.078984 0.026172 0.996532 -1.041900 0.000000 0.000000 0.000000 1.000000
0.998777 -0.040942 -0.027715 0.000000 0.040906 0.999161 -0.001869 8.407700 0.027768 0.000733 0.999614 -1.041900 0.000000 0.000000 0.000000 1.000000
0.997442 -0.070106 -0.013982 0.000000 0.070504 0.997049 0.030374 8.407700 0.011812 -0.031282 0.999441 -1.041900 0.000000 0.000000 0.000000 1.000000
0.992896 -0.107592 -0.050819 0.000000 0.110240 0.992515 0.052543 8.407700 0.044785 -0.057772 0.997325 -1.041900 0.000000 0.000000 0.000000 1.000000
0.983908 -0.142583 -0.107678 0.000000 0.149146 0.987255 0.055534 8.407700 0.098387 -0.070700 0.992634 -1.041900 0.000000 0.000000 0.000000 1.000000
0.975361 -0.166370 -0.144887 0.000000 0.175024 0.983340 0.049092 8.407700 0.134305 -0.073241 0.988230 -1.041900 0.000000 0.000000 0.000000 1.000000
0.972359 -0.176227 -0.153175 0.000000 0.185367 0.981522 0.047480 8.407700 0.141978 -0.074562 0.987058 -1.041900 0.000000 0.000000 0.000000 1.000000
0.973844 -0.173552 -0.146658 -0.000000 0.182785 0.981781 0.051920 8.407700 0.134975 -0.077369 0.987824 -1.041900 0.000000 0.000000 0.000000 1.000000
0.976907 -0.163575 -0.137459 -0.000000 0.172299 0.983559 0.054085 8.407700 0.126353 -0.076520 0.989030 -1.041900 0.000000 0.000000 0.000000 1.000000
0.980122 -0.152745 -0.126612 0.000000 0.160052 0.985860 0.049636 8.407700 0.117240 -0.068913 0.990710 -1.041900 0.000000 0.000000 0.000000 1.000000
0.983380 -0.143665 -0.111015 -0.000000 0.149114 0.987911 0.042397 8.407700 0.103582 -0.058247 0.992914 -1.041900 0.000000 0.000000 0.000000 1.000000
0.986805 -0.133833 -0.091133 0.000000 0.137706 0.989759 0.037598 8.407700 0.085168 -0.049652 0.995129 -1.041900 0.000000 0.000000 0.000000 1.000000
0.990203 -0.120325 -0.070848 0.000000 0.123043 0.991772 0.035334 8.407700 0.066013 -0.043705 0.996861 -1.041900 0.000000 0.000000 0.000000 1.000000
0.993141 -0.104074 -0.053296 -0.000000 0.105870 0.993863 0.032072 8.407700 0.049631 -0.037494 0.998064 -1.041900 0.000000 0.000000 0.000000 1.000000
0.995261 -0.088792 -0.039649 -0.000000 0.089878 0.995600 0.026516 8.407700 0.037120 -0.029953 0.998862 -1.041900 0.000000 0.000000 0.000000 1.000000
0.996606 -0.076688 -0.029927 0.000000 0.077333 0.996783 0.021040 8.407700 0.028217 -0.023283 0.999331 -1.041900 0.000000 0.000000 0.000000 1.000000
0.997436 -0.067351 -0.024173 -0.000000 0.067778 0.997550 0.017325 8.407700 0.022947 -0.018919 0.999558 -1.041900 0.000000 0.000000 0.000000 1.000000
0.997950 -0.059217 -0.024256 -0.000000 0.059551 0.998137 0.013299 8.407700 0.023424 -0.014716 0.999617 -1.041900 0.000000 0.000000 0.000000 1.000000
0.998146 -0.050784 -0.033558 0.000000 0.051001 0.998683 0.005630 8.407700 0.033228 -0.007331 0.999421 -1.041900 0.000000 0.000000 0.000000 1.000000
0.997728 -0.041568 -0.053016 0.000000 0.041298 0.999128 -0.006181 8.407700 0.053227 0.003978 0.998575 -1.041900 0.000000 0.000000 0.000000 1.000000
0.996387 -0.031944 -0.078693 0.000000 0.030501 0.999345 -0.019474 8.407700 0.079264 0.017004 0.996709 -1.041900 0.000000 0.000000 0.000000 1.000000
0.994231 -0.023054 -0.104756 0.000000 0.019863 0.999310 -0.031400 8.407700 0.105407 0.029138 0.994002 -1.041900 0.000000 0.000000 0.000000 1.000000
0.991734 -0.015958 -0.127312 0.000000 0.010836 0.999108 -0.040819 8.407700 0.127849 0.039102 0.991022 -1.041900 0.000000 0.000000 0.000000 1.000000</float_array>
        <technique_common>
          <accessor source="#mixamorig_Spine-Matrix-animation-output-transform-array" count="24" stride="16">
            <param type="float4x4"/>
          </accessor>
        </technique_common>
      </source>
      <source id="mixamorig_Spine-Interpolations">
        <Name_array id="mixamorig_Spine-Interpolations-array" count="24">
 LINEAR LINEAR LINEAR LINEAR LINEAR LINEAR LINEAR LINEAR LINEAR LINEAR LINEAR
LINEAR LINEAR LINEAR LINEAR LINEAR LINEAR LINEAR LINEAR LINEAR LINEAR LINEAR LINEAR
LINEAR</Name_array>
        <technique_common>
          <accessor source="#mixamorig_Spine-Interpolations-array" count="24">
            <param type="name"/>
          </accessor>
        </technique_common>
      </source>
      <sampler id="mixamorig_Spine-Matrix-animation-transform">
        <input semantic="INPUT" source="#mixamorig_Spine-Matrix-animation-input"/>
        <input semantic="OUTPUT" source="#mixamorig_Spine-Matrix-animation-output-transform"/>
        <input semantic="INTERPOLATION" source="#mixamorig_Spine-Interpolations"/>
      </sampler>
      <channel source="#mixamorig_Spine-Matrix-animation-transform" target="mixamorig_Spine/matrix"/>
      <source id="mixamorig_Spine1-Matrix-animation-input">
        <float_array id="mixamorig_Spine1-Matrix-animation-input-array" count="24">

0.000000 0.033333 0.066667 0.100000 0.133333 0.166667 0.200000 0.233333 0.266667 0.300000 0.333333 0.366667 0.400000 0.433333 0.466667 0.500000
0.533333 0.566667 0.600000 0.633333 0.666667 0.700000 0.733333 0.766667</float_array>
        <technique_common>
          <accessor source="#mixamorig_Spine1-Matrix-animation-input-array" count="24">
            <param name="TIME" type="float"/>
          </accessor>
        </technique_common>
      </source>
      <source id="mixamorig_Spine1-Matrix-animation-output-transform">
        <float_array id="mixamorig_Spine1-Matrix-animation-output-transform-array" count="384">

0.999723 -0.013732 -0.019110 -0.000000 0.012995 0.999187 -0.038158 9.883800 0.019618 0.037899 0.999089 -0.000000 0.000000 0.000000 0.000000 1.000000
0.999620 -0.027292 -0.003798 -0.000000 0.027037 0.998064 -0.056019 9.883800 0.005319 0.055895 0.998422 0.000000 0.000000 0.000000 0.000000 1.000000
0.998873 -0.045980 0.011753 0.000000 0.046701 0.996383 -0.070987 9.883800 -0.008446 0.071456 0.997408 0.000000 0.000000 0.000000 0.000000 1.000000
0.997429 -0.070956 0.010041 0.000000 0.071558 0.993736 -0.085843 9.883800 -0.003887 0.086340 0.996258 0.000000 0.000000 0.000000 0.000000 1.000000
0.994902 -0.099781 -0.014594 0.000000 0.097677 0.989504 -0.106494 9.883800 0.025067 0.104526 0.994206 -0.000000 0.000000 0.000000 0.000000 1.000000
0.990782 -0.126965 -0.047233 0.000000 0.119615 0.983611 -0.134913 9.883800 0.063588 0.128020 0.989731 0.000000 0.000000 0.000000 0.000000 1.000000
0.986542 -0.147934 -0.069641 0.000000 0.134879 0.977061 -0.164799 9.883800 0.092423 0.153188 0.983866 -0.000000 0.000000 0.000000 0.000000 1.000000
0.983967 -0.160388 -0.078011 0.000000 0.143431 0.971565 -0.188383 9.883800 0.106007 0.174173 0.978992 -0.000000 0.000000 0.000000 0.000000 1.000000
0.983236 -0.164270 -0.079136 0.000000 0.145354 0.968171 -0.203759 9.883800 0.110089 0.188840 0.975818 -0.000000 0.000000 0.000000 0.000000 1.000000
0.983703 -0.161850 -0.078310 -0.000000 0.142042 0.966579 -0.213424 9.883800 0.110236 0.198822 0.973816 0.000000 0.000000 0.000000 0.000000 1.000000
0.984813 -0.156349 -0.075492 0.000000 0.136533 0.966001 -0.219548 9.883800 0.107251 0.205906 0.972677 0.000000 0.000000 0.000000 0.000000 1.000000
0.986262 -0.149892 -0.069428 0.000000 0.131119 0.965982 -0.222903 9.883800 0.100477 0.210737 0.972365 0.000000 0.000000 0.000000 0.000000 1.000000
0.987898 -0.142543 -0.061146 0.000000 0.125577 0.966443 -0.224094 9.883800 0.091037 0.213704 0.972647 0.000000 0.000000 0.000000 0.000000 1.000000
0.989620 -0.133598 -0.052952 0.000000 0.118586 0.967293 -0.224234 9.883800 0.081177 0.215627 0.973096 -0.000000 0.000000 0.000000 0.000000 1.000000
0.991251 -0.123640 -0.046191 0.000000 0.110292 0.968172 -0.224673 9.883800 0.072500 0.217613 0.973339 0.000000 0.000000 0.000000 0.000000 1.000000
0.992566 -0.114511 -0.041225 0.000000 0.102351 0.968653 -0.226355 9.883800 0.065853 0.220453 0.973172 0.000000 0.000000 0.000000 0.000000 1.000000
0.993463 -0.107567 -0.038218 0.000000 0.096053 0.968602 -0.229312 9.883800 0.061684 0.224142 0.972602 -0.000000 0.000000 0.000000 0.000000 1.000000
0.994089 -0.102169 -0.036732 0.000000 0.091012 0.968644 -0.231185 9.883800 0.059201 0.226475 0.972216 -0.000000 0.000000 0.000000 0.000000 1.000000
0.994800 -0.095470 -0.035482 0.000000 0.085090 0.970491 -0.225625 9.883800 0.055975 0.221432 0.973568 -0.000000 0.000000 0.000000 0.000000 1.000000
0.995878 -0.084331 -0.033389 -0.000000 0.075731 0.975712 -0.205551 9.883800 0.049912 0.202176 0.978077 -0.000000 0.000000 0.000000 0.000000 1.000000
0.997217 -0.068084 -0.030368 0.000000 0.061973 0.983506 -0.169926 9.883800 0.041437 0.167571 0.984989 -0.000000 0.000000 0.000000 0.000000 1.000000
0.998440 -0.048972 -0.026821 -0.000000 0.045252 0.991112 -0.125098 9.883800 0.032709 0.123689 0.991782 0.000000 0.000000 0.000000 0.000000 1.000000
0.999281 -0.030134 -0.023013 0.000000 0.028221 0.996447 -0.079353 9.883800 0.025323 0.078646 0.996581 0.000000 0.000000 0.000000 0.000000 1.000000
0.999723 -0.013732 -0.019110 0.000000 0.012995 0.999187 -0.038158 9.883800 0.019619 0.037899 0.999089 -0.000000 0.000000 0.000000 0.000000 1.000000</float_array>
        <technique_common>
          <accessor source="#mixamorig_Spine1-Matrix-animation-output-transform-array" count="24" stride="16">
            <param type="float4x4"/>
          </accessor>
        </technique_common>
      </source>
      <source id="mixamorig_Spine1-Interpolations">
        <Name_array id="mixamorig_Spine1-Interpolations-array" count="24">
 LINEAR LINEAR LINEAR LINEAR LINEAR LINEAR LINEAR LINEAR LINEAR LINEAR LINEAR
LINEAR LINEAR LINEAR LINEAR LINEAR LINEAR LINEAR LINEAR LINEAR LINEAR LINEAR LINEAR
LINEAR</Name_array>
        <technique_common>
          <accessor source="#mixamorig_Spine1-Interpolations-array" count="24">
            <param type="name"/>
          </accessor>
        </technique_common>
      </source>
      <sampler id="mixamorig_Spine1-Matrix-animation-transform">
        <input semantic="INPUT" source="#mixamorig_Spine1-Matrix-animation-input"/>
        <input semantic="OUTPUT" source="#mixamorig_Spine1-Matrix-animation-output-transform"/>
        <input semantic="INTERPOLATION" source="#mixamorig_Spine1-Interpolations"/>
      </sampler>
      <channel source="#mixamorig_Spine1-Matrix-animation-transform" target="mixamorig_Spine1/matrix"/>
      <source id="mixamorig_Spine2-Matrix-animation-input">
        <float_array id="mixamorig_Spine2-Matrix-animation-input-array" count="24">

0.000000 0.033333 0.066667 0.100000 0.133333 0.166667 0.200000 0.233333 0.266667 0.300000 0.333333 0.366667 0.400000 0.433333 0.466667 0.500000
0.533333 0.566667 0.600000 0.633333 0.666667 0.700000 0.733333 0.766667</float_array>
        <technique_common>
          <accessor source="#mixamorig_Spine2-Matrix-animation-input-array" count="24">
            <param name="TIME" type="float"/>
          </accessor>
        </technique_common>
      </source>
      <source id="mixamorig_Spine2-Matrix-animation-output-transform">
        <float_array id="mixamorig_Spine2-Matrix-animation-output-transform-array" count="384">

0.999731 -0.013375 -0.018940 0.000000 0.012640 0.999182 -0.038423 11.295900 0.019439 0.038173 0.999082 0.000000 0.000000 0.000000 0.000000 1.000000
0.999628 -0.027026 -0.003577 0.000000 0.026783 0.998059 -0.056230 11.295900 0.005090 0.056113 0.998411 0.000000 0.000000 0.000000 0.000000 1.000000
0.998878 -0.045821 0.012005 0.000000 0.046561 0.996379 -0.071137 11.295900 -0.008702 0.071616 0.997394 -0.000000 0.000000 0.000000 0.000000 1.000000
0.997438 -0.070809 0.010219 -0.000000 0.071427 0.993731 -0.086001 11.295900 -0.004065 0.086510 0.996243 -0.000000 0.000000 0.000000 0.000000 1.000000
0.994932 -0.099485 -0.014611 0.000000 0.097374 0.989505 -0.106761 11.295900 0.025078 0.104797 0.994177 0.000000 0.000000 0.000000 0.000000 1.000000
0.990838 -0.126435 -0.047482 0.000000 0.119030 0.983627 -0.135315 11.295900 0.063814 0.128424 0.989664 -0.000000 0.000000 0.000000 0.000000 1.000000
0.986616 -0.147237 -0.070070 0.000000 0.134077 0.977091 -0.165276 11.295900 0.092800 0.153669 0.983755 0.000000 0.000000 0.000000 0.000000 1.000000
0.984044 -0.159658 -0.078526 0.000000 0.142568 0.971600 -0.188860 11.295900 0.106449 0.174652 0.978859 0.000000 0.000000 0.000000 0.000000 1.000000
0.983306 -0.163597 -0.079656 0.000000 0.144542 0.968199 -0.204200 11.295900 0.110529 0.189278 0.975683 0.000000 0.000000 0.000000 0.000000 1.000000
0.983764 -0.161249 -0.078782 -0.000000 0.141311 0.966597 -0.213825 11.295900 0.110630 0.199220 0.973690 0.000000 0.000000 0.000000 0.000000 1.000000
0.984866 -0.155816 -0.075895 0.000000 0.135886 0.966010 -0.219909 11.295900 0.107581 0.206268 0.972563 0.000000 0.000000 0.000000 0.000000 1.000000
0.986307 -0.149438 -0.069757 0.000000 0.130572 0.965983 -0.223222 11.295900 0.100742 0.211057 0.972268 0.000000 0.000000 0.000000 0.000000 1.000000
0.987934 -0.142185 -0.061401 0.000000 0.125146 0.966436 -0.224367 11.295900 0.091241 0.213975 0.972569 -0.000000 0.000000 0.000000 0.000000 1.000000
0.989646 -0.133334 -0.053130 0.000000 0.118270 0.967280 -0.224459 11.295900 0.081320 0.215851 0.973034 0.000000 0.000000 0.000000 0.000000 1.000000
0.991270 -0.123448 -0.046298 0.000000 0.110068 0.968156 -0.224854 11.295900 0.072582 0.217796 0.973292 0.000000 0.000000 0.000000 0.000000 1.000000
0.992580 -0.114370 -0.041274 -0.000000 0.102193 0.968635 -0.226499 11.295900 0.065885 0.220601 0.973136 0.000000 0.000000 0.000000 0.000000 1.000000
0.993474 -0.107465 -0.038230 -0.000000 0.095945 0.968586 -0.229426 11.295900 0.061684 0.224260 0.972575 0.000000 0.000000 0.000000 0.000000 1.000000
0.994096 -0.102100 -0.036727 -0.000000 0.090940 0.968630 -0.231271 11.295900 0.059187 0.226565 0.972196 0.000000 0.000000 0.000000 0.000000 1.000000
0.994805 -0.095416 -0.035465 0.000000 0.085038 0.970482 -0.225684 11.295900 0.055953 0.221496 0.973555 0.000000 0.000000 0.000000 0.000000 1.000000
0.995885 -0.084260 -0.033358 -0.000000 0.075667 0.975708 -0.205591 11.295900 0.049871 0.202221 0.978069 0.000000 0.000000 0.000000 0.000000 1.000000
0.997227 -0.067960 -0.030313 0.000000 0.061859 0.983506 -0.169968 11.295900 0.041364 0.167622 0.984983 -0.000000 0.000000 0.000000 0.000000 1.000000
0.998452 -0.048770 -0.026730 0.000000 0.045060 0.991110 -0.125182 11.295900 0.032598 0.123784 0.991774 0.000000 0.000000 0.000000 0.000000 1.000000
0.999292 -0.029850 -0.022882 0.000000 0.027944 0.996442 -0.079516 11.295900 0.025174 0.078821 0.996571 0.000000 0.000000 0.000000 0.000000 1.000000
0.999731 -0.013375 -0.018941 0.000000 0.012640 0.999182 -0.038423 11.295900 0.019439 0.038173 0.999082 0.000000 0.000000 0.000000 0.000000 1.000000</float_array>
        <technique_common>
          <accessor source="#mixamorig_Spine2-Matrix-animation-output-transform-array" count="24" stride="16">
            <param type="float4x4"/>
          </accessor>
        </technique_common>
      </source>
      <source id="mixamorig_Spine2-Interpolations">
        <Name_array id="mixamorig_Spine2-Interpolations-array" count="24">
 LINEAR LINEAR LINEAR LINEAR LINEAR LINEAR LINEAR LINEAR LINEAR LINEAR LINEAR
LINEAR LINEAR LINEAR LINEAR LINEAR LINEAR LINEAR LINEAR LINEAR LINEAR LINEAR LINEAR
LINEAR</Name_array>
        <technique_common>
          <accessor source="#mixamorig_Spine2-Interpolations-array" count="24">
            <param type="name"/>
          </accessor>
        </technique_common>
      </source>
      <sampler id="mixamorig_Spine2-Matrix-animation-transform">
        <input semantic="INPUT" source="#mixamorig_Spine2-Matrix-animation-input"/>
        <input semantic="OUTPUT" source="#mixamorig_Spine2-Matrix-animation-output-transform"/>
        <input semantic="INTERPOLATION" source="#mixamorig_Spine2-Interpolations"/>
      </sampler>
      <channel source="#mixamorig_Spine2-Matrix-animation-transform" target="mixamorig_Spine2/matrix"/>
      <source id="mixamorig_Neck-Matrix-animation-input">
        <float_array id="mixamorig_Neck-Matrix-animation-input-array" count="24">

0.000000 0.033333 0.066667 0.100000 0.133333 0.166667 0.200000 0.233333 0.266667 0.300000 0.333333 0.366667 0.400000 0.433333 0.466667 0.500000
0.533333 0.566667 0.600000 0.633333 0.666667 0.700000 0.733333 0.766667</float_array>
        <technique_common>
          <accessor source="#mixamorig_Neck-Matrix-animation-input-array" count="24">
            <param name="TIME" type="float"/>
          </accessor>
        </technique_common>
      </source>
      <source id="mixamorig_Neck-Matrix-animation-output-transform">
        <float_array id="mixamorig_Neck-Matrix-animation-output-transform-array" count="384">

0.970444 0.077035 -0.228700 0.000000 -0.106889 0.986863 -0.121149 12.707800 0.216363 0.142014 0.965929 0.000000 0.000000 0.000000 0.000000 1.000000
0.974851 0.061263 -0.214271 0.000000 -0.090839 0.987208 -0.131028 12.707800 0.203503 0.147197 0.967946 -0.000000 0.000000 0.000000 0.000000 1.000000
0.977703 0.047470 -0.204558 -0.000000 -0.077890 0.986605 -0.143329 12.707800 0.195015 0.156066 0.968304 0.000000 0.000000 0.000000 0.000000 1.000000
0.980243 0.027687 -0.195851 0.000000 -0.059111 0.985911 -0.156477 12.707800 0.188759 0.164962 0.968069 -0.000000 0.000000 0.000000 0.000000 1.000000
0.983665 -0.003131 -0.179983 0.000000 -0.026816 0.986144 -0.163712 12.707800 0.178002 0.165864 0.969951 0.000000 0.000000 0.000000 0.000000 1.000000
0.987843 -0.035682 -0.151303 0.000000 0.010764 0.986666 -0.162405 12.707800 0.155080 0.158802 0.975055 0.000000 0.000000 0.000000 0.000000 1.000000
0.991910 -0.056648 -0.113599 0.000000 0.037777 0.986088 -0.161877 12.707800 0.121188 0.156276 0.980251 0.000000 0.000000 0.000000 0.000000 1.000000
0.994957 -0.065675 -0.075817 0.000000 0.051787 0.983653 -0.172466 12.707800 0.085905 0.167669 0.982093 0.000000 0.000000 0.000000 0.000000 1.000000
0.996545 -0.070301 -0.044226 0.000000 0.060555 0.979442 -0.192421 12.707800 0.056844 0.189078 0.980315 -0.000000 0.000000 0.000000 0.000000 1.000000
0.997165 -0.072139 -0.021394 -0.000000 0.065985 0.975010 -0.212135 12.707800 0.036162 0.210122 0.977006 0.000000 0.000000 0.000000 0.000000 1.000000
0.997691 -0.067385 -0.008487 0.000000 0.063755 0.972274 -0.224987 12.707800 0.023412 0.223926 0.974325 0.000000 0.000000 0.000000 0.000000 1.000000
0.998396 -0.056392 -0.005019 0.000000 0.053716 0.971548 -0.230669 12.707800 0.017884 0.230030 0.973019 0.000000 0.000000 0.000000 0.000000 1.000000
0.998928 -0.045548 -0.008204 0.000000 0.042401 0.971742 -0.232207 12.707800 0.018549 0.231610 0.972632 0.000000 0.000000 0.000000 0.000000 1.000000
0.999112 -0.039543 -0.014544 -0.000000 0.035102 0.972138 -0.231766 12.707800 0.023304 0.231049 0.972663 -0.000000 0.000000 0.000000 0.000000 1.000000
0.999098 -0.036593 -0.021541 0.000000 0.030694 0.972913 -0.229123 12.707800 0.029341 0.228255 0.973159 0.000000 0.000000 0.000000 0.000000 1.000000
0.999081 -0.032939 -0.027429 0.000000 0.025968 0.974226 -0.224075 12.707800 0.034103 0.223156 0.974186 0.000000 0.000000 0.000000 0.000000 1.000000
0.999130 -0.027987 -0.030923 0.000000 0.020578 0.975694 -0.218170 12.707800 0.036278 0.217343 0.975421 0.000000 0.000000 0.000000 0.000000 1.000000
0.999177 -0.022544 -0.033708 0.000000 0.014877 0.977054 -0.212473 12.707800 0.037725 0.211797 0.976585 0.000000 0.000000 0.000000 0.000000 1.000000
0.998984 -0.014915 -0.042522 0.000000 0.005871 0.978671 -0.205350 12.707800 0.044678 0.204892 0.977764 -0.000000 0.000000 0.000000 0.000000 1.000000
0.997890 -0.002005 -0.064895 0.000000 -0.010650 0.980929 -0.194075 12.707800 0.064046 0.194356 0.978838 0.000000 0.000000 0.000000 0.000000 1.000000
0.994675 0.016614 -0.101710 -0.000000 -0.034610 0.983455 -0.177818 12.707800 0.097073 0.180391 0.978793 0.000000 0.000000 0.000000 0.000000 1.000000
0.988513 0.038059 -0.146263 0.000000 -0.061379 0.985465 -0.158400 12.707800 0.138109 0.165558 0.976482 -0.000000 0.000000 0.000000 0.000000 1.000000
0.979964 0.058882 -0.190270 -0.000000 -0.086221 0.986565 -0.138765 12.707800 0.179542 0.152390 0.971875 -0.000000 0.000000 0.000000 0.000000 1.000000
0.970444 0.077035 -0.228700 0.000000 -0.106889 0.986863 -0.121149 12.707800 0.216363 0.142014 0.965929 0.000000 0.000000 0.000000 0.000000 1.000000</float_array>
        <technique_common>
          <accessor source="#mixamorig_Neck-Matrix-animation-output-transform-array" count="24" stride="16">
            <param type="float4x4"/>
          </accessor>
        </technique_common>
      </source>
      <source id="mixamorig_Neck-Interpolations">
        <Name_array id="mixamorig_Neck-Interpolations-array" count="24">
 LINEAR LINEAR LINEAR LINEAR LINEAR LINEAR LINEAR LINEAR LINEAR LINEAR LINEAR
LINEAR LINEAR LINEAR LINEAR LINEAR LINEAR LINEAR LINEAR LINEAR LINEAR LINEAR LINEAR
LINEAR</Name_array>
        <technique_common>
          <accessor source="#mixamorig_Neck-Interpolations-array" count="24">
            <param type="name"/>
          </accessor>
        </technique_common>
      </source>
      <sampler id="mixamorig_Neck-Matrix-animation-transform">
        <input semantic="INPUT" source="#mixamorig_Neck-Matrix-animation-input"/>
        <input semantic="OUTPUT" source="#mixamorig_Neck-Matrix-animation-output-transform"/>
        <input semantic="INTERPOLATION" source="#mixamorig_Neck-Interpolations"/>
      </sampler>
      <channel source="#mixamorig_Neck-Matrix-animation-transform" target="mixamorig_Neck/matrix"/>
      <source id="mixamorig_Head-Matrix-animation-input">
        <float_array id="mixamorig_Head-Matrix-animation-input-array" count="24">

0.000000 0.033333 0.066667 0.100000 0.133333 0.166667 0.200000 0.233333 0.266667 0.300000 0.333333 0.366667 0.400000 0.433333 0.466667 0.500000
0.533333 0.566667 0.600000 0.633333 0.666667 0.700000 0.733333 0.766667</float_array>
        <technique_common>
          <accessor source="#mixamorig_Head-Matrix-animation-input-array" count="24">
            <param name="TIME" type="float"/>
          </accessor>
        </technique_common>
      </source>
      <source id="mixamorig_Head-Matrix-animation-output-transform">
        <float_array id="mixamorig_Head-Matrix-animation-output-transform-array" count="384">

0.936427 -0.067621 -0.344285 0.000000 0.017903 0.989183 -0.145591 6.103100 0.350406 0.130172 0.927508 1.780100 0.000000 0.000000 0.000000 1.000000
0.939421 0.012652 -0.342531 0.000000 -0.063904 0.988262 -0.138759 6.103100 0.336754 0.152243 0.929203 1.780100 0.000000 0.000000 0.000000 1.000000
0.921667 0.130380 -0.365418 -0.000000 -0.186334 0.974863 -0.122150 6.103100 0.340307 0.180672 0.922794 1.780100 0.000000 0.000000 0.000000 1.000000
0.876021 0.212783 -0.432793 0.000000 -0.265455 0.961973 -0.064356 6.103100 0.402641 0.171264 0.899193 1.780100 0.000000 0.000000 0.000000 1.000000
0.831622 0.194043 -0.520339 -0.000000 -0.224652 0.974429 0.004336 6.103100 0.507875 0.113289 0.853949 1.780100 0.000000 0.000000 0.000000 1.000000
0.809190 0.085533 -0.581288 -0.000000 -0.085504 0.995958 0.027523 6.103100 0.581292 0.027431 0.813232 1.780100 0.000000 0.000000 0.000000 1.000000
0.800136 -0.036329 -0.598718 0.000000 0.055667 0.998354 0.013815 6.103100 0.597231 -0.044383 0.800841 1.780100 0.000000 0.000000 0.000000 1.000000
0.802008 -0.107838 -0.587498 0.000000 0.139686 0.990156 0.008941 6.103100 0.580750 -0.089236 0.809176 1.780100 0.000000 0.000000 0.000000 1.000000
0.817592 -0.123847 -0.562322 -0.000000 0.168766 0.985247 0.028386 6.103100 0.550510 -0.118109 0.826431 1.780100 0.000000 0.000000 0.000000 1.000000
0.839706 -0.114644 -0.530802 0.000000 0.168679 0.984176 0.054278 6.103100 0.516180 -0.135112 0.845756 1.780100 0.000000 0.000000 0.000000 1.000000
0.857899 -0.104228 -0.503135 0.000000 0.160226 0.984650 0.069225 6.103100 0.488197 -0.140003 0.861431 1.780100 0.000000 0.000000 0.000000 1.000000
0.865935 -0.096107 -0.490837 0.000000 0.150515 0.985947 0.072488 6.103100 0.476972 -0.136649 0.868231 1.780100 0.000000 0.000000 0.000000 1.000000
0.863312 -0.086731 -0.497162 0.000000 0.140332 0.987526 0.071408 6.103100 0.484767 -0.131415 0.864714 1.780100 0.000000 0.000000 0.000000 1.000000
0.853461 -0.077979 -0.515290 0.000000 0.133093 0.988569 0.070838 6.103100 0.503875 -0.129039 0.854083 1.780100 0.000000 0.000000 0.000000 1.000000
0.840335 -0.073958 -0.536998 -0.000000 0.133300 0.988423 0.072467 6.103100 0.525422 -0.132478 0.840465 1.780100 0.000000 0.000000 0.000000 1.000000
0.825862 -0.074660 -0.558908 0.000000 0.141233 0.986989 0.076847 6.103100 0.545898 -0.142401 0.825661 1.780100 0.000000 0.000000 0.000000 1.000000
0.810513 -0.076601 -0.580690 0.000000 0.152643 0.984777 0.083151 6.103100 0.565481 -0.156033 0.809867 1.780100 0.000000 0.000000 0.000000 1.000000
0.796751 -0.076933 -0.599391 0.000000 0.161147 0.982996 0.088038 6.103100 0.582426 -0.166735 0.795600 1.780100 0.000000 0.000000 0.000000 1.000000
0.791908 -0.075579 -0.605945 0.000000 0.158913 0.983627 0.084996 6.103100 0.589600 -0.163601 0.790953 1.780100 0.000000 0.000000 0.000000 1.000000
0.804255 -0.073827 -0.589681 0.000000 0.139643 0.987948 0.066767 6.103100 0.577645 -0.136042 0.804872 1.780100 0.000000 0.000000 0.000000 1.000000
0.833848 -0.072043 -0.547272 -0.000000 0.105606 0.993954 0.030061 6.103100 0.541798 -0.082862 0.836414 1.780100 0.000000 0.000000 0.000000 1.000000
0.871486 -0.070044 -0.485393 -0.000000 0.067810 0.997452 -0.022189 6.103100 0.485710 -0.013577 0.874014 1.780100 0.000000 0.000000 0.000000 1.000000
0.907325 -0.068353 -0.414837 0.000000 0.037033 0.995854 -0.083089 6.103100 0.418796 0.060026 0.906094 1.780100 0.000000 0.000000 0.000000 1.000000
0.936427 -0.067621 -0.344285 -0.000000 0.017902 0.989183 -0.145591 6.103100 0.350405 0.130172 0.927508 1.780100 0.000000 0.000000 0.000000 1.000000</float_array>
        <technique_common>
          <accessor source="#mixamorig_Head-Matrix-animation-output-transform-array" count="24" stride="16">
            <param type="float4x4"/>
          </accessor>
        </technique_common>
      </source>
      <source id="mixamorig_Head-Interpolations">
        <Name_array id="mixamorig_Head-Interpolations-array" count="24">
 LINEAR LINEAR LINEAR LINEAR LINEAR LINEAR LINEAR LINEAR LINEAR LINEAR LINEAR
LINEAR LINEAR LINEAR LINEAR LINEAR LINEAR LINEAR LINEAR LINEAR LINEAR LINEAR LINEAR
LINEAR</Name_array>
        <technique_common>
          <accessor source="#mixamorig_Head-Interpolations-array" count="24">
            <param type="name"/>
          </accessor>
        </technique_common>
      </source>
      <sampler id="mixamorig_Head-Matrix-animation-transform">
        <input semantic="INPUT" source="#mixamorig_Head-Matrix-animation-input"/>
        <input semantic="OUTPUT" source="#mixamorig_Head-Matrix-animation-output-transform"/>
        <input semantic="INTERPOLATION" source="#mixamorig_Head-Interpolations"/>
      </sampler>
      <channel source="#mixamorig_Head-Matrix-animation-transform" target="mixamorig_Head/matrix"/>
      <source id="mixamorig_LeftShoulder-Matrix-animation-input">
        <float_array id="mixamorig_LeftShoulder-Matrix-animation-input-array" count="24">

0.000000 0.033333 0.066667 0.100000 0.133333 0.166667 0.200000 0.233333 0.266667 0.300000 0.333333 0.366667 0.400000 0.433333 0.466667 0.500000
0.533333 0.566667 0.600000 0.633333 0.666667 0.700000 0.733333 0.766667</float_array>
        <technique_common>
          <accessor source="#mixamorig_LeftShoulder-Matrix-animation-input-array" count="24">
            <param name="TIME" type="float"/>
          </accessor>
        </technique_common>
      </source>
      <source id="mixamorig_LeftShoulder-Matrix-animation-output-transform">
        <float_array id="mixamorig_LeftShoulder-Matrix-animation-output-transform-array" count="384">

0.199277 0.963556 -0.178463 4.865300 0.040165 -0.189994 -0.980963 10.730200 -0.979120 0.188316 -0.076563 -0.266900 0.000000 0.000000 0.000000 1.000000
