<?xml version="1.0" encoding="utf-8"?>
<COLLADA xmlns="http://www.collada.org/2005/11/COLLADASchema" version="1.4.1">
  <asset>
    <contributor>
      <author>Mixamo</author>
      <authoring_tool>COLLADA Mixamo exporter</authoring_tool>
      <comments/>
    </contributor>
    <created>2024-05-10T11:30:10Z</created>
    <modified>2024-05-10T11:30:10Z</modified>
    <revision/>
    <title/>
    <unit meter="0.010000"/>
    <up_axis>Y_UP</up_axis>
  </asset>
  <library_animations>
    <animation>
      <source id="Armature-Matrix-animation-input">
        <float_array id="Armature-Matrix-animation-input-array" count="25">

0.000000 0.033333 0.066667 0.100000 0.133333 0.166667 0.200000 0.233333 0.266667 0.300000 0.333333 0.366667 0.400000 0.433333 0.466667 0.500000
0.533333 0.566667 0.600000 0.633333 0.666667 0.700000 0.733333 0.766667 0.800000</float_array>
        <technique_common>
          <accessor source="#Armature-Matrix-animation-input-array" count="25">
            <param name="TIME" type="float"/>
          </accessor>
        </technique_common>
      </source>
      <source id="Armature-Matrix-animation-output-transform">
        <float_array id="Armature-Matrix-animation-output-transform-array" count="400">

1.000000 0.000000 0.000000 0.000000 0.000000 0.000000 1.000000 0.000000 0.000000 -1.000000 0.000000 0.000000 0.000000 0.000000 0.000000 1.000000
1.000000 0.000000 0.000000 0.000000 0.000000 0.000000 1.000000 0.000000 0.000000 -1.000000 0.000000 0.000000 0.000000 0.000000 0.000000 1.000000
1.000000 0.000000 0.000000 0.000000 0.000000 0.000000 1.000000 0.000000 0.000000 -1.000000 0.000000 0.000000 0.000000 0.000000 0.000000 1.000000
1.000000 0.000000 0.000000 0.000000 0.000000 0.000000 1.000000 0.000000 0.000000 -1.000000 0.000000 0.000000 0.000000 0.000000 0.000000 1.000000
1.000000 0.000000 0.000000 0.000000 0.000000 0.000000 1.000000 0.000000 0.000000 -1.000000 0.000000 0.000000 0.000000 0.000000 0.000000 1.000000
1.000000 0.000000 0.000000 0.000000 0.000000 0.000000 1.000000 0.000000 0.000000 -1.000000 0.000000 0.000000 0.000000 0.000000 0.000000 1.000000
1.000000 0.000000 0.000000 0.000000 0.000000 0.000000 1.000000 0.000000 0.000000 -1.000000 0.000000 0.000000 0.000000 0.000000 0.000000 1.000000
1.000000 0.000000 0.000000 0.000000 0.000000 0.000000 1.000000 0.000000 0.000000 -1.000000 0.000000 0.000000 0.000000 0.000000 0.000000 1.000000
1.000000 0.000000 0.000000 0.000000 0.000000 0.000000 1.000000 0.000000 0.000000 -1.000000 0.000000 0.000000 0.000000 0.000000 0.000000 1.000000
1.000000 0.000000 0.000000 0.000000 0.000000 0.000000 1.000000 0.000000 0.000000 -1.000000 0.000000 0.000000 0.000000 0.000000 0.000000 1.000000
1.000000 0.000000 0.000000 0.000000 0.000000 0.000000 1.000000 0.000000 0.000000 -1.000000 0.000000 0.000000 0.000000 0.000000 0.000000 1.000000
1.000000 0.000000 0.000000 0.000000 0.000000 0.000000 1.000000 0.000000 0.000000 -1.000000 0.000000 0.000000 0.000000 0.000000 0.000000 1.000000
1.000000 0.000000 0.000000 0.000000 0.000000 0.000000 1.000000 0.000000 0.000000 -1.000000 0.000000 0.000000 0.000000 0.000000 0.000000 1.000000
1.000000 0.000000 0.000000 0.000000 0.000000 0.000000 1.000000 0.000000 0.000000 -1.000000 0.000000 0.000000 0.000000 0.000000 0.000000 1.000000
1.000000 0.000000 0.000000 0.000000 0.000000 0.000000 1.000000 0.000000 0.000000 -1.000000 0.000000 0.000000 0.000000 0.000000 0.000000 1.000000
1.000000 0.000000 0.000000 0.000000 0.000000 0.000000 1.000000 0.000000 0.000000 -1.000000 0.000000 0.000000 0.000000 0.000000 0.000000 1.000000
1.000000 0.000000 0.000000 0.000000 0.000000 0.000000 1.000000 0.000000 0.000000 -1.000000 0.000000 0.000000 0.000000 0.000000 0.000000 1.000000
1.000000 0.000000 0.000000 0.000000 0.000000 0.000000 1.000000 0.000000 0.000000 -1.000000 0.000000 0.000000 0.000000 0.000000 0.000000 1.000000
1.000000 0.000000 0.000000 0.000000 0.000000 0.000000 1.000000 0.000000 0.000000 -1.000000 0.000000 0.000000 0.000000 0.000000 0.000000 1.000000
1.000000 0.000000 0.000000 0.000000 0.000000 0.000000 1.000000 0.000000 0.000000 -1.000000 0.000000 0.000000 0.000000 0.000000 0.000000 1.000000
1.000000 0.000000 0.000000 0.000000 0.000000 0.000000 1.000000 0.000000 0.000000 -1.000000 0.000000 0.000000 0.000000 0.000000 0.000000 1.000000
1.000000 0.000000 0.000000 0.000000 0.000000 0.000000 1.000000 0.000000 0.000000 -1.000000 0.000000 0.000000 0.000000 0.000000 0.000000 1.000000
1.000000 0.000000 0.000000 0.000000 0.000000 0.000000 1.000000 0.000000 0.000000 -1.000000 0.000000 0.000000 0.000000 0.000000 0.000000 1.000000
1.000000 0.000000 0.000000 0.000000 0.000000 0.000000 1.000000 0.000000 0.000000 -1.000000 0.000000 0.000000 0.000000 0.000000 0.000000 1.000000
1.000000 0.000000 0.000000 0.000000 0.000000 0.000000 1.000000 0.000000 0.000000 -1.000000 0.000000 0.000000 0.000000 0.000000 0.000000 1.000000</float_array>
        <technique_common>
          <accessor source="#Armature-Matrix-animation-output-transform-array" count="25" stride="16">
            <param type="float4x4"/>
          </accessor>
        </technique_common>
      </source>
      <source id="Armature-Interpolations">
        <Name_array id="Armature-Interpolations-array" count="25">
 LINEAR LINEAR LINEAR LINEAR LINEAR LINEAR LINEAR LINEAR LINEAR LINEAR LINEAR
LINEAR LINEAR LINEAR LINEAR LINEAR LINEAR LINEAR LINEAR LINEAR LINEAR LINEAR LINEAR
LINEAR LINEAR</Name_array>
        <technique_common>
          <accessor source="#Armature-Interpolations-array" count="25">
            <param type="name"/>
          </accessor>
        </technique_common>
      </source>
      <sampler id="Armature-Matrix-animation-transform">
        <input semantic="INPUT" source="#Armature-Matrix-animation-input"/>
        <input semantic="OUTPUT" source="#Armature-Matrix-animation-output-transform"/>
        <input semantic="INTERPOLATION" source="#Armature-Interpolations"/>
      </sampler>
      <channel source="#Armature-Matrix-animation-transform" target="Armature/matrix"/>
      <source id="mixamorig_Hips-Matrix-animation-input">
        <float_array id="mixamorig_Hips-Matrix-animation-input-array" count="25">

0.000000 0.033333 0.066667 0.100000 0.133333 0.166667 0.200000 0.233333 0.266667 0.300000 0.333333 0.366667 0.400000 0.433333 0.466667 0.500000
0.533333 0.566667 0.600000 0.633333 0.666667 0.700000 0.733333 0.766667 0.800000</float_array>
        <technique_common>
          <accessor source="#mixamorig_Hips-Matrix-animation-input-array" count="25">
            <param name="TIME" type="float"/>
          </accessor>
        </technique_common>
      </source>
      <source id="mixamorig_Hips-Matrix-animation-output-transform">
        <float_array id="mixamorig_Hips-Matrix-animation-output-transform-array" count="400">

0.691860 0.000122 -0.722031 -0.260088 -0.718845 0.093965 -0.688791 -0.098888 0.067762 0.995576 0.065098 84.184372 0.000000 0.000000 0.000000 1.000000
0.679725 0.005224 -0.733448 -0.361615 -0.729182 0.112738 -0.674969 -0.260576 0.079162 0.993611 0.080440 84.894226 0.000000 0.000000 0.000000 1.000000
0.670918 0.008318 -0.741485 -0.602549 -0.734572 0.144128 -0.663046 -0.776309 0.101353 0.989524 0.102808 85.745415 0.000000 0.000000 0.000000 1.000000
0.668250 0.007970 -0.743894 -0.959906 -0.732834 0.179167 -0.656395 -1.226076 0.128050 0.983786 0.125569 86.530312 0.000000 0.000000 0.000000 1.000000
0.670881 0.004006 -0.741554 -1.271053 -0.726069 0.206905 -0.655754 -1.330669 0.150805 0.978353 0.141717 87.100929 0.000000 0.000000 0.000000 1.000000
0.675286 -0.001442 -0.737555 -1.441513 -0.719027 0.221452 -0.658755 -1.190484 0.164283 0.975170 0.148507 87.523727 0.000000 0.000000 0.000000 1.000000
0.678076 -0.005781 -0.734969 -1.450393 -0.715204 0.225281 -0.661613 -0.857206 0.169399 0.974277 0.148623 87.814392 0.000000 0.000000 0.000000 1.000000
0.678020 -0.008055 -0.735000 -1.315853 -0.715171 0.223711 -0.662181 -0.470524 0.169762 0.974622 0.145920 87.904732 0.000000 0.000000 0.000000 1.000000
0.675253 -0.008784 -0.737534 -1.128171 -0.718056 0.220753 -0.660049 -0.147417 0.168610 0.975290 0.142757 87.868713 0.000000 0.000000 0.000000 1.000000
0.671802 -0.009069 -0.740675 -0.951475 -0.721738 0.216964 -0.657283 0.118052 0.166661 0.976138 0.139211 87.818970 0.000000 0.000000 0.000000 1.000000
0.670602 -0.009693 -0.741754 -0.808641 -0.723799 0.210499 -0.657119 0.324293 0.162508 0.977546 0.134145 87.733856 0.000000 0.000000 0.000000 1.000000
0.671327 -0.010028 -0.741094 -0.672826 -0.724575 0.201474 -0.659090 0.473691 0.155921 0.979443 0.127989 87.612221 0.000000 0.000000 0.000000 1.000000
0.671956 -0.009009 -0.740536 -0.532174 -0.725740 0.191234 -0.660857 0.571271 0.147569 0.981503 0.121963 87.463058 0.000000 0.000000 0.000000 1.000000
0.671633 -0.006562 -0.740855 -0.409381 -0.727880 0.180684 -0.661471 0.618366 0.138201 0.983519 0.116577 87.281212 0.000000 0.000000 0.000000 1.000000
0.671026 -0.003575 -0.741425 -0.319587 -0.730217 0.170099 -0.661702 0.606878 0.128481 0.985420 0.111531 87.054733 0.000000 0.000000 0.000000 1.000000
0.670714 -0.000707 -0.741716 -0.251005 -0.732113 0.159765 -0.662183 0.540967 0.118969 0.987155 0.106639 86.791092 0.000000 0.000000 0.000000 1.000000
0.670480 0.002012 -0.741925 -0.191627 -0.733742 0.149931 -0.662679 0.438171 0.109904 0.988694 0.102002 86.514542 0.000000 0.000000 0.000000 1.000000
0.670014 0.004452 -0.742335 -0.142399 -0.735399 0.140481 -0.662912 0.313922 0.101333 0.990073 0.097398 86.236809 0.000000 0.000000 0.000000 1.000000
0.669495 0.005968 -0.742792 -0.110353 -0.736909 0.131202 -0.663138 0.181465 0.093498 0.991338 0.092237 85.955605 0.000000 0.000000 0.000000 1.000000
0.669511 0.006046 -0.742777 -0.098985 -0.737720 0.122177 -0.663959 0.054374 0.086736 0.992490 0.086260 85.671722 0.000000 0.000000 0.000000 1.000000
0.670810 0.004966 -0.741613 -0.105468 -0.737180 0.113842 -0.666037 -0.051231 0.081119 0.993486 0.080027 85.386620 0.000000 0.000000 0.000000 1.000000
0.673983 0.003548 -0.738738 -0.124407 -0.734778 0.106733 -0.669858 -0.121537 0.076471 0.994281 0.074543 85.096764 0.000000 0.000000 0.000000 1.000000
0.679045 0.002313 -0.734093 -0.154258 -0.730486 0.101189 -0.675389 -0.147842 0.072720 0.994865 0.070401 84.794014 0.000000 0.000000 0.000000 1.000000
0.685307 0.001229 -0.728254 -0.197547 -0.724896 0.097083 -0.681983 -0.133830 0.069863 0.995275 0.067423 84.481857 0.000000 0.000000 0.000000 1.000000
0.691860 0.000122 -0.722031 -0.260087 -0.718845 0.093965 -0.688791 -0.098890 0.067761 0.995576 0.065098 84.184372 0.000000 0.000000 0.000000 1.000000</float_array>
        <technique_common>
          <accessor source="#mixamorig_Hips-Matrix-animation-output-transform-array" count="25" stride="16">
            <param type="float4x4"/>
          </accessor>
        </technique_common>
      </source>
      <source id="mixamorig_Hips-Interpolations">
        <Name_array id="mixamorig_Hips-Interpolations-array" count="25">
 LINEAR LINEAR LINEAR LINEAR LINEAR LINEAR LINEAR LINEAR LINEAR LINEAR LINEAR
LINEAR LINEAR LINEAR LINEAR LINEAR LINEAR LINEAR LINEAR LINEAR LINEAR LINEAR LINEAR
LINEAR LINEAR</Name_array>
        <technique_common>
          <accessor source="#mixamorig_Hips-Interpolations-array" count="25">
            <param type="name"/>
          </accessor>
        </technique_common>
      </source>
      <sampler id="mixamorig_Hips-Matrix-animation-transform">
        <input semantic="INPUT" source="#mixamorig_Hips-Matrix-animation-input"/>
        <input semantic="OUTPUT" source="#mixamorig_Hips-Matrix-animation-output-transform"/>
        <input semantic="INTERPOLATION" source="#mixamorig_Hips-Interpolations"/>
      </sampler>
      <channel source="#mixamorig_Hips-Matrix-animation-transform" target="mixamorig_Hips/matrix"/>
      <source id="mixamorig_Spine-Matrix-animation-input">
        <float_array id="mixamorig_Spine-Matrix-animation-input-array" count="25">

0.000000 0.033333 0.066667 0.100000 0.133333 0.166667 0.200000 0.233333 0.266667 0.300000 0.333333 0.366667 0.400000 0.433333 0.466667 0.500000
0.533333 0.566667 0.600000 0.633333 0.666667 0.700000 0.733333 0.766667 0.800000</float_array>
        <technique_common>
          <accessor source="#mixamorig_Spine-Matrix-animation-input-array" count="25">
            <param name="TIME" type="float"/>
          </accessor>
        </technique_common>
      </source>
      <source id="mixamorig_Spine-Matrix-animation-output-transform">
        <float_array id="mixamorig_Spine-Matrix-animation-output-transform-array" count="400">

0.991722 0.016407 0.127349 0.000000 -0.011279 0.999100 -0.040881 8.407700 -0.127905 0.039107 0.991015 -1.041900 0.000000 0.000000 0.000000 1.000000
0.992348 0.010514 0.123023 0.000000 -0.007864 0.999727 -0.022005 8.407700 -0.123221 0.020869 0.992160 -1.041900 0.000000 0.000000 0.000000 1.000000
0.993010 -0.000122 0.118026 0.000000 -0.000505 0.999986 0.005279 8.407700 -0.118025 -0.005302 0.992996 -1.041900 0.000000 0.000000 0.000000 1.000000
0.994623 -0.011383 0.102938 0.000000 0.008144 0.999460 0.031832 8.407700 -0.103244 -0.030822 0.994178 -1.041900 0.000000 0.000000 0.000000 1.000000
0.997170 -0.019722 0.072545 -0.000000 0.016104 0.998613 0.050127 8.407700 -0.073433 -0.048817 0.996105 -1.041900 0.000000 0.000000 0.000000 1.000000
0.999092 -0.025052 0.034472 0.000000 0.023040 0.998076 0.057571 8.407700 -0.035848 -0.056725 0.997746 -1.041900 0.000000 0.000000 0.000000 1.000000
0.999568 -0.029099 0.004238 0.000000 0.028825 0.998101 0.054440 8.407700 -0.005814 -0.054295 0.998508 -1.041900 0.000000 0.000000 0.000000 1.000000
0.999420 -0.032877 -0.008848 -0.000000 0.033222 0.998558 0.042167 8.407700 0.007449 -0.042437 0.999071 -1.041900 0.000000 0.000000 0.000000 1.000000
0.999320 -0.035520 -0.009914 0.000000 0.035764 0.999032 0.025629 8.407700 0.008994 -0.025966 0.999622 -1.041900 0.000000 0.000000 0.000000 1.000000
0.999316 -0.035950 -0.008610 0.000000 0.036043 0.999291 0.010862 8.407700 0.008213 -0.011165 0.999904 -1.041900 0.000000 0.000000 0.000000 1.000000
0.999371 -0.034568 -0.007862 -0.000000 0.034571 0.999402 0.000290 8.407700 0.007847 -0.000561 0.999969 -1.041900 0.000000 0.000000 0.000000 1.000000
0.999458 -0.032189 -0.006846 0.000000 0.032141 0.999458 -0.007134 8.407700 0.007072 0.006910 0.999951 -1.041900 0.000000 0.000000 0.000000 1.000000
0.999554 -0.029613 -0.003782 0.000000 0.029558 0.999469 -0.013713 8.407700 0.004186 0.013595 0.999899 -1.041900 0.000000 0.000000 0.000000 1.000000
0.999635 -0.026959 0.001870 -0.000000 0.026992 0.999431 -0.020205 8.407700 -0.001325 0.020248 0.999794 -1.041900 0.000000 0.000000 0.000000 1.000000
0.999680 -0.023528 0.009323 0.000000 0.023761 0.999386 -0.025738 8.407700 -0.008711 0.025952 0.999625 -1.041900 0.000000 0.000000 0.000000 1.000000
0.999669 -0.018605 0.017774 0.000000 0.019129 0.999373 -0.029792 8.407700 -0.017208 0.030122 0.999398 -1.041900 0.000000 0.000000 0.000000 1.000000
0.999548 -0.012360 0.027389 0.000000 0.013261 0.999369 -0.032950 8.407700 -0.026964 0.033298 0.999082 -1.041900 0.000000 0.000000 0.000000 1.000000
0.999222 -0.005766 0.039025 0.000000 0.007158 0.999339 -0.035637 8.407700 -0.038793 0.035888 0.998603 -1.041900 0.000000 0.000000 0.000000 1.000000
0.998580 0.000179 0.053281 0.000000 0.001811 0.999302 -0.037309 8.407700 -0.053251 0.037353 0.997882 -1.041900 0.000000 0.000000 0.000000 1.000000
0.997547 0.005006 0.069827 0.000000 -0.002397 0.999297 -0.037410 8.407700 -0.069966 0.037151 0.996857 -1.041900 0.000000 0.000000 0.000000 1.000000
0.996143 0.008852 0.087293 0.000000 -0.005681 0.999317 -0.036505 8.407700 -0.087557 0.035869 0.995514 -1.041900 0.000000 0.000000 0.000000 1.000000
0.994553 0.012001 0.103541 -0.000000 -0.008318 0.999320 -0.035933 8.407700 -0.103902 0.034876 0.993976 -1.041900 0.000000 0.000000 0.000000 1.000000
0.993111 0.014448 0.116287 0.000000 -0.010253 0.999278 -0.036592 8.407700 -0.116732 0.035148 0.992541 -1.041900 0.000000 0.000000 0.000000 1.000000
0.992128 0.015966 0.124206 0.000000 -0.011269 0.999198 -0.038424 8.407700 -0.124719 0.036722 0.991512 -1.041900 0.000000 0.000000 0.000000 1.000000
0.991722 0.016407 0.127348 0.000000 -0.011279 0.999100 -0.040881 8.407700 -0.127905 0.039107 0.991015 -1.041900 0.000000 0.000000 0.000000 1.000000</float_array>
        <technique_common>
          <accessor source="#mixamorig_Spine-Matrix-animation-output-transform-array" count="25" stride="16">
            <param type="float4x4"/>
          </accessor>
        </technique_common>
      </source>
      <source id="mixamorig_Spine-Interpolations">
        <Name_array id="mixamorig_Spine-Interpolations-array" count="25">
 LINEAR LINEAR LINEAR LINEAR LINEAR LINEAR LINEAR LINEAR LINEAR LINEAR LINEAR
LINEAR LINEAR LINEAR LINEAR LINEAR LINEAR LINEAR LINEAR LINEAR LINEAR LINEAR LINEAR
LINEAR LINEAR</Name_array>
        <technique_common>
          <accessor source="#mixamorig_Spine-Interpolations-array" count="25">
            <param type="name"/>
          </accessor>
        </technique_common>
      </source>
      <sampler id="mixamorig_Spine-Matrix-animation-transform">
        <input semantic="INPUT" source="#mixamorig_Spine-Matrix-animation-input"/>
        <input semantic="OUTPUT" source="#mixamorig_Spine-Matrix-animation-output-transform"/>
        <input semantic="INTERPOLATION" source="#mixamorig_Spine-Interpolations"/>
      </sampler>
      <channel source="#mixamorig_Spine-Matrix-animation-transform" target="mixamorig_Spine/matrix"/>
      <source id="mixamorig_Spine1-Matrix-animation-input">
        <float_array id="mixamorig_Spine1-Matrix-animation-input-array" count="25">

0.000000 0.033333 0.066667 0.100000 0.133333 0.166667 0.200000 0.233333 0.266667 0.300000 0.333333 0.366667 0.400000 0.433333 0.466667 0.500000
0.533333 0.566667 0.600000 0.633333 0.666667 0.700000 0.733333 0.766667 0.800000</float_array>
        <technique_common>
          <accessor source="#mixamorig_Spine1-Matrix-animation-input-array" count="25">
            <param name="TIME" type="float"/>
          </accessor>
        </technique_common>
      </source>
      <source id="mixamorig_Spine1-Matrix-animation-output-transform">
        <float_array id="mixamorig_Spine1-Matrix-animation-output-transform-array" count="400">

0.999723 0.013732 0.019110 0.000000 -0.012995 0.999187 -0.038158 9.883800 -0.019618 0.037899 0.999089 0.000000 0.000000 0.000000 0.000000 1.000000
0.999404 0.020161 0.028036 0.000000 -0.018338 0.997793 -0.063823 9.883800 -0.029261 0.063271 0.997567 0.000000 0.000000 0.000000 0.000000 1.000000
0.998884 0.026892 0.038839 0.000000 -0.023277 0.995607 -0.090692 9.883800 -0.041107 0.089687 0.995121 -0.000000 0.000000 0.000000 0.000000 1.000000
0.998350 0.034535 0.045879 -0.000000 -0.028859 0.992464 -0.119092 9.883800 -0.049646 0.117572 0.991823 0.000000 0.000000 0.000000 0.000000 1.000000
0.998081 0.042356 0.045173 -0.000000 -0.035211 0.988260 -0.148668 9.883800 -0.050939 0.146792 0.987855 0.000000 0.000000 0.000000 0.000000 1.000000
0.998066 0.048548 0.038827 0.000000 -0.040950 0.983371 -0.176930 9.883800 -0.046771 0.174998 0.983457 0.000000 0.000000 0.000000 0.000000 1.000000
0.998119 0.051859 0.032683 -0.000000 -0.044298 0.978754 -0.200195 9.883800 -0.042370 0.198371 0.979211 0.000000 0.000000 0.000000 0.000000 1.000000
0.998225 0.051675 0.029602 0.000000 -0.044163 0.975796 -0.214176 9.883800 -0.039953 0.212489 0.976346 0.000000 0.000000 0.000000 0.000000 1.000000
0.998361 0.049611 0.028547 0.000000 -0.042112 0.974437 -0.220680 9.883800 -0.038766 0.219116 0.974928 -0.000000 0.000000 0.000000 0.000000 1.000000
0.998478 0.047822 0.027470 -0.000000 -0.040490 0.973839 -0.223602 9.883800 -0.037445 0.222149 0.974293 0.000000 0.000000 0.000000 0.000000 1.000000
0.998612 0.046262 0.025179 0.000000 -0.039533 0.974226 -0.222084 9.883800 -0.034805 0.220780 0.974702 0.000000 0.000000 0.000000 0.000000 1.000000
0.998753 0.044712 0.022221 0.000000 -0.038842 0.975421 -0.216900 9.883800 -0.031373 0.215766 0.975941 0.000000 0.000000 0.000000 0.000000 1.000000
0.998889 0.042860 0.019569 0.000000 -0.037823 0.977100 -0.209390 9.883800 -0.028095 0.208418 0.977636 0.000000 0.000000 0.000000 0.000000 1.000000
0.999017 0.040692 0.017584 0.000000 -0.036357 0.979085 -0.200179 9.883800 -0.025362 0.199343 0.979602 0.000000 0.000000 0.000000 0.000000 1.000000
0.999128 0.038575 0.015984 0.000000 -0.034863 0.981338 -0.189106 9.883800 -0.022980 0.188384 0.981827 0.000000 0.000000 0.000000 0.000000 1.000000
0.999215 0.036864 0.014495 -0.000000 -0.033740 0.983785 -0.176149 9.883800 -0.020754 0.175522 0.984257 0.000000 0.000000 0.000000 0.000000 1.000000
0.999280 0.035524 0.013333 0.000000 -0.032903 0.986271 -0.161826 9.883800 -0.018899 0.161270 0.986729 0.000000 0.000000 0.000000 0.000000 1.000000
0.999331 0.034170 0.013049 -0.000000 -0.031891 0.988680 -0.146611 9.883800 -0.017911 0.146097 0.989108 0.000000 0.000000 0.000000 0.000000 1.000000
0.999377 0.032376 0.014050 -0.000000 -0.030269 0.990983 -0.130521 9.883800 -0.018149 0.130014 0.991346 0.000000 0.000000 0.000000 0.000000 1.000000
0.999419 0.029950 0.016261 0.000000 -0.027914 0.993140 -0.113552 9.883800 -0.019550 0.113032 0.993399 0.000000 0.000000 0.000000 0.000000 1.000000
0.999453 0.027008 0.019087 -0.000000 -0.025050 0.995041 -0.096256 9.883800 -0.021592 0.095725 0.995174 0.000000 0.000000 0.000000 0.000000 1.000000
0.999484 0.023798 0.021568 0.000000 -0.022012 0.996586 -0.079571 9.883800 -0.023388 0.079056 0.996596 0.000000 0.000000 0.000000 0.000000 1.000000
0.999533 0.020478 0.022676 0.000000 -0.018985 0.997756 -0.064213 9.883800 -0.023941 0.063753 0.997679 0.000000 0.000000 0.000000 0.000000 1.000000
0.999615 0.017104 0.021832 -0.000000 -0.015986 0.998601 -0.050411 9.883800 -0.022664 0.050043 0.998490 -0.000000 0.000000 0.000000 0.000000 1.000000
0.999723 0.013732 0.019110 -0.000000 -0.012995 0.999187 -0.038158 9.883800 -0.019618 0.037899 0.999089 0.000000 0.000000 0.000000 0.000000 1.000000</float_array>
        <technique_common>
          <accessor source="#mixamorig_Spine1-Matrix-animation-output-transform-array" count="25" stride="16">
            <param type="float4x4"/>
          </accessor>
        </technique_common>
      </source>
      <source id="mixamorig_Spine1-Interpolations">
        <Name_array id="mixamorig_Spine1-Interpolations-array" count="25">
 LINEAR LINEAR LINEAR LINEAR LINEAR LINEAR LINEAR LINEAR LINEAR LINEAR LINEAR
LINEAR LINEAR LINEAR LINEAR LINEAR LINEAR LINEAR LINEAR LINEAR LINEAR LINEAR LINEAR
LINEAR LINEAR</Name_array>
        <technique_common>
          <accessor source="#mixamorig_Spine1-Interpolations-array" count="25">
            <param type="name"/>
          </accessor>
        </technique_common>
      </source>
      <sampler id="mixamorig_Spine1-Matrix-animation-transform">
        <input semantic="INPUT" source="#mixamorig_Spine1-Matrix-animation-input"/>
        <input semantic="OUTPUT" source="#mixamorig_Spine1-Matrix-animation-output-transform"/>
        <input semantic="INTERPOLATION" source="#mixamorig_Spine1-Interpolations"/>
      </sampler>
      <channel source="#mixamorig_Spine1-Matrix-animation-transform" target="mixamorig_Spine1/matrix"/>
      <source id="mixamorig_Spine2-Matrix-animation-input">
        <float_array id="mixamorig_Spine2-Matrix-animation-input-array" count="25">

0.000000 0.033333 0.066667 0.100000 0.133333 0.166667 0.200000 0.233333 0.266667 0.300000 0.333333 0.366667 0.400000 0.433333 0.466667 0.500000
0.533333 0.566667 0.600000 0.633333 0.666667 0.700000 0.733333 0.766667 0.800000</float_array>
        <technique_common>
          <accessor source="#mixamorig_Spine2-Matrix-animation-input-array" count="25">
            <param name="TIME" type="float"/>
          </accessor>
        </technique_common>
      </source>
      <source id="mixamorig_Spine2-Matrix-animation-output-transform">
        <float_array id="mixamorig_Spine2-Matrix-animation-output-transform-array" count="400">

0.999731 0.013375 0.018940 0.000000 -0.012640 0.999182 -0.038423 11.295900 -0.019439 0.038173 0.999082 0.000000 0.000000 0.000000 0.000000 1.000000
0.999413 0.019853 0.027910 0.000000 -0.018033 0.997787 -0.063993 11.295900 -0.029119 0.063453 0.997560 0.000000 0.000000 0.000000 0.000000 1.000000
0.998894 0.026634 0.038741 0.000000 -0.023025 0.995604 -0.090787 11.295900 -0.040989 0.089795 0.995116 0.000000 0.000000 0.000000 0.000000 1.000000
0.998361 0.034338 0.045794 0.000000 -0.028670 0.992463 -0.119141 11.295900 -0.049540 0.117632 0.991821 0.000000 0.000000 0.000000 0.000000 1.000000
0.998090 0.042234 0.045084 0.000000 -0.035102 0.988260 -0.148693 11.295900 -0.050835 0.146826 0.987855 0.000000 0.000000 0.000000 0.000000 1.000000
0.998073 0.048501 0.038716 0.000000 -0.040922 0.983370 -0.176946 11.295900 -0.046654 0.175020 0.983459 0.000000 0.000000 0.000000 0.000000 1.000000
0.998124 0.051859 0.032531 0.000000 -0.044327 0.978750 -0.200209 11.295900 -0.042223 0.198391 0.979213 0.000000 0.000000 0.000000 0.000000 1.000000
0.998231 0.051679 0.029401 -0.000000 -0.044209 0.975791 -0.214188 11.295900 -0.039758 0.212510 0.976350 0.000000 0.000000 0.000000 0.000000 1.000000
0.998368 0.049597 0.028306 -0.000000 -0.042151 0.974433 -0.220688 11.295900 -0.038528 0.219135 0.974934 0.000000 0.000000 0.000000 0.000000 1.000000
0.998487 0.047795 0.027205 0.000000 -0.040522 0.973837 -0.223605 11.295900 -0.037180 0.222164 0.974300 -0.000000 0.000000 0.000000 0.000000 1.000000
0.998621 0.046228 0.024900 -0.000000 -0.039561 0.974225 -0.222083 11.295900 -0.034525 0.220792 0.974710 -0.000000 0.000000 0.000000 0.000000 1.000000
0.998761 0.044673 0.021937 0.000000 -0.038865 0.975421 -0.216897 11.295900 -0.031087 0.215775 0.975948 0.000000 0.000000 0.000000 0.000000 1.000000
0.998897 0.042814 0.019284 0.000000 -0.037838 0.977101 -0.209387 11.295900 -0.027807 0.208426 0.977643 0.000000 0.000000 0.000000 0.000000 1.000000
0.999024 0.040634 0.017303 -0.000000 -0.036355 0.979085 -0.200177 11.295900 -0.025075 0.199353 0.979607 0.000000 0.000000 0.000000 0.000000 1.000000
0.999135 0.038500 0.015713 0.000000 -0.034841 0.981338 -0.189109 11.295900 -0.022700 0.188398 0.981830 0.000000 0.000000 0.000000 0.000000 1.000000
0.999222 0.036773 0.014240 -0.000000 -0.033694 0.983784 -0.176162 11.295900 -0.020487 0.175545 0.984258 0.000000 0.000000 0.000000 0.000000 1.000000
0.999287 0.035414 0.013098 0.000000 -0.032831 0.986269 -0.161850 11.295900 -0.018650 0.161305 0.986728 0.000000 0.000000 0.000000 0.000000 1.000000
0.999338 0.034035 0.012837 0.000000 -0.031788 0.988677 -0.146653 11.295900 -0.017683 0.146147 0.989105 -0.000000 0.000000 0.000000 0.000000 1.000000
0.999385 0.032209 0.013860 0.000000 -0.030127 0.990979 -0.130584 11.295900 -0.017941 0.130086 0.991340 0.000000 0.000000 0.000000 0.000000 1.000000
0.999428 0.029747 0.016091 0.000000 -0.027730 0.993135 -0.113641 11.295900 -0.019361 0.113130 0.993392 0.000000 0.000000 0.000000 0.000000 1.000000
0.999462 0.026765 0.018932 0.000000 -0.024821 0.995035 -0.096377 11.295900 -0.021418 0.095855 0.995165 -0.000000 0.000000 0.000000 0.000000 1.000000
0.999494 0.023517 0.021422 0.000000 -0.021739 0.996580 -0.079727 11.295900 -0.023223 0.079221 0.996587 0.000000 0.000000 0.000000 0.000000 1.000000
0.999543 0.020163 0.022528 0.000000 -0.018675 0.997749 -0.064405 11.295900 -0.023776 0.063955 0.997670 -0.000000 0.000000 0.000000 0.000000 1.000000
0.999625 0.016763 0.021675 0.000000 -0.015648 0.998594 -0.050641 11.295900 -0.022494 0.050283 0.998482 -0.000000 0.000000 0.000000 0.000000 1.000000
0.999731 0.013375 0.018940 0.000000 -0.012640 0.999182 -0.038423 11.295900 -0.019439 0.038173 0.999082 -0.000000 0.000000 0.000000 0.000000 1.000000</float_array>
        <technique_common>
          <accessor source="#mixamorig_Spine2-Matrix-animation-output-transform-array" count="25" stride="16">
            <param type="float4x4"/>
          </accessor>
        </technique_common>
      </source>
      <source id="mixamorig_Spine2-Interpolations">
        <Name_array id="mixamorig_Spine2-Interpolations-array" count="25">
 LINEAR LINEAR LINEAR LINEAR LINEAR LINEAR LINEAR LINEAR LINEAR LINEAR LINEAR
LINEAR LINEAR LINEAR LINEAR LINEAR LINEAR LINEAR LINEAR LINEAR LINEAR LINEAR LINEAR
LINEAR LINEAR</Name_array>
        <technique_common>
          <accessor source="#mixamorig_Spine2-Interpolations-array" count="25">
            <param type="name"/>
          </accessor>
        </technique_common>
      </source>
      <sampler id="mixamorig_Spine2-Matrix-animation-transform">
        <input semantic="INPUT" source="#mixamorig_Spine2-Matrix-animation-input"/>
        <input semantic="OUTPUT" source="#mixamorig_Spine2-Matrix-animation-output-transform"/>
        <input semantic="INTERPOLATION" source="#mixamorig_Spine2-Interpolations"/>
      </sampler>
      <channel source="#mixamorig_Spine2-Matrix-animation-transform" target="mixamorig_Spine2/matrix"/>
      <source id="mixamorig_Neck-Matrix-animation-input">
        <float_array id="mixamorig_Neck-Matrix-animation-input-array" count="25">

0.000000 0.033333 0.066667 0.100000 0.133333 0.166667 0.200000 0.233333 0.266667 0.300000 0.333333 0.366667 0.400000 0.433333 0.466667 0.500000
0.533333 0.566667 0.600000 0.633333 0.666667 0.700000 0.733333 0.766667 0.800000</float_array>
        <technique_common>
          <accessor source="#mixamorig_Neck-Matrix-animation-input-array" count="25">
            <param name="TIME" type="float"/>
          </accessor>
        </technique_common>
      </source>
      <source id="mixamorig_Neck-Matrix-animation-output-transform">
        <float_array id="mixamorig_Neck-Matrix-animation-output-transform-array" count="400">

0.970444 -0.077035 0.228700 0.000000 0.106889 0.986863 -0.121149 12.707800 -0.216363 0.142014 0.965929 0.000000 0.000000 0.000000 0.000000 1.000000
0.979589 -0.051049 0.194419 0.000000 0.079609 0.986654 -0.142043 12.707800 -0.184573 0.154621 0.970580 0.000000 0.000000 0.000000 0.000000 1.000000
0.988361 -0.023237 0.150339 0.000000 0.047622 0.985854 -0.160700 12.707800 -0.144478 0.165989 0.975486 0.000000 0.000000 0.000000 0.000000 1.000000
0.994496 -0.003783 0.104706 -0.000000 0.021194 0.985952 -0.165679 12.707800 -0.102608 0.166986 0.980606 0.000000 0.000000 0.000000 0.000000 1.000000
0.997732 0.004325 0.067172 0.000000 0.006163 0.987873 -0.155144 12.707800 -0.067028 0.155206 0.985605 -0.000000 0.000000 0.000000 0.000000 1.000000
0.999087 0.006172 0.042267 0.000000 -0.000227 0.990262 -0.139218 12.707800 -0.042715 0.139081 0.989359 0.000000 0.000000 0.000000 0.000000 1.000000
0.999563 0.006635 0.028817 0.000000 -0.002913 0.991856 -0.127328 12.707800 -0.029427 0.127188 0.991442 0.000000 0.000000 0.000000 0.000000 1.000000
0.999640 0.005790 0.026194 0.000000 -0.002600 0.992744 -0.120220 12.707800 -0.026700 0.120108 0.992402 0.000000 0.000000 0.000000 0.000000 1.000000
0.999531 0.003625 0.030421 0.000000 -0.000054 0.993184 -0.116554 12.707800 -0.030636 0.116498 0.992718 0.000000 0.000000 0.000000 0.000000 1.000000
0.999329 0.000943 0.036618 0.000000 0.003345 0.993140 -0.116885 12.707800 -0.036477 0.116929 0.992470 0.000000 0.000000 0.000000 0.000000 1.000000
0.998983 -0.002536 0.045017 0.000000 0.007971 0.992623 -0.120976 12.707800 -0.044379 0.121212 0.991634 -0.000000 0.000000 0.000000 0.000000 1.000000
0.998460 -0.006025 0.055157 0.000000 0.013033 0.991742 -0.127586 12.707800 -0.053933 0.128109 0.990293 0.000000 0.000000 0.000000 0.000000 1.000000
0.997747 -0.008998 0.066479 0.000000 0.017910 0.990723 -0.134714 12.707800 -0.064650 0.135601 0.988652 -0.000000 0.000000 0.000000 0.000000 1.000000
0.996825 -0.011661 0.078769 0.000000 0.022718 0.989752 -0.140978 12.707800 -0.076318 0.142320 0.986874 0.000000 0.000000 0.000000 0.000000 1.000000
0.995633 -0.014705 0.092185 0.000000 0.028117 0.988896 -0.145924 12.707800 -0.089015 0.147879 0.984991 0.000000 0.000000 0.000000 0.000000 1.000000
0.994100 -0.018916 0.106806 0.000000 0.034840 0.988183 -0.149268 12.707800 -0.102720 0.152108 0.983012 0.000000 0.000000 0.000000 0.000000 1.000000
0.992198 -0.024657 0.122212 0.000000 0.043080 0.987674 -0.150481 12.707800 -0.116995 0.154572 0.981030 0.000000 0.000000 0.000000 0.000000 1.000000
0.989988 -0.031499 0.137595 0.000000 0.052177 0.987404 -0.149368 12.707800 -0.131157 0.155052 0.979161 0.000000 0.000000 0.000000 0.000000 1.000000
0.987596 -0.038522 0.152218 -0.000000 0.061118 0.987294 -0.146682 12.707800 -0.144633 0.154165 0.977402 -0.000000 0.000000 0.000000 0.000000 1.000000
0.985134 -0.045317 0.165704 -0.000000 0.069560 0.987193 -0.143565 12.707800 -0.157075 0.152957 0.975670 0.000000 0.000000 0.000000 0.000000 1.000000
0.982619 -0.052437 0.178073 0.000000 0.078118 0.987006 -0.140418 12.707800 -0.168396 0.151888 0.973947 0.000000 0.000000 0.000000 0.000000 1.000000
0.979969 -0.060288 0.189807 0.000000 0.087197 0.986757 -0.136775 12.707800 -0.179048 0.150585 0.972248 0.000000 0.000000 0.000000 0.000000 1.000000
0.977070 -0.067887 0.201803 0.000000 0.095850 0.986579 -0.132190 12.707800 -0.190121 0.148501 0.970464 0.000000 0.000000 0.000000 0.000000 1.000000
0.973880 -0.073673 0.214777 -0.000000 0.102603 0.986606 -0.126814 12.707800 -0.202558 0.145539 0.968395 0.000000 0.000000 0.000000 0.000000 1.000000
0.970444 -0.077035 0.228700 0.000000 0.106889 0.986863 -0.121149 12.707800 -0.216363 0.142014 0.965929 0.000000 0.000000 0.000000 0.000000 1.000000</float_array>
        <technique_common>
          <accessor source="#mixamorig_Neck-Matrix-animation-output-transform-array" count="25" stride="16">
            <param type="float4x4"/>
          </accessor>
        </technique_common>
      </source>
      <source id="mixamorig_Neck-Interpolations">
        <Name_array id="mixamorig_Neck-Interpolations-array" count="25">
 LINEAR LINEAR LINEAR LINEAR LINEAR LINEAR LINEAR LINEAR LINEAR LINEAR LINEAR
LINEAR LINEAR LINEAR LINEAR LINEAR LINEAR LINEAR LINEAR LINEAR LINEAR LINEAR LINEAR
LINEAR LINEAR</Name_array>
        <technique_common>
          <accessor source="#mixamorig_Neck-Interpolations-array" count="25">
            <param type="name"/>
          </accessor>
        </technique_common>
      </source>
      <sampler id="mixamorig_Neck-Matrix-animation-transform">
        <input semantic="INPUT" source="#mixamorig_Neck-Matrix-animation-input"/>
        <input semantic="OUTPUT" source="#mixamorig_Neck-Matrix-animation-output-transform"/>
        <input semantic="INTERPOLATION" source="#mixamorig_Neck-Interpolations"/>
      </sampler>
      <channel source="#mixamorig_Neck-Matrix-animation-transform" target="mixamorig_Neck/matrix"/>
      <source id="mixamorig_Head-Matrix-animation-input">
        <float_array id="mixamorig_Head-Matrix-animation-input-array" count="25">

0.000000 0.033333 0.066667 0.100000 0.133333 0.166667 0.200000 0.233333 0.266667 0.300000 0.333333 0.366667 0.400000 0.433333 0.466667 0.500000
0.533333 0.566667 0.600000 0.633333 0.666667 0.700000 0.733333 0.766667 0.800000</float_array>
        <technique_common>
          <accessor source="#mixamorig_Head-Matrix-animation-input-array" count="25">
            <param name="TIME" type="float"/>
          </accessor>
        </technique_common>
      </source>
      <source id="mixamorig_Head-Matrix-animation-output-transform">
        <float_array id="mixamorig_Head-Matrix-animation-output-transform-array" count="400">

0.936427 0.067621 0.344285 0.000000 -0.017903 0.989183 -0.145591 6.103100 -0.350405 0.130172 0.927508 1.780100 0.000000 0.000000 0.000000 1.000000
0.933300 0.092412 0.347002 -0.000000 -0.016595 0.976387 -0.215392 6.103100 -0.358713 0.195267 0.912795 1.780100 0.000000 0.000000 0.000000 1.000000
0.933546 0.112876 0.340222 0.000000 -0.021103 0.964787 -0.262183 6.103100 -0.357836 0.237580 0.903055 1.780100 0.000000 0.000000 0.000000 1.000000
0.928471 0.111633 0.354231 0.000000 -0.036446 0.976542 -0.212219 6.103100 -0.369612 0.184129 0.910760 1.780100 0.000000 0.000000 0.000000 1.000000
0.911836 0.086472 0.401346 0.000000 -0.066302 0.995751 -0.063907 6.103100 -0.405167 0.031663 0.913694 1.780100 0.000000 0.000000 0.000000 1.000000
0.883636 0.056352 0.464770 0.000000 -0.115085 0.988414 0.098960 6.103100 -0.453809 -0.140932 0.879884 1.780100 0.000000 0.000000 0.000000 1.000000
0.851932 0.045843 0.521642 0.000000 -0.173203 0.964761 0.198085 6.103100 -0.494178 -0.259105 0.829851 1.780100 0.000000 0.000000 0.000000 1.000000
0.827070 0.059173 0.558976 -0.000000 -0.221038 0.948566 0.226637 6.103100 -0.516815 -0.310999 0.797610 1.780100 0.000000 0.000000 0.000000 1.000000
0.810384 0.081792 0.580161 0.000000 -0.252272 0.942429 0.219516 6.103100 -0.528806 -0.324251 0.784363 1.780100 0.000000 0.000000 0.000000 1.000000
0.799011 0.099107 0.593093 -0.000000 -0.268262 0.941482 0.204077 6.103100 -0.538161 -0.322164 0.778841 1.780100 0.000000 0.000000 0.000000 1.000000
0.794443 0.106629 0.597905 -0.000000 -0.267605 0.945208 0.187003 6.103100 -0.545204 -0.308565 0.779448 1.780100 0.000000 0.000000 0.000000 1.000000
0.795805 0.107850 0.595872 0.000000 -0.255620 0.951873 0.169103 6.103100 -0.548957 -0.286889 0.785074 1.780100 0.000000 0.000000 0.000000 1.000000
0.801467 0.106607 0.588461 0.000000 -0.238669 0.959245 0.151282 6.103100 -0.548350 -0.261695 0.794247 1.780100 0.000000 0.000000 0.000000 1.000000
0.810479 0.103319 0.576584 0.000000 -0.218621 0.966551 0.134108 6.103100 -0.543442 -0.234745 0.805957 1.780100 0.000000 0.000000 0.000000 1.000000
0.821892 0.096846 0.561351 -0.000000 -0.194356 0.973985 0.116528 6.103100 -0.535462 -0.204876 0.819333 1.780100 0.000000 0.000000 0.000000 1.000000
0.834042 0.087824 0.544666 -0.000000 -0.166917 0.981149 0.097394 6.103100 -0.525845 -0.172144 0.832979 1.780100 0.000000 0.000000 0.000000 1.000000
0.845656 0.078973 0.527853 0.000000 -0.140120 0.987152 0.076791 6.103100 -0.515006 -0.138902 0.845857 1.780100 0.000000 0.000000 0.000000 1.000000
0.857106 0.072594 0.509999 -0.000000 -0.116379 0.991712 0.054426 6.103100 -0.501821 -0.106002 0.858451 1.780100 0.000000 0.000000 0.000000 1.000000
0.869661 0.068819 0.488829 0.000000 -0.094975 0.995061 0.028879 6.103100 -0.484427 -0.071542 0.871902 1.780100 0.000000 0.000000 0.000000 1.000000
0.883654 0.066246 0.463430 -0.000000 -0.075049 0.997180 0.000557 6.103100 -0.462086 -0.035272 0.886134 1.780100 0.000000 0.000000 0.000000 1.000000
0.897887 0.063708 0.435592 0.000000 -0.057638 0.997968 -0.027149 6.103100 -0.436436 -0.000730 0.899735 1.780100 0.000000 0.000000 0.000000 1.000000
0.910789 0.061559 0.408256 -0.000000 -0.043857 0.997653 -0.052591 6.103100 -0.410536 0.029994 0.911351 1.780100 0.000000 0.000000 0.000000 1.000000
0.921550 0.061210 0.383403 0.000000 -0.033215 0.996303 -0.079225 6.103100 -0.386835 0.060275 0.920177 1.780100 0.000000 0.000000 0.000000 1.000000
0.930065 0.063400 0.361883 -0.000000 -0.024677 0.993554 -0.110643 6.103100 -0.366565 0.093975 0.925634 1.780100 0.000000 0.000000 0.000000 1.000000
0.936427 0.067621 0.344285 0.000000 -0.017903 0.989183 -0.145591 6.103100 -0.350406 0.130172 0.927508 1.780100 0.000000 0.000000 0.000000 1.000000</float_array>
        <technique_common>
          <accessor source="#mixamorig_Head-Matrix-animation-output-transform-array" count="25" stride="16">
            <param type="float4x4"/>
          </accessor>
        </technique_common>
      </source>
      <source id="mixamorig_Head-Interpolations">
        <Name_array id="mixamorig_Head-Interpolations-array" count="25">
 LINEAR LINEAR LINEAR LINEAR LINEAR LINEAR LINEAR LINEAR LINEAR LINEAR LINEAR
LINEAR LINEAR LINEAR LINEAR LINEAR LINEAR LINEAR LINEAR LINEAR LINEAR LINEAR LINEAR
LINEAR LINEAR</Name_array>
        <technique_common>
          <accessor source="#mixamorig_Head-Interpolations-array" count="25">
            <param type="name"/>
          </accessor>
        </technique_common>
      </source>
      <sampler id="mixamorig_Head-Matrix-animation-transform">
        <input semantic="INPUT" source="#mixamorig_Head-Matrix-animation-input"/>
        <input semantic="OUTPUT" source="#mixamorig_Head-Matrix-animation-output-transform"/>
