<?xml version="1.0" encoding="utf-8"?>
<COLLADA xmlns="http://www.collada.org/2005/11/COLLADASchema" version="1.4.1">
  <asset>
    <contributor>
      <author>Mixamo</author>
      <authoring_tool>COLLADA Mixamo exporter</authoring_tool>
      <comments/>
    </contributor>
    <created>2024-05-10T11:41:16Z</created>
    <modified>2024-05-10T11:41:16Z</modified>
    <revision/>
    <title/>
    <unit meter="0.010000"/>
    <up_axis>Y_UP</up_axis>
  </asset>
  <library_animations>
    <animation>
      <source id="Armature-Matrix-animation-input">
        <float_array id="Armature-Matrix-animation-input-array" count="33">

0.000000 0.033333 0.066667 0.100000 0.133333 0.166667 0.200000 0.233333 0.266667 0.300000 0.333333 0.366667 0.400000 0.433333 0.466667 0.500000
0.533333 0.566667 0.600000 0.633333 0.666667 0.700000 0.733333 0.766667 0.800000 0.833333 0.866667 0.900000 0.933333 0.966667 1.000000 1.033333
1.066667</float_array>
        <technique_common>
          <accessor source="#Armature-Matrix-animation-input-array" count="33">
            <param name="TIME" type="float"/>
          </accessor>
        </technique_common>
      </source>
      <source id="Armature-Matrix-animation-output-transform">
        <float_array id="Armature-Matrix-animation-output-transform-array" count="528">

1.000000 0.000000 0.000000 0.000000 0.000000 0.000000 1.000000 0.000000 0.000000 -1.000000 0.000000 0.000000 0.000000 0.000000 0.000000 1.000000
1.000000 0.000000 0.000000 0.000000 0.000000 0.000000 1.000000 0.000000 0.000000 -1.000000 0.000000 0.000000 0.000000 0.000000 0.000000 1.000000
1.000000 0.000000 0.000000 0.000000 0.000000 0.000000 1.000000 0.000000 0.000000 -1.000000 0.000000 0.000000 0.000000 0.000000 0.000000 1.000000
1.000000 0.000000 0.000000 0.000000 0.000000 0.000000 1.000000 0.000000 0.000000 -1.000000 0.000000 0.000000 0.000000 0.000000 0.000000 1.000000
1.000000 0.000000 0.000000 0.000000 0.000000 0.000000 1.000000 0.000000 0.000000 -1.000000 0.000000 0.000000 0.000000 0.000000 0.000000 1.000000
1.000000 0.000000 0.000000 0.000000 0.000000 0.000000 1.000000 0.000000 0.000000 -1.000000 0.000000 0.000000 0.000000 0.000000 0.000000 1.000000
1.000000 0.000000 0.000000 0.000000 0.000000 0.000000 1.000000 0.000000 0.000000 -1.000000 0.000000 0.000000 0.000000 0.000000 0.000000 1.000000
1.000000 0.000000 0.000000 0.000000 0.000000 0.000000 1.000000 0.000000 0.000000 -1.000000 0.000000 0.000000 0.000000 0.000000 0.000000 1.000000
1.000000 0.000000 0.000000 0.000000 0.000000 0.000000 1.000000 0.000000 0.000000 -1.000000 0.000000 0.000000 0.000000 0.000000 0.000000 1.000000
1.000000 0.000000 0.000000 0.000000 0.000000 0.000000 1.000000 0.000000 0.000000 -1.000000 0.000000 0.000000 0.000000 0.000000 0.000000 1.000000
1.000000 0.000000 0.000000 0.000000 0.000000 0.000000 1.000000 0.000000 0.000000 -1.000000 0.000000 0.000000 0.000000 0.000000 0.000000 1.000000
1.000000 0.000000 0.000000 0.000000 0.000000 0.000000 1.000000 0.000000 0.000000 -1.000000 0.000000 0.000000 0.000000 0.000000 0.000000 1.000000
1.000000 0.000000 0.000000 0.000000 0.000000 0.000000 1.000000 0.000000 0.000000 -1.000000 0.000000 0.000000 0.000000 0.000000 0.000000 1.000000
1.000000 0.000000 0.000000 0.000000 0.000000 0.000000 1.000000 0.000000 0.000000 -1.000000 0.000000 0.000000 0.000000 0.000000 0.000000 1.000000
1.000000 0.000000 0.000000 0.000000 0.000000 0.000000 1.000000 0.000000 0.000000 -1.000000 0.000000 0.000000 0.000000 0.000000 0.000000 1.000000
1.000000 0.000000 0.000000 0.000000 0.000000 0.000000 1.000000 0.000000 0.000000 -1.000000 0.000000 0.000000 0.000000 0.000000 0.000000 1.000000
1.000000 0.000000 0.000000 0.000000 0.000000 0.000000 1.000000 0.000000 0.000000 -1.000000 0.000000 0.000000 0.000000 0.000000 0.000000 1.000000
1.000000 0.000000 0.000000 0.000000 0.000000 0.000000 1.000000 0.000000 0.000000 -1.000000 0.000000 0.000000 0.000000 0.000000 0.000000 1.000000
1.000000 0.000000 0.000000 0.000000 0.000000 0.000000 1.000000 0.000000 0.000000 -1.000000 0.000000 0.000000 0.000000 0.000000 0.000000 1.000000
1.000000 0.000000 0.000000 0.000000 0.000000 0.000000 1.000000 0.000000 0.000000 -1.000000 0.000000 0.000000 0.000000 0.000000 0.000000 1.000000
1.000000 0.000000 0.000000 0.000000 0.000000 0.000000 1.000000 0.000000 0.000000 -1.000000 0.000000 0.000000 0.000000 0.000000 0.000000 1.000000
1.000000 0.000000 0.000000 0.000000 0.000000 0.000000 1.000000 0.000000 0.000000 -1.000000 0.000000 0.000000 0.000000 0.000000 0.000000 1.000000
1.000000 0.000000 0.000000 0.000000 0.000000 0.000000 1.000000 0.000000 0.000000 -1.000000 0.000000 0.000000 0.000000 0.000000 0.000000 1.000000
1.000000 0.000000 0.000000 0.000000 0.000000 0.000000 1.000000 0.000000 0.000000 -1.000000 0.000000 0.000000 0.000000 0.000000 0.000000 1.000000
1.000000 0.000000 0.000000 0.000000 0.000000 0.000000 1.000000 0.000000 0.000000 -1.000000 0.000000 0.000000 0.000000 0.000000 0.000000 1.000000
1.000000 0.000000 0.000000 0.000000 0.000000 0.000000 1.000000 0.000000 0.000000 -1.000000 0.000000 0.000000 0.000000 0.000000 0.000000 1.000000
1.000000 0.000000 0.000000 0.000000 0.000000 0.000000 1.000000 0.000000 0.000000 -1.000000 0.000000 0.000000 0.000000 0.000000 0.000000 1.000000
1.000000 0.000000 0.000000 0.000000 0.000000 0.000000 1.000000 0.000000 0.000000 -1.000000 0.000000 0.000000 0.000000 0.000000 0.000000 1.000000
1.000000 0.000000 0.000000 0.000000 0.000000 0.000000 1.000000 0.000000 0.000000 -1.000000 0.000000 0.000000 0.000000 0.000000 0.000000 1.000000
1.000000 0.000000 0.000000 0.000000 0.000000 0.000000 1.000000 0.000000 0.000000 -1.000000 0.000000 0.000000 0.000000 0.000000 0.000000 1.000000
1.000000 0.000000 0.000000 0.000000 0.000000 0.000000 1.000000 0.000000 0.000000 -1.000000 0.000000 0.000000 0.000000 0.000000 0.000000 1.000000
1.000000 0.000000 0.000000 0.000000 0.000000 0.000000 1.000000 0.000000 0.000000 -1.000000 0.000000 0.000000 0.000000 0.000000 0.000000 1.000000
1.000000 0.000000 0.000000 0.000000 0.000000 0.000000 1.000000 0.000000 0.000000 -1.000000 0.000000 0.000000 0.000000 0.000000 0.000000 1.000000</float_array>
        <technique_common>
          <accessor source="#Armature-Matrix-animation-output-transform-array" count="33" stride="16">
            <param type="float4x4"/>
          </accessor>
        </technique_common>
      </source>
      <source id="Armature-Interpolations">
        <Name_array id="Armature-Interpolations-array" count="33">
 LINEAR LINEAR LINEAR LINEAR LINEAR LINEAR LINEAR LINEAR LINEAR LINEAR LINEAR
LINEAR LINEAR LINEAR LINEAR LINEAR LINEAR LINEAR LINEAR LINEAR LINEAR LINEAR LINEAR
LINEAR LINEAR LINEAR LINEAR LINEAR LINEAR LINEAR LINEAR LINEAR LINEAR</Name_array>
        <technique_common>
          <accessor source="#Armature-Interpolations-array" count="33">
            <param type="name"/>
          </accessor>
        </technique_common>
      </source>
      <sampler id="Armature-Matrix-animation-transform">
        <input semantic="INPUT" source="#Armature-Matrix-animation-input"/>
        <input semantic="OUTPUT" source="#Armature-Matrix-animation-output-transform"/>
        <input semantic="INTERPOLATION" source="#Armature-Interpolations"/>
      </sampler>
      <channel source="#Armature-Matrix-animation-transform" target="Armature/matrix"/>
      <source id="mixamorig_Hips-Matrix-animation-input">
        <float_array id="mixamorig_Hips-Matrix-animation-input-array" count="33">

0.000000 0.033333 0.066667 0.100000 0.133333 0.166667 0.200000 0.233333 0.266667 0.300000 0.333333 0.366667 0.400000 0.433333 0.466667 0.500000
0.533333 0.566667 0.600000 0.633333 0.666667 0.700000 0.733333 0.766667 0.800000 0.833333 0.866667 0.900000 0.933333 0.966667 1.000000 1.033333
1.066667</float_array>
        <technique_common>
          <accessor source="#mixamorig_Hips-Matrix-animation-input-array" count="33">
            <param name="TIME" type="float"/>
          </accessor>
        </technique_common>
      </source>
      <source id="mixamorig_Hips-Matrix-animation-output-transform">
        <float_array id="mixamorig_Hips-Matrix-animation-output-transform-array" count="528">

0.691900 -0.000428 0.721993 0.256545 0.718849 0.093639 -0.688831 -0.104141 -0.067312 0.995606 0.065096 84.181145 0.000000 0.000000 0.000000 1.000000
0.816963 0.002276 0.576686 1.352540 0.573351 0.104250 -0.812650 0.321798 -0.061969 0.994549 0.083863 84.627998 0.000000 0.000000 0.000000 1.000000
0.910273 0.016956 0.413662 2.564706 0.409315 0.113189 -0.905345 0.450204 -0.062173 0.993429 0.096093 84.925934 0.000000 0.000000 0.000000 1.000000
0.963447 0.043189 0.264394 3.412489 0.258444 0.110034 -0.959739 0.500007 -0.070542 0.992989 0.094850 84.866196 0.000000 0.000000 0.000000 1.000000
0.988767 0.071042 0.131505 3.836263 0.124257 0.098292 -0.987370 0.551812 -0.083071 0.992619 0.088360 84.643166 0.000000 0.000000 0.000000 1.000000
0.995677 0.092867 -0.001714 4.235015 -0.009545 0.083947 -0.996424 0.550904 -0.092391 0.992133 0.084471 84.436050 0.000000 0.000000 0.000000 1.000000
0.986388 0.105937 -0.125760 4.963747 -0.132864 0.062888 -0.989137 0.574420 -0.096877 0.992382 0.076107 84.208191 0.000000 0.000000 0.000000 1.000000
0.968989 0.111041 -0.220748 5.822310 -0.225702 0.034069 -0.973600 0.763869 -0.100589 0.993232 0.058075 83.873016 0.000000 0.000000 0.000000 1.000000
0.954012 0.110953 -0.278480 6.463049 -0.281110 0.008492 -0.959638 1.187542 -0.104110 0.993789 0.039292 83.424477 0.000000 0.000000 0.000000 1.000000
0.948978 0.108069 -0.296247 6.771566 -0.297666 -0.003128 -0.954665 1.747694 -0.104096 0.994139 0.029200 83.035782 0.000000 0.000000 0.000000 1.000000
0.955345 0.103285 -0.276855 6.726311 -0.278248 -0.000959 -0.960509 2.453736 -0.099471 0.994651 0.027822 82.807953 0.000000 0.000000 0.000000 1.000000
0.968701 0.095197 -0.229251 6.373962 -0.231250 0.010377 -0.972839 3.318550 -0.090233 0.995404 0.032067 82.682358 0.000000 0.000000 0.000000 1.000000
0.982945 0.082630 -0.164294 5.799297 -0.166894 0.025569 -0.985643 4.353650 -0.077243 0.996252 0.038923 82.595932 0.000000 0.000000 0.000000 1.000000
0.993902 0.066776 -0.087752 5.074872 -0.090432 0.038219 -0.995169 5.532086 -0.063100 0.997036 0.044025 82.558830 0.000000 0.000000 0.000000 1.000000
0.998713 0.050688 0.001970 4.171567 -0.000251 0.043775 -0.999041 6.766132 -0.050726 0.997755 0.043732 82.637093 0.000000 0.000000 0.000000 1.000000
0.993455 0.036462 0.108250 3.010059 0.106696 0.042181 -0.993397 7.907576 -0.040787 0.998444 0.038015 82.870255 0.000000 0.000000 0.000000 1.000000
0.973335 0.024661 0.228057 1.621630 0.227066 0.037478 -0.973158 8.791848 -0.032546 0.998993 0.030879 83.238861 0.000000 0.000000 0.000000 1.000000
0.937620 0.015065 0.347335 0.170249 0.346710 0.033341 -0.937380 9.330694 -0.025702 0.999330 0.026038 83.709053 0.000000 0.000000 0.000000 1.000000
0.892692 0.008725 0.450584 -1.175744 0.450141 0.031063 -0.892417 9.532536 -0.021783 0.999479 0.023802 84.207489 0.000000 0.000000 0.000000 1.000000
0.845694 0.005252 0.533643 -2.264610 0.533264 0.030630 -0.845394 9.443336 -0.020786 0.999517 0.023103 84.650360 0.000000 0.000000 0.000000 1.000000
0.799562 0.003138 0.600576 -3.034942 0.600197 0.031727 -0.799223 9.142963 -0.021562 0.999492 0.023484 85.025543 0.000000 0.000000 0.000000 1.000000
0.758476 0.002193 0.651698 -3.492492 0.651263 0.034118 -0.758085 8.705418 -0.023897 0.999415 0.024449 85.346481 0.000000 0.000000 0.000000 1.000000
0.727929 0.002308 0.685648 -3.670871 0.685080 0.038373 -0.727456 8.157313 -0.027989 0.999261 0.026351 85.573296 0.000000 0.000000 0.000000 1.000000
0.707141 0.002110 0.707070 -3.610489 0.706281 0.045212 -0.706487 7.531603 -0.033458 0.998975 0.030481 85.690849 0.000000 0.000000 0.000000 1.000000
0.691044 0.000723 0.722813 -3.353581 0.721719 0.054296 -0.690053 6.851871 -0.039745 0.998525 0.037000 85.704132 0.000000 0.000000 0.000000 1.000000
0.678387 -0.001337 0.734703 -2.959007 0.733273 0.063623 -0.676951 6.107260 -0.045839 0.997973 0.044142 85.622543 0.000000 0.000000 0.000000 1.000000
0.670869 -0.003323 0.741569 -2.495935 0.739865 0.070896 -0.669010 5.289523 -0.050352 0.997478 0.050020 85.456924 0.000000 0.000000 0.000000 1.000000
0.668747 -0.004740 0.743475 -2.001701 0.741574 0.075994 -0.666553 4.420080 -0.053340 0.997097 0.054336 85.239990 0.000000 0.000000 0.000000 1.000000
0.671831 -0.004742 0.740689 -1.487900 0.738556 0.080392 -0.669381 3.510459 -0.056372 0.996752 0.057512 85.012215 0.000000 0.000000 0.000000 1.000000
0.678826 -0.003338 0.734291 -0.985234 0.731856 0.084568 -0.676191 2.562012 -0.059841 0.996412 0.059850 84.791550 0.000000 0.000000 0.000000 1.000000
0.685640 -0.002062 0.727938 -0.528513 0.725226 0.088211 -0.682836 1.605212 -0.062804 0.996100 0.061976 84.574135 0.000000 0.000000 0.000000 1.000000
0.689588 -0.001419 0.724200 -0.119016 0.721267 0.091274 -0.686617 0.697708 -0.065126 0.995825 0.063965 84.364990 0.000000 0.000000 0.000000 1.000000
0.691900 -0.000428 0.721993 0.256545 0.718849 0.093639 -0.688831 -0.104144 -0.067312 0.995606 0.065096 84.181152 0.000000 0.000000 0.000000 1.000000</float_array>
        <technique_common>
          <accessor source="#mixamorig_Hips-Matrix-animation-output-transform-array" count="33" stride="16">
            <param type="float4x4"/>
          </accessor>
        </technique_common>
      </source>
      <source id="mixamorig_Hips-Interpolations">
        <Name_array id="mixamorig_Hips-Interpolations-array" count="33">
 LINEAR LINEAR LINEAR LINEAR LINEAR LINEAR LINEAR LINEAR LINEAR LINEAR LINEAR
LINEAR LINEAR LINEAR LINEAR LINEAR LINEAR LINEAR LINEAR LINEAR LINEAR LINEAR LINEAR
LINEAR LINEAR LINEAR LINEAR LINEAR LINEAR LINEAR LINEAR LINEAR LINEAR</Name_array>
        <technique_common>
          <accessor source="#mixamorig_Hips-Interpolations-array" count="33">
            <param type="name"/>
          </accessor>
        </technique_common>
      </source>
      <sampler id="mixamorig_Hips-Matrix-animation-transform">
        <input semantic="INPUT" source="#mixamorig_Hips-Matrix-animation-input"/>
        <input semantic="OUTPUT" source="#mixamorig_Hips-Matrix-animation-output-transform"/>
        <input semantic="INTERPOLATION" source="#mixamorig_Hips-Interpolations"/>
      </sampler>
      <channel source="#mixamorig_Hips-Matrix-animation-transform" target="mixamorig_Hips/matrix"/>
      <source id="mixamorig_Spine-Matrix-animation-input">
        <float_array id="mixamorig_Spine-Matrix-animation-input-array" count="33">

0.000000 0.033333 0.066667 0.100000 0.133333 0.166667 0.200000 0.233333 0.266667 0.300000 0.333333 0.366667 0.400000 0.433333 0.466667 0.500000
0.533333 0.566667 0.600000 0.633333 0.666667 0.700000 0.733333 0.766667 0.800000 0.833333 0.866667 0.900000 0.933333 0.966667 1.000000 1.033333
1.066667</float_array>
        <technique_common>
          <accessor source="#mixamorig_Spine-Matrix-animation-input-array" count="33">
            <param name="TIME" type="float"/>
          </accessor>
        </technique_common>
      </source>
      <source id="mixamorig_Spine-Matrix-animation-output-transform">
        <float_array id="mixamorig_Spine-Matrix-animation-output-transform-array" count="528">

0.991734 -0.015958 -0.127312 0.000000 0.010836 0.999108 -0.040819 8.407700 0.127850 0.039102 0.991022 -1.041900 0.000000 0.000000 0.000000 1.000000
0.996284 -0.028494 -0.081277 -0.000000 0.028392 0.999594 -0.002405 8.407700 0.081313 0.000088 0.996689 -1.041900 0.000000 0.000000 0.000000 1.000000
0.990425 -0.058427 -0.125076 0.000000 0.062573 0.997605 0.029479 8.407700 0.123054 -0.037023 0.991709 -1.041900 0.000000 0.000000 0.000000 1.000000
0.960526 -0.090964 -0.262898 -0.000000 0.106725 0.993211 0.046277 8.407700 0.256903 -0.072509 0.963713 -1.041900 0.000000 0.000000 0.000000 1.000000
0.893209 -0.112745 -0.435278 -0.000000 0.147250 0.988018 0.046248 8.407700 0.424848 -0.105404 0.899108 -1.041900 0.000000 0.000000 0.000000 1.000000
0.822245 -0.117255 -0.556924 -0.000000 0.159814 0.986744 0.028201 8.407700 0.546235 -0.112192 0.830085 -1.041900 0.000000 0.000000 0.000000 1.000000
0.790716 -0.122820 -0.599736 -0.000000 0.154071 0.988059 0.000789 8.407700 0.592478 -0.093026 0.800197 -1.041900 0.000000 0.000000 0.000000 1.000000
0.791865 -0.140988 -0.594199 0.000000 0.156572 0.987334 -0.025612 8.407700 0.590284 -0.072754 0.803910 -1.041900 0.000000 0.000000 0.000000 1.000000
0.807621 -0.158159 -0.568097 0.000000 0.161385 0.985863 -0.045037 8.407700 0.567189 -0.055310 0.821728 -1.041900 0.000000 0.000000 0.000000 1.000000
0.828669 -0.163588 -0.535301 0.000000 0.159219 0.985723 -0.054760 8.407700 0.536617 -0.039852 0.842884 -1.041900 0.000000 0.000000 0.000000 1.000000
0.850634 -0.161935 -0.500199 0.000000 0.153978 0.986401 -0.057486 8.407700 0.502706 -0.028121 0.864000 -1.041900 0.000000 0.000000 0.000000 1.000000
0.873252 -0.158796 -0.460668 0.000000 0.147808 0.987188 -0.060105 8.407700 0.464310 -0.015604 0.885535 -1.041900 0.000000 0.000000 0.000000 1.000000
0.898735 -0.154291 -0.410450 0.000000 0.139301 0.988022 -0.066385 8.407700 0.415776 0.002486 0.909464 -1.041900 0.000000 0.000000 0.000000 1.000000
0.927351 -0.146787 -0.344201 0.000000 0.128968 0.988866 -0.074241 8.407700 0.351267 0.024457 0.935956 -1.041900 0.000000 0.000000 0.000000 1.000000
0.952305 -0.139342 -0.271475 0.000000 0.121897 0.989299 -0.080184 8.407700 0.279743 0.043268 0.959100 -1.041900 0.000000 0.000000 0.000000 1.000000
0.966112 -0.139257 -0.217337 -0.000000 0.123300 0.988688 -0.085398 8.407700 0.226771 0.055706 0.972354 -1.041900 0.000000 0.000000 0.000000 1.000000
0.970125 -0.146818 -0.193138 0.000000 0.131158 0.987123 -0.091578 8.407700 0.204096 0.063511 0.976889 -1.041900 0.000000 0.000000 0.000000 1.000000
0.970822 -0.152660 -0.184934 -0.000000 0.136832 0.985971 -0.095593 8.407700 0.196932 0.067499 0.978091 -1.041900 0.000000 0.000000 0.000000 1.000000
0.972407 -0.152979 -0.176130 -0.000000 0.137657 0.985795 -0.096223 8.407700 0.188348 0.069322 0.979653 -1.041900 0.000000 0.000000 0.000000 1.000000
0.974605 -0.151981 -0.164457 0.000000 0.137588 0.985856 -0.095690 8.407700 0.176674 0.070632 0.981732 -1.041900 0.000000 0.000000 0.000000 1.000000
0.976267 -0.151609 -0.154654 0.000000 0.138184 0.985916 -0.094204 8.407700 0.166758 0.070598 0.983467 -1.041900 0.000000 0.000000 0.000000 1.000000
0.978128 -0.148048 -0.146111 0.000000 0.135708 0.986548 -0.091137 8.407700 0.157638 0.069315 0.985061 -1.041900 0.000000 0.000000 0.000000 1.000000
0.981115 -0.138860 -0.134654 0.000000 0.127838 0.987941 -0.087348 8.407700 0.145160 0.068485 0.987035 -1.041900 0.000000 0.000000 0.000000 1.000000
0.984370 -0.127108 -0.121902 0.000000 0.117289 0.989486 -0.084627 8.407700 0.131377 0.069006 0.988928 -1.041900 0.000000 0.000000 0.000000 1.000000
0.986789 -0.115656 -0.113453 -0.000000 0.106604 0.990842 -0.082869 8.407700 0.121999 0.069679 0.990081 -1.041900 0.000000 0.000000 0.000000 1.000000
0.988533 -0.102656 -0.110740 0.000000 0.094213 0.992415 -0.078970 8.407700 0.118007 0.067631 0.990707 -1.041900 0.000000 0.000000 0.000000 1.000000
0.990113 -0.086217 -0.110649 0.000000 0.078611 0.994348 -0.071359 8.407700 0.116176 0.061955 0.991294 -1.041900 0.000000 0.000000 0.000000 1.000000
0.991528 -0.068764 -0.110198 0.000000 0.062126 0.996104 -0.062580 8.407700 0.114072 0.055204 0.991938 -1.041900 0.000000 0.000000 0.000000 1.000000
0.992654 -0.053563 -0.108481 0.000000 0.047815 0.997345 -0.054915 8.407700 0.111134 0.049325 0.992581 -1.041900 0.000000 0.000000 0.000000 1.000000
0.993375 -0.040938 -0.107381 0.000000 0.035903 0.998182 -0.048411 8.407700 0.109167 0.044235 0.993039 -1.041900 0.000000 0.000000 0.000000 1.000000
0.993451 -0.029967 -0.110261 0.000000 0.025278 0.998726 -0.043681 8.407700 0.111429 0.040608 0.992942 -1.041900 0.000000 0.000000 0.000000 1.000000
0.992816 -0.021389 -0.117723 0.000000 0.016600 0.999000 -0.041515 8.407700 0.118493 0.039262 0.992178 -1.041900 0.000000 0.000000 0.000000 1.000000
0.991734 -0.015957 -0.127312 -0.000000 0.010836 0.999108 -0.040819 8.407700 0.127849 0.039102 0.991022 -1.041900 0.000000 0.000000 0.000000 1.000000</float_array>
        <technique_common>
          <accessor source="#mixamorig_Spine-Matrix-animation-output-transform-array" count="33" stride="16">
            <param type="float4x4"/>
          </accessor>
        </technique_common>
      </source>
      <source id="mixamorig_Spine-Interpolations">
        <Name_array id="mixamorig_Spine-Interpolations-array" count="33">
 LINEAR LINEAR LINEAR LINEAR LINEAR LINEAR LINEAR LINEAR LINEAR LINEAR LINEAR
LINEAR LINEAR LINEAR LINEAR LINEAR LINEAR LINEAR LINEAR LINEAR LINEAR LINEAR LINEAR
LINEAR LINEAR LINEAR LINEAR LINEAR LINEAR LINEAR LINEAR LINEAR LINEAR</Name_array>
        <technique_common>
          <accessor source="#mixamorig_Spine-Interpolations-array" count="33">
            <param type="name"/>
          </accessor>
        </technique_common>
      </source>
      <sampler id="mixamorig_Spine-Matrix-animation-transform">
        <input semantic="INPUT" source="#mixamorig_Spine-Matrix-animation-input"/>
        <input semantic="OUTPUT" source="#mixamorig_Spine-Matrix-animation-output-transform"/>
        <input semantic="INTERPOLATION" source="#mixamorig_Spine-Interpolations"/>
      </sampler>
      <channel source="#mixamorig_Spine-Matrix-animation-transform" target="mixamorig_Spine/matrix"/>
      <source id="mixamorig_Spine1-Matrix-animation-input">
        <float_array id="mixamorig_Spine1-Matrix-animation-input-array" count="33">

0.000000 0.033333 0.066667 0.100000 0.133333 0.166667 0.200000 0.233333 0.266667 0.300000 0.333333 0.366667 0.400000 0.433333 0.466667 0.500000
0.533333 0.566667 0.600000 0.633333 0.666667 0.700000 0.733333 0.766667 0.800000 0.833333 0.866667 0.900000 0.933333 0.966667 1.000000 1.033333
1.066667</float_array>
        <technique_common>
          <accessor source="#mixamorig_Spine1-Matrix-animation-input-array" count="33">
            <param name="TIME" type="float"/>
          </accessor>
        </technique_common>
      </source>
      <source id="mixamorig_Spine1-Matrix-animation-output-transform">
        <float_array id="mixamorig_Spine1-Matrix-animation-output-transform-array" count="528">

0.999723 -0.013732 -0.019110 -0.000000 0.012995 0.999187 -0.038158 9.883800 0.019618 0.037899 0.999089 -0.000000 0.000000 0.000000 0.000000 1.000000
0.999467 -0.031841 -0.007258 0.000000 0.031430 0.998200 -0.051087 9.883800 0.008872 0.050831 0.998668 0.000000 0.000000 0.000000 0.000000 1.000000
0.997564 -0.058056 -0.038680 0.000000 0.055103 0.995774 -0.073471 9.883800 0.042782 0.071160 0.996547 0.000000 0.000000 0.000000 0.000000 1.000000
0.989417 -0.089410 -0.114283 0.000000 0.077409 0.991406 -0.105459 9.883800 0.122730 0.095497 0.987835 -0.000000 0.000000 0.000000 0.000000 1.000000
0.970710 -0.120824 -0.207664 0.000000 0.092378 0.985600 -0.141632 9.883800 0.221786 0.118300 0.967893 -0.000000 0.000000 0.000000 0.000000 1.000000
0.949619 -0.144269 -0.278226 0.000000 0.095096 0.978535 -0.182829 9.883800 0.298630 0.147160 0.942955 -0.000000 0.000000 0.000000 0.000000 1.000000
0.937947 -0.161405 -0.306925 0.000000 0.093659 0.970093 -0.223935 9.883800 0.333891 0.181293 0.925013 0.000000 0.000000 0.000000 0.000000 1.000000
0.935178 -0.177711 -0.306367 0.000000 0.099211 0.961819 -0.255071 9.883800 0.339998 0.208141 0.917103 0.000000 0.000000 0.000000 0.000000 1.000000
0.937787 -0.187051 -0.292520 0.000000 0.105710 0.956301 -0.272606 9.883800 0.330729 0.224724 0.916579 -0.000000 0.000000 0.000000 0.000000 1.000000
0.943244 -0.186286 -0.274932 0.000000 0.106958 0.954155 -0.279551 9.883800 0.314404 0.234279 0.919926 0.000000 0.000000 0.000000 0.000000 1.000000
0.949197 -0.181739 -0.256896 0.000000 0.106004 0.953319 -0.282747 9.883800 0.296290 0.241151 0.924153 0.000000 0.000000 0.000000 0.000000 1.000000
0.955333 -0.176537 -0.237009 0.000000 0.105134 0.952529 -0.285721 9.883800 0.276198 0.248041 0.928542 0.000000 0.000000 0.000000 0.000000 1.000000
0.962240 -0.170364 -0.212298 -0.000000 0.104361 0.951223 -0.290318 9.883800 0.251402 0.257200 0.933084 0.000000 0.000000 0.000000 0.000000 1.000000
0.970092 -0.162215 -0.180578 0.000000 0.104062 0.950011 -0.294365 9.883800 0.219302 0.266770 0.938478 0.000000 0.000000 0.000000 0.000000 1.000000
0.977117 -0.154366 -0.146335 0.000000 0.105833 0.949604 -0.295047 9.883800 0.184505 0.272808 0.944210 0.000000 0.000000 0.000000 0.000000 1.000000
0.981064 -0.151440 -0.120748 0.000000 0.110532 0.949693 -0.293028 9.883800 0.159050 0.274133 0.948448 0.000000 0.000000 0.000000 0.000000 1.000000
0.982138 -0.153392 -0.108981 0.000000 0.116163 0.949908 -0.290139 9.883800 0.148027 0.272297 0.950759 0.000000 0.000000 0.000000 0.000000 1.000000
0.982337 -0.154877 -0.105014 -0.000000 0.119254 0.950638 -0.286472 9.883800 0.144198 0.268889 0.952316 0.000000 0.000000 0.000000 0.000000 1.000000
0.983019 -0.153136 -0.101112 -0.000000 0.119267 0.951920 -0.282176 9.883800 0.139462 0.265325 0.954019 0.000000 0.000000 0.000000 0.000000 1.000000
0.984166 -0.149513 -0.095200 0.000000 0.118187 0.953813 -0.276173 9.883800 0.132095 0.260549 0.956381 0.000000 0.000000 0.000000 0.000000 1.000000
0.985380 -0.145240 -0.089060 0.000000 0.116806 0.956465 -0.267451 9.883800 0.124028 0.253139 0.959447 0.000000 0.000000 0.000000 0.000000 1.000000
0.986837 -0.138940 -0.082753 0.000000 0.113722 0.960037 -0.255727 9.883800 0.114976 0.242950 0.963201 0.000000 0.000000 0.000000 0.000000 1.000000
0.988779 -0.129460 -0.074538 0.000000 0.108065 0.964382 -0.241432 9.883800 0.103139 0.230668 0.967551 0.000000 0.000000 0.000000 0.000000 1.000000
0.990883 -0.117960 -0.065095 -0.000000 0.100561 0.969078 -0.225335 9.883800 0.089663 0.216734 0.972104 0.000000 0.000000 0.000000 0.000000 1.000000
0.992745 -0.105881 -0.056981 0.000000 0.091951 0.973875 -0.207635 9.883800 0.077477 0.200889 0.976545 0.000000 0.000000 0.000000 0.000000 1.000000
0.994366 -0.092936 -0.050985 0.000000 0.081874 0.978851 -0.187475 9.883800 0.067330 0.182244 0.980945 0.000000 0.000000 0.000000 0.000000 1.000000
0.995849 -0.078691 -0.045753 0.000000 0.070179 0.983854 -0.164642 9.883800 0.057970 0.160748 0.985292 0.000000 0.000000 0.000000 0.000000 1.000000
0.997129 -0.064350 -0.039915 0.000000 0.058149 0.988339 -0.140732 9.883800 0.048506 0.138007 0.989243 0.000000 0.000000 0.000000 0.000000 1.000000
0.998123 -0.051498 -0.033155 0.000000 0.047290 0.991985 -0.117172 9.883800 0.038924 0.115385 0.992558 0.000000 0.000000 0.000000 0.000000 1.000000
0.998834 -0.040304 -0.026574 -0.000000 0.037632 0.994828 -0.094350 9.883800 0.030239 0.093240 0.995184 0.000000 0.000000 0.000000 0.000000 1.000000
0.999306 -0.030090 -0.021959 0.000000 0.028412 0.996919 -0.073106 9.883800 0.024092 0.072431 0.997082 0.000000 0.000000 0.000000 0.000000 1.000000
0.999582 -0.021062 -0.019785 0.000000 0.019959 0.998319 -0.054413 9.883800 0.020898 0.053995 0.998323 -0.000000 0.000000 0.000000 0.000000 1.000000
0.999723 -0.013732 -0.019110 0.000000 0.012995 0.999187 -0.038158 9.883800 0.019618 0.037899 0.999089 -0.000000 0.000000 0.000000 0.000000 1.000000</float_array>
        <technique_common>
          <accessor source="#mixamorig_Spine1-Matrix-animation-output-transform-array" count="33" stride="16">
            <param type="float4x4"/>
          </accessor>
        </technique_common>
      </source>
      <source id="mixamorig_Spine1-Interpolations">
        <Name_array id="mixamorig_Spine1-Interpolations-array" count="33">
 LINEAR LINEAR LINEAR LINEAR LINEAR LINEAR LINEAR LINEAR LINEAR LINEAR LINEAR
LINEAR LINEAR LINEAR LINEAR LINEAR LINEAR LINEAR LINEAR LINEAR LINEAR LINEAR LINEAR
LINEAR LINEAR LINEAR LINEAR LINEAR LINEAR LINEAR LINEAR LINEAR LINEAR</Name_array>
        <technique_common>
          <accessor source="#mixamorig_Spine1-Interpolations-array" count="33">
            <param type="name"/>
          </accessor>
        </technique_common>
      </source>
      <sampler id="mixamorig_Spine1-Matrix-animation-transform">
        <input semantic="INPUT" source="#mixamorig_Spine1-Matrix-animation-input"/>
        <input semantic="OUTPUT" source="#mixamorig_Spine1-Matrix-animation-output-transform"/>
        <input semantic="INTERPOLATION" source="#mixamorig_Spine1-Interpolations"/>
      </sampler>
      <channel source="#mixamorig_Spine1-Matrix-animation-transform" target="mixamorig_Spine1/matrix"/>
      <source id="mixamorig_Spine2-Matrix-animation-input">
        <float_array id="mixamorig_Spine2-Matrix-animation-input-array" count="33">

0.000000 0.033333 0.066667 0.100000 0.133333 0.166667 0.200000 0.233333 0.266667 0.300000 0.333333 0.366667 0.400000 0.433333 0.466667 0.500000
0.533333 0.566667 0.600000 0.633333 0.666667 0.700000 0.733333 0.766667 0.800000 0.833333 0.866667 0.900000 0.933333 0.966667 1.000000 1.033333
1.066667</float_array>
        <technique_common>
          <accessor source="#mixamorig_Spine2-Matrix-animation-input-array" count="33">
            <param name="TIME" type="float"/>
          </accessor>
        </technique_common>
      </source>
      <source id="mixamorig_Spine2-Matrix-animation-output-transform">
        <float_array id="mixamorig_Spine2-Matrix-animation-output-transform-array" count="528">

0.999731 -0.013375 -0.018940 -0.000000 0.012640 0.999182 -0.038423 11.295900 0.019439 0.038173 0.999082 0.000000 0.000000 0.000000 0.000000 1.000000
0.999475 -0.031622 -0.007108 0.000000 0.031217 0.998200 -0.051198 11.295900 0.008714 0.050949 0.998663 0.000000 0.000000 0.000000 0.000000 1.000000
0.997584 -0.057715 -0.038668 0.000000 0.054753 0.995776 -0.073702 11.295900 0.042758 0.071406 0.996530 0.000000 0.000000 0.000000 0.000000 1.000000
0.989475 -0.088292 -0.114643 0.000000 0.076193 0.991448 -0.105949 11.295900 0.123017 0.096099 0.987741 -0.000000 0.000000 0.000000 0.000000 1.000000
0.970812 -0.118238 -0.208671 -0.000000 0.089609 0.985844 -0.141708 11.295900 0.222473 0.118873 0.967665 0.000000 0.000000 0.000000 0.000000 1.000000
0.949723 -0.140197 -0.279948 -0.000000 0.091004 0.979148 -0.181623 11.295900 0.299574 0.147015 0.942678 0.000000 0.000000 0.000000 0.000000 1.000000
0.938006 -0.156549 -0.309253 -0.000000 0.088997 0.971061 -0.221629 11.295900 0.335000 0.180367 0.924793 0.000000 0.000000 0.000000 0.000000 1.000000
0.935212 -0.172774 -0.309076 -0.000000 0.094433 0.962962 -0.252559 11.295900 0.341264 0.207009 0.916890 0.000000 0.000000 0.000000 0.000000 1.000000
0.937836 -0.182266 -0.295368 0.000000 0.100919 0.957447 -0.270390 11.295900 0.332083 0.223773 0.916322 0.000000 0.000000 0.000000 0.000000 1.000000
0.943309 -0.181693 -0.277770 0.000000 0.102247 0.955239 -0.277604 11.295900 0.315775 0.233465 0.919663 0.000000 0.000000 0.000000 0.000000 1.000000
0.949260 -0.177443 -0.259651 0.000000 0.101530 0.954324 -0.280993 11.295900 0.297651 0.240373 0.923918 0.000000 0.000000 0.000000 0.000000 1.000000
0.955398 -0.172605 -0.239629 0.000000 0.100965 0.953431 -0.284210 11.295900 0.277526 0.247340 0.928333 -0.000000 0.000000 0.000000 0.000000 1.000000
0.962323 -0.166878 -0.214679 0.000000 0.100570 0.951974 -0.289190 11.295900 0.252628 0.256704 0.932889 0.000000 0.000000 0.000000 0.000000 1.000000
0.970204 -0.159369 -0.182499 0.000000 0.100880 0.950540 -0.293765 11.295900 0.220290 0.266601 0.938294 -0.000000 0.000000 0.000000 0.000000 1.000000
0.977248 -0.152275 -0.147643 0.000000 0.103451 0.949895 -0.294953 11.295900 0.185160 0.272969 0.944036 0.000000 0.000000 0.000000 0.000000 1.000000
0.981192 -0.149974 -0.121533 -0.000000 0.108856 0.949819 -0.293247 11.295900 0.159414 0.274502 0.948280 0.000000 0.000000 0.000000 0.000000 1.000000
0.982249 -0.152355 -0.109429 0.000000 0.114981 0.949943 -0.290496 11.295900 0.148210 0.272757 0.950598 -0.000000 0.000000 0.000000 0.000000 1.000000
0.982425 -0.154164 -0.105235 0.000000 0.118443 0.950616 -0.286881 11.295900 0.144264 0.269374 0.952169 0.000000 0.000000 0.000000 0.000000 1.000000
0.983081 -0.152692 -0.101174 -0.000000 0.118760 0.951861 -0.282589 11.295900 0.139453 0.265792 0.953891 0.000000 0.000000 0.000000 0.000000 1.000000
0.984206 -0.149261 -0.095181 -0.000000 0.117895 0.953738 -0.276557 11.295900 0.132057 0.260968 0.956272 -0.000000 0.000000 0.000000 0.000000 1.000000
0.985406 -0.145085 -0.089021 -0.000000 0.116621 0.956392 -0.267793 11.295900 0.123992 0.253504 0.959355 0.000000 0.000000 0.000000 0.000000 1.000000
0.986858 -0.138816 -0.082710 0.000000 0.113576 0.959973 -0.256030 11.295900 0.114941 0.243272 0.963124 0.000000 0.000000 0.000000 0.000000 1.000000
0.988801 -0.129330 -0.074480 -0.000000 0.107923 0.964329 -0.241708 11.295900 0.103083 0.230963 0.967486 -0.000000 0.000000 0.000000 0.000000 1.000000
0.990904 -0.117819 -0.065028 -0.000000 0.100415 0.969036 -0.225577 11.295900 0.089591 0.216996 0.972053 0.000000 0.000000 0.000000 0.000000 1.000000
0.992763 -0.105732 -0.056936 -0.000000 0.091798 0.973848 -0.207831 11.295900 0.077421 0.201101 0.976506 0.000000 0.000000 0.000000 0.000000 1.000000
0.994382 -0.092770 -0.050973 -0.000000 0.081702 0.978837 -0.187627 11.295900 0.067300 0.182408 0.980917 -0.000000 0.000000 0.000000 0.000000 1.000000
0.995864 -0.078496 -0.045750 -0.000000 0.069979 0.983847 -0.164769 11.295900 0.057945 0.160886 0.985271 0.000000 0.000000 0.000000 0.000000 1.000000
0.997144 -0.064124 -0.039895 0.000000 0.057922 0.988334 -0.140855 11.295900 0.048461 0.138142 0.989226 0.000000 0.000000 0.000000 0.000000 1.000000
0.998138 -0.051244 -0.033095 0.000000 0.047038 0.991981 -0.117312 11.295900 0.038842 0.115536 0.992544 -0.000000 0.000000 0.000000 0.000000 1.000000
0.998848 -0.040027 -0.026469 0.000000 0.037361 0.994822 -0.094519 11.295900 0.030116 0.093421 0.995171 0.000000 0.000000 0.000000 0.000000 1.000000
0.999318 -0.029792 -0.021819 -0.000000 0.028120 0.996913 -0.073308 11.295900 0.023936 0.072644 0.997071 0.000000 0.000000 0.000000 0.000000 1.000000
0.999592 -0.020736 -0.019624 0.000000 0.019637 0.998313 -0.054646 11.295900 0.020724 0.054239 0.998313 -0.000000 0.000000 0.000000 0.000000 1.000000
0.999731 -0.013375 -0.018940 0.000000 0.012640 0.999182 -0.038423 11.295900 0.019439 0.038173 0.999082 0.000000 0.000000 0.000000 0.000000 1.000000</float_array>
        <technique_common>
          <accessor source="#mixamorig_Spine2-Matrix-animation-output-transform-array" count="33" stride="16">
            <param type="float4x4"/>
          </accessor>
        </technique_common>
      </source>
      <source id="mixamorig_Spine2-Interpolations">
        <Name_array id="mixamorig_Spine2-Interpolations-array" count="33">
 LINEAR LINEAR LINEAR LINEAR LINEAR LINEAR LINEAR LINEAR LINEAR LINEAR LINEAR
LINEAR LINEAR LINEAR LINEAR LINEAR LINEAR LINEAR LINEAR LINEAR LINEAR LINEAR LINEAR
LINEAR LINEAR LINEAR LINEAR LINEAR LINEAR LINEAR LINEAR LINEAR LINEAR</Name_array>
        <technique_common>
          <accessor source="#mixamorig_Spine2-Interpolations-array" count="33">
            <param type="name"/>
          </accessor>
        </technique_common>
      </source>
      <sampler id="mixamorig_Spine2-Matrix-animation-transform">
        <input semantic="INPUT" source="#mixamorig_Spine2-Matrix-animation-input"/>
        <input semantic="OUTPUT" source="#mixamorig_Spine2-Matrix-animation-output-transform"/>
        <input semantic="INTERPOLATION" source="#mixamorig_Spine2-Interpolations"/>
      </sampler>
      <channel source="#mixamorig_Spine2-Matrix-animation-transform" target="mixamorig_Spine2/matrix"/>
      <source id="mixamorig_Neck-Matrix-animation-input">
        <float_array id="mixamorig_Neck-Matrix-animation-input-array" count="33">

0.000000 0.033333 0.066667 0.100000 0.133333 0.166667 0.200000 0.233333 0.266667 0.300000 0.333333 0.366667 0.400000 0.433333 0.466667 0.500000
0.533333 0.566667 0.600000 0.633333 0.666667 0.700000 0.733333 0.766667 0.800000 0.833333 0.866667 0.900000 0.933333 0.966667 1.000000 1.033333
1.066667</float_array>
        <technique_common>
          <accessor source="#mixamorig_Neck-Matrix-animation-input-array" count="33">
            <param name="TIME" type="float"/>
          </accessor>
        </technique_common>
      </source>
      <source id="mixamorig_Neck-Matrix-animation-output-transform">
        <float_array id="mixamorig_Neck-Matrix-animation-output-transform-array" count="528">

0.970444 0.077035 -0.228700 -0.000000 -0.106889 0.986863 -0.121149 12.707800 0.216363 0.142014 0.965929 0.000000 0.000000 0.000000 0.000000 1.000000
0.978319 0.066273 -0.196212 0.000000 -0.094137 0.986188 -0.136274 12.707800 0.184471 0.151790 0.971046 0.000000 0.000000 0.000000 0.000000 1.000000
0.987777 0.062205 -0.142922 -0.000000 -0.082663 0.986410 -0.141991 12.707800 0.132147 0.152070 0.979496 0.000000 0.000000 0.000000 0.000000 1.000000
0.996447 0.037683 -0.075323 0.000000 -0.048217 0.988499 -0.143333 12.707800 0.069055 0.146456 0.986804 0.000000 0.000000 0.000000 0.000000 1.000000
0.999971 -0.007410 -0.001778 0.000000 0.007021 0.986573 -0.163170 12.707800 0.002963 0.163153 0.986596 0.000000 0.000000 0.000000 0.000000 1.000000
0.997327 -0.044975 0.057589 0.000000 0.055236 0.979987 -0.191245 12.707800 -0.047835 0.193915 0.979851 0.000000 0.000000 0.000000 0.000000 1.000000
0.993610 -0.067046 0.090796 0.000000 0.084347 0.975617 -0.202625 12.707800 -0.074997 0.208989 0.975038 0.000000 0.000000 0.000000 0.000000 1.000000
0.990895 -0.076800 0.110587 0.000000 0.098389 0.973727 -0.205366 12.707800 -0.091909 0.214376 0.972417 0.000000 0.000000 0.000000 0.000000 1.000000
0.989067 -0.080248 0.123722 -0.000000 0.105530 0.971180 -0.213712 12.707800 -0.103006 0.224432 0.969031 0.000000 0.000000 0.000000 0.000000 1.000000
0.988222 -0.080545 0.130111 -0.000000 0.109246 0.966730 -0.231298 12.707800 -0.107152 0.242788 0.964143 0.000000 0.000000 0.000000 0.000000 1.000000
0.988280 -0.075659 0.132581 0.000000 0.107691 0.961120 -0.254266 12.707800 -0.108189 0.265564 0.958004 -0.000000 0.000000 0.000000 0.000000 1.000000
0.989471 -0.064984 0.129326 0.000000 0.098383 0.957346 -0.271680 12.707800 -0.106155 0.281543 0.953659 -0.000000 0.000000 0.000000 0.000000 1.000000
0.991326 -0.054733 0.119488 0.000000 0.086305 0.956764 -0.277768 12.707800 -0.099119 0.285671 0.953188 0.000000 0.000000 0.000000 0.000000 1.000000
0.993351 -0.053875 0.101744 0.000000 0.080223 0.957783 -0.276072 12.707800 -0.082576 0.282399 0.955736 0.000000 0.000000 0.000000 0.000000 1.000000
0.995137 -0.059114 0.078788 0.000000 0.078483 0.959207 -0.271592 12.707800 -0.059519 0.276455 0.959182 -0.000000 0.000000 0.000000 0.000000 1.000000
0.996704 -0.055083 0.059554 0.000000 0.068971 0.961877 -0.264643 12.707800 -0.042707 0.267878 0.962506 0.000000 0.000000 0.000000 0.000000 1.000000
0.998038 -0.039748 0.048384 0.000000 0.050876 0.965203 -0.256505 12.707800 -0.036505 0.258463 0.965331 0.000000 0.000000 0.000000 0.000000 1.000000
0.998816 -0.026028 0.041098 0.000000 0.035554 0.967192 -0.251547 12.707800 -0.033202 0.252710 0.966972 0.000000 0.000000 0.000000 0.000000 1.000000
0.999293 -0.018719 0.032613 -0.000000 0.026255 0.968214 -0.248740 12.707800 -0.026921 0.249420 0.968021 0.000000 0.000000 0.000000 0.000000 1.000000
0.999737 -0.011337 0.019958 0.000000 0.015863 0.969702 -0.243777 12.707800 -0.016589 0.244029 0.969626 0.000000 0.000000 0.000000 0.000000 1.000000
0.999990 -0.000520 0.004410 -0.000000 0.001550 0.971529 -0.236917 12.707800 -0.004162 0.236921 0.971520 0.000000 0.000000 0.000000 0.000000 1.000000
0.999866 0.010592 -0.012520 -0.000000 -0.013184 0.973203 -0.229570 12.707800 0.009753 0.229704 0.973212 0.000000 0.000000 0.000000 0.000000 1.000000
0.999309 0.019718 -0.031505 0.000000 -0.026211 0.974865 -0.221251 12.707800 0.026351 0.221924 0.974708 0.000000 0.000000 0.000000 0.000000 1.000000
0.998217 0.028303 -0.052557 0.000000 -0.038790 0.976774 -0.210733 12.707800 0.045372 0.212395 0.976130 -0.000000 0.000000 0.000000 0.000000 1.000000
0.996516 0.037676 -0.074401 0.000000 -0.051794 0.978820 -0.198061 12.707800 0.065363 0.201225 0.977362 0.000000 0.000000 0.000000 0.000000 1.000000
