<?xml version="1.0" encoding="utf-8"?>
<COLLADA xmlns="http://www.collada.org/2005/11/COLLADASchema" version="1.4.1">
  <asset>
    <contributor>
      <author>Mixamo</author>
      <authoring_tool>COLLADA Mixamo exporter</authoring_tool>
      <comments/>
    </contributor>
    <created>2024-05-10T11:40:34Z</created>
    <modified>2024-05-10T11:40:34Z</modified>
    <revision/>
    <title/>
    <unit meter="0.010000"/>
    <up_axis>Y_UP</up_axis>
  </asset>
  <library_animations>
    <animation>
      <source id="Armature-Matrix-animation-input">
        <float_array id="Armature-Matrix-animation-input-array" count="31">

0.000000 0.033333 0.066667 0.100000 0.133333 0.166667 0.200000 0.233333 0.266667 0.300000 0.333333 0.366667 0.400000 0.433333 0.466667 0.500000
0.533333 0.566667 0.600000 0.633333 0.666667 0.700000 0.733333 0.766667 0.800000 0.833333 0.866667 0.900000 0.933333 0.966667 1.000000</float_array>
        <technique_common>
          <accessor source="#Armature-Matrix-animation-input-array" count="31">
            <param name="TIME" type="float"/>
          </accessor>
        </technique_common>
      </source>
      <source id="Armature-Matrix-animation-output-transform">
        <float_array id="Armature-Matrix-animation-output-transform-array" count="496">

1.000000 0.000000 0.000000 0.000000 0.000000 0.000000 1.000000 0.000000 0.000000 -1.000000 0.000000 0.000000 0.000000 0.000000 0.000000 1.000000
1.000000 0.000000 0.000000 0.000000 0.000000 0.000000 1.000000 0.000000 0.000000 -1.000000 0.000000 0.000000 0.000000 0.000000 0.000000 1.000000
1.000000 0.000000 0.000000 0.000000 0.000000 0.000000 1.000000 0.000000 0.000000 -1.000000 0.000000 0.000000 0.000000 0.000000 0.000000 1.000000
1.000000 0.000000 0.000000 0.000000 0.000000 0.000000 1.000000 0.000000 0.000000 -1.000000 0.000000 0.000000 0.000000 0.000000 0.000000 1.000000
1.000000 0.000000 0.000000 0.000000 0.000000 0.000000 1.000000 0.000000 0.000000 -1.000000 0.000000 0.000000 0.000000 0.000000 0.000000 1.000000
1.000000 0.000000 0.000000 0.000000 0.000000 0.000000 1.000000 0.000000 0.000000 -1.000000 0.000000 0.000000 0.000000 0.000000 0.000000 1.000000
1.000000 0.000000 0.000000 0.000000 0.000000 0.000000 1.000000 0.000000 0.000000 -1.000000 0.000000 0.000000 0.000000 0.000000 0.000000 1.000000
1.000000 0.000000 0.000000 0.000000 0.000000 0.000000 1.000000 0.000000 0.000000 -1.000000 0.000000 0.000000 0.000000 0.000000 0.000000 1.000000
1.000000 0.000000 0.000000 0.000000 0.000000 0.000000 1.000000 0.000000 0.000000 -1.000000 0.000000 0.000000 0.000000 0.000000 0.000000 1.000000
1.000000 0.000000 0.000000 0.000000 0.000000 0.000000 1.000000 0.000000 0.000000 -1.000000 0.000000 0.000000 0.000000 0.000000 0.000000 1.000000
1.000000 0.000000 0.000000 0.000000 0.000000 0.000000 1.000000 0.000000 0.000000 -1.000000 0.000000 0.000000 0.000000 0.000000 0.000000 1.000000
1.000000 0.000000 0.000000 0.000000 0.000000 0.000000 1.000000 0.000000 0.000000 -1.000000 0.000000 0.000000 0.000000 0.000000 0.000000 1.000000
1.000000 0.000000 0.000000 0.000000 0.000000 0.000000 1.000000 0.000000 0.000000 -1.000000 0.000000 0.000000 0.000000 0.000000 0.000000 1.000000
1.000000 0.000000 0.000000 0.000000 0.000000 0.000000 1.000000 0.000000 0.000000 -1.000000 0.000000 0.000000 0.000000 0.000000 0.000000 1.000000
1.000000 0.000000 0.000000 0.000000 0.000000 0.000000 1.000000 0.000000 0.000000 -1.000000 0.000000 0.000000 0.000000 0.000000 0.000000 1.000000
1.000000 0.000000 0.000000 0.000000 0.000000 0.000000 1.000000 0.000000 0.000000 -1.000000 0.000000 0.000000 0.000000 0.000000 0.000000 1.000000
1.000000 0.000000 0.000000 0.000000 0.000000 0.000000 1.000000 0.000000 0.000000 -1.000000 0.000000 0.000000 0.000000 0.000000 0.000000 1.000000
1.000000 0.000000 0.000000 0.000000 0.000000 0.000000 1.000000 0.000000 0.000000 -1.000000 0.000000 0.000000 0.000000 0.000000 0.000000 1.000000
1.000000 0.000000 0.000000 0.000000 0.000000 0.000000 1.000000 0.000000 0.000000 -1.000000 0.000000 0.000000 0.000000 0.000000 0.000000 1.000000
1.000000 0.000000 0.000000 0.000000 0.000000 0.000000 1.000000 0.000000 0.000000 -1.000000 0.000000 0.000000 0.000000 0.000000 0.000000 1.000000
1.000000 0.000000 0.000000 0.000000 0.000000 0.000000 1.000000 0.000000 0.000000 -1.000000 0.000000 0.000000 0.000000 0.000000 0.000000 1.000000
1.000000 0.000000 0.000000 0.000000 0.000000 0.000000 1.000000 0.000000 0.000000 -1.000000 0.000000 0.000000 0.000000 0.000000 0.000000 1.000000
1.000000 0.000000 0.000000 0.000000 0.000000 0.000000 1.000000 0.000000 0.000000 -1.000000 0.000000 0.000000 0.000000 0.000000 0.000000 1.000000
1.000000 0.000000 0.000000 0.000000 0.000000 0.000000 1.000000 0.000000 0.000000 -1.000000 0.000000 0.000000 0.000000 0.000000 0.000000 1.000000
1.000000 0.000000 0.000000 0.000000 0.000000 0.000000 1.000000 0.000000 0.000000 -1.000000 0.000000 0.000000 0.000000 0.000000 0.000000 1.000000
1.000000 0.000000 0.000000 0.000000 0.000000 0.000000 1.000000 0.000000 0.000000 -1.000000 0.000000 0.000000 0.000000 0.000000 0.000000 1.000000
1.000000 0.000000 0.000000 0.000000 0.000000 0.000000 1.000000 0.000000 0.000000 -1.000000 0.000000 0.000000 0.000000 0.000000 0.000000 1.000000
1.000000 0.000000 0.000000 0.000000 0.000000 0.000000 1.000000 0.000000 0.000000 -1.000000 0.000000 0.000000 0.000000 0.000000 0.000000 1.000000
1.000000 0.000000 0.000000 0.000000 0.000000 0.000000 1.000000 0.000000 0.000000 -1.000000 0.000000 0.000000 0.000000 0.000000 0.000000 1.000000
1.000000 0.000000 0.000000 0.000000 0.000000 0.000000 1.000000 0.000000 0.000000 -1.000000 0.000000 0.000000 0.000000 0.000000 0.000000 1.000000
1.000000 0.000000 0.000000 0.000000 0.000000 0.000000 1.000000 0.000000 0.000000 -1.000000 0.000000 0.000000 0.000000 0.000000 0.000000 1.000000</float_array>
        <technique_common>
          <accessor source="#Armature-Matrix-animation-output-transform-array" count="31" stride="16">
            <param type="float4x4"/>
          </accessor>
        </technique_common>
      </source>
      <source id="Armature-Interpolations">
        <Name_array id="Armature-Interpolations-array" count="31">
 LINEAR LINEAR LINEAR LINEAR LINEAR LINEAR LINEAR LINEAR LINEAR LINEAR LINEAR
LINEAR LINEAR LINEAR LINEAR LINEAR LINEAR LINEAR LINEAR LINEAR LINEAR LINEAR LINEAR
LINEAR LINEAR LINEAR LINEAR LINEAR LINEAR LINEAR LINEAR</Name_array>
        <technique_common>
          <accessor source="#Armature-Interpolations-array" count="31">
            <param type="name"/>
          </accessor>
        </technique_common>
      </source>
      <sampler id="Armature-Matrix-animation-transform">
        <input semantic="INPUT" source="#Armature-Matrix-animation-input"/>
        <input semantic="OUTPUT" source="#Armature-Matrix-animation-output-transform"/>
        <input semantic="INTERPOLATION" source="#Armature-Interpolations"/>
      </sampler>
      <channel source="#Armature-Matrix-animation-transform" target="Armature/matrix"/>
      <source id="mixamorig_Hips-Matrix-animation-input">
        <float_array id="mixamorig_Hips-Matrix-animation-input-array" count="31">

0.000000 0.033333 0.066667 0.100000 0.133333 0.166667 0.200000 0.233333 0.266667 0.300000 0.333333 0.366667 0.400000 0.433333 0.466667 0.500000
0.533333 0.566667 0.600000 0.633333 0.666667 0.700000 0.733333 0.766667 0.800000 0.833333 0.866667 0.900000 0.933333 0.966667 1.000000</float_array>
        <technique_common>
          <accessor source="#mixamorig_Hips-Matrix-animation-input-array" count="31">
            <param name="TIME" type="float"/>
          </accessor>
        </technique_common>
      </source>
      <source id="mixamorig_Hips-Matrix-animation-output-transform">
        <float_array id="mixamorig_Hips-Matrix-animation-output-transform-array" count="496">

0.691900 -0.000427 0.721993 0.256546 0.718848 0.093639 -0.688831 -0.104144 -0.067312 0.995606 0.065096 84.181152 0.000000 0.000000 0.000000 1.000000
0.686922 0.001430 0.726730 -0.035630 0.722571 0.105503 -0.683198 0.117567 -0.077649 0.994418 0.071439 84.404274 0.000000 0.000000 0.000000 1.000000
0.688854 0.016955 0.724702 -0.378351 0.716486 0.135957 -0.684225 0.234032 -0.110129 0.990570 0.081506 84.667770 0.000000 0.000000 0.000000 1.000000
0.700107 0.051841 0.712153 -0.696654 0.690473 0.204958 -0.693714 -0.447945 -0.181924 0.977397 0.107697 85.037430 0.000000 0.000000 0.000000 1.000000
0.679651 0.075365 0.729654 -1.211570 0.692631 0.261592 -0.672184 -0.866957 -0.241530 0.962232 0.125591 85.474701 0.000000 0.000000 0.000000 1.000000
0.603428 0.078583 0.793536 -1.934349 0.750838 0.279138 -0.598602 -0.712965 -0.268546 0.957030 0.109437 85.943253 0.000000 0.000000 0.000000 1.000000
0.470840 0.075592 0.878974 -2.875148 0.838053 0.272965 -0.472395 -0.458159 -0.275638 0.959050 0.065173 86.495094 0.000000 0.000000 0.000000 1.000000
0.304126 0.064878 0.950420 -3.837622 0.917266 0.249374 -0.310540 -0.127423 -0.257157 0.966232 0.016330 87.073853 0.000000 0.000000 0.000000 1.000000
0.149445 0.052293 0.987386 -4.732863 0.963031 0.218667 -0.157340 0.259116 -0.224136 0.974397 -0.017681 87.730942 0.000000 0.000000 0.000000 1.000000
0.028515 0.051449 0.998268 -5.553302 0.980738 0.191619 -0.037890 0.582195 -0.193236 0.980120 -0.044994 88.475479 0.000000 0.000000 0.000000 1.000000
-0.069312 0.063836 0.995550 -6.157856 0.983036 0.174244 0.057268 0.725909 -0.169813 0.982631 -0.074830 88.971077 0.000000 0.000000 0.000000 1.000000
-0.146092 0.072179 0.986634 -6.478834 0.976990 0.167190 0.132432 0.744778 -0.155396 0.983279 -0.094943 88.979843 0.000000 0.000000 0.000000 1.000000
-0.189835 0.066064 0.979591 -6.571012 0.970281 0.165117 0.176896 0.799686 -0.150060 0.984059 -0.095446 88.634720 0.000000 0.000000 0.000000 1.000000
-0.196025 0.050920 0.979276 -6.499235 0.968589 0.165874 0.185261 0.991652 -0.153003 0.984831 -0.081836 88.234390 0.000000 0.000000 0.000000 1.000000
-0.168169 0.032589 0.985219 -6.357137 0.972294 0.170106 0.160336 1.355845 -0.162367 0.984887 -0.060292 87.928017 0.000000 0.000000 0.000000 1.000000
-0.108698 0.014509 0.993969 -6.216110 0.979086 0.174545 0.104523 1.844640 -0.171976 0.984542 -0.033178 87.677612 0.000000 0.000000 0.000000 1.000000
-0.024615 -0.001526 0.999696 -6.108389 0.983863 0.177241 0.024496 2.370037 -0.177225 0.984166 -0.002861 87.500916 0.000000 0.000000 0.000000 1.000000
0.070481 -0.015225 0.997397 -5.991028 0.981169 0.181319 -0.066567 2.859563 -0.179833 0.983307 0.027718 87.411331 0.000000 0.000000 0.000000 1.000000
0.165492 -0.024176 0.985915 -5.833398 0.969560 0.186917 -0.158163 3.268556 -0.180460 0.982078 0.054374 87.339371 0.000000 0.000000 0.000000 1.000000
0.256838 -0.025840 0.966109 -5.639874 0.950589 0.187143 -0.247707 3.539793 -0.174400 0.981993 0.072629 87.223663 0.000000 0.000000 0.000000 1.000000
0.343980 -0.021899 0.938722 -5.342790 0.925237 0.178303 -0.334879 3.613532 -0.160044 0.983732 0.081594 87.026855 0.000000 0.000000 0.000000 1.000000
0.421947 -0.016664 0.906467 -4.950473 0.895052 0.166866 -0.413566 3.502252 -0.144367 0.985839 0.085324 86.786148 0.000000 0.000000 0.000000 1.000000
0.483404 -0.011895 0.875317 -4.503026 0.865121 0.159256 -0.475608 3.242853 -0.133742 0.987166 0.087276 86.446556 0.000000 0.000000 0.000000 1.000000
0.526758 -0.006366 0.849992 -4.042783 0.840435 0.153609 -0.519685 2.882663 -0.127258 0.988111 0.086265 86.015511 0.000000 0.000000 0.000000 1.000000
0.560911 0.001322 0.827875 -3.525146 0.819099 0.144345 -0.555195 2.474379 -0.120234 0.989527 0.079882 85.566254 0.000000 0.000000 0.000000 1.000000
0.594756 0.008577 0.803861 -2.876825 0.796341 0.130575 -0.590585 2.059699 -0.110030 0.991401 0.070831 85.130035 0.000000 0.000000 0.000000 1.000000
0.627156 0.011027 0.778816 -2.123818 0.772847 0.115546 -0.623985 1.648925 -0.096870 0.993241 0.063943 84.721603 0.000000 0.000000 0.000000 1.000000
0.654236 0.007729 0.756251 -1.366723 0.751806 0.102087 -0.651434 1.233373 -0.082239 0.994745 0.060979 84.392639 0.000000 0.000000 0.000000 1.000000
0.675868 0.001714 0.737021 -0.681977 0.733713 0.093095 -0.673051 0.795737 -0.069767 0.995656 0.061662 84.185806 0.000000 0.000000 0.000000 1.000000
0.689614 -0.001740 0.724175 -0.121959 0.721289 0.090875 -0.686647 0.331766 -0.064615 0.995861 0.063924 84.108940 0.000000 0.000000 0.000000 1.000000
0.691900 -0.000427 0.721993 0.256546 0.718849 0.093639 -0.688831 -0.104139 -0.067313 0.995606 0.065096 84.181152 0.000000 0.000000 0.000000 1.000000</float_array>
        <technique_common>
          <accessor source="#mixamorig_Hips-Matrix-animation-output-transform-array" count="31" stride="16">
            <param type="float4x4"/>
          </accessor>
        </technique_common>
      </source>
      <source id="mixamorig_Hips-Interpolations">
        <Name_array id="mixamorig_Hips-Interpolations-array" count="31">
 LINEAR LINEAR LINEAR LINEAR LINEAR LINEAR LINEAR LINEAR LINEAR LINEAR LINEAR
LINEAR LINEAR LINEAR LINEAR LINEAR LINEAR LINEAR LINEAR LINEAR LINEAR LINEAR LINEAR
LINEAR LINEAR LINEAR LINEAR LINEAR LINEAR LINEAR LINEAR</Name_array>
        <technique_common>
          <accessor source="#mixamorig_Hips-Interpolations-array" count="31">
            <param type="name"/>
          </accessor>
        </technique_common>
      </source>
      <sampler id="mixamorig_Hips-Matrix-animation-transform">
        <input semantic="INPUT" source="#mixamorig_Hips-Matrix-animation-input"/>
        <input semantic="OUTPUT" source="#mixamorig_Hips-Matrix-animation-output-transform"/>
        <input semantic="INTERPOLATION" source="#mixamorig_Hips-Interpolations"/>
      </sampler>
      <channel source="#mixamorig_Hips-Matrix-animation-transform" target="mixamorig_Hips/matrix"/>
      <source id="mixamorig_Spine-Matrix-animation-input">
        <float_array id="mixamorig_Spine-Matrix-animation-input-array" count="31">

0.000000 0.033333 0.066667 0.100000 0.133333 0.166667 0.200000 0.233333 0.266667 0.300000 0.333333 0.366667 0.400000 0.433333 0.466667 0.500000
0.533333 0.566667 0.600000 0.633333 0.666667 0.700000 0.733333 0.766667 0.800000 0.833333 0.866667 0.900000 0.933333 0.966667 1.000000</float_array>
        <technique_common>
          <accessor source="#mixamorig_Spine-Matrix-animation-input-array" count="31">
            <param name="TIME" type="float"/>
          </accessor>
        </technique_common>
      </source>
      <source id="mixamorig_Spine-Matrix-animation-output-transform">
        <float_array id="mixamorig_Spine-Matrix-animation-output-transform-array" count="496">

0.991734 -0.015957 -0.127312 0.000000 0.010836 0.999108 -0.040819 8.407700 0.127849 0.039102 0.991022 -1.041900 0.000000 0.000000 0.000000 1.000000
0.990857 -0.018216 -0.133683 0.000000 0.013722 0.999312 -0.034461 8.407700 0.134219 0.032312 0.990425 -1.041900 0.000000 0.000000 0.000000 1.000000
0.985158 -0.026814 -0.169544 -0.000000 0.023883 0.999528 -0.019303 8.407700 0.169982 0.014967 0.985333 -1.041900 0.000000 0.000000 0.000000 1.000000
0.974321 -0.008537 -0.225003 0.000000 0.013536 0.999694 0.020685 8.407700 0.224758 -0.023200 0.974138 -1.041900 0.000000 0.000000 0.000000 1.000000
0.974124 0.042607 -0.221961 0.000000 -0.031173 0.998013 0.054764 8.407700 0.223853 -0.046427 0.973517 -1.041900 0.000000 0.000000 0.000000 1.000000
0.981405 0.086785 -0.171210 0.000000 -0.078577 0.995436 0.054162 8.407700 0.175129 -0.039702 0.983745 -1.041900 0.000000 0.000000 0.000000 1.000000
0.984241 0.129090 -0.120851 -0.000000 -0.127268 0.991608 0.022714 8.407700 0.122769 -0.006975 0.992411 -1.041900 0.000000 0.000000 0.000000 1.000000
0.980916 0.175464 -0.083760 0.000000 -0.179297 0.982956 -0.040613 8.407700 0.075207 0.054856 0.995658 -1.041900 0.000000 0.000000 0.000000 1.000000
0.975904 0.214649 -0.039209 0.000000 -0.217930 0.967782 -0.126111 8.407700 0.010876 0.131617 0.991241 -1.041900 0.000000 0.000000 0.000000 1.000000
0.973369 0.227696 0.026607 -0.000000 -0.217428 0.953737 -0.207633 8.407700 -0.072653 0.196319 0.977845 -1.041900 0.000000 0.000000 0.000000 1.000000
0.973735 0.208324 0.091880 0.000000 -0.177916 0.947998 -0.263903 8.407700 -0.142079 0.240625 0.960163 -1.041900 0.000000 0.000000 0.000000 1.000000
0.974231 0.175342 0.141880 0.000000 -0.126833 0.946028 -0.298237 8.407700 -0.186516 0.272556 0.943888 -1.041900 0.000000 0.000000 0.000000 1.000000
0.972478 0.149541 0.178675 -0.000000 -0.085917 0.942972 -0.321592 8.407700 -0.216577 0.297390 0.929868 -1.041900 0.000000 0.000000 0.000000 1.000000
0.970611 0.136335 0.198309 0.000000 -0.063510 0.939947 -0.335359 8.407700 -0.232121 0.312909 0.920982 -1.041900 0.000000 0.000000 0.000000 1.000000
0.970734 0.129060 0.202532 -0.000000 -0.054193 0.939296 -0.338800 8.407700 -0.233963 0.317909 0.918801 -1.041900 0.000000 0.000000 0.000000 1.000000
0.971791 0.123352 0.201012 0.000000 -0.050473 0.941345 -0.333649 8.407700 -0.230378 0.314092 0.921017 -1.041900 0.000000 0.000000 0.000000 1.000000
0.972520 0.119661 0.199717 -0.000000 -0.050412 0.945692 -0.321131 8.407700 -0.227298 0.302238 0.925736 -1.041900 0.000000 0.000000 0.000000 1.000000
0.972927 0.114351 0.200839 0.000000 -0.049526 0.951986 -0.302110 8.407700 -0.225742 0.283985 0.931876 -1.041900 0.000000 0.000000 0.000000 1.000000
0.973949 0.103565 0.201737 -0.000000 -0.044864 0.960036 -0.276256 8.407700 -0.222286 0.260009 0.939672 -1.041900 0.000000 0.000000 0.000000 1.000000
0.976849 0.092155 0.193062 0.000000 -0.043447 0.969114 -0.242757 8.407700 -0.209471 0.228749 0.950682 -1.041900 0.000000 0.000000 0.000000 1.000000
0.982157 0.085354 0.167577 0.000000 -0.049957 0.977472 -0.205069 8.407700 -0.181305 0.193039 0.964295 -1.041900 0.000000 0.000000 0.000000 1.000000
0.988857 0.077683 0.126997 -0.000000 -0.055437 0.983855 -0.170163 8.407700 -0.138165 0.161226 0.977198 -1.041900 0.000000 0.000000 0.000000 1.000000
0.995506 0.061010 0.072420 0.000000 -0.050258 0.988593 -0.141981 8.407700 -0.080257 0.137703 0.987217 -1.041900 0.000000 0.000000 0.000000 1.000000
0.999274 0.037659 0.005800 0.000000 -0.036731 0.992554 -0.116135 8.407700 -0.010130 0.115837 0.993217 -1.041900 0.000000 0.000000 0.000000 1.000000
0.998053 0.017944 -0.059737 0.000000 -0.023176 0.995843 -0.088087 8.407700 0.057908 0.089300 0.994320 -1.041900 0.000000 0.000000 0.000000 1.000000
0.994220 0.006423 -0.107173 0.000000 -0.013279 0.997901 -0.063380 8.407700 0.106541 0.064437 0.992218 -1.041900 0.000000 0.000000 0.000000 1.000000
0.991108 0.000541 -0.133061 0.000000 -0.007212 0.998740 -0.049654 8.407700 0.132866 0.050173 0.989863 -1.041900 0.000000 0.000000 0.000000 1.000000
0.989798 -0.001675 -0.142466 -0.000000 -0.004989 0.998910 -0.046411 8.407700 0.142388 0.046648 0.988711 -1.041900 0.000000 0.000000 0.000000 1.000000
0.990269 -0.002419 -0.139147 0.000000 -0.004325 0.998831 -0.048149 8.407700 0.139101 0.048283 0.989101 -1.041900 0.000000 0.000000 0.000000 1.000000
0.991317 -0.006558 -0.131328 -0.000000 0.000268 0.998854 -0.047857 8.407700 0.131492 0.047406 0.990183 -1.041900 0.000000 0.000000 0.000000 1.000000
0.991734 -0.015958 -0.127312 -0.000000 0.010836 0.999108 -0.040819 8.407700 0.127849 0.039102 0.991022 -1.041900 0.000000 0.000000 0.000000 1.000000</float_array>
        <technique_common>
          <accessor source="#mixamorig_Spine-Matrix-animation-output-transform-array" count="31" stride="16">
            <param type="float4x4"/>
          </accessor>
        </technique_common>
      </source>
      <source id="mixamorig_Spine-Interpolations">
        <Name_array id="mixamorig_Spine-Interpolations-array" count="31">
 LINEAR LINEAR LINEAR LINEAR LINEAR LINEAR LINEAR LINEAR LINEAR LINEAR LINEAR
LINEAR LINEAR LINEAR LINEAR LINEAR LINEAR LINEAR LINEAR LINEAR LINEAR LINEAR LINEAR
LINEAR LINEAR LINEAR LINEAR LINEAR LINEAR LINEAR LINEAR</Name_array>
        <technique_common>
          <accessor source="#mixamorig_Spine-Interpolations-array" count="31">
            <param type="name"/>
          </accessor>
        </technique_common>
      </source>
      <sampler id="mixamorig_Spine-Matrix-animation-transform">
        <input semantic="INPUT" source="#mixamorig_Spine-Matrix-animation-input"/>
        <input semantic="OUTPUT" source="#mixamorig_Spine-Matrix-animation-output-transform"/>
        <input semantic="INTERPOLATION" source="#mixamorig_Spine-Interpolations"/>
      </sampler>
      <channel source="#mixamorig_Spine-Matrix-animation-transform" target="mixamorig_Spine/matrix"/>
      <source id="mixamorig_Spine1-Matrix-animation-input">
        <float_array id="mixamorig_Spine1-Matrix-animation-input-array" count="31">

0.000000 0.033333 0.066667 0.100000 0.133333 0.166667 0.200000 0.233333 0.266667 0.300000 0.333333 0.366667 0.400000 0.433333 0.466667 0.500000
0.533333 0.566667 0.600000 0.633333 0.666667 0.700000 0.733333 0.766667 0.800000 0.833333 0.866667 0.900000 0.933333 0.966667 1.000000</float_array>
        <technique_common>
          <accessor source="#mixamorig_Spine1-Matrix-animation-input-array" count="31">
            <param name="TIME" type="float"/>
          </accessor>
        </technique_common>
      </source>
      <source id="mixamorig_Spine1-Matrix-animation-output-transform">
        <float_array id="mixamorig_Spine1-Matrix-animation-output-transform-array" count="496">

0.999723 -0.013732 -0.019110 0.000000 0.012995 0.999187 -0.038158 9.883800 0.019618 0.037899 0.999089 0.000000 0.000000 0.000000 0.000000 1.000000
0.999422 -0.018956 -0.028209 0.000000 0.017407 0.998380 -0.054177 9.883800 0.029190 0.053655 0.998133 0.000000 0.000000 0.000000 0.000000 1.000000
0.998237 -0.028096 -0.052280 0.000000 0.024496 0.997366 -0.068271 9.883800 0.054060 0.066870 0.996296 0.000000 0.000000 0.000000 0.000000 1.000000
0.995902 -0.027022 -0.086312 -0.000000 0.020722 0.997112 -0.073068 9.883800 0.088037 0.070980 0.993585 0.000000 0.000000 0.000000 0.000000 1.000000
0.995590 -0.010189 -0.093259 0.000000 0.002597 0.996697 -0.081163 9.883800 0.093778 0.080563 0.992328 0.000000 0.000000 0.000000 0.000000 1.000000
0.996915 0.006079 -0.078248 0.000000 -0.014252 0.994442 -0.104314 9.883800 0.077179 0.105107 0.991462 0.000000 0.000000 0.000000 0.000000 1.000000
0.997674 0.023569 -0.063958 0.000000 -0.032399 0.989516 -0.140739 9.883800 0.059971 0.142484 0.987979 0.000000 0.000000 0.000000 0.000000 1.000000
0.997398 0.045522 -0.055898 -0.000000 -0.055446 0.979972 -0.191261 9.883800 0.046072 0.193863 0.979946 0.000000 0.000000 0.000000 0.000000 1.000000
0.996968 0.064850 -0.043004 0.000000 -0.073590 0.965370 -0.250290 9.883800 0.025284 0.252696 0.967215 -0.000000 0.000000 0.000000 0.000000 1.000000
0.997357 0.070430 -0.017857 0.000000 -0.072519 0.949729 -0.304558 9.883800 -0.004491 0.305048 0.952326 0.000000 0.000000 0.000000 0.000000 1.000000
0.998184 0.059498 0.009444 -0.000000 -0.052609 0.937299 -0.344533 9.883800 -0.029351 0.343410 0.938727 0.000000 0.000000 0.000000 0.000000 1.000000
0.998626 0.041547 0.031924 0.000000 -0.026789 0.928498 -0.370370 9.883800 -0.045029 0.369006 0.928335 0.000000 0.000000 0.000000 0.000000 1.000000
0.998362 0.027703 0.050068 0.000000 -0.006267 0.922661 -0.385561 9.883800 -0.056877 0.384615 0.921323 0.000000 0.000000 0.000000 0.000000 1.000000
0.997942 0.020827 0.060642 0.000000 0.004635 0.919869 -0.392198 9.883800 -0.063951 0.391672 0.917880 0.000000 0.000000 0.000000 0.000000 1.000000
0.997854 0.016781 0.063296 -0.000000 0.009452 0.919576 -0.392799 9.883800 -0.064797 0.392554 0.917443 0.000000 0.000000 0.000000 0.000000 1.000000
0.997932 0.013354 0.062872 0.000000 0.012154 0.921328 -0.388596 9.883800 -0.063115 0.388557 0.919261 0.000000 0.000000 0.000000 0.000000 1.000000
0.997999 0.010737 0.062316 0.000000 0.013811 0.924671 -0.380517 9.883800 -0.061707 0.380616 0.922672 0.000000 0.000000 0.000000 0.000000 1.000000
0.997996 0.006846 0.062899 0.000000 0.016900 0.929164 -0.369281 9.883800 -0.060971 0.369604 0.927187 0.000000 0.000000 0.000000 0.000000 1.000000
0.997984 -0.000308 0.063467 0.000000 0.022882 0.934484 -0.355270 9.883800 -0.059200 0.356006 0.932607 -0.000000 0.000000 0.000000 0.000000 1.000000
0.998161 -0.007520 0.060145 0.000000 0.027352 0.941386 -0.336220 9.883800 -0.054092 0.337247 0.939861 0.000000 0.000000 0.000000 0.000000 1.000000
0.998625 -0.010868 0.051286 -0.000000 0.026216 0.950698 -0.309009 9.883800 -0.045399 0.309929 0.949675 0.000000 0.000000 0.000000 0.000000 1.000000
0.999195 -0.013174 0.037895 0.000000 0.023189 0.960435 -0.277537 9.883800 -0.032739 0.278192 0.959967 0.000000 0.000000 0.000000 0.000000 1.000000
0.999626 -0.018374 0.020266 0.000000 0.022781 0.969283 -0.244892 9.883800 -0.015144 0.245262 0.969338 0.000000 0.000000 0.000000 0.000000 1.000000
0.999685 -0.025026 -0.001750 0.000000 0.024103 0.977467 -0.209710 9.883800 0.006959 0.209601 0.977762 0.000000 0.000000 0.000000 0.000000 1.000000
0.999333 -0.028245 -0.023160 0.000000 0.023887 0.985050 -0.170606 9.883800 0.027633 0.169939 0.985067 0.000000 0.000000 0.000000 0.000000 1.000000
0.998989 -0.026306 -0.036463 0.000000 0.021278 0.991020 -0.132007 9.883800 0.039609 0.131098 0.990578 0.000000 0.000000 0.000000 0.000000 1.000000
0.998967 -0.021176 -0.040203 0.000000 0.017071 0.994858 -0.099832 9.883800 0.042111 0.099043 0.994192 0.000000 0.000000 0.000000 0.000000 1.000000
0.999200 -0.014902 -0.037105 0.000000 0.012056 0.997052 -0.075777 9.883800 0.038125 0.075269 0.996434 0.000000 0.000000 0.000000 0.000000 1.000000
0.999515 -0.009947 -0.029493 0.000000 0.008202 0.998242 -0.058708 9.883800 0.030025 0.058437 0.997839 0.000000 0.000000 0.000000 0.000000 1.000000
0.999714 -0.009379 -0.021997 0.000000 0.008350 0.998886 -0.046453 9.883800 0.022408 0.046257 0.998678 -0.000000 0.000000 0.000000 0.000000 1.000000
0.999723 -0.013732 -0.019110 0.000000 0.012995 0.999187 -0.038158 9.883800 0.019618 0.037899 0.999089 0.000000 0.000000 0.000000 0.000000 1.000000</float_array>
        <technique_common>
          <accessor source="#mixamorig_Spine1-Matrix-animation-output-transform-array" count="31" stride="16">
            <param type="float4x4"/>
          </accessor>
        </technique_common>
      </source>
      <source id="mixamorig_Spine1-Interpolations">
        <Name_array id="mixamorig_Spine1-Interpolations-array" count="31">
 LINEAR LINEAR LINEAR LINEAR LINEAR LINEAR LINEAR LINEAR LINEAR LINEAR LINEAR
LINEAR LINEAR LINEAR LINEAR LINEAR LINEAR LINEAR LINEAR LINEAR LINEAR LINEAR LINEAR
LINEAR LINEAR LINEAR LINEAR LINEAR LINEAR LINEAR LINEAR</Name_array>
        <technique_common>
          <accessor source="#mixamorig_Spine1-Interpolations-array" count="31">
            <param type="name"/>
          </accessor>
        </technique_common>
      </source>
      <sampler id="mixamorig_Spine1-Matrix-animation-transform">
        <input semantic="INPUT" source="#mixamorig_Spine1-Matrix-animation-input"/>
        <input semantic="OUTPUT" source="#mixamorig_Spine1-Matrix-animation-output-transform"/>
        <input semantic="INTERPOLATION" source="#mixamorig_Spine1-Interpolations"/>
      </sampler>
      <channel source="#mixamorig_Spine1-Matrix-animation-transform" target="mixamorig_Spine1/matrix"/>
      <source id="mixamorig_Spine2-Matrix-animation-input">
        <float_array id="mixamorig_Spine2-Matrix-animation-input-array" count="31">

0.000000 0.033333 0.066667 0.100000 0.133333 0.166667 0.200000 0.233333 0.266667 0.300000 0.333333 0.366667 0.400000 0.433333 0.466667 0.500000
0.533333 0.566667 0.600000 0.633333 0.666667 0.700000 0.733333 0.766667 0.800000 0.833333 0.866667 0.900000 0.933333 0.966667 1.000000</float_array>
        <technique_common>
          <accessor source="#mixamorig_Spine2-Matrix-animation-input-array" count="31">
            <param name="TIME" type="float"/>
          </accessor>
        </technique_common>
      </source>
      <source id="mixamorig_Spine2-Matrix-animation-output-transform">
        <float_array id="mixamorig_Spine2-Matrix-animation-output-transform-array" count="496">

0.999731 -0.013375 -0.018941 0.000000 0.012640 0.999182 -0.038423 11.295900 0.019439 0.038173 0.999082 0.000000 0.000000 0.000000 0.000000 1.000000
0.999433 -0.018609 -0.028072 0.000000 0.017061 0.998374 -0.054399 11.295900 0.029038 0.053889 0.998125 -0.000000 0.000000 0.000000 0.000000 1.000000
0.998254 -0.027705 -0.052173 0.000000 0.024101 0.997361 -0.068479 11.295900 0.053932 0.067102 0.996287 0.000000 0.000000 0.000000 0.000000 1.000000
0.995923 -0.026561 -0.086204 0.000000 0.020249 0.997105 -0.073291 11.295900 0.087901 0.071246 0.993578 0.000000 0.000000 0.000000 0.000000 1.000000
0.995603 -0.009796 -0.093158 -0.000000 0.002198 0.996686 -0.081313 11.295900 0.093646 0.080750 0.992325 0.000000 0.000000 0.000000 0.000000 1.000000
0.996919 0.006331 -0.078186 0.000000 -0.014498 0.994436 -0.104339 11.295900 0.077090 0.105151 0.991464 -0.000000 0.000000 0.000000 0.000000 1.000000
0.997671 0.023720 -0.063956 0.000000 -0.032544 0.989522 -0.140667 11.295900 0.059949 0.142421 0.987989 0.000000 0.000000 0.000000 0.000000 1.000000
0.997388 0.045606 -0.056015 0.000000 -0.055544 0.979995 -0.191116 11.295900 0.046179 0.193728 0.979968 0.000000 0.000000 0.000000 0.000000 1.000000
0.996962 0.064824 -0.043188 -0.000000 -0.073609 0.965393 -0.250195 11.295900 0.025475 0.252614 0.967232 -0.000000 0.000000 0.000000 0.000000 1.000000
0.997375 0.070172 -0.017882 0.000000 -0.072281 0.949716 -0.304655 11.295900 -0.004396 0.305148 0.952295 -0.000000 0.000000 0.000000 0.000000 1.000000
0.998214 0.058942 0.009699 0.000000 -0.051992 0.937244 -0.344775 11.295900 -0.029412 0.343655 0.938635 0.000000 0.000000 0.000000 0.000000 1.000000
0.998644 0.040748 0.032413 0.000000 -0.025854 0.928427 -0.370614 11.295900 -0.045194 0.369273 0.928221 0.000000 0.000000 0.000000 0.000000 1.000000
0.998355 0.026751 0.050712 0.000000 -0.005127 0.922595 -0.385735 11.295900 -0.057106 0.384840 0.921215 -0.000000 0.000000 0.000000 0.000000 1.000000
0.997919 0.019818 0.061354 -0.000000 0.005853 0.919814 -0.392311 11.295900 -0.064209 0.391854 0.917784 0.000000 0.000000 0.000000 0.000000 1.000000
0.997827 0.015818 0.063966 0.000000 0.010609 0.919532 -0.392872 11.295900 -0.065033 0.392697 0.917366 0.000000 0.000000 0.000000 0.000000 1.000000
0.997907 0.012498 0.063443 0.000000 0.013170 0.921297 -0.388636 11.295900 -0.063307 0.388658 0.919205 0.000000 0.000000 0.000000 0.000000 1.000000
0.997976 0.010007 0.062800 0.000000 0.014673 0.924658 -0.380516 11.295900 -0.061877 0.380668 0.922639 0.000000 0.000000 0.000000 0.000000 1.000000
0.997972 0.006258 0.063350 0.000000 0.017610 0.929177 -0.369217 11.295900 -0.061174 0.369583 0.927182 0.000000 0.000000 0.000000 0.000000 1.000000
0.997953 -0.000744 0.063941 0.000000 0.023450 0.934527 -0.355118 11.295900 -0.059490 0.355891 0.932632 -0.000000 0.000000 0.000000 0.000000 1.000000
0.998129 -0.007827 0.060648 0.000000 0.027798 0.941451 -0.336001 11.295900 -0.054468 0.337058 0.939907 0.000000 0.000000 0.000000 0.000000 1.000000
0.998597 -0.011087 0.051780 -0.000000 0.026567 0.950763 -0.308779 11.295900 -0.045807 0.309721 0.949723 0.000000 0.000000 0.000000 0.000000 1.000000
0.999175 -0.013322 0.038356 -0.000000 0.023452 0.960485 -0.277340 11.295900 -0.033146 0.278011 0.960006 0.000000 0.000000 0.000000 0.000000 1.000000
0.999616 -0.018438 0.020676 -0.000000 0.022942 0.969312 -0.244762 11.295900 -0.015528 0.245143 0.969363 0.000000 0.000000 0.000000 0.000000 1.000000
0.999687 -0.024986 -0.001430 0.000000 0.024131 0.977475 -0.209668 11.295900 0.006636 0.209568 0.977772 0.000000 0.000000 0.000000 0.000000 1.000000
0.999342 -0.028096 -0.022942 0.000000 0.023776 0.985045 -0.170650 11.295900 0.027394 0.169992 0.985065 0.000000 0.000000 0.000000 0.000000 1.000000
0.999000 -0.026071 -0.036318 0.000000 0.021059 0.991010 -0.132116 11.295900 0.039436 0.131220 0.990569 0.000000 0.000000 0.000000 0.000000 1.000000
0.998977 -0.020877 -0.040102 -0.000000 0.016777 0.994847 -0.099987 11.295900 0.041982 0.099212 0.994180 0.000000 0.000000 0.000000 0.000000 1.000000
0.999208 -0.014558 -0.037026 0.000000 0.011712 0.997042 -0.075966 11.295900 0.038022 0.075472 0.996423 0.000000 0.000000 0.000000 0.000000 1.000000
0.999522 -0.009584 -0.029400 0.000000 0.007838 0.998232 -0.058927 11.295900 0.029912 0.058669 0.997829 0.000000 0.000000 0.000000 0.000000 1.000000
0.999720 -0.009017 -0.021860 0.000000 0.007989 0.998877 -0.046701 11.295900 0.022257 0.046514 0.998670 0.000000 0.000000 0.000000 0.000000 1.000000
0.999731 -0.013375 -0.018941 -0.000000 0.012640 0.999182 -0.038423 11.295900 0.019439 0.038173 0.999082 0.000000 0.000000 0.000000 0.000000 1.000000</float_array>
        <technique_common>
          <accessor source="#mixamorig_Spine2-Matrix-animation-output-transform-array" count="31" stride="16">
            <param type="float4x4"/>
          </accessor>
        </technique_common>
      </source>
      <source id="mixamorig_Spine2-Interpolations">
        <Name_array id="mixamorig_Spine2-Interpolations-array" count="31">
 LINEAR LINEAR LINEAR LINEAR LINEAR LINEAR LINEAR LINEAR LINEAR LINEAR LINEAR
LINEAR LINEAR LINEAR LINEAR LINEAR LINEAR LINEAR LINEAR LINEAR LINEAR LINEAR LINEAR
LINEAR LINEAR LINEAR LINEAR LINEAR LINEAR LINEAR LINEAR</Name_array>
        <technique_common>
          <accessor source="#mixamorig_Spine2-Interpolations-array" count="31">
            <param type="name"/>
          </accessor>
        </technique_common>
      </source>
      <sampler id="mixamorig_Spine2-Matrix-animation-transform">
        <input semantic="INPUT" source="#mixamorig_Spine2-Matrix-animation-input"/>
        <input semantic="OUTPUT" source="#mixamorig_Spine2-Matrix-animation-output-transform"/>
        <input semantic="INTERPOLATION" source="#mixamorig_Spine2-Interpolations"/>
      </sampler>
      <channel source="#mixamorig_Spine2-Matrix-animation-transform" target="mixamorig_Spine2/matrix"/>
      <source id="mixamorig_Neck-Matrix-animation-input">
        <float_array id="mixamorig_Neck-Matrix-animation-input-array" count="31">

0.000000 0.033333 0.066667 0.100000 0.133333 0.166667 0.200000 0.233333 0.266667 0.300000 0.333333 0.366667 0.400000 0.433333 0.466667 0.500000
0.533333 0.566667 0.600000 0.633333 0.666667 0.700000 0.733333 0.766667 0.800000 0.833333 0.866667 0.900000 0.933333 0.966667 1.000000</float_array>
        <technique_common>
          <accessor source="#mixamorig_Neck-Matrix-animation-input-array" count="31">
            <param name="TIME" type="float"/>
          </accessor>
        </technique_common>
      </source>
      <source id="mixamorig_Neck-Matrix-animation-output-transform">
        <float_array id="mixamorig_Neck-Matrix-animation-output-transform-array" count="496">

0.970444 0.077035 -0.228700 0.000000 -0.106889 0.986863 -0.121149 12.707800 0.216363 0.142014 0.965929 0.000000 0.000000 0.000000 0.000000 1.000000
0.977023 0.060205 -0.204454 0.000000 -0.088563 0.987217 -0.132513 12.707800 0.193862 0.147575 0.969865 0.000000 0.000000 0.000000 0.000000 1.000000
0.986229 0.027674 -0.163051 0.000000 -0.053429 0.986349 -0.155761 12.707800 0.156514 0.162328 0.974245 0.000000 0.000000 0.000000 0.000000 1.000000
0.995174 -0.022203 -0.095580 0.000000 0.003881 0.982207 -0.187764 12.707800 0.098048 0.186487 0.977553 0.000000 0.000000 0.000000 0.000000 1.000000
0.997586 -0.054382 -0.043194 0.000000 0.044898 0.979518 -0.196286 12.707800 0.052984 0.193873 0.979595 0.000000 0.000000 0.000000 0.000000 1.000000
0.998578 -0.048558 -0.022017 -0.000000 0.044082 0.984223 -0.171352 12.707800 0.029990 0.170137 0.984964 0.000000 0.000000 0.000000 0.000000 1.000000
0.999918 -0.009203 -0.008935 0.000000 0.007918 0.990881 -0.134506 12.707800 0.010091 0.134424 0.990872 -0.000000 0.000000 0.000000 0.000000 1.000000
0.999074 0.042556 0.006405 0.000000 -0.041507 0.992170 -0.117796 12.707800 -0.011368 0.117421 0.993017 0.000000 0.000000 0.000000 0.000000 1.000000
0.996730 0.078729 0.018222 0.000000 -0.075741 0.988755 -0.128947 12.707800 -0.028169 0.127145 0.991484 0.000000 0.000000 0.000000 0.000000 1.000000
0.995262 0.094398 0.023277 0.000000 -0.089873 0.984573 -0.150127 12.707800 -0.037090 0.147324 0.988393 0.000000 0.000000 0.000000 0.000000 1.000000
0.995330 0.092427 0.027845 0.000000 -0.086308 0.981288 -0.172116 12.707800 -0.043232 0.168909 0.984683 0.000000 0.000000 0.000000 0.000000 1.000000
0.997073 0.069222 0.032460 0.000000 -0.061610 0.978866 -0.195001 12.707800 -0.045273 0.192431 0.980266 -0.000000 0.000000 0.000000 0.000000 1.000000
0.998992 0.030427 0.033004 0.000000 -0.022765 0.977065 -0.211719 12.707800 -0.038689 0.210754 0.976773 -0.000000 0.000000 0.000000 0.000000 1.000000
0.999482 -0.009465 0.030746 0.000000 0.015933 0.975930 -0.217500 12.707800 -0.027947 0.217877 0.975576 0.000000 0.000000 0.000000 0.000000 1.000000
0.998851 -0.039414 0.027278 0.000000 0.044431 0.974840 -0.218433 12.707800 -0.017982 0.219394 0.975471 -0.000000 0.000000 0.000000 0.000000 1.000000
0.998261 -0.055037 0.021114 -0.000000 0.058333 0.973914 -0.219293 12.707800 -0.008494 0.220144 0.975430 0.000000 0.000000 0.000000 0.000000 1.000000
0.998098 -0.060245 0.013074 -0.000000 0.061645 0.973723 -0.219234 12.707800 0.000478 0.219623 0.975585 0.000000 0.000000 0.000000 0.000000 1.000000
0.998102 -0.061526 0.002609 0.000000 0.060626 0.974301 -0.216937 12.707800 0.010805 0.216683 0.976182 0.000000 0.000000 0.000000 0.000000 1.000000
0.998154 -0.059888 -0.010146 -0.000000 0.056361 0.975441 -0.212929 12.707800 0.022648 0.211964 0.977015 -0.000000 0.000000 0.000000 0.000000 1.000000
0.998336 -0.053049 -0.022597 0.000000 0.047194 0.976914 -0.208354 12.707800 0.033128 0.206941 0.977792 0.000000 0.000000 0.000000 0.000000 1.000000
0.998598 -0.039466 -0.035277 0.000000 0.031527 0.978766 -0.202542 12.707800 0.042521 0.201146 0.978638 0.000000 0.000000 0.000000 0.000000 1.000000
0.998620 -0.019343 -0.048832 0.000000 0.009542 0.981059 -0.193473 12.707800 0.051649 0.192740 0.979890 -0.000000 0.000000 0.000000 0.000000 1.000000
0.997934 0.006488 -0.063913 0.000000 -0.017956 0.983405 -0.180532 12.707800 0.061681 0.181307 0.981490 0.000000 0.000000 0.000000 0.000000 1.000000
0.996342 0.033290 -0.078699 -0.000000 -0.046250 0.984516 -0.169082 12.707800 0.071852 0.172103 0.982455 0.000000 0.000000 0.000000 0.000000 1.000000
0.994066 0.054012 -0.094426 0.000000 -0.069031 0.984069 -0.163835 12.707800 0.084072 0.169381 0.981958 0.000000 0.000000 0.000000 0.000000 1.000000
0.991130 0.065423 -0.115673 0.000000 -0.083590 0.983582 -0.159937 12.707800 0.103311 0.168188 0.980326 0.000000 0.000000 0.000000 0.000000 1.000000
0.987292 0.070240 -0.142554 0.000000 -0.091864 0.984213 -0.151279 12.707800 0.129678 0.162452 0.978158 0.000000 0.000000 0.000000 0.000000 1.000000
0.982646 0.072231 -0.170851 0.000000 -0.096758 0.985428 -0.139892 12.707800 0.158257 0.153996 0.975315 0.000000 0.000000 0.000000 0.000000 1.000000
0.977657 0.073104 -0.197086 0.000000 -0.099988 0.986446 -0.130102 12.707800 0.184904 0.146901 0.971715 0.000000 0.000000 0.000000 0.000000 1.000000
0.973198 0.074601 -0.217532 0.000000 -0.103285 0.986941 -0.123615 12.707800 0.205469 0.142769 0.968194 -0.000000 0.000000 0.000000 0.000000 1.000000
0.970444 0.077035 -0.228700 -0.000000 -0.106889 0.986863 -0.121149 12.707800 0.216363 0.142014 0.965929 0.000000 0.000000 0.000000 0.000000 1.000000</float_array>
        <technique_common>
          <accessor source="#mixamorig_Neck-Matrix-animation-output-transform-array" count="31" stride="16">
            <param type="float4x4"/>
          </accessor>
        </technique_common>
      </source>
      <source id="mixamorig_Neck-Interpolations">
        <Name_array id="mixamorig_Neck-Interpolations-array" count="31">
 LINEAR LINEAR LINEAR LINEAR LINEAR LINEAR LINEAR LINEAR LINEAR LINEAR LINEAR
LINEAR LINEAR LINEAR LINEAR LINEAR LINEAR LINEAR LINEAR LINEAR LINEAR LINEAR LINEAR
LINEAR LINEAR LINEAR LINEAR LINEAR LINEAR LINEAR LINEAR</Name_array>
        <technique_common>
          <accessor source="#mixamorig_Neck-Interpolations-array" count="31">
            <param type="name"/>
          </accessor>
        </technique_common>
      </source>
