<?xml version="1.0" encoding="utf-8"?>
<COLLADA xmlns="http://www.collada.org/2005/11/COLLADASchema" version="1.4.1">
  <asset>
    <contributor>
      <author>Mixamo</author>
      <authoring_tool>COLLADA Mixamo exporter</authoring_tool>
      <comments/>
    </contributor>
    <created>2024-05-10T11:39:44Z</created>
    <modified>2024-05-10T11:39:44Z</modified>
    <revision/>
    <title/>
    <unit meter="0.010000"/>
    <up_axis>Y_UP</up_axis>
  </asset>
  <library_animations>
    <animation>
      <source id="Armature-Matrix-animation-input">
        <float_array id="Armature-Matrix-animation-input-array" count="29">

0.000000 0.033333 0.066667 0.100000 0.133333 0.166667 0.200000 0.233333 0.266667 0.300000 0.333333 0.366667 0.400000 0.433333 0.466667 0.500000
0.533333 0.566667 0.600000 0.633333 0.666667 0.700000 0.733333 0.766667 0.800000 0.833333 0.866667 0.900000 0.933333</float_array>
        <technique_common>
          <accessor source="#Armature-Matrix-animation-input-array" count="29">
            <param name="TIME" type="float"/>
          </accessor>
        </technique_common>
      </source>
      <source id="Armature-Matrix-animation-output-transform">
        <float_array id="Armature-Matrix-animation-output-transform-array" count="464">

1.000000 0.000000 0.000000 0.000000 0.000000 0.000000 1.000000 0.000000 0.000000 -1.000000 0.000000 0.000000 0.000000 0.000000 0.000000 1.000000
1.000000 0.000000 0.000000 0.000000 0.000000 0.000000 1.000000 0.000000 0.000000 -1.000000 0.000000 0.000000 0.000000 0.000000 0.000000 1.000000
1.000000 0.000000 0.000000 0.000000 0.000000 0.000000 1.000000 0.000000 0.000000 -1.000000 0.000000 0.000000 0.000000 0.000000 0.000000 1.000000
1.000000 0.000000 0.000000 0.000000 0.000000 0.000000 1.000000 0.000000 0.000000 -1.000000 0.000000 0.000000 0.000000 0.000000 0.000000 1.000000
1.000000 0.000000 0.000000 0.000000 0.000000 0.000000 1.000000 0.000000 0.000000 -1.000000 0.000000 0.000000 0.000000 0.000000 0.000000 1.000000
1.000000 0.000000 0.000000 0.000000 0.000000 0.000000 1.000000 0.000000 0.000000 -1.000000 0.000000 0.000000 0.000000 0.000000 0.000000 1.000000
1.000000 0.000000 0.000000 0.000000 0.000000 0.000000 1.000000 0.000000 0.000000 -1.000000 0.000000 0.000000 0.000000 0.000000 0.000000 1.000000
1.000000 0.000000 0.000000 0.000000 0.000000 0.000000 1.000000 0.000000 0.000000 -1.000000 0.000000 0.000000 0.000000 0.000000 0.000000 1.000000
1.000000 0.000000 0.000000 0.000000 0.000000 0.000000 1.000000 0.000000 0.000000 -1.000000 0.000000 0.000000 0.000000 0.000000 0.000000 1.000000
1.000000 0.000000 0.000000 0.000000 0.000000 0.000000 1.000000 0.000000 0.000000 -1.000000 0.000000 0.000000 0.000000 0.000000 0.000000 1.000000
1.000000 0.000000 0.000000 0.000000 0.000000 0.000000 1.000000 0.000000 0.000000 -1.000000 0.000000 0.000000 0.000000 0.000000 0.000000 1.000000
1.000000 0.000000 0.000000 0.000000 0.000000 0.000000 1.000000 0.000000 0.000000 -1.000000 0.000000 0.000000 0.000000 0.000000 0.000000 1.000000
1.000000 0.000000 0.000000 0.000000 0.000000 0.000000 1.000000 0.000000 0.000000 -1.000000 0.000000 0.000000 0.000000 0.000000 0.000000 1.000000
1.000000 0.000000 0.000000 0.000000 0.000000 0.000000 1.000000 0.000000 0.000000 -1.000000 0.000000 0.000000 0.000000 0.000000 0.000000 1.000000
1.000000 0.000000 0.000000 0.000000 0.000000 0.000000 1.000000 0.000000 0.000000 -1.000000 0.000000 0.000000 0.000000 0.000000 0.000000 1.000000
1.000000 0.000000 0.000000 0.000000 0.000000 0.000000 1.000000 0.000000 0.000000 -1.000000 0.000000 0.000000 0.000000 0.000000 0.000000 1.000000
1.000000 0.000000 0.000000 0.000000 0.000000 0.000000 1.000000 0.000000 0.000000 -1.000000 0.000000 0.000000 0.000000 0.000000 0.000000 1.000000
1.000000 0.000000 0.000000 0.000000 0.000000 0.000000 1.000000 0.000000 0.000000 -1.000000 0.000000 0.000000 0.000000 0.000000 0.000000 1.000000
1.000000 0.000000 0.000000 0.000000 0.000000 0.000000 1.000000 0.000000 0.000000 -1.000000 0.000000 0.000000 0.000000 0.000000 0.000000 1.000000
1.000000 0.000000 0.000000 0.000000 0.000000 0.000000 1.000000 0.000000 0.000000 -1.000000 0.000000 0.000000 0.000000 0.000000 0.000000 1.000000
1.000000 0.000000 0.000000 0.000000 0.000000 0.000000 1.000000 0.000000 0.000000 -1.000000 0.000000 0.000000 0.000000 0.000000 0.000000 1.000000
1.000000 0.000000 0.000000 0.000000 0.000000 0.000000 1.000000 0.000000 0.000000 -1.000000 0.000000 0.000000 0.000000 0.000000 0.000000 1.000000
1.000000 0.000000 0.000000 0.000000 0.000000 0.000000 1.000000 0.000000 0.000000 -1.000000 0.000000 0.000000 0.000000 0.000000 0.000000 1.000000
1.000000 0.000000 0.000000 0.000000 0.000000 0.000000 1.000000 0.000000 0.000000 -1.000000 0.000000 0.000000 0.000000 0.000000 0.000000 1.000000
1.000000 0.000000 0.000000 0.000000 0.000000 0.000000 1.000000 0.000000 0.000000 -1.000000 0.000000 0.000000 0.000000 0.000000 0.000000 1.000000
1.000000 0.000000 0.000000 0.000000 0.000000 0.000000 1.000000 0.000000 0.000000 -1.000000 0.000000 0.000000 0.000000 0.000000 0.000000 1.000000
1.000000 0.000000 0.000000 0.000000 0.000000 0.000000 1.000000 0.000000 0.000000 -1.000000 0.000000 0.000000 0.000000 0.000000 0.000000 1.000000
1.000000 0.000000 0.000000 0.000000 0.000000 0.000000 1.000000 0.000000 0.000000 -1.000000 0.000000 0.000000 0.000000 0.000000 0.000000 1.000000
1.000000 0.000000 0.000000 0.000000 0.000000 0.000000 1.000000 0.000000 0.000000 -1.000000 0.000000 0.000000 0.000000 0.000000 0.000000 1.000000</float_array>
        <technique_common>
          <accessor source="#Armature-Matrix-animation-output-transform-array" count="29" stride="16">
            <param type="float4x4"/>
          </accessor>
        </technique_common>
      </source>
      <source id="Armature-Interpolations">
        <Name_array id="Armature-Interpolations-array" count="29">
 LINEAR LINEAR LINEAR LINEAR LINEAR LINEAR LINEAR LINEAR LINEAR LINEAR LINEAR
LINEAR LINEAR LINEAR LINEAR LINEAR LINEAR LINEAR LINEAR LINEAR LINEAR LINEAR LINEAR
LINEAR LINEAR LINEAR LINEAR LINEAR LINEAR</Name_array>
        <technique_common>
          <accessor source="#Armature-Interpolations-array" count="29">
            <param type="name"/>
          </accessor>
        </technique_common>
      </source>
      <sampler id="Armature-Matrix-animation-transform">
        <input semantic="INPUT" source="#Armature-Matrix-animation-input"/>
        <input semantic="OUTPUT" source="#Armature-Matrix-animation-output-transform"/>
        <input semantic="INTERPOLATION" source="#Armature-Interpolations"/>
      </sampler>
      <channel source="#Armature-Matrix-animation-transform" target="Armature/matrix"/>
      <source id="mixamorig_Hips-Matrix-animation-input">
        <float_array id="mixamorig_Hips-Matrix-animation-input-array" count="29">

0.000000 0.033333 0.066667 0.100000 0.133333 0.166667 0.200000 0.233333 0.266667 0.300000 0.333333 0.366667 0.400000 0.433333 0.466667 0.500000
0.533333 0.566667 0.600000 0.633333 0.666667 0.700000 0.733333 0.766667 0.800000 0.833333 0.866667 0.900000 0.933333</float_array>
        <technique_common>
          <accessor source="#mixamorig_Hips-Matrix-animation-input-array" count="29">
            <param name="TIME" type="float"/>
          </accessor>
        </technique_common>
      </source>
      <source id="mixamorig_Hips-Matrix-animation-output-transform">
        <float_array id="mixamorig_Hips-Matrix-animation-output-transform-array" count="464">

0.691860 0.000122 -0.722031 -0.260087 -0.718845 0.093965 -0.688791 -0.098890 0.067761 0.995576 0.065098 84.184372 0.000000 0.000000 0.000000 1.000000
0.680924 0.000386 -0.732354 -0.362403 -0.728105 0.107915 -0.676917 -0.008850 0.078770 0.994160 0.073763 84.769852 0.000000 0.000000 0.000000 1.000000
0.679335 -0.002282 -0.733825 -0.670183 -0.724837 0.153972 -0.671494 -0.588219 0.114521 0.988073 0.102944 85.571609 0.000000 0.000000 0.000000 1.000000
0.691199 0.002129 -0.722661 -1.431835 -0.705634 0.217803 -0.674271 -1.606098 0.155963 0.975990 0.152048 86.523827 0.000000 0.000000 0.000000 1.000000
0.702655 0.002605 -0.711526 -2.136036 -0.683960 0.278143 -0.674415 -2.586919 0.196148 0.960536 0.197220 87.299454 0.000000 0.000000 0.000000 1.000000
0.694446 -0.005443 -0.719525 -2.723325 -0.677256 0.332819 -0.656168 -3.332513 0.243043 0.942975 0.227438 87.836853 0.000000 0.000000 0.000000 1.000000
0.672789 -0.014223 -0.739698 -3.126598 -0.685865 0.362873 -0.630803 -3.567226 0.277389 0.931730 0.234381 87.935982 0.000000 0.000000 0.000000 1.000000
0.654479 -0.015769 -0.755916 -3.201534 -0.699640 0.366396 -0.613398 -3.256846 0.286637 0.930325 0.228766 87.899597 0.000000 0.000000 0.000000 1.000000
0.639278 -0.012678 -0.768871 -3.115304 -0.711621 0.369152 -0.597764 -2.751190 0.291409 0.929282 0.226969 87.769669 0.000000 0.000000 0.000000 1.000000
0.630680 -0.010318 -0.775975 -2.989212 -0.717908 0.371962 -0.588432 -2.096709 0.294705 0.928190 0.227182 87.653076 0.000000 0.000000 0.000000 1.000000
0.633353 -0.008121 -0.773820 -2.942373 -0.719080 0.363360 -0.592363 -1.442124 0.285986 0.931613 0.224296 87.591942 0.000000 0.000000 0.000000 1.000000
0.642426 -0.004777 -0.766333 -2.900573 -0.717732 0.346743 -0.603845 -0.789555 0.268606 0.937948 0.219328 87.575615 0.000000 0.000000 0.000000 1.000000
0.655176 0.000747 -0.755475 -2.866606 -0.713257 0.330225 -0.618236 -0.141930 0.249015 0.943902 0.216889 87.601410 0.000000 0.000000 0.000000 1.000000
0.669910 0.006447 -0.742414 -2.854177 -0.706121 0.314470 -0.634430 0.415520 0.229377 0.949245 0.215219 87.686699 0.000000 0.000000 0.000000 1.000000
0.683586 0.009355 -0.729810 -2.818335 -0.698878 0.296675 -0.650810 0.887868 0.210429 0.954933 0.209341 87.783157 0.000000 0.000000 0.000000 1.000000
0.693609 0.011322 -0.720263 -2.754062 -0.694262 0.277163 -0.664214 1.263708 0.192111 0.960756 0.200103 87.844620 0.000000 0.000000 0.000000 1.000000
0.699390 0.013813 -0.714607 -2.659014 -0.692930 0.258208 -0.673184 1.525336 0.175218 0.965991 0.190159 87.872299 0.000000 0.000000 0.000000 1.000000
0.701716 0.017012 -0.712253 -2.519565 -0.694489 0.239433 -0.678496 1.656682 0.158994 0.970764 0.179828 87.789886 0.000000 0.000000 0.000000 1.000000
0.698900 0.019018 -0.714966 -2.342182 -0.700629 0.219086 -0.679058 1.658064 0.143725 0.975520 0.166444 87.620598 0.000000 0.000000 0.000000 1.000000
0.690973 0.018596 -0.722641 -2.168600 -0.710760 0.199767 -0.674473 1.458855 0.131817 0.979667 0.151251 87.411453 0.000000 0.000000 0.000000 1.000000
0.680800 0.018020 -0.732247 -1.962301 -0.721990 0.185005 -0.666711 1.118324 0.123455 0.982572 0.138962 87.146294 0.000000 0.000000 0.000000 1.000000
0.671076 0.017909 -0.741172 -1.675559 -0.731985 0.174717 -0.658537 0.722963 0.117702 0.984456 0.130358 86.845634 0.000000 0.000000 0.000000 1.000000
0.663543 0.016817 -0.747949 -1.371799 -0.739503 0.166196 -0.652314 0.345420 0.113337 0.985949 0.122714 86.509705 0.000000 0.000000 0.000000 1.000000
0.660925 0.014109 -0.750320 -1.086533 -0.742720 0.155451 -0.651308 0.067672 0.107449 0.987743 0.113220 86.121422 0.000000 0.000000 0.000000 1.000000
0.664538 0.010256 -0.747184 -0.847322 -0.740606 0.142122 -0.656737 -0.100943 0.099455 0.989796 0.102041 85.699921 0.000000 0.000000 0.000000 1.000000
0.671958 0.006424 -0.740561 -0.648836 -0.734974 0.128682 -0.665773 -0.180542 0.091020 0.991665 0.091190 85.263573 0.000000 0.000000 0.000000 1.000000
0.679761 0.003358 -0.733426 -0.479587 -0.728837 0.114873 -0.674982 -0.191756 0.081984 0.993374 0.080534 84.856644 0.000000 0.000000 0.000000 1.000000
0.686590 0.001462 -0.727043 -0.350784 -0.723358 0.101942 -0.682906 -0.152450 0.073118 0.994789 0.071050 84.498444 0.000000 0.000000 0.000000 1.000000
0.691860 0.000122 -0.722031 -0.260087 -0.718845 0.093965 -0.688791 -0.098890 0.067762 0.995576 0.065098 84.184372 0.000000 0.000000 0.000000 1.000000</float_array>
        <technique_common>
          <accessor source="#mixamorig_Hips-Matrix-animation-output-transform-array" count="29" stride="16">
            <param type="float4x4"/>
          </accessor>
        </technique_common>
      </source>
      <source id="mixamorig_Hips-Interpolations">
        <Name_array id="mixamorig_Hips-Interpolations-array" count="29">
 LINEAR LINEAR LINEAR LINEAR LINEAR LINEAR LINEAR LINEAR LINEAR LINEAR LINEAR
LINEAR LINEAR LINEAR LINEAR LINEAR LINEAR LINEAR LINEAR LINEAR LINEAR LINEAR LINEAR
LINEAR LINEAR LINEAR LINEAR LINEAR LINEAR</Name_array>
        <technique_common>
          <accessor source="#mixamorig_Hips-Interpolations-array" count="29">
            <param type="name"/>
          </accessor>
        </technique_common>
      </source>
      <sampler id="mixamorig_Hips-Matrix-animation-transform">
        <input semantic="INPUT" source="#mixamorig_Hips-Matrix-animation-input"/>
        <input semantic="OUTPUT" source="#mixamorig_Hips-Matrix-animation-output-transform"/>
        <input semantic="INTERPOLATION" source="#mixamorig_Hips-Interpolations"/>
      </sampler>
      <channel source="#mixamorig_Hips-Matrix-animation-transform" target="mixamorig_Hips/matrix"/>
      <source id="mixamorig_Spine-Matrix-animation-input">
        <float_array id="mixamorig_Spine-Matrix-animation-input-array" count="29">

0.000000 0.033333 0.066667 0.100000 0.133333 0.166667 0.200000 0.233333 0.266667 0.300000 0.333333 0.366667 0.400000 0.433333 0.466667 0.500000
0.533333 0.566667 0.600000 0.633333 0.666667 0.700000 0.733333 0.766667 0.800000 0.833333 0.866667 0.900000 0.933333</float_array>
        <technique_common>
          <accessor source="#mixamorig_Spine-Matrix-animation-input-array" count="29">
            <param name="TIME" type="float"/>
          </accessor>
        </technique_common>
      </source>
      <source id="mixamorig_Spine-Matrix-animation-output-transform">
        <float_array id="mixamorig_Spine-Matrix-animation-output-transform-array" count="464">

0.991722 0.016407 0.127348 0.000000 -0.011279 0.999100 -0.040881 8.407700 -0.127905 0.039107 0.991015 -1.041900 0.000000 0.000000 0.000000 1.000000
0.992083 0.016544 0.124490 0.000000 -0.013654 0.999618 -0.024028 8.407700 -0.124840 0.022138 0.991930 -1.041900 0.000000 0.000000 0.000000 1.000000
0.992237 0.009520 0.123993 -0.000000 -0.010414 0.999924 0.006562 8.407700 -0.123922 -0.007802 0.992261 -1.041900 0.000000 0.000000 0.000000 1.000000
0.992221 -0.015029 0.123575 0.000000 0.008483 0.998541 0.053329 8.407700 -0.124196 -0.051866 0.990901 -1.041900 0.000000 0.000000 0.000000 1.000000
0.992868 -0.042660 0.111326 0.000000 0.031657 0.994604 0.098799 8.407700 -0.114940 -0.094570 0.988861 -1.041900 0.000000 0.000000 0.000000 1.000000
0.994689 -0.069015 0.076362 0.000000 0.059634 0.991107 0.118958 8.407700 -0.083893 -0.113772 0.989959 -1.041900 0.000000 0.000000 0.000000 1.000000
0.995064 -0.094680 0.029718 0.000000 0.090622 0.989030 0.116646 8.407700 -0.040436 -0.113377 0.992729 -1.041900 0.000000 0.000000 0.000000 1.000000
0.992626 -0.121149 0.004069 0.000000 0.120189 0.988013 0.096878 8.407700 -0.015757 -0.095674 0.995288 -1.041900 0.000000 0.000000 0.000000 1.000000
0.988690 -0.149963 -0.001713 0.000000 0.149732 0.986395 0.067867 8.407700 -0.008487 -0.067356 0.997693 -1.041900 0.000000 0.000000 0.000000 1.000000
0.985015 -0.172213 -0.009371 -0.000000 0.172457 0.984118 0.042074 8.407700 0.001976 -0.043060 0.999071 -1.041900 0.000000 0.000000 0.000000 1.000000
0.983574 -0.179111 -0.022401 0.000000 0.179708 0.983313 0.028301 8.407700 0.016958 -0.031862 0.999348 -1.041900 0.000000 0.000000 0.000000 1.000000
0.983550 -0.177375 -0.034170 0.000000 0.178260 0.983670 0.024841 8.407700 0.029205 -0.030523 0.999107 -1.041900 0.000000 0.000000 0.000000 1.000000
0.984005 -0.173672 -0.039659 -0.000000 0.174605 0.984406 0.021394 8.407700 0.035325 -0.027976 0.998984 -1.041900 0.000000 0.000000 0.000000 1.000000
0.985279 -0.166982 -0.036635 0.000000 0.167692 0.985689 0.017243 8.407700 0.033232 -0.023133 0.999180 -1.041900 0.000000 0.000000 0.000000 1.000000
0.987601 -0.154798 -0.026100 -0.000000 0.155278 0.987717 0.017460 8.407700 0.023077 -0.021296 0.999507 -1.041900 0.000000 0.000000 0.000000 1.000000
0.991288 -0.131077 -0.012902 0.000000 0.131336 0.991096 0.021879 8.407700 0.009919 -0.023382 0.999677 -1.041900 0.000000 0.000000 0.000000 1.000000
0.994811 -0.101727 0.001408 -0.000000 0.101662 0.994513 0.024686 8.407700 -0.003912 -0.024415 0.999694 -1.041900 0.000000 0.000000 0.000000 1.000000
0.996935 -0.075904 0.018977 -0.000000 0.075437 0.996856 0.024249 8.407700 -0.020758 -0.022743 0.999526 -1.041900 0.000000 0.000000 0.000000 1.000000
0.997694 -0.054080 0.041002 0.000000 0.052981 0.998218 0.027452 8.407700 -0.042414 -0.025216 0.998782 -1.041900 0.000000 0.000000 0.000000 1.000000
0.997309 -0.036562 0.063551 0.000000 0.034638 0.998915 0.031117 8.407700 -0.064619 -0.028832 0.997493 -1.041900 0.000000 0.000000 0.000000 1.000000
0.996646 -0.020089 0.079328 0.000000 0.017957 0.999460 0.027503 8.407700 -0.079838 -0.025987 0.996469 -1.041900 0.000000 0.000000 0.000000 1.000000
0.995621 -0.005746 0.093304 0.000000 0.004065 0.999826 0.018196 8.407700 -0.093392 -0.017737 0.995471 -1.041900 0.000000 0.000000 0.000000 1.000000
0.994198 0.005317 0.107438 0.000000 -0.006011 0.999963 0.006134 8.407700 -0.107402 -0.006744 0.994193 -1.041900 0.000000 0.000000 0.000000 1.000000
0.993299 0.011867 0.114966 -0.000000 -0.011275 0.999920 -0.005794 8.407700 -0.115025 0.004459 0.993353 -1.041900 0.000000 0.000000 0.000000 1.000000
0.993259 0.015271 0.114909 0.000000 -0.013591 0.999789 -0.015392 8.407700 -0.115119 0.013726 0.993257 -1.041900 0.000000 0.000000 0.000000 1.000000
0.993420 0.017312 0.113212 0.000000 -0.014788 0.999624 -0.023091 8.407700 -0.113570 0.021265 0.993302 -1.041900 0.000000 0.000000 0.000000 1.000000
0.993223 0.016674 0.115024 0.000000 -0.013391 0.999482 -0.029254 8.407700 -0.115452 0.027515 0.992932 -1.041900 0.000000 0.000000 0.000000 1.000000
0.992637 0.016091 0.120050 -0.000000 -0.011893 0.999295 -0.035608 8.407700 -0.120538 0.033918 0.992129 -1.041900 0.000000 0.000000 0.000000 1.000000
0.991722 0.016407 0.127348 0.000000 -0.011279 0.999100 -0.040881 8.407700 -0.127905 0.039107 0.991015 -1.041900 0.000000 0.000000 0.000000 1.000000</float_array>
        <technique_common>
          <accessor source="#mixamorig_Spine-Matrix-animation-output-transform-array" count="29" stride="16">
            <param type="float4x4"/>
          </accessor>
        </technique_common>
      </source>
      <source id="mixamorig_Spine-Interpolations">
        <Name_array id="mixamorig_Spine-Interpolations-array" count="29">
 LINEAR LINEAR LINEAR LINEAR LINEAR LINEAR LINEAR LINEAR LINEAR LINEAR LINEAR
LINEAR LINEAR LINEAR LINEAR LINEAR LINEAR LINEAR LINEAR LINEAR LINEAR LINEAR LINEAR
LINEAR LINEAR LINEAR LINEAR LINEAR LINEAR</Name_array>
        <technique_common>
          <accessor source="#mixamorig_Spine-Interpolations-array" count="29">
            <param type="name"/>
          </accessor>
        </technique_common>
      </source>
      <sampler id="mixamorig_Spine-Matrix-animation-transform">
        <input semantic="INPUT" source="#mixamorig_Spine-Matrix-animation-input"/>
        <input semantic="OUTPUT" source="#mixamorig_Spine-Matrix-animation-output-transform"/>
        <input semantic="INTERPOLATION" source="#mixamorig_Spine-Interpolations"/>
      </sampler>
      <channel source="#mixamorig_Spine-Matrix-animation-transform" target="mixamorig_Spine/matrix"/>
      <source id="mixamorig_Spine1-Matrix-animation-input">
        <float_array id="mixamorig_Spine1-Matrix-animation-input-array" count="29">

0.000000 0.033333 0.066667 0.100000 0.133333 0.166667 0.200000 0.233333 0.266667 0.300000 0.333333 0.366667 0.400000 0.433333 0.466667 0.500000
0.533333 0.566667 0.600000 0.633333 0.666667 0.700000 0.733333 0.766667 0.800000 0.833333 0.866667 0.900000 0.933333</float_array>
        <technique_common>
          <accessor source="#mixamorig_Spine1-Matrix-animation-input-array" count="29">
            <param name="TIME" type="float"/>
          </accessor>
        </technique_common>
      </source>
      <source id="mixamorig_Spine1-Matrix-animation-output-transform">
        <float_array id="mixamorig_Spine1-Matrix-animation-output-transform-array" count="464">

0.999723 0.013732 0.019110 -0.000000 -0.012995 0.999187 -0.038158 9.883800 -0.019618 0.037899 0.999089 0.000000 0.000000 0.000000 0.000000 1.000000
0.999341 0.022414 0.028552 0.000000 -0.020555 0.997750 -0.063816 9.883800 -0.029918 0.063187 0.997553 -0.000000 0.000000 0.000000 0.000000 1.000000
0.998695 0.030379 0.041065 -0.000000 -0.026658 0.995735 -0.088329 9.883800 -0.043573 0.087119 0.995245 0.000000 0.000000 0.000000 0.000000 1.000000
0.997960 0.032068 0.055213 0.000000 -0.026059 0.993991 -0.106311 9.883800 -0.058290 0.104655 0.992799 0.000000 0.000000 0.000000 0.000000 1.000000
0.997432 0.031561 0.064297 0.000000 -0.023592 0.992355 -0.121138 9.883800 -0.067629 0.119310 0.990551 0.000000 0.000000 0.000000 0.000000 1.000000
0.997739 0.027368 0.061384 0.000000 -0.018438 0.989754 -0.141585 9.883800 -0.064630 0.140133 0.988021 -0.000000 0.000000 0.000000 0.000000 1.000000
0.998565 0.018804 0.050134 0.000000 -0.010349 0.986431 -0.163848 9.883800 -0.052535 0.163094 0.985211 0.000000 0.000000 0.000000 0.000000 1.000000
0.999009 0.006887 0.043964 0.000000 0.001245 0.983240 -0.182314 9.883800 -0.044483 0.182188 0.982257 0.000000 0.000000 0.000000 0.000000 1.000000
0.999026 -0.007819 0.043416 0.000000 0.016212 0.980372 -0.196491 9.883800 -0.041028 0.197003 0.979544 0.000000 0.000000 0.000000 0.000000 1.000000
0.998962 -0.019475 0.041186 0.000000 0.027660 0.977604 -0.208628 9.883800 -0.036200 0.209550 0.977128 -0.000000 0.000000 0.000000 0.000000 1.000000
0.999104 -0.023122 0.035439 0.000000 0.030224 0.976096 -0.215230 9.883800 -0.029616 0.216108 0.975920 0.000000 0.000000 0.000000 0.000000 1.000000
0.999310 -0.022127 0.029831 0.000000 0.028084 0.975758 -0.217043 9.883800 -0.024305 0.217731 0.975706 -0.000000 0.000000 0.000000 0.000000 1.000000
0.999436 -0.019947 0.027019 0.000000 0.025392 0.975355 -0.219178 9.883800 -0.021981 0.219740 0.975311 -0.000000 0.000000 0.000000 0.000000 1.000000
0.999483 -0.015880 0.027945 0.000000 0.021698 0.974776 -0.222130 9.883800 -0.023713 0.222622 0.974616 0.000000 0.000000 0.000000 0.000000 1.000000
0.999450 -0.008652 0.032016 0.000000 0.015591 0.974615 -0.223344 9.883800 -0.029270 0.223721 0.974214 0.000000 0.000000 0.000000 0.000000 1.000000
0.999328 0.004496 0.036370 0.000000 0.003725 0.974847 -0.222844 9.883800 -0.036457 0.222830 0.974175 0.000000 0.000000 0.000000 0.000000 1.000000
0.999002 0.019786 0.040054 0.000000 -0.010428 0.975089 -0.221571 9.883800 -0.043440 0.220932 0.974321 0.000000 0.000000 0.000000 0.000000 1.000000
0.998535 0.031761 0.043802 0.000000 -0.021522 0.975926 -0.217038 9.883800 -0.049641 0.215778 0.975180 0.000000 0.000000 0.000000 0.000000 1.000000
0.998011 0.040168 0.048591 0.000000 -0.029343 0.978134 -0.205897 9.883800 -0.055799 0.204061 0.977367 0.000000 0.000000 0.000000 0.000000 1.000000
0.997592 0.044855 0.052892 0.000000 -0.034023 0.981127 -0.190350 9.883800 -0.060432 0.188092 0.980290 0.000000 0.000000 0.000000 0.000000 1.000000
0.997446 0.047603 0.053251 0.000000 -0.037606 0.983833 -0.175093 9.883800 -0.060725 0.172643 0.983111 0.000000 0.000000 0.000000 0.000000 1.000000
0.997456 0.048368 0.052369 0.000000 -0.039422 0.986315 -0.160090 9.883800 -0.059395 0.157618 0.985712 0.000000 0.000000 0.000000 0.000000 1.000000
0.997575 0.046870 0.051446 0.000000 -0.038998 0.988724 -0.144581 9.883800 -0.057643 0.142224 0.988155 0.000000 0.000000 0.000000 0.000000 1.000000
0.997954 0.042855 0.047445 0.000000 -0.036484 0.991123 -0.127845 9.883800 -0.052503 0.125853 0.990659 0.000000 0.000000 0.000000 0.000000 1.000000
0.998506 0.037324 0.039919 0.000000 -0.032759 0.993453 -0.109444 9.883800 -0.043743 0.107972 0.993191 0.000000 0.000000 0.000000 0.000000 1.000000
0.998999 0.031480 0.031773 -0.000000 -0.028499 0.995508 -0.090284 9.883800 -0.034472 0.089288 0.995409 0.000000 0.000000 0.000000 0.000000 1.000000
0.999363 0.024842 0.025608 0.000000 -0.022962 0.997192 -0.071285 9.883800 -0.027307 0.070652 0.997127 -0.000000 0.000000 0.000000 0.000000 1.000000
0.999593 0.018774 0.021459 -0.000000 -0.017594 0.998390 -0.053916 9.883800 -0.022437 0.053516 0.998315 -0.000000 0.000000 0.000000 0.000000 1.000000
0.999723 0.013732 0.019110 0.000000 -0.012995 0.999187 -0.038158 9.883800 -0.019618 0.037899 0.999089 0.000000 0.000000 0.000000 0.000000 1.000000</float_array>
        <technique_common>
          <accessor source="#mixamorig_Spine1-Matrix-animation-output-transform-array" count="29" stride="16">
            <param type="float4x4"/>
          </accessor>
        </technique_common>
      </source>
      <source id="mixamorig_Spine1-Interpolations">
        <Name_array id="mixamorig_Spine1-Interpolations-array" count="29">
 LINEAR LINEAR LINEAR LINEAR LINEAR LINEAR LINEAR LINEAR LINEAR LINEAR LINEAR
LINEAR LINEAR LINEAR LINEAR LINEAR LINEAR LINEAR LINEAR LINEAR LINEAR LINEAR LINEAR
LINEAR LINEAR LINEAR LINEAR LINEAR LINEAR</Name_array>
        <technique_common>
          <accessor source="#mixamorig_Spine1-Interpolations-array" count="29">
            <param type="name"/>
          </accessor>
        </technique_common>
      </source>
      <sampler id="mixamorig_Spine1-Matrix-animation-transform">
        <input semantic="INPUT" source="#mixamorig_Spine1-Matrix-animation-input"/>
        <input semantic="OUTPUT" source="#mixamorig_Spine1-Matrix-animation-output-transform"/>
        <input semantic="INTERPOLATION" source="#mixamorig_Spine1-Interpolations"/>
      </sampler>
      <channel source="#mixamorig_Spine1-Matrix-animation-transform" target="mixamorig_Spine1/matrix"/>
      <source id="mixamorig_Spine2-Matrix-animation-input">
        <float_array id="mixamorig_Spine2-Matrix-animation-input-array" count="29">

0.000000 0.033333 0.066667 0.100000 0.133333 0.166667 0.200000 0.233333 0.266667 0.300000 0.333333 0.366667 0.400000 0.433333 0.466667 0.500000
0.533333 0.566667 0.600000 0.633333 0.666667 0.700000 0.733333 0.766667 0.800000 0.833333 0.866667 0.900000 0.933333</float_array>
        <technique_common>
          <accessor source="#mixamorig_Spine2-Matrix-animation-input-array" count="29">
            <param name="TIME" type="float"/>
          </accessor>
        </technique_common>
      </source>
      <source id="mixamorig_Spine2-Matrix-animation-output-transform">
        <float_array id="mixamorig_Spine2-Matrix-animation-output-transform-array" count="464">

0.999731 0.013375 0.018940 0.000000 -0.012640 0.999182 -0.038423 11.295900 -0.019439 0.038173 0.999082 -0.000000 0.000000 0.000000 0.000000 1.000000
0.999351 0.022100 0.028446 -0.000000 -0.020243 0.997745 -0.063992 11.295900 -0.029796 0.063374 0.997545 -0.000000 0.000000 0.000000 0.000000 1.000000
0.998706 0.030101 0.040996 0.000000 -0.026381 0.995732 -0.088437 11.295900 -0.043483 0.087241 0.995238 -0.000000 0.000000 0.000000 0.000000 1.000000
0.997969 0.031849 0.055173 0.000000 -0.025841 0.993991 -0.106370 11.295900 -0.058230 0.104728 0.992795 -0.000000 0.000000 0.000000 0.000000 1.000000
0.997432 0.031477 0.064326 -0.000000 -0.023504 0.992357 -0.121144 11.295900 -0.067648 0.119321 0.990548 0.000000 0.000000 0.000000 0.000000 1.000000
0.997733 0.027424 0.061458 0.000000 -0.018487 0.989761 -0.141531 11.295900 -0.064710 0.140074 0.988024 0.000000 0.000000 0.000000 0.000000 1.000000
0.998561 0.018928 0.050170 0.000000 -0.010471 0.986445 -0.163757 11.295900 -0.052590 0.162996 0.985224 0.000000 0.000000 0.000000 0.000000 1.000000
0.999011 0.007003 0.043898 0.000000 0.001114 0.983260 -0.182206 11.295900 -0.044440 0.182075 0.982280 0.000000 0.000000 0.000000 0.000000 1.000000
0.999035 -0.007747 0.043221 0.000000 0.016098 0.980398 -0.196370 11.295900 -0.040853 0.196877 0.979577 -0.000000 0.000000 0.000000 0.000000 1.000000
0.998976 -0.019439 0.040857 0.000000 0.027551 0.977633 -0.208505 11.295900 -0.035890 0.209417 0.977168 -0.000000 0.000000 0.000000 0.000000 1.000000
0.999120 -0.023093 0.035003 0.000000 0.030098 0.976124 -0.215120 11.295900 -0.029199 0.215984 0.975960 -0.000000 0.000000 0.000000 0.000000 1.000000
0.999326 -0.022089 0.029326 -0.000000 0.027936 0.975784 -0.216944 11.295900 -0.023824 0.217617 0.975743 -0.000000 0.000000 0.000000 0.000000 1.000000
0.999452 -0.019914 0.026457 0.000000 0.025234 0.975379 -0.219087 11.295900 -0.021442 0.219635 0.975347 0.000000 0.000000 0.000000 0.000000 1.000000
0.999500 -0.015876 0.027336 0.000000 0.021557 0.974797 -0.222050 11.295900 -0.023122 0.222528 0.974652 0.000000 0.000000 0.000000 0.000000 1.000000
0.999469 -0.008690 0.031401 -0.000000 0.015490 0.974631 -0.223279 11.295900 -0.028664 0.223647 0.974249 0.000000 0.000000 0.000000 0.000000 1.000000
0.999349 0.004416 0.035798 0.000000 0.003673 0.974857 -0.222803 11.295900 -0.035882 0.222790 0.974206 0.000000 0.000000 0.000000 0.000000 1.000000
0.999024 0.019667 0.039547 0.000000 -0.010425 0.975091 -0.221560 11.295900 -0.042919 0.220931 0.974345 -0.000000 0.000000 0.000000 0.000000 1.000000
0.998560 0.031599 0.043363 -0.000000 -0.021457 0.975923 -0.217057 11.295900 -0.049178 0.215814 0.975195 -0.000000 0.000000 0.000000 0.000000 1.000000
0.998035 0.039970 0.048249 -0.000000 -0.029217 0.978129 -0.205938 11.295900 -0.055425 0.204123 0.977375 -0.000000 0.000000 0.000000 0.000000 1.000000
0.997615 0.044633 0.052648 0.000000 -0.033846 0.981122 -0.190404 11.295900 -0.060152 0.188168 0.980293 0.000000 0.000000 0.000000 0.000000 1.000000
0.997467 0.047363 0.053067 0.000000 -0.037396 0.983830 -0.175158 11.295900 -0.060505 0.172730 0.983109 -0.000000 0.000000 0.000000 0.000000 1.000000
0.997476 0.048102 0.052221 0.000000 -0.039178 0.986312 -0.160170 11.295900 -0.059211 0.157720 0.985707 0.000000 0.000000 0.000000 0.000000 1.000000
0.997596 0.046572 0.051321 0.000000 -0.038715 0.988721 -0.144678 11.295900 -0.057480 0.142343 0.988147 0.000000 0.000000 0.000000 0.000000 1.000000
0.997974 0.042537 0.047321 0.000000 -0.036178 0.991119 -0.127962 11.295900 -0.052344 0.125991 0.990649 0.000000 0.000000 0.000000 0.000000 1.000000
0.998523 0.037008 0.039788 0.000000 -0.032453 0.993448 -0.109580 11.295900 -0.043582 0.108127 0.993181 -0.000000 0.000000 0.000000 0.000000 1.000000
0.999013 0.031170 0.031634 -0.000000 -0.028197 0.995502 -0.090443 11.295900 -0.034310 0.089462 0.995399 -0.000000 0.000000 0.000000 0.000000 1.000000
0.999375 0.024527 0.025460 0.000000 -0.022652 0.997185 -0.071474 11.295900 -0.027141 0.070852 0.997118 0.000000 0.000000 0.000000 0.000000 1.000000
0.999603 0.018442 0.021301 0.000000 -0.017266 0.998384 -0.054140 11.295900 -0.022265 0.053751 0.998306 0.000000 0.000000 0.000000 0.000000 1.000000
0.999731 0.013375 0.018940 -0.000000 -0.012640 0.999182 -0.038423 11.295900 -0.019439 0.038173 0.999082 0.000000 0.000000 0.000000 0.000000 1.000000</float_array>
        <technique_common>
          <accessor source="#mixamorig_Spine2-Matrix-animation-output-transform-array" count="29" stride="16">
            <param type="float4x4"/>
          </accessor>
        </technique_common>
      </source>
      <source id="mixamorig_Spine2-Interpolations">
        <Name_array id="mixamorig_Spine2-Interpolations-array" count="29">
 LINEAR LINEAR LINEAR LINEAR LINEAR LINEAR LINEAR LINEAR LINEAR LINEAR LINEAR
LINEAR LINEAR LINEAR LINEAR LINEAR LINEAR LINEAR LINEAR LINEAR LINEAR LINEAR LINEAR
LINEAR LINEAR LINEAR LINEAR LINEAR LINEAR</Name_array>
        <technique_common>
          <accessor source="#mixamorig_Spine2-Interpolations-array" count="29">
            <param type="name"/>
          </accessor>
        </technique_common>
      </source>
      <sampler id="mixamorig_Spine2-Matrix-animation-transform">
        <input semantic="INPUT" source="#mixamorig_Spine2-Matrix-animation-input"/>
        <input semantic="OUTPUT" source="#mixamorig_Spine2-Matrix-animation-output-transform"/>
        <input semantic="INTERPOLATION" source="#mixamorig_Spine2-Interpolations"/>
      </sampler>
      <channel source="#mixamorig_Spine2-Matrix-animation-transform" target="mixamorig_Spine2/matrix"/>
      <source id="mixamorig_Neck-Matrix-animation-input">
        <float_array id="mixamorig_Neck-Matrix-animation-input-array" count="29">

0.000000 0.033333 0.066667 0.100000 0.133333 0.166667 0.200000 0.233333 0.266667 0.300000 0.333333 0.366667 0.400000 0.433333 0.466667 0.500000
0.533333 0.566667 0.600000 0.633333 0.666667 0.700000 0.733333 0.766667 0.800000 0.833333 0.866667 0.900000 0.933333</float_array>
        <technique_common>
          <accessor source="#mixamorig_Neck-Matrix-animation-input-array" count="29">
            <param name="TIME" type="float"/>
          </accessor>
        </technique_common>
      </source>
      <source id="mixamorig_Neck-Matrix-animation-output-transform">
        <float_array id="mixamorig_Neck-Matrix-animation-output-transform-array" count="464">

0.970444 -0.077035 0.228700 0.000000 0.106889 0.986863 -0.121149 12.707800 -0.216363 0.142014 0.965929 0.000000 0.000000 0.000000 0.000000 1.000000
0.979353 -0.056180 0.194195 -0.000000 0.084774 0.986198 -0.142224 12.707800 -0.183525 0.155750 0.970598 0.000000 0.000000 0.000000 0.000000 1.000000
0.987743 -0.018767 0.154956 -0.000000 0.044970 0.984867 -0.167373 12.707800 -0.149470 0.172290 0.973640 0.000000 0.000000 0.000000 0.000000 1.000000
0.993920 0.019181 0.108423 0.000000 0.002636 0.980283 -0.197583 12.707800 -0.110075 0.196668 0.974272 0.000000 0.000000 0.000000 0.000000 1.000000
0.996862 0.040170 0.068210 0.000000 -0.026518 0.981350 -0.190389 12.707800 -0.074586 0.187983 0.979336 0.000000 0.000000 0.000000 0.000000 1.000000
0.998739 0.028979 0.040991 -0.000000 -0.023103 0.990276 -0.137183 12.707800 -0.044567 0.136063 0.989697 0.000000 0.000000 0.000000 0.000000 1.000000
0.999662 -0.017026 0.019651 0.000000 0.018780 0.995509 -0.092788 12.707800 -0.017983 0.093126 0.995492 -0.000000 0.000000 0.000000 0.000000 1.000000
0.998822 -0.047408 0.010359 0.000000 0.048070 0.995829 -0.077553 12.707800 -0.006639 0.077959 0.996934 -0.000000 0.000000 0.000000 0.000000 1.000000
0.998339 -0.056834 0.009402 -0.000000 0.057416 0.994970 -0.082084 12.707800 -0.004689 0.082488 0.996581 0.000000 0.000000 0.000000 0.000000 1.000000
0.999162 -0.039849 0.009317 0.000000 0.040581 0.994174 -0.099855 12.707800 -0.005283 0.100150 0.994958 0.000000 0.000000 0.000000 0.000000 1.000000
0.999706 -0.022718 0.008525 0.000000 0.023583 0.992374 -0.120987 12.707800 -0.005712 0.121153 0.992617 0.000000 0.000000 0.000000 0.000000 1.000000
0.999759 -0.020610 0.007523 0.000000 0.021475 0.989483 -0.143046 12.707800 -0.004496 0.143173 0.989687 -0.000000 0.000000 0.000000 0.000000 1.000000
0.999905 -0.012523 0.005831 0.000000 0.013289 0.987287 -0.158394 12.707800 -0.003773 0.158457 0.987359 0.000000 0.000000 0.000000 0.000000 1.000000
0.999995 0.001515 0.002623 -0.000000 -0.001065 0.986499 -0.163764 12.707800 -0.002836 0.163760 0.986496 -0.000000 0.000000 0.000000 0.000000 1.000000
0.999897 0.014268 -0.001249 0.000000 -0.014278 0.986025 -0.165987 12.707800 -0.001136 0.165988 0.986127 -0.000000 0.000000 0.000000 0.000000 1.000000
0.999860 0.016321 -0.003817 0.000000 -0.016735 0.984861 -0.172535 12.707800 0.000943 0.172574 0.984996 0.000000 0.000000 0.000000 0.000000 1.000000
0.999852 0.017133 -0.001531 0.000000 -0.017130 0.983697 -0.179018 12.707800 -0.001561 0.179018 0.983845 -0.000000 0.000000 0.000000 0.000000 1.000000
0.999721 0.022405 0.007533 0.000000 -0.020703 0.983748 -0.178360 12.707800 -0.011407 0.178154 0.983937 0.000000 0.000000 0.000000 0.000000 1.000000
0.999582 0.021684 0.019122 0.000000 -0.017935 0.983843 -0.178133 12.707800 -0.022676 0.177715 0.983821 0.000000 0.000000 0.000000 0.000000 1.000000
0.999346 0.015578 0.032618 0.000000 -0.009442 0.983536 -0.180467 12.707800 -0.034892 0.180041 0.983040 0.000000 0.000000 0.000000 0.000000 1.000000
0.998698 0.005519 0.050707 0.000000 0.003705 0.983655 -0.180026 12.707800 -0.050871 0.179979 0.982354 -0.000000 0.000000 0.000000 0.000000 1.000000
0.997490 -0.006306 0.070525 -0.000000 0.018759 0.983969 -0.177353 12.707800 -0.068276 0.178231 0.981617 0.000000 0.000000 0.000000 0.000000 1.000000
0.995655 -0.018168 0.091326 0.000000 0.033751 0.984498 -0.172116 12.707800 -0.086783 0.174450 0.980834 -0.000000 0.000000 0.000000 0.000000 1.000000
0.992888 -0.028651 0.115556 0.000000 0.047550 0.985269 -0.164266 12.707800 -0.109147 0.168593 0.979624 0.000000 0.000000 0.000000 0.000000 1.000000
0.989091 -0.039130 0.142012 0.000000 0.061412 0.985832 -0.156088 12.707800 -0.133892 0.163106 0.977481 -0.000000 0.000000 0.000000 0.000000 1.000000
0.984520 -0.050153 0.167942 -0.000000 0.075565 0.986018 -0.148523 12.707800 -0.158145 0.158915 0.974544 0.000000 0.000000 0.000000 0.000000 1.000000
0.979684 -0.059387 0.191553 0.000000 0.087166 0.986304 -0.140025 12.707800 -0.180614 0.153878 0.971442 0.000000 0.000000 0.000000 0.000000 1.000000
0.974856 -0.068292 0.212111 -0.000000 0.097396 0.986727 -0.129941 12.707800 -0.200422 0.147332 0.968568 0.000000 0.000000 0.000000 0.000000 1.000000
0.970444 -0.077035 0.228700 0.000000 0.106889 0.986863 -0.121149 12.707800 -0.216363 0.142014 0.965929 0.000000 0.000000 0.000000 0.000000 1.000000</float_array>
        <technique_common>
          <accessor source="#mixamorig_Neck-Matrix-animation-output-transform-array" count="29" stride="16">
            <param type="float4x4"/>
          </accessor>
        </technique_common>
      </source>
      <source id="mixamorig_Neck-Interpolations">
        <Name_array id="mixamorig_Neck-Interpolations-array" count="29">
 LINEAR LINEAR LINEAR LINEAR LINEAR LINEAR LINEAR LINEAR LINEAR LINEAR LINEAR
LINEAR LINEAR LINEAR LINEAR LINEAR LINEAR LINEAR LINEAR LINEAR LINEAR LINEAR LINEAR
LINEAR LINEAR LINEAR LINEAR LINEAR LINEAR</Name_array>
        <technique_common>
          <accessor source="#mixamorig_Neck-Interpolations-array" count="29">
            <param type="name"/>
          </accessor>
        </technique_common>
      </source>
      <sampler id="mixamorig_Neck-Matrix-animation-transform">
        <input semantic="INPUT" source="#mixamorig_Neck-Matrix-animation-input"/>
        <input semantic="OUTPUT" source="#mixamorig_Neck-Matrix-animation-output-transform"/>
        <input semantic="INTERPOLATION" source="#mixamorig_Neck-Interpolations"/>
      </sampler>
      <channel source="#mixamorig_Neck-Matrix-animation-transform" target="mixamorig_Neck/matrix"/>
      <source id="mixamorig_Head-Matrix-animation-input">
        <float_array id="mixamorig_Head-Matrix-animation-input-array" count="29">

0.000000 0.033333 0.066667 0.100000 0.133333 0.166667 0.200000 0.233333 0.266667 0.300000 0.333333 0.366667 0.400000 0.433333 0.466667 0.500000
0.533333 0.566667 0.600000 0.633333 0.666667 0.700000 0.733333 0.766667 0.800000 0.833333 0.866667 0.900000 0.933333</float_array>
        <technique_common>
          <accessor source="#mixamorig_Head-Matrix-animation-input-array" count="29">
            <param name="TIME" type="float"/>
          </accessor>
        </technique_common>
      </source>
      <source id="mixamorig_Head-Matrix-animation-output-transform">
        <float_array id="mixamorig_Head-Matrix-animation-output-transform-array" count="464">

0.936427 0.067621 0.344285 0.000000 -0.017903 0.989183 -0.145591 6.103100 -0.350406 0.130172 0.927508 1.780100 0.000000 0.000000 0.000000 1.000000
0.928300 0.079385 0.363260 -0.000000 -0.024297 0.987807 -0.153779 6.103100 -0.371038 0.133926 0.918909 1.780100 0.000000 0.000000 0.000000 1.000000
0.930042 0.103703 0.352516 -0.000000 -0.010797 0.966648 -0.255881 6.103100 -0.367295 0.234174 0.900143 1.780100 0.000000 0.000000 0.000000 1.000000
0.927574 0.136408 0.347851 0.000000 -0.026212 0.952440 -0.303598 6.103100 -0.372720 0.272492 0.887033 1.780100 0.000000 0.000000 0.000000 1.000000
