<?xml version="1.0" encoding="utf-8"?>
<COLLADA xmlns="http://www.collada.org/2005/11/COLLADASchema" version="1.4.1">
  <asset>
    <contributor>
      <author>Mixamo</author>
      <authoring_tool>COLLADA Mixamo exporter</authoring_tool>
      <comments/>
    </contributor>
    <created>2024-05-10T11:40:24Z</created>
    <modified>2024-05-10T11:40:24Z</modified>
    <revision/>
    <title/>
    <unit meter="0.010000"/>
    <up_axis>Y_UP</up_axis>
  </asset>
  <library_animations>
    <animation>
      <source id="Armature-Matrix-animation-input">
        <float_array id="Armature-Matrix-animation-input-array" count="31">

0.000000 0.033333 0.066667 0.100000 0.133333 0.166667 0.200000 0.233333 0.266667 0.300000 0.333333 0.366667 0.400000 0.433333 0.466667 0.500000
0.533333 0.566667 0.600000 0.633333 0.666667 0.700000 0.733333 0.766667 0.800000 0.833333 0.866667 0.900000 0.933333 0.966667 1.000000</float_array>
        <technique_common>
          <accessor source="#Armature-Matrix-animation-input-array" count="31">
            <param name="TIME" type="float"/>
          </accessor>
        </technique_common>
      </source>
      <source id="Armature-Matrix-animation-output-transform">
        <float_array id="Armature-Matrix-animation-output-transform-array" count="496">

1.000000 0.000000 0.000000 0.000000 0.000000 0.000000 1.000000 0.000000 0.000000 -1.000000 0.000000 0.000000 0.000000 0.000000 0.000000 1.000000
1.000000 0.000000 0.000000 0.000000 0.000000 0.000000 1.000000 0.000000 0.000000 -1.000000 0.000000 0.000000 0.000000 0.000000 0.000000 1.000000
1.000000 0.000000 0.000000 0.000000 0.000000 0.000000 1.000000 0.000000 0.000000 -1.000000 0.000000 0.000000 0.000000 0.000000 0.000000 1.000000
1.000000 0.000000 0.000000 0.000000 0.000000 0.000000 1.000000 0.000000 0.000000 -1.000000 0.000000 0.000000 0.000000 0.000000 0.000000 1.000000
1.000000 0.000000 0.000000 0.000000 0.000000 0.000000 1.000000 0.000000 0.000000 -1.000000 0.000000 0.000000 0.000000 0.000000 0.000000 1.000000
1.000000 0.000000 0.000000 0.000000 0.000000 0.000000 1.000000 0.000000 0.000000 -1.000000 0.000000 0.000000 0.000000 0.000000 0.000000 1.000000
1.000000 0.000000 0.000000 0.000000 0.000000 0.000000 1.000000 0.000000 0.000000 -1.000000 0.000000 0.000000 0.000000 0.000000 0.000000 1.000000
1.000000 0.000000 0.000000 0.000000 0.000000 0.000000 1.000000 0.000000 0.000000 -1.000000 0.000000 0.000000 0.000000 0.000000 0.000000 1.000000
1.000000 0.000000 0.000000 0.000000 0.000000 0.000000 1.000000 0.000000 0.000000 -1.000000 0.000000 0.000000 0.000000 0.000000 0.000000 1.000000
1.000000 0.000000 0.000000 0.000000 0.000000 0.000000 1.000000 0.000000 0.000000 -1.000000 0.000000 0.000000 0.000000 0.000000 0.000000 1.000000
1.000000 0.000000 0.000000 0.000000 0.000000 0.000000 1.000000 0.000000 0.000000 -1.000000 0.000000 0.000000 0.000000 0.000000 0.000000 1.000000
1.000000 0.000000 0.000000 0.000000 0.000000 0.000000 1.000000 0.000000 0.000000 -1.000000 0.000000 0.000000 0.000000 0.000000 0.000000 1.000000
1.000000 0.000000 0.000000 0.000000 0.000000 0.000000 1.000000 0.000000 0.000000 -1.000000 0.000000 0.000000 0.000000 0.000000 0.000000 1.000000
1.000000 0.000000 0.000000 0.000000 0.000000 0.000000 1.000000 0.000000 0.000000 -1.000000 0.000000 0.000000 0.000000 0.000000 0.000000 1.000000
1.000000 0.000000 0.000000 0.000000 0.000000 0.000000 1.000000 0.000000 0.000000 -1.000000 0.000000 0.000000 0.000000 0.000000 0.000000 1.000000
1.000000 0.000000 0.000000 0.000000 0.000000 0.000000 1.000000 0.000000 0.000000 -1.000000 0.000000 0.000000 0.000000 0.000000 0.000000 1.000000
1.000000 0.000000 0.000000 0.000000 0.000000 0.000000 1.000000 0.000000 0.000000 -1.000000 0.000000 0.000000 0.000000 0.000000 0.000000 1.000000
1.000000 0.000000 0.000000 0.000000 0.000000 0.000000 1.000000 0.000000 0.000000 -1.000000 0.000000 0.000000 0.000000 0.000000 0.000000 1.000000
1.000000 0.000000 0.000000 0.000000 0.000000 0.000000 1.000000 0.000000 0.000000 -1.000000 0.000000 0.000000 0.000000 0.000000 0.000000 1.000000
1.000000 0.000000 0.000000 0.000000 0.000000 0.000000 1.000000 0.000000 0.000000 -1.000000 0.000000 0.000000 0.000000 0.000000 0.000000 1.000000
1.000000 0.000000 0.000000 0.000000 0.000000 0.000000 1.000000 0.000000 0.000000 -1.000000 0.000000 0.000000 0.000000 0.000000 0.000000 1.000000
1.000000 0.000000 0.000000 0.000000 0.000000 0.000000 1.000000 0.000000 0.000000 -1.000000 0.000000 0.000000 0.000000 0.000000 0.000000 1.000000
1.000000 0.000000 0.000000 0.000000 0.000000 0.000000 1.000000 0.000000 0.000000 -1.000000 0.000000 0.000000 0.000000 0.000000 0.000000 1.000000
1.000000 0.000000 0.000000 0.000000 0.000000 0.000000 1.000000 0.000000 0.000000 -1.000000 0.000000 0.000000 0.000000 0.000000 0.000000 1.000000
1.000000 0.000000 0.000000 0.000000 0.000000 0.000000 1.000000 0.000000 0.000000 -1.000000 0.000000 0.000000 0.000000 0.000000 0.000000 1.000000
1.000000 0.000000 0.000000 0.000000 0.000000 0.000000 1.000000 0.000000 0.000000 -1.000000 0.000000 0.000000 0.000000 0.000000 0.000000 1.000000
1.000000 0.000000 0.000000 0.000000 0.000000 0.000000 1.000000 0.000000 0.000000 -1.000000 0.000000 0.000000 0.000000 0.000000 0.000000 1.000000
1.000000 0.000000 0.000000 0.000000 0.000000 0.000000 1.000000 0.000000 0.000000 -1.000000 0.000000 0.000000 0.000000 0.000000 0.000000 1.000000
1.000000 0.000000 0.000000 0.000000 0.000000 0.000000 1.000000 0.000000 0.000000 -1.000000 0.000000 0.000000 0.000000 0.000000 0.000000 1.000000
1.000000 0.000000 0.000000 0.000000 0.000000 0.000000 1.000000 0.000000 0.000000 -1.000000 0.000000 0.000000 0.000000 0.000000 0.000000 1.000000
1.000000 0.000000 0.000000 0.000000 0.000000 0.000000 1.000000 0.000000 0.000000 -1.000000 0.000000 0.000000 0.000000 0.000000 0.000000 1.000000</float_array>
        <technique_common>
          <accessor source="#Armature-Matrix-animation-output-transform-array" count="31" stride="16">
            <param type="float4x4"/>
          </accessor>
        </technique_common>
      </source>
      <source id="Armature-Interpolations">
        <Name_array id="Armature-Interpolations-array" count="31">
 LINEAR LINEAR LINEAR LINEAR LINEAR LINEAR LINEAR LINEAR LINEAR LINEAR LINEAR
LINEAR LINEAR LINEAR LINEAR LINEAR LINEAR LINEAR LINEAR LINEAR LINEAR LINEAR LINEAR
LINEAR LINEAR LINEAR LINEAR LINEAR LINEAR LINEAR LINEAR</Name_array>
        <technique_common>
          <accessor source="#Armature-Interpolations-array" count="31">
            <param type="name"/>
          </accessor>
        </technique_common>
      </source>
      <sampler id="Armature-Matrix-animation-transform">
        <input semantic="INPUT" source="#Armature-Matrix-animation-input"/>
        <input semantic="OUTPUT" source="#Armature-Matrix-animation-output-transform"/>
        <input semantic="INTERPOLATION" source="#Armature-Interpolations"/>
      </sampler>
      <channel source="#Armature-Matrix-animation-transform" target="Armature/matrix"/>
      <source id="mixamorig_Hips-Matrix-animation-input">
        <float_array id="mixamorig_Hips-Matrix-animation-input-array" count="31">

0.000000 0.033333 0.066667 0.100000 0.133333 0.166667 0.200000 0.233333 0.266667 0.300000 0.333333 0.366667 0.400000 0.433333 0.466667 0.500000
0.533333 0.566667 0.600000 0.633333 0.666667 0.700000 0.733333 0.766667 0.800000 0.833333 0.866667 0.900000 0.933333 0.966667 1.000000</float_array>
        <technique_common>
          <accessor source="#mixamorig_Hips-Matrix-animation-input-array" count="31">
            <param name="TIME" type="float"/>
          </accessor>
        </technique_common>
      </source>
      <source id="mixamorig_Hips-Matrix-animation-output-transform">
        <float_array id="mixamorig_Hips-Matrix-animation-output-transform-array" count="496">

0.691860 0.000122 -0.722031 -0.260089 -0.718845 0.093965 -0.688791 -0.098889 0.067762 0.995576 0.065098 84.184387 0.000000 0.000000 0.000000 1.000000
0.686886 -0.001671 -0.726763 0.032880 -0.722566 0.105770 -0.683162 0.121813 0.078011 0.994389 0.071444 84.405563 0.000000 0.000000 0.000000 1.000000
0.688814 -0.017179 -0.724735 0.375740 -0.716471 0.136217 -0.684189 0.238078 0.110475 0.990530 0.081520 84.668953 0.000000 0.000000 0.000000 1.000000
0.700063 -0.052016 -0.712184 0.694475 -0.690443 0.205179 -0.693678 -0.444617 0.182208 0.977341 0.107724 85.038841 0.000000 0.000000 0.000000 1.000000
0.679609 -0.075498 -0.729680 1.209687 -0.692588 0.261797 -0.672149 -0.864021 0.241773 0.962166 0.125631 85.475632 0.000000 0.000000 0.000000 1.000000
0.603384 -0.078705 -0.793557 1.932259 -0.750776 0.279383 -0.598565 -0.709396 0.268816 0.956949 0.109486 85.942101 0.000000 0.000000 0.000000 1.000000
0.470807 -0.075707 -0.878982 2.872395 -0.837956 0.273301 -0.472373 -0.453176 0.275988 0.958945 0.065233 86.490768 0.000000 0.000000 0.000000 1.000000
0.304129 -0.064960 -0.950413 3.834063 -0.917139 0.249820 -0.310557 -0.120922 0.257606 0.966111 0.016400 87.066185 0.000000 0.000000 0.000000 1.000000
0.149497 -0.052321 -0.987377 4.728732 -0.962901 0.219193 -0.157406 0.266585 0.224662 0.974278 -0.017611 87.720802 0.000000 0.000000 0.000000 1.000000
0.028609 -0.051425 -0.998267 5.548777 -0.980620 0.192196 -0.038004 0.590200 0.193817 0.980008 -0.044930 88.463936 0.000000 0.000000 0.000000 1.000000
-0.069186 -0.063762 -0.995564 6.152971 -0.982936 0.174860 0.057109 0.734407 0.170442 0.982527 -0.074772 88.958511 0.000000 0.000000 0.000000 1.000000
-0.145958 -0.072070 -0.986662 6.474235 -0.976915 0.167762 0.132262 0.752725 0.155993 0.983190 -0.094892 88.968124 0.000000 0.000000 0.000000 1.000000
-0.189727 -0.065952 -0.979619 6.567386 -0.970226 0.165580 0.176760 0.806053 0.150548 0.983989 -0.095403 88.626381 0.000000 0.000000 0.000000 1.000000
-0.195902 -0.050797 -0.979307 6.495286 -0.968531 0.166368 0.185117 0.998523 0.153522 0.984754 -0.081791 88.224480 0.000000 0.000000 0.000000 1.000000
-0.168013 -0.032456 -0.985250 6.352133 -0.972215 0.170719 0.160166 1.364407 0.163003 0.984785 -0.060237 87.914337 0.000000 0.000000 0.000000 1.000000
-0.108557 -0.014409 -0.993986 6.211234 -0.978993 0.175150 0.104381 1.852936 0.172592 0.984436 -0.033120 87.664162 0.000000 0.000000 0.000000 1.000000
-0.024500 0.001579 -0.999699 6.103811 -0.983761 0.177816 0.024391 2.377754 0.177801 0.984062 -0.002804 87.488449 0.000000 0.000000 0.000000 1.000000
0.070564 0.015229 -0.997391 5.986814 -0.981065 0.181854 -0.066632 2.866617 0.180365 0.983208 0.027773 87.400162 0.000000 0.000000 0.000000 1.000000
0.165548 0.024138 -0.985906 5.829518 -0.969459 0.187410 -0.158198 3.274997 0.180950 0.981985 0.054426 87.329521 0.000000 0.000000 0.000000 1.000000
0.256870 0.025764 -0.966102 5.636266 -0.950495 0.187602 -0.247718 3.545765 0.174860 0.981907 0.072678 87.215210 0.000000 0.000000 0.000000 1.000000
0.343994 0.021784 -0.938719 5.339376 -0.925155 0.178736 -0.334875 3.619208 0.160488 0.983656 0.081638 87.019897 0.000000 0.000000 0.000000 1.000000
0.421945 0.016515 -0.906471 4.947191 -0.894983 0.167277 -0.413550 3.507726 0.144802 0.985772 0.085362 86.780731 0.000000 0.000000 0.000000 1.000000
0.483390 0.011719 -0.875326 4.499856 -0.865062 0.159647 -0.475585 3.248176 0.134169 0.987105 0.087310 86.442398 0.000000 0.000000 0.000000 1.000000
0.526738 0.006171 -0.850005 4.039642 -0.840383 0.153986 -0.519658 2.887941 0.127682 0.988054 0.086296 86.012199 0.000000 0.000000 0.000000 1.000000
0.560886 -0.001536 -0.827892 3.521997 -0.819053 0.144714 -0.555166 2.479671 0.120661 0.989472 0.079910 85.563705 0.000000 0.000000 0.000000 1.000000
0.594725 -0.008811 -0.803881 2.873659 -0.796304 0.130935 -0.590555 2.064995 0.110460 0.991352 0.070854 85.128319 0.000000 0.000000 0.000000 1.000000
0.627122 -0.011280 -0.778840 2.120654 -0.772820 0.115891 -0.623953 1.654159 0.097299 0.993198 0.063961 84.720787 0.000000 0.000000 0.000000 1.000000
0.654202 -0.007992 -0.756278 1.363592 -0.751789 0.102413 -0.651402 1.238460 0.082658 0.994710 0.060991 84.392662 0.000000 0.000000 0.000000 1.000000
0.675832 -0.002000 -0.737053 0.678675 -0.733705 0.093420 -0.673016 0.800935 0.070202 0.995625 0.061668 84.187119 0.000000 0.000000 0.000000 1.000000
0.689574 0.001412 -0.724214 0.118170 -0.721283 0.091226 -0.686606 0.337454 0.065098 0.995829 0.063926 84.112350 0.000000 0.000000 0.000000 1.000000
0.691860 0.000122 -0.722031 -0.260089 -0.718845 0.093965 -0.688791 -0.098889 0.067762 0.995576 0.065098 84.184387 0.000000 0.000000 0.000000 1.000000</float_array>
        <technique_common>
          <accessor source="#mixamorig_Hips-Matrix-animation-output-transform-array" count="31" stride="16">
            <param type="float4x4"/>
          </accessor>
        </technique_common>
      </source>
      <source id="mixamorig_Hips-Interpolations">
        <Name_array id="mixamorig_Hips-Interpolations-array" count="31">
 LINEAR LINEAR LINEAR LINEAR LINEAR LINEAR LINEAR LINEAR LINEAR LINEAR LINEAR
LINEAR LINEAR LINEAR LINEAR LINEAR LINEAR LINEAR LINEAR LINEAR LINEAR LINEAR LINEAR
LINEAR LINEAR LINEAR LINEAR LINEAR LINEAR LINEAR LINEAR</Name_array>
        <technique_common>
          <accessor source="#mixamorig_Hips-Interpolations-array" count="31">
            <param type="name"/>
          </accessor>
        </technique_common>
      </source>
      <sampler id="mixamorig_Hips-Matrix-animation-transform">
        <input semantic="INPUT" source="#mixamorig_Hips-Matrix-animation-input"/>
        <input semantic="OUTPUT" source="#mixamorig_Hips-Matrix-animation-output-transform"/>
        <input semantic="INTERPOLATION" source="#mixamorig_Hips-Interpolations"/>
      </sampler>
      <channel source="#mixamorig_Hips-Matrix-animation-transform" target="mixamorig_Hips/matrix"/>
      <source id="mixamorig_Spine-Matrix-animation-input">
        <float_array id="mixamorig_Spine-Matrix-animation-input-array" count="31">

0.000000 0.033333 0.066667 0.100000 0.133333 0.166667 0.200000 0.233333 0.266667 0.300000 0.333333 0.366667 0.400000 0.433333 0.466667 0.500000
0.533333 0.566667 0.600000 0.633333 0.666667 0.700000 0.733333 0.766667 0.800000 0.833333 0.866667 0.900000 0.933333 0.966667 1.000000</float_array>
        <technique_common>
          <accessor source="#mixamorig_Spine-Matrix-animation-input-array" count="31">
            <param name="TIME" type="float"/>
          </accessor>
        </technique_common>
      </source>
      <source id="mixamorig_Spine-Matrix-animation-output-transform">
        <float_array id="mixamorig_Spine-Matrix-animation-output-transform-array" count="496">

0.991722 0.016407 0.127348 0.000000 -0.011279 0.999100 -0.040881 8.407700 -0.127905 0.039107 0.991015 -1.041900 0.000000 0.000000 0.000000 1.000000
0.990845 0.018578 0.133719 0.000000 -0.014078 0.999305 -0.034519 8.407700 -0.134267 0.032320 0.990418 -1.041900 0.000000 0.000000 0.000000 1.000000
0.985141 0.027159 0.169584 -0.000000 -0.024219 0.999519 -0.019380 8.407700 -0.170028 0.014985 0.985325 -1.041900 0.000000 0.000000 0.000000 1.000000
0.974308 0.008822 0.225049 -0.000000 -0.013807 0.999693 0.020586 8.407700 -0.224798 -0.023165 0.974130 -1.041900 0.000000 0.000000 0.000000 1.000000
0.974125 -0.042360 0.222006 -0.000000 0.030942 0.998025 0.054660 8.407700 -0.223883 -0.046377 0.973512 -1.041900 0.000000 0.000000 0.000000 1.000000
0.981422 -0.086508 0.171251 -0.000000 0.078313 0.995462 0.054057 8.407700 -0.175151 -0.039641 0.983743 -1.041900 0.000000 0.000000 0.000000 1.000000
0.984287 -0.128728 0.120865 0.000000 0.126916 0.991656 0.022605 8.407700 -0.122766 -0.006911 0.992412 -1.041900 0.000000 0.000000 0.000000 1.000000
0.981002 -0.175009 0.083707 0.000000 0.178846 0.983034 -0.040714 8.407700 -0.075162 0.054911 0.995658 -1.041900 0.000000 0.000000 0.000000 1.000000
0.976022 -0.214139 0.039059 -0.000000 0.217405 0.967891 -0.126185 8.407700 -0.010784 0.131651 0.991237 -1.041900 0.000000 0.000000 0.000000 1.000000
0.973487 -0.227161 -0.026849 0.000000 0.216854 0.953862 -0.207657 8.407700 0.072782 0.196329 0.977833 -1.041900 0.000000 0.000000 0.000000 1.000000
0.973822 -0.207768 -0.092207 -0.000000 0.177300 0.948122 -0.263875 8.407700 0.142248 0.240619 0.960140 -1.041900 0.000000 0.000000 0.000000 1.000000
0.974272 -0.174833 -0.142222 -0.000000 0.126255 0.946124 -0.298176 8.407700 0.186691 0.272548 0.943856 -1.041900 0.000000 0.000000 0.000000 1.000000
0.972488 -0.149129 -0.178964 0.000000 0.085444 0.943038 -0.321526 8.407700 0.216718 0.297388 0.929835 -1.041900 0.000000 0.000000 0.000000 1.000000
0.970608 -0.135899 -0.198622 0.000000 0.063005 0.940010 -0.335277 8.407700 0.232271 0.312909 0.920944 -1.041900 0.000000 0.000000 0.000000 1.000000
0.970726 -0.128521 -0.202912 0.000000 0.053571 0.939370 -0.338696 8.407700 0.234139 0.317911 0.918756 -1.041900 0.000000 0.000000 0.000000 1.000000
0.971788 -0.122814 -0.201359 0.000000 0.049862 0.941411 -0.333554 8.407700 0.230527 0.314104 0.920976 -1.041900 0.000000 0.000000 0.000000 1.000000
0.972523 -0.119141 -0.200009 0.000000 0.049834 0.945751 -0.321049 8.407700 0.227409 0.302260 0.925702 -1.041900 0.000000 0.000000 0.000000 1.000000
0.972937 -0.113856 -0.201073 0.000000 0.048988 0.952035 -0.302041 8.407700 0.225818 0.284017 0.931848 -1.041900 0.000000 0.000000 0.000000 1.000000
0.973961 -0.103095 -0.201917 -0.000000 0.044366 0.960076 -0.276198 8.407700 0.222330 0.260048 0.939651 -1.041900 0.000000 0.000000 0.000000 1.000000
0.976865 -0.091704 -0.193196 -0.000000 0.042978 0.969146 -0.242710 8.407700 0.209493 0.228792 0.950667 -1.041900 0.000000 0.000000 0.000000 1.000000
0.982179 -0.084912 -0.167672 0.000000 0.049505 0.977502 -0.205036 8.407700 0.181310 0.193081 0.964285 -1.041900 0.000000 0.000000 0.000000 1.000000
0.988882 -0.077248 -0.127062 0.000000 0.054995 0.983883 -0.170146 8.407700 0.138158 0.161267 0.977193 -1.041900 0.000000 0.000000 0.000000 1.000000
0.995530 -0.060582 -0.072460 0.000000 0.049826 0.988614 -0.141986 8.407700 0.080237 0.137741 0.987213 -1.041900 0.000000 0.000000 0.000000 1.000000
0.999290 -0.037232 -0.005823 0.000000 0.036304 0.992566 -0.116167 8.407700 0.010105 0.115873 0.993213 -1.041900 0.000000 0.000000 0.000000 1.000000
0.998061 -0.017514 0.059731 -0.000000 0.022750 0.995848 -0.088144 8.407700 -0.057939 0.089332 0.994315 -1.041900 0.000000 0.000000 0.000000 1.000000
0.994222 -0.005990 0.107179 0.000000 0.012853 0.997902 -0.063453 8.407700 -0.106574 0.064464 0.992213 -1.041900 0.000000 0.000000 0.000000 1.000000
0.991106 -0.000111 0.133077 0.000000 0.006789 0.998739 -0.049733 8.407700 -0.132903 0.050194 0.989857 -1.041900 0.000000 0.000000 0.000000 1.000000
0.989794 0.002096 0.142488 -0.000000 0.004576 0.998908 -0.046486 8.407700 -0.142430 0.046664 0.988704 -1.041900 0.000000 0.000000 0.000000 1.000000
0.990264 0.002855 0.139172 -0.000000 0.003897 0.998829 -0.048219 8.407700 -0.139147 0.048292 0.989094 -1.041900 0.000000 0.000000 0.000000 1.000000
0.991310 0.007042 0.131359 0.000000 -0.000745 0.998851 -0.047926 8.407700 -0.131546 0.047411 0.990176 -1.041900 0.000000 0.000000 0.000000 1.000000
0.991722 0.016407 0.127349 -0.000000 -0.011279 0.999100 -0.040881 8.407700 -0.127905 0.039107 0.991015 -1.041900 0.000000 0.000000 0.000000 1.000000</float_array>
        <technique_common>
          <accessor source="#mixamorig_Spine-Matrix-animation-output-transform-array" count="31" stride="16">
            <param type="float4x4"/>
          </accessor>
        </technique_common>
      </source>
      <source id="mixamorig_Spine-Interpolations">
        <Name_array id="mixamorig_Spine-Interpolations-array" count="31">
 LINEAR LINEAR LINEAR LINEAR LINEAR LINEAR LINEAR LINEAR LINEAR LINEAR LINEAR
LINEAR LINEAR LINEAR LINEAR LINEAR LINEAR LINEAR LINEAR LINEAR LINEAR LINEAR LINEAR
LINEAR LINEAR LINEAR LINEAR LINEAR LINEAR LINEAR LINEAR</Name_array>
        <technique_common>
          <accessor source="#mixamorig_Spine-Interpolations-array" count="31">
            <param type="name"/>
          </accessor>
        </technique_common>
      </source>
      <sampler id="mixamorig_Spine-Matrix-animation-transform">
        <input semantic="INPUT" source="#mixamorig_Spine-Matrix-animation-input"/>
        <input semantic="OUTPUT" source="#mixamorig_Spine-Matrix-animation-output-transform"/>
        <input semantic="INTERPOLATION" source="#mixamorig_Spine-Interpolations"/>
      </sampler>
      <channel source="#mixamorig_Spine-Matrix-animation-transform" target="mixamorig_Spine/matrix"/>
      <source id="mixamorig_Spine1-Matrix-animation-input">
        <float_array id="mixamorig_Spine1-Matrix-animation-input-array" count="31">

0.000000 0.033333 0.066667 0.100000 0.133333 0.166667 0.200000 0.233333 0.266667 0.300000 0.333333 0.366667 0.400000 0.433333 0.466667 0.500000
0.533333 0.566667 0.600000 0.633333 0.666667 0.700000 0.733333 0.766667 0.800000 0.833333 0.866667 0.900000 0.933333 0.966667 1.000000</float_array>
        <technique_common>
          <accessor source="#mixamorig_Spine1-Matrix-animation-input-array" count="31">
            <param name="TIME" type="float"/>
          </accessor>
        </technique_common>
      </source>
      <source id="mixamorig_Spine1-Matrix-animation-output-transform">
        <float_array id="mixamorig_Spine1-Matrix-animation-output-transform-array" count="496">

0.999723 0.013732 0.019110 0.000000 -0.012995 0.999187 -0.038158 9.883800 -0.019618 0.037899 0.999089 0.000000 0.000000 0.000000 0.000000 1.000000
0.999422 0.018956 0.028209 -0.000000 -0.017407 0.998380 -0.054177 9.883800 -0.029190 0.053655 0.998133 0.000000 0.000000 0.000000 0.000000 1.000000
0.998237 0.028096 0.052279 0.000000 -0.024496 0.997366 -0.068271 9.883800 -0.054060 0.066870 0.996296 -0.000000 0.000000 0.000000 0.000000 1.000000
0.995902 0.027022 0.086312 0.000000 -0.020722 0.997112 -0.073068 9.883800 -0.088037 0.070980 0.993585 0.000000 0.000000 0.000000 0.000000 1.000000
0.995590 0.010189 0.093259 -0.000000 -0.002597 0.996697 -0.081163 9.883800 -0.093778 0.080563 0.992328 0.000000 0.000000 0.000000 0.000000 1.000000
0.996915 -0.006079 0.078248 0.000000 0.014252 0.994442 -0.104314 9.883800 -0.077179 0.105107 0.991462 0.000000 0.000000 0.000000 0.000000 1.000000
0.997674 -0.023569 0.063958 0.000000 0.032399 0.989516 -0.140739 9.883800 -0.059971 0.142484 0.987979 -0.000000 0.000000 0.000000 0.000000 1.000000
0.997398 -0.045522 0.055898 0.000000 0.055446 0.979972 -0.191261 9.883800 -0.046072 0.193863 0.979946 0.000000 0.000000 0.000000 0.000000 1.000000
0.996968 -0.064849 0.043004 0.000000 0.073590 0.965370 -0.250290 9.883800 -0.025284 0.252696 0.967215 0.000000 0.000000 0.000000 0.000000 1.000000
0.997357 -0.070430 0.017856 0.000000 0.072519 0.949729 -0.304558 9.883800 0.004491 0.305048 0.952326 0.000000 0.000000 0.000000 0.000000 1.000000
0.998184 -0.059498 -0.009444 0.000000 0.052609 0.937299 -0.344533 9.883800 0.029350 0.343410 0.938727 -0.000000 0.000000 0.000000 0.000000 1.000000
0.998626 -0.041547 -0.031924 0.000000 0.026789 0.928498 -0.370370 9.883800 0.045030 0.369006 0.928335 0.000000 0.000000 0.000000 0.000000 1.000000
0.998362 -0.027703 -0.050068 0.000000 0.006267 0.922661 -0.385560 9.883800 0.056877 0.384615 0.921323 0.000000 0.000000 0.000000 0.000000 1.000000
0.997942 -0.020827 -0.060642 0.000000 -0.004635 0.919869 -0.392198 9.883800 0.063951 0.391672 0.917880 0.000000 0.000000 0.000000 0.000000 1.000000
0.997854 -0.016781 -0.063296 0.000000 -0.009452 0.919576 -0.392799 9.883800 0.064797 0.392554 0.917443 -0.000000 0.000000 0.000000 0.000000 1.000000
0.997932 -0.013353 -0.062872 -0.000000 -0.012154 0.921328 -0.388596 9.883800 0.063115 0.388557 0.919261 0.000000 0.000000 0.000000 0.000000 1.000000
0.997999 -0.010737 -0.062315 0.000000 -0.013811 0.924671 -0.380517 9.883800 0.061707 0.380616 0.922672 0.000000 0.000000 0.000000 0.000000 1.000000
0.997996 -0.006846 -0.062899 0.000000 -0.016900 0.929164 -0.369281 9.883800 0.060971 0.369604 0.927187 0.000000 0.000000 0.000000 0.000000 1.000000
0.997984 0.000308 -0.063467 0.000000 -0.022882 0.934484 -0.355270 9.883800 0.059199 0.356006 0.932607 -0.000000 0.000000 0.000000 0.000000 1.000000
0.998161 0.007520 -0.060145 0.000000 -0.027352 0.941386 -0.336220 9.883800 0.054092 0.337247 0.939861 0.000000 0.000000 0.000000 0.000000 1.000000
0.998625 0.010868 -0.051285 0.000000 -0.026216 0.950698 -0.309009 9.883800 0.045398 0.309929 0.949675 0.000000 0.000000 0.000000 0.000000 1.000000
0.999195 0.013174 -0.037895 0.000000 -0.023189 0.960435 -0.277537 9.883800 0.032739 0.278192 0.959967 0.000000 0.000000 0.000000 0.000000 1.000000
0.999626 0.018374 -0.020265 -0.000000 -0.022781 0.969283 -0.244893 9.883800 0.015143 0.245263 0.969338 0.000000 0.000000 0.000000 0.000000 1.000000
0.999685 0.025026 0.001751 -0.000000 -0.024103 0.977467 -0.209710 9.883800 -0.006959 0.209601 0.977762 0.000000 0.000000 0.000000 0.000000 1.000000
0.999333 0.028245 0.023161 0.000000 -0.023887 0.985050 -0.170606 9.883800 -0.027633 0.169939 0.985067 -0.000000 0.000000 0.000000 0.000000 1.000000
0.998989 0.026306 0.036463 -0.000000 -0.021278 0.991020 -0.132007 9.883800 -0.039608 0.131098 0.990578 0.000000 0.000000 0.000000 0.000000 1.000000
0.998967 0.021176 0.040203 -0.000000 -0.017071 0.994858 -0.099832 9.883800 -0.042111 0.099043 0.994192 -0.000000 0.000000 0.000000 0.000000 1.000000
0.999200 0.014902 0.037106 -0.000000 -0.012056 0.997052 -0.075777 9.883800 -0.038125 0.075269 0.996434 0.000000 0.000000 0.000000 0.000000 1.000000
0.999515 0.009947 0.029493 0.000000 -0.008202 0.998242 -0.058708 9.883800 -0.030025 0.058437 0.997839 0.000000 0.000000 0.000000 0.000000 1.000000
0.999714 0.009379 0.021997 -0.000000 -0.008350 0.998886 -0.046453 9.883800 -0.022408 0.046257 0.998678 0.000000 0.000000 0.000000 0.000000 1.000000
0.999723 0.013732 0.019110 -0.000000 -0.012995 0.999187 -0.038158 9.883800 -0.019618 0.037899 0.999089 0.000000 0.000000 0.000000 0.000000 1.000000</float_array>
        <technique_common>
          <accessor source="#mixamorig_Spine1-Matrix-animation-output-transform-array" count="31" stride="16">
            <param type="float4x4"/>
          </accessor>
        </technique_common>
      </source>
      <source id="mixamorig_Spine1-Interpolations">
        <Name_array id="mixamorig_Spine1-Interpolations-array" count="31">
 LINEAR LINEAR LINEAR LINEAR LINEAR LINEAR LINEAR LINEAR LINEAR LINEAR LINEAR
LINEAR LINEAR LINEAR LINEAR LINEAR LINEAR LINEAR LINEAR LINEAR LINEAR LINEAR LINEAR
LINEAR LINEAR LINEAR LINEAR LINEAR LINEAR LINEAR LINEAR</Name_array>
        <technique_common>
          <accessor source="#mixamorig_Spine1-Interpolations-array" count="31">
            <param type="name"/>
          </accessor>
        </technique_common>
      </source>
      <sampler id="mixamorig_Spine1-Matrix-animation-transform">
        <input semantic="INPUT" source="#mixamorig_Spine1-Matrix-animation-input"/>
        <input semantic="OUTPUT" source="#mixamorig_Spine1-Matrix-animation-output-transform"/>
        <input semantic="INTERPOLATION" source="#mixamorig_Spine1-Interpolations"/>
      </sampler>
      <channel source="#mixamorig_Spine1-Matrix-animation-transform" target="mixamorig_Spine1/matrix"/>
      <source id="mixamorig_Spine2-Matrix-animation-input">
        <float_array id="mixamorig_Spine2-Matrix-animation-input-array" count="31">

0.000000 0.033333 0.066667 0.100000 0.133333 0.166667 0.200000 0.233333 0.266667 0.300000 0.333333 0.366667 0.400000 0.433333 0.466667 0.500000
0.533333 0.566667 0.600000 0.633333 0.666667 0.700000 0.733333 0.766667 0.800000 0.833333 0.866667 0.900000 0.933333 0.966667 1.000000</float_array>
        <technique_common>
          <accessor source="#mixamorig_Spine2-Matrix-animation-input-array" count="31">
            <param name="TIME" type="float"/>
          </accessor>
        </technique_common>
      </source>
      <source id="mixamorig_Spine2-Matrix-animation-output-transform">
        <float_array id="mixamorig_Spine2-Matrix-animation-output-transform-array" count="496">

0.999731 0.013375 0.018940 0.000000 -0.012640 0.999182 -0.038423 11.295900 -0.019439 0.038173 0.999082 0.000000 0.000000 0.000000 0.000000 1.000000
0.999433 0.018609 0.028072 0.000000 -0.017061 0.998374 -0.054399 11.295900 -0.029038 0.053889 0.998125 0.000000 0.000000 0.000000 0.000000 1.000000
0.998254 0.027705 0.052173 0.000000 -0.024101 0.997361 -0.068479 11.295900 -0.053932 0.067102 0.996287 0.000000 0.000000 0.000000 0.000000 1.000000
0.995923 0.026561 0.086204 0.000000 -0.020249 0.997105 -0.073291 11.295900 -0.087901 0.071246 0.993578 0.000000 0.000000 0.000000 0.000000 1.000000
0.995603 0.009796 0.093158 0.000000 -0.002198 0.996686 -0.081313 11.295900 -0.093646 0.080750 0.992325 -0.000000 0.000000 0.000000 0.000000 1.000000
0.996919 -0.006331 0.078186 -0.000000 0.014498 0.994436 -0.104339 11.295900 -0.077090 0.105151 0.991464 -0.000000 0.000000 0.000000 0.000000 1.000000
0.997671 -0.023720 0.063956 0.000000 0.032544 0.989522 -0.140667 11.295900 -0.059949 0.142421 0.987989 0.000000 0.000000 0.000000 0.000000 1.000000
0.997388 -0.045607 0.056015 0.000000 0.055545 0.979995 -0.191116 11.295900 -0.046178 0.193728 0.979968 -0.000000 0.000000 0.000000 0.000000 1.000000
0.996962 -0.064824 0.043188 -0.000000 0.073609 0.965393 -0.250194 11.295900 -0.025475 0.252613 0.967232 -0.000000 0.000000 0.000000 0.000000 1.000000
0.997375 -0.070173 0.017882 -0.000000 0.072282 0.949716 -0.304655 11.295900 0.004396 0.305148 0.952295 0.000000 0.000000 0.000000 0.000000 1.000000
0.998214 -0.058942 -0.009699 0.000000 0.051992 0.937244 -0.344775 11.295900 0.029412 0.343655 0.938635 0.000000 0.000000 0.000000 0.000000 1.000000
0.998644 -0.040748 -0.032412 0.000000 0.025854 0.928427 -0.370614 11.295900 0.045194 0.369273 0.928221 0.000000 0.000000 0.000000 0.000000 1.000000
0.998355 -0.026751 -0.050712 -0.000000 0.005127 0.922595 -0.385735 11.295900 0.057106 0.384840 0.921215 0.000000 0.000000 0.000000 0.000000 1.000000
0.997919 -0.019818 -0.061354 0.000000 -0.005853 0.919814 -0.392311 11.295900 0.064209 0.391854 0.917784 -0.000000 0.000000 0.000000 0.000000 1.000000
0.997827 -0.015818 -0.063965 -0.000000 -0.010608 0.919532 -0.392872 11.295900 0.065033 0.392697 0.917366 0.000000 0.000000 0.000000 0.000000 1.000000
0.997907 -0.012498 -0.063443 0.000000 -0.013170 0.921298 -0.388635 11.295900 0.063307 0.388658 0.919205 0.000000 0.000000 0.000000 0.000000 1.000000
0.997976 -0.010007 -0.062800 0.000000 -0.014673 0.924658 -0.380516 11.295900 0.061877 0.380668 0.922639 0.000000 0.000000 0.000000 0.000000 1.000000
0.997972 -0.006259 -0.063350 -0.000000 -0.017610 0.929176 -0.369217 11.295900 0.061175 0.369584 0.927182 0.000000 0.000000 0.000000 0.000000 1.000000
0.997953 0.000744 -0.063941 0.000000 -0.023449 0.934527 -0.355119 11.295900 0.059490 0.355891 0.932632 -0.000000 0.000000 0.000000 0.000000 1.000000
0.998129 0.007827 -0.060648 0.000000 -0.027798 0.941451 -0.336001 11.295900 0.054467 0.337058 0.939907 0.000000 0.000000 0.000000 0.000000 1.000000
0.998597 0.011087 -0.051780 0.000000 -0.026567 0.950763 -0.308779 11.295900 0.045807 0.309721 0.949723 -0.000000 0.000000 0.000000 0.000000 1.000000
0.999175 0.013321 -0.038357 0.000000 -0.023452 0.960485 -0.277340 11.295900 0.033147 0.278011 0.960006 -0.000000 0.000000 0.000000 0.000000 1.000000
0.999616 0.018438 -0.020676 0.000000 -0.022942 0.969312 -0.244762 11.295900 0.015529 0.245143 0.969363 0.000000 0.000000 0.000000 0.000000 1.000000
0.999687 0.024986 0.001430 0.000000 -0.024131 0.977475 -0.209668 11.295900 -0.006636 0.209568 0.977772 -0.000000 0.000000 0.000000 0.000000 1.000000
0.999342 0.028096 0.022942 -0.000000 -0.023776 0.985045 -0.170650 11.295900 -0.027394 0.169992 0.985065 -0.000000 0.000000 0.000000 0.000000 1.000000
0.999000 0.026071 0.036318 0.000000 -0.021059 0.991010 -0.132116 11.295900 -0.039436 0.131220 0.990569 0.000000 0.000000 0.000000 0.000000 1.000000
0.998977 0.020877 0.040101 0.000000 -0.016777 0.994847 -0.099987 11.295900 -0.041982 0.099212 0.994180 -0.000000 0.000000 0.000000 0.000000 1.000000
0.999208 0.014558 0.037026 0.000000 -0.011712 0.997042 -0.075966 11.295900 -0.038022 0.075472 0.996423 -0.000000 0.000000 0.000000 0.000000 1.000000
0.999522 0.009584 0.029400 -0.000000 -0.007838 0.998232 -0.058927 11.295900 -0.029912 0.058669 0.997829 0.000000 0.000000 0.000000 0.000000 1.000000
0.999720 0.009017 0.021860 -0.000000 -0.007989 0.998877 -0.046701 11.295900 -0.022257 0.046514 0.998670 0.000000 0.000000 0.000000 0.000000 1.000000
0.999731 0.013375 0.018940 0.000000 -0.012640 0.999182 -0.038423 11.295900 -0.019439 0.038173 0.999082 0.000000 0.000000 0.000000 0.000000 1.000000</float_array>
        <technique_common>
          <accessor source="#mixamorig_Spine2-Matrix-animation-output-transform-array" count="31" stride="16">
            <param type="float4x4"/>
          </accessor>
        </technique_common>
      </source>
      <source id="mixamorig_Spine2-Interpolations">
        <Name_array id="mixamorig_Spine2-Interpolations-array" count="31">
 LINEAR LINEAR LINEAR LINEAR LINEAR LINEAR LINEAR LINEAR LINEAR LINEAR LINEAR
LINEAR LINEAR LINEAR LINEAR LINEAR LINEAR LINEAR LINEAR LINEAR LINEAR LINEAR LINEAR
LINEAR LINEAR LINEAR LINEAR LINEAR LINEAR LINEAR LINEAR</Name_array>
        <technique_common>
          <accessor source="#mixamorig_Spine2-Interpolations-array" count="31">
            <param type="name"/>
          </accessor>
        </technique_common>
      </source>
      <sampler id="mixamorig_Spine2-Matrix-animation-transform">
        <input semantic="INPUT" source="#mixamorig_Spine2-Matrix-animation-input"/>
        <input semantic="OUTPUT" source="#mixamorig_Spine2-Matrix-animation-output-transform"/>
        <input semantic="INTERPOLATION" source="#mixamorig_Spine2-Interpolations"/>
      </sampler>
      <channel source="#mixamorig_Spine2-Matrix-animation-transform" target="mixamorig_Spine2/matrix"/>
      <source id="mixamorig_Neck-Matrix-animation-input">
        <float_array id="mixamorig_Neck-Matrix-animation-input-array" count="31">

0.000000 0.033333 0.066667 0.100000 0.133333 0.166667 0.200000 0.233333 0.266667 0.300000 0.333333 0.366667 0.400000 0.433333 0.466667 0.500000
0.533333 0.566667 0.600000 0.633333 0.666667 0.700000 0.733333 0.766667 0.800000 0.833333 0.866667 0.900000 0.933333 0.966667 1.000000</float_array>
        <technique_common>
          <accessor source="#mixamorig_Neck-Matrix-animation-input-array" count="31">
            <param name="TIME" type="float"/>
          </accessor>
        </technique_common>
      </source>
      <source id="mixamorig_Neck-Matrix-animation-output-transform">
        <float_array id="mixamorig_Neck-Matrix-animation-output-transform-array" count="496">

0.970444 -0.077035 0.228700 -0.000000 0.106889 0.986863 -0.121149 12.707800 -0.216363 0.142014 0.965929 0.000000 0.000000 0.000000 0.000000 1.000000
0.977023 -0.060205 0.204454 0.000000 0.088563 0.987217 -0.132513 12.707800 -0.193862 0.147575 0.969865 0.000000 0.000000 0.000000 0.000000 1.000000
0.986229 -0.027674 0.163051 0.000000 0.053429 0.986349 -0.155761 12.707800 -0.156515 0.162328 0.974245 0.000000 0.000000 0.000000 0.000000 1.000000
0.995174 0.022203 0.095580 0.000000 -0.003881 0.982207 -0.187764 12.707800 -0.098048 0.186487 0.977553 0.000000 0.000000 0.000000 0.000000 1.000000
0.997586 0.054382 0.043194 0.000000 -0.044898 0.979518 -0.196286 12.707800 -0.052984 0.193873 0.979595 0.000000 0.000000 0.000000 0.000000 1.000000
0.998578 0.048558 0.022017 0.000000 -0.044082 0.984223 -0.171352 12.707800 -0.029990 0.170137 0.984964 0.000000 0.000000 0.000000 0.000000 1.000000
0.999918 0.009203 0.008935 -0.000000 -0.007918 0.990881 -0.134506 12.707800 -0.010091 0.134424 0.990872 0.000000 0.000000 0.000000 0.000000 1.000000
0.999074 -0.042556 -0.006406 -0.000000 0.041507 0.992170 -0.117795 12.707800 0.011368 0.117420 0.993017 0.000000 0.000000 0.000000 0.000000 1.000000
0.996729 -0.078730 -0.018223 -0.000000 0.075742 0.988755 -0.128947 12.707800 0.028170 0.127145 0.991484 0.000000 0.000000 0.000000 0.000000 1.000000
0.995262 -0.094398 -0.023277 0.000000 0.089873 0.984573 -0.150127 12.707800 0.037090 0.147324 0.988393 -0.000000 0.000000 0.000000 0.000000 1.000000
0.995330 -0.092426 -0.027845 -0.000000 0.086307 0.981288 -0.172116 12.707800 0.043232 0.168909 0.984683 0.000000 0.000000 0.000000 0.000000 1.000000
0.997073 -0.069222 -0.032460 -0.000000 0.061610 0.978866 -0.195001 12.707800 0.045273 0.192431 0.980266 0.000000 0.000000 0.000000 0.000000 1.000000
0.998992 -0.030427 -0.033004 -0.000000 0.022765 0.977065 -0.211719 12.707800 0.038689 0.210754 0.976773 0.000000 0.000000 0.000000 0.000000 1.000000
0.999482 0.009465 -0.030746 0.000000 -0.015933 0.975930 -0.217500 12.707800 0.027948 0.217878 0.975576 0.000000 0.000000 0.000000 0.000000 1.000000
0.998851 0.039413 -0.027278 0.000000 -0.044431 0.974840 -0.218434 12.707800 0.017983 0.219395 0.975470 -0.000000 0.000000 0.000000 0.000000 1.000000
0.998261 0.055038 -0.021115 0.000000 -0.058334 0.973913 -0.219294 12.707800 0.008494 0.220144 0.975430 0.000000 0.000000 0.000000 0.000000 1.000000
0.998098 0.060245 -0.013074 0.000000 -0.061646 0.973723 -0.219234 12.707800 -0.000477 0.219623 0.975585 0.000000 0.000000 0.000000 0.000000 1.000000
0.998102 0.061527 -0.002609 0.000000 -0.060626 0.974301 -0.216936 12.707800 -0.010805 0.216683 0.976182 0.000000 0.000000 0.000000 0.000000 1.000000
0.998154 0.059887 0.010146 0.000000 -0.056360 0.975441 -0.212929 12.707800 -0.022648 0.211964 0.977015 0.000000 0.000000 0.000000 0.000000 1.000000
0.998336 0.053049 0.022597 0.000000 -0.047194 0.976914 -0.208354 12.707800 -0.033128 0.206941 0.977792 0.000000 0.000000 0.000000 0.000000 1.000000
0.998598 0.039466 0.035276 0.000000 -0.031528 0.978766 -0.202542 12.707800 -0.042521 0.201146 0.978638 0.000000 0.000000 0.000000 0.000000 1.000000
0.998620 0.019343 0.048832 -0.000000 -0.009542 0.981059 -0.193473 12.707800 -0.051649 0.192740 0.979890 0.000000 0.000000 0.000000 0.000000 1.000000
0.997934 -0.006488 0.063913 0.000000 0.017956 0.983405 -0.180532 12.707800 -0.061681 0.181306 0.981490 0.000000 0.000000 0.000000 0.000000 1.000000
0.996342 -0.033290 0.078699 0.000000 0.046250 0.984516 -0.169082 12.707800 -0.071851 0.172103 0.982455 0.000000 0.000000 0.000000 0.000000 1.000000
0.994066 -0.054012 0.094425 0.000000 0.069031 0.984070 -0.163835 12.707800 -0.084072 0.169381 0.981958 -0.000000 0.000000 0.000000 0.000000 1.000000
0.991130 -0.065422 0.115673 0.000000 0.083590 0.983582 -0.159937 12.707800 -0.103311 0.168188 0.980326 0.000000 0.000000 0.000000 0.000000 1.000000
0.987292 -0.070240 0.142554 0.000000 0.091864 0.984213 -0.151279 12.707800 -0.129677 0.162452 0.978158 0.000000 0.000000 0.000000 0.000000 1.000000
0.982646 -0.072231 0.170851 0.000000 0.096758 0.985428 -0.139892 12.707800 -0.158256 0.153995 0.975315 0.000000 0.000000 0.000000 0.000000 1.000000
0.977657 -0.073104 0.197086 0.000000 0.099988 0.986446 -0.130102 12.707800 -0.184903 0.146901 0.971715 0.000000 0.000000 0.000000 0.000000 1.000000
0.973198 -0.074601 0.217532 -0.000000 0.103285 0.986941 -0.123615 12.707800 -0.205469 0.142769 0.968194 0.000000 0.000000 0.000000 0.000000 1.000000
0.970444 -0.077035 0.228700 0.000000 0.106889 0.986863 -0.121149 12.707800 -0.216363 0.142014 0.965929 0.000000 0.000000 0.000000 0.000000 1.000000</float_array>
        <technique_common>
          <accessor source="#mixamorig_Neck-Matrix-animation-output-transform-array" count="31" stride="16">
            <param type="float4x4"/>
          </accessor>
        </technique_common>
      </source>
      <source id="mixamorig_Neck-Interpolations">
        <Name_array id="mixamorig_Neck-Interpolations-array" count="31">
 LINEAR LINEAR LINEAR LINEAR LINEAR LINEAR LINEAR LINEAR LINEAR LINEAR LINEAR
LINEAR LINEAR LINEAR LINEAR LINEAR LINEAR LINEAR LINEAR LINEAR LINEAR LINEAR LINEAR
LINEAR LINEAR LINEAR LINEAR LINEAR LINEAR LINEAR LINEAR</Name_array>
        <technique_common>
          <accessor source="#mixamorig_Neck-Interpolations-array" count="31">
            <param type="name"/>
          </accessor>
        </technique_common>
      </source>
