<?xml version="1.0" encoding="utf-8"?>
<COLLADA xmlns="http://www.collada.org/2005/11/COLLADASchema" version="1.4.1">
  <asset>
    <contributor>
      <author>Mixamo</author>
      <authoring_tool>COLLADA Mixamo exporter</authoring_tool>
      <comments/>
    </contributor>
    <created>2024-05-10T11:18:23Z</created>
    <modified>2024-05-10T11:18:23Z</modified>
    <revision/>
    <title/>
    <unit meter="0.010000"/>
    <up_axis>Y_UP</up_axis>
  </asset>
  <library_animations>
    <animation>
      <source id="Armature-Matrix-animation-input">
        <float_array id="Armature-Matrix-animation-input-array" count="40">

0.000000 0.033333 0.066667 0.100000 0.133333 0.166667 0.200000 0.233333 0.266667 0.300000 0.333333 0.366667 0.400000 0.433333 0.466667 0.500000
0.533333 0.566667 0.600000 0.633333 0.666667 0.700000 0.733333 0.766667 0.800000 0.833333 0.866667 0.900000 0.933333 0.966667 1.000000 1.033333
1.066667 1.100000 1.133333 1.166667 1.200000 1.233333 1.266667 1.300000</float_array>
        <technique_common>
          <accessor source="#Armature-Matrix-animation-input-array" count="40">
            <param name="TIME" type="float"/>
          </accessor>
        </technique_common>
      </source>
      <source id="Armature-Matrix-animation-output-transform">
        <float_array id="Armature-Matrix-animation-output-transform-array" count="640">

1.000000 0.000000 0.000000 0.000000 0.000000 0.000000 1.000000 0.000000 0.000000 -1.000000 0.000000 0.000000 0.000000 0.000000 0.000000 1.000000
1.000000 0.000000 0.000000 0.000000 0.000000 0.000000 1.000000 0.000000 0.000000 -1.000000 0.000000 0.000000 0.000000 0.000000 0.000000 1.000000
1.000000 0.000000 0.000000 0.000000 0.000000 0.000000 1.000000 0.000000 0.000000 -1.000000 0.000000 0.000000 0.000000 0.000000 0.000000 1.000000
1.000000 0.000000 0.000000 0.000000 0.000000 0.000000 1.000000 0.000000 0.000000 -1.000000 0.000000 0.000000 0.000000 0.000000 0.000000 1.000000
1.000000 0.000000 0.000000 0.000000 0.000000 0.000000 1.000000 0.000000 0.000000 -1.000000 0.000000 0.000000 0.000000 0.000000 0.000000 1.000000
1.000000 0.000000 0.000000 0.000000 0.000000 0.000000 1.000000 0.000000 0.000000 -1.000000 0.000000 0.000000 0.000000 0.000000 0.000000 1.000000
1.000000 0.000000 0.000000 0.000000 0.000000 0.000000 1.000000 0.000000 0.000000 -1.000000 0.000000 0.000000 0.000000 0.000000 0.000000 1.000000
1.000000 0.000000 0.000000 0.000000 0.000000 0.000000 1.000000 0.000000 0.000000 -1.000000 0.000000 0.000000 0.000000 0.000000 0.000000 1.000000
1.000000 0.000000 0.000000 0.000000 0.000000 0.000000 1.000000 0.000000 0.000000 -1.000000 0.000000 0.000000 0.000000 0.000000 0.000000 1.000000
1.000000 0.000000 0.000000 0.000000 0.000000 0.000000 1.000000 0.000000 0.000000 -1.000000 0.000000 0.000000 0.000000 0.000000 0.000000 1.000000
1.000000 0.000000 0.000000 0.000000 0.000000 0.000000 1.000000 0.000000 0.000000 -1.000000 0.000000 0.000000 0.000000 0.000000 0.000000 1.000000
1.000000 0.000000 0.000000 0.000000 0.000000 0.000000 1.000000 0.000000 0.000000 -1.000000 0.000000 0.000000 0.000000 0.000000 0.000000 1.000000
1.000000 0.000000 0.000000 0.000000 0.000000 0.000000 1.000000 0.000000 0.000000 -1.000000 0.000000 0.000000 0.000000 0.000000 0.000000 1.000000
1.000000 0.000000 0.000000 0.000000 0.000000 0.000000 1.000000 0.000000 0.000000 -1.000000 0.000000 0.000000 0.000000 0.000000 0.000000 1.000000
1.000000 0.000000 0.000000 0.000000 0.000000 0.000000 1.000000 0.000000 0.000000 -1.000000 0.000000 0.000000 0.000000 0.000000 0.000000 1.000000
1.000000 0.000000 0.000000 0.000000 0.000000 0.000000 1.000000 0.000000 0.000000 -1.000000 0.000000 0.000000 0.000000 0.000000 0.000000 1.000000
1.000000 0.000000 0.000000 0.000000 0.000000 0.000000 1.000000 0.000000 0.000000 -1.000000 0.000000 0.000000 0.000000 0.000000 0.000000 1.000000
1.000000 0.000000 0.000000 0.000000 0.000000 0.000000 1.000000 0.000000 0.000000 -1.000000 0.000000 0.000000 0.000000 0.000000 0.000000 1.000000
1.000000 0.000000 0.000000 0.000000 0.000000 0.000000 1.000000 0.000000 0.000000 -1.000000 0.000000 0.000000 0.000000 0.000000 0.000000 1.000000
1.000000 0.000000 0.000000 0.000000 0.000000 0.000000 1.000000 0.000000 0.000000 -1.000000 0.000000 0.000000 0.000000 0.000000 0.000000 1.000000
1.000000 0.000000 0.000000 0.000000 0.000000 0.000000 1.000000 0.000000 0.000000 -1.000000 0.000000 0.000000 0.000000 0.000000 0.000000 1.000000
1.000000 0.000000 0.000000 0.000000 0.000000 0.000000 1.000000 0.000000 0.000000 -1.000000 0.000000 0.000000 0.000000 0.000000 0.000000 1.000000
1.000000 0.000000 0.000000 0.000000 0.000000 0.000000 1.000000 0.000000 0.000000 -1.000000 0.000000 0.000000 0.000000 0.000000 0.000000 1.000000
1.000000 0.000000 0.000000 0.000000 0.000000 0.000000 1.000000 0.000000 0.000000 -1.000000 0.000000 0.000000 0.000000 0.000000 0.000000 1.000000
1.000000 0.000000 0.000000 0.000000 0.000000 0.000000 1.000000 0.000000 0.000000 -1.000000 0.000000 0.000000 0.000000 0.000000 0.000000 1.000000
1.000000 0.000000 0.000000 0.000000 0.000000 0.000000 1.000000 0.000000 0.000000 -1.000000 0.000000 0.000000 0.000000 0.000000 0.000000 1.000000
1.000000 0.000000 0.000000 0.000000 0.000000 0.000000 1.000000 0.000000 0.000000 -1.000000 0.000000 0.000000 0.000000 0.000000 0.000000 1.000000
1.000000 0.000000 0.000000 0.000000 0.000000 0.000000 1.000000 0.000000 0.000000 -1.000000 0.000000 0.000000 0.000000 0.000000 0.000000 1.000000
1.000000 0.000000 0.000000 0.000000 0.000000 0.000000 1.000000 0.000000 0.000000 -1.000000 0.000000 0.000000 0.000000 0.000000 0.000000 1.000000
1.000000 0.000000 0.000000 0.000000 0.000000 0.000000 1.000000 0.000000 0.000000 -1.000000 0.000000 0.000000 0.000000 0.000000 0.000000 1.000000
1.000000 0.000000 0.000000 0.000000 0.000000 0.000000 1.000000 0.000000 0.000000 -1.000000 0.000000 0.000000 0.000000 0.000000 0.000000 1.000000
1.000000 0.000000 0.000000 0.000000 0.000000 0.000000 1.000000 0.000000 0.000000 -1.000000 0.000000 0.000000 0.000000 0.000000 0.000000 1.000000
1.000000 0.000000 0.000000 0.000000 0.000000 0.000000 1.000000 0.000000 0.000000 -1.000000 0.000000 0.000000 0.000000 0.000000 0.000000 1.000000
1.000000 0.000000 0.000000 0.000000 0.000000 0.000000 1.000000 0.000000 0.000000 -1.000000 0.000000 0.000000 0.000000 0.000000 0.000000 1.000000
1.000000 0.000000 0.000000 0.000000 0.000000 0.000000 1.000000 0.000000 0.000000 -1.000000 0.000000 0.000000 0.000000 0.000000 0.000000 1.000000
1.000000 0.000000 0.000000 0.000000 0.000000 0.000000 1.000000 0.000000 0.000000 -1.000000 0.000000 0.000000 0.000000 0.000000 0.000000 1.000000
1.000000 0.000000 0.000000 0.000000 0.000000 0.000000 1.000000 0.000000 0.000000 -1.000000 0.000000 0.000000 0.000000 0.000000 0.000000 1.000000
1.000000 0.000000 0.000000 0.000000 0.000000 0.000000 1.000000 0.000000 0.000000 -1.000000 0.000000 0.000000 0.000000 0.000000 0.000000 1.000000
1.000000 0.000000 0.000000 0.000000 0.000000 0.000000 1.000000 0.000000 0.000000 -1.000000 0.000000 0.000000 0.000000 0.000000 0.000000 1.000000
1.000000 0.000000 0.000000 0.000000 0.000000 0.000000 1.000000 0.000000 0.000000 -1.000000 0.000000 0.000000 0.000000 0.000000 0.000000 1.000000</float_array>
        <technique_common>
          <accessor source="#Armature-Matrix-animation-output-transform-array" count="40" stride="16">
            <param type="float4x4"/>
          </accessor>
        </technique_common>
      </source>
      <source id="Armature-Interpolations">
        <Name_array id="Armature-Interpolations-array" count="40">
 LINEAR LINEAR LINEAR LINEAR LINEAR LINEAR LINEAR LINEAR LINEAR LINEAR LINEAR
LINEAR LINEAR LINEAR LINEAR LINEAR LINEAR LINEAR LINEAR LINEAR LINEAR LINEAR LINEAR
LINEAR LINEAR LINEAR LINEAR LINEAR LINEAR LINEAR LINEAR LINEAR LINEAR LINEAR LINEAR
LINEAR LINEAR LINEAR LINEAR LINEAR</Name_array>
        <technique_common>
          <accessor source="#Armature-Interpolations-array" count="40">
            <param type="name"/>
          </accessor>
        </technique_common>
      </source>
      <sampler id="Armature-Matrix-animation-transform">
        <input semantic="INPUT" source="#Armature-Matrix-animation-input"/>
        <input semantic="OUTPUT" source="#Armature-Matrix-animation-output-transform"/>
        <input semantic="INTERPOLATION" source="#Armature-Interpolations"/>
      </sampler>
      <channel source="#Armature-Matrix-animation-transform" target="Armature/matrix"/>
      <source id="mixamorig_Hips-Matrix-animation-input">
        <float_array id="mixamorig_Hips-Matrix-animation-input-array" count="40">

0.000000 0.033333 0.066667 0.100000 0.133333 0.166667 0.200000 0.233333 0.266667 0.300000 0.333333 0.366667 0.400000 0.433333 0.466667 0.500000
0.533333 0.566667 0.600000 0.633333 0.666667 0.700000 0.733333 0.766667 0.800000 0.833333 0.866667 0.900000 0.933333 0.966667 1.000000 1.033333
1.066667 1.100000 1.133333 1.166667 1.200000 1.233333 1.266667 1.300000</float_array>
        <technique_common>
          <accessor source="#mixamorig_Hips-Matrix-animation-input-array" count="40">
            <param name="TIME" type="float"/>
          </accessor>
        </technique_common>
      </source>
      <source id="mixamorig_Hips-Matrix-animation-output-transform">
        <float_array id="mixamorig_Hips-Matrix-animation-output-transform-array" count="640">

0.691900 -0.000428 0.721993 0.256546 0.718849 0.093639 -0.688831 -0.104141 -0.067312 0.995606 0.065096 84.181152 0.000000 0.000000 0.000000 1.000000
0.690354 0.002648 0.723467 0.284110 0.718183 0.118187 -0.685745 -0.043155 -0.087320 0.992988 0.079689 84.590271 0.000000 0.000000 0.000000 1.000000
0.696531 0.009795 0.717460 0.403050 0.707319 0.158693 -0.688852 -0.337135 -0.120603 0.987279 0.103606 84.992615 0.000000 0.000000 0.000000 1.000000
0.727590 0.014190 0.685865 0.730710 0.664369 0.234572 -0.709640 -1.271237 -0.170955 0.971995 0.161245 85.495575 0.000000 0.000000 0.000000 1.000000
0.745330 0.017460 0.666467 1.636095 0.616841 0.361240 -0.699295 -4.023541 -0.252965 0.932309 0.258473 85.430374 0.000000 0.000000 0.000000 1.000000
0.689461 0.006920 0.724290 1.592845 0.647119 0.443334 -0.620236 -5.322559 -0.325394 0.896330 0.301183 84.058472 0.000000 0.000000 0.000000 1.000000
0.621580 0.000459 0.783350 0.965752 0.697908 0.453822 -0.554049 -5.016951 -0.355755 0.891092 0.281767 82.645935 0.000000 0.000000 0.000000 1.000000
0.577118 0.005301 0.816644 0.318168 0.728197 0.449324 -0.517530 -4.348907 -0.369681 0.893353 0.255453 81.575844 0.000000 0.000000 0.000000 1.000000
0.537931 0.011766 0.842907 -0.357619 0.753830 0.440841 -0.487237 -3.355234 -0.377321 0.897508 0.228273 80.223450 0.000000 0.000000 0.000000 1.000000
0.525871 0.019076 0.850350 -0.940222 0.766470 0.422810 -0.483483 -2.076689 -0.368759 0.906018 0.207722 78.887138 0.000000 0.000000 0.000000 1.000000
0.545880 0.023623 0.837531 -1.459762 0.762542 0.400210 -0.508292 -0.527744 -0.347196 0.916119 0.200453 77.677788 0.000000 0.000000 0.000000 1.000000
0.579029 0.024369 0.814943 -1.974332 0.749475 0.377576 -0.543804 1.243678 -0.320955 0.925658 0.200364 76.645309 0.000000 0.000000 0.000000 1.000000
0.612306 0.026288 0.790183 -2.451729 0.734179 0.351943 -0.580618 3.095657 -0.293363 0.935652 0.196197 75.883766 0.000000 0.000000 0.000000 1.000000
0.641572 0.034633 0.766281 -2.779699 0.719351 0.319659 -0.616727 4.871825 -0.266307 0.946900 0.180171 75.493088 0.000000 0.000000 0.000000 1.000000
0.665110 0.044943 0.745392 -2.861822 0.706517 0.285331 -0.647626 6.482141 -0.241790 0.957375 0.158023 75.495308 0.000000 0.000000 0.000000 1.000000
0.683726 0.047989 0.728159 -2.689657 0.696265 0.255848 -0.670640 7.890468 -0.218481 0.965525 0.141517 75.816917 0.000000 0.000000 0.000000 1.000000
0.701159 0.043201 0.711695 -2.304034 0.686455 0.228950 -0.690190 9.060163 -0.192760 0.972479 0.130874 76.363525 0.000000 0.000000 0.000000 1.000000
0.717450 0.035348 0.695713 -1.736084 0.676937 0.200299 -0.708263 9.944993 -0.164386 0.979097 0.119776 77.045296 0.000000 0.000000 0.000000 1.000000
0.727390 0.024584 0.685784 -1.054522 0.672541 0.173038 -0.719546 10.504084 -0.136356 0.984608 0.109332 77.779716 0.000000 0.000000 0.000000 1.000000
0.728118 0.010328 0.685374 -0.400247 0.676440 0.150780 -0.720899 10.701537 -0.110786 0.988513 0.102799 78.538910 0.000000 0.000000 0.000000 1.000000
0.721329 -0.004630 0.692578 0.106281 0.686904 0.132686 -0.714533 10.522069 -0.088587 0.991147 0.098890 79.322037 0.000000 0.000000 0.000000 1.000000
0.707902 -0.018824 0.706060 0.446428 0.702680 0.119999 -0.701314 9.992573 -0.071525 0.992596 0.098174 80.101440 0.000000 0.000000 0.000000 1.000000
0.688739 -0.033309 0.724244 0.657190 0.722418 0.115913 -0.681671 9.171796 -0.061243 0.992701 0.103896 80.843254 0.000000 0.000000 0.000000 1.000000
0.668787 -0.047755 0.741918 0.755120 0.741270 0.119258 -0.660527 8.129683 -0.056936 0.991714 0.115158 81.541122 0.000000 0.000000 0.000000 1.000000
0.652886 -0.060157 0.755063 0.745484 0.755377 0.125516 -0.643158 6.953640 -0.056082 0.990266 0.127389 82.172615 0.000000 0.000000 0.000000 1.000000
0.640847 -0.069170 0.764546 0.658836 0.765503 0.132331 -0.629677 5.743742 -0.057618 0.988789 0.137754 82.750923 0.000000 0.000000 0.000000 1.000000
0.632249 -0.073995 0.771224 0.535749 0.772375 0.138327 -0.619921 4.584269 -0.060810 0.987619 0.144609 83.277878 0.000000 0.000000 0.000000 1.000000
0.627879 -0.074470 0.774740 0.401503 0.775680 0.141638 -0.615027 3.534494 -0.063931 0.987113 0.146697 83.748619 0.000000 0.000000 0.000000 1.000000
0.626313 -0.071225 0.776311 0.268357 0.776757 0.141553 -0.613686 2.628897 -0.066179 0.987365 0.143981 84.155754 0.000000 0.000000 0.000000 1.000000
0.624735 -0.064832 0.778141 0.139489 0.777795 0.139549 -0.612831 1.879580 -0.068857 0.988091 0.137607 84.472389 0.000000 0.000000 0.000000 1.000000
0.622223 -0.056497 0.780799 0.010294 0.779447 0.137481 -0.611197 1.283785 -0.072814 0.988892 0.129580 84.678932 0.000000 0.000000 0.000000 1.000000
0.620138 -0.048271 0.783007 -0.112650 0.780724 0.135702 -0.609964 0.825047 -0.076812 0.989573 0.121841 84.797104 0.000000 0.000000 0.000000 1.000000
0.620622 -0.040863 0.783045 -0.193945 0.780060 0.133551 -0.611287 0.482758 -0.079597 0.990199 0.114760 84.866287 0.000000 0.000000 0.000000 1.000000
0.624709 -0.033292 0.780148 -0.197415 0.776592 0.130779 -0.616280 0.249647 -0.081510 0.990852 0.107553 84.895035 0.000000 0.000000 0.000000 1.000000
0.631751 -0.025002 0.774768 -0.128109 0.770712 0.127306 -0.624336 0.120557 -0.083023 0.991548 0.099695 84.862083 0.000000 0.000000 0.000000 1.000000
0.641081 -0.016629 0.767293 -0.021750 0.762918 0.122572 -0.634770 0.070204 -0.083493 0.992320 0.091265 84.755791 0.000000 0.000000 0.000000 1.000000
0.652340 -0.009542 0.757866 0.090828 0.753467 0.116474 -0.647087 0.063837 -0.082097 0.993148 0.083170 84.592140 0.000000 0.000000 0.000000 1.000000
0.665047 -0.004838 0.746786 0.186766 0.742660 0.109449 -0.660664 0.062250 -0.078539 0.993981 0.076382 84.414024 0.000000 0.000000 0.000000 1.000000
0.679093 -0.002129 0.734049 0.243201 0.730408 0.101477 -0.675430 0.004916 -0.073051 0.994836 0.070467 84.284058 0.000000 0.000000 0.000000 1.000000
0.691900 -0.000428 0.721993 0.256546 0.718849 0.093639 -0.688831 -0.104141 -0.067312 0.995606 0.065096 84.181152 0.000000 0.000000 0.000000 1.000000</float_array>
        <technique_common>
          <accessor source="#mixamorig_Hips-Matrix-animation-output-transform-array" count="40" stride="16">
            <param type="float4x4"/>
          </accessor>
        </technique_common>
      </source>
      <source id="mixamorig_Hips-Interpolations">
        <Name_array id="mixamorig_Hips-Interpolations-array" count="40">
 LINEAR LINEAR LINEAR LINEAR LINEAR LINEAR LINEAR LINEAR LINEAR LINEAR LINEAR
LINEAR LINEAR LINEAR LINEAR LINEAR LINEAR LINEAR LINEAR LINEAR LINEAR LINEAR LINEAR
LINEAR LINEAR LINEAR LINEAR LINEAR LINEAR LINEAR LINEAR LINEAR LINEAR LINEAR LINEAR
LINEAR LINEAR LINEAR LINEAR LINEAR</Name_array>
        <technique_common>
          <accessor source="#mixamorig_Hips-Interpolations-array" count="40">
            <param type="name"/>
          </accessor>
        </technique_common>
      </source>
      <sampler id="mixamorig_Hips-Matrix-animation-transform">
        <input semantic="INPUT" source="#mixamorig_Hips-Matrix-animation-input"/>
        <input semantic="OUTPUT" source="#mixamorig_Hips-Matrix-animation-output-transform"/>
        <input semantic="INTERPOLATION" source="#mixamorig_Hips-Interpolations"/>
      </sampler>
      <channel source="#mixamorig_Hips-Matrix-animation-transform" target="mixamorig_Hips/matrix"/>
      <source id="mixamorig_Spine-Matrix-animation-input">
        <float_array id="mixamorig_Spine-Matrix-animation-input-array" count="40">

0.000000 0.033333 0.066667 0.100000 0.133333 0.166667 0.200000 0.233333 0.266667 0.300000 0.333333 0.366667 0.400000 0.433333 0.466667 0.500000
0.533333 0.566667 0.600000 0.633333 0.666667 0.700000 0.733333 0.766667 0.800000 0.833333 0.866667 0.900000 0.933333 0.966667 1.000000 1.033333
1.066667 1.100000 1.133333 1.166667 1.200000 1.233333 1.266667 1.300000</float_array>
        <technique_common>
          <accessor source="#mixamorig_Spine-Matrix-animation-input-array" count="40">
            <param name="TIME" type="float"/>
          </accessor>
        </technique_common>
      </source>
      <source id="mixamorig_Spine-Matrix-animation-output-transform">
        <float_array id="mixamorig_Spine-Matrix-animation-output-transform-array" count="640">

0.991734 -0.015957 -0.127312 0.000000 0.010836 0.999108 -0.040819 8.407700 0.127849 0.039102 0.991022 -1.041900 0.000000 0.000000 0.000000 1.000000
0.993017 -0.021740 -0.115949 0.000000 0.018250 0.999350 -0.031083 8.407700 0.116549 0.028750 0.992769 -1.041900 0.000000 0.000000 0.000000 1.000000
0.993942 -0.022423 -0.107596 0.000000 0.020633 0.999630 -0.017723 8.407700 0.107954 0.015395 0.994037 -1.041900 0.000000 0.000000 0.000000 1.000000
0.994164 0.003223 -0.107831 0.000000 -0.000763 0.999739 0.022848 8.407700 0.107876 -0.022632 0.993907 -1.041900 0.000000 0.000000 0.000000 1.000000
0.990891 0.062921 -0.119061 -0.000000 -0.053535 0.995320 0.080456 8.407700 0.123566 -0.073349 0.989622 -1.041900 0.000000 0.000000 0.000000 1.000000
0.985897 0.126654 -0.109390 -0.000000 -0.118141 0.989679 0.081106 8.407700 0.118533 -0.067038 0.990684 -1.041900 0.000000 0.000000 0.000000 1.000000
0.980814 0.176176 -0.083465 0.000000 -0.172076 0.983599 0.054061 8.407700 0.091620 -0.038662 0.995043 -1.041900 0.000000 0.000000 0.000000 1.000000
0.975606 0.206479 -0.074565 0.000000 -0.204872 0.978368 0.028679 8.407700 0.078874 -0.012703 0.996804 -1.041900 0.000000 0.000000 0.000000 1.000000
0.972438 0.223626 -0.066003 -0.000000 -0.224792 0.974348 -0.010718 8.407700 0.061913 0.025260 0.997762 -1.041900 0.000000 0.000000 0.000000 1.000000
0.972427 0.230013 -0.038458 0.000000 -0.231931 0.971091 -0.056484 8.407700 0.024354 0.063846 0.997663 -1.041900 0.000000 0.000000 0.000000 1.000000
0.972932 0.231043 -0.004677 0.000000 -0.230259 0.967518 -0.104351 8.407700 -0.019585 0.102604 0.994529 -1.041900 0.000000 0.000000 0.000000 1.000000
0.973922 0.226154 0.018144 0.000000 -0.220758 0.963056 -0.154237 8.407700 -0.052355 0.146210 0.987867 -1.041900 0.000000 0.000000 0.000000 1.000000
0.976256 0.214780 0.028161 0.000000 -0.205132 0.958416 -0.198395 8.407700 -0.069601 0.187908 0.979717 -1.041900 0.000000 0.000000 0.000000 1.000000
0.979466 0.199323 0.030275 0.000000 -0.187384 0.955442 -0.228072 8.407700 -0.074386 0.217716 0.973173 -1.041900 0.000000 0.000000 0.000000 1.000000
0.984196 0.175525 0.023443 0.000000 -0.164434 0.954983 -0.246917 8.407700 -0.065728 0.239160 0.968753 -1.041900 0.000000 0.000000 0.000000 1.000000
0.990190 0.139397 0.009596 -0.000000 -0.131858 0.954942 -0.265892 8.407700 -0.046228 0.262018 0.963955 -1.041900 0.000000 0.000000 0.000000 1.000000
0.995183 0.098032 -0.000049 0.000000 -0.094018 0.954291 -0.283706 8.407700 -0.027765 0.282344 0.958911 -1.041900 0.000000 0.000000 0.000000 1.000000
0.998283 0.058583 0.000097 -0.000000 -0.056021 0.955103 -0.290928 8.407700 -0.017136 0.290423 0.956745 -1.041900 0.000000 0.000000 0.000000 1.000000
0.999786 0.020598 0.002129 0.000000 -0.019114 0.957494 -0.287818 8.407700 -0.007967 0.287716 0.957683 -1.041900 0.000000 0.000000 0.000000 1.000000
0.999891 -0.014628 -0.001834 -0.000000 0.013531 0.960019 -0.279607 8.407700 0.005851 0.279552 0.960113 -1.041900 0.000000 0.000000 0.000000 1.000000
0.999031 -0.042428 -0.011675 -0.000000 0.037775 0.962959 -0.266988 8.407700 0.022571 0.266289 0.963629 -1.041900 0.000000 0.000000 0.000000 1.000000
0.997745 -0.062172 -0.025305 0.000000 0.053824 0.966276 -0.251819 8.407700 0.040108 0.249889 0.967443 -1.041900 0.000000 0.000000 0.000000 1.000000
0.996313 -0.076042 -0.039734 0.000000 0.064475 0.969125 -0.237991 8.407700 0.056604 0.234551 0.970454 -1.041900 0.000000 0.000000 0.000000 1.000000
0.995172 -0.084775 -0.049450 -0.000000 0.071570 0.971636 -0.225393 8.407700 0.067156 0.220765 0.973012 -1.041900 0.000000 0.000000 0.000000 1.000000
0.994626 -0.089071 -0.052784 0.000000 0.075968 0.974211 -0.212467 8.407700 0.070348 0.207316 0.975741 -1.041900 0.000000 0.000000 0.000000 1.000000
0.994489 -0.090958 -0.052143 0.000000 0.078928 0.976874 -0.198715 8.407700 0.069012 0.193504 0.978669 -1.041900 0.000000 0.000000 0.000000 1.000000
0.994602 -0.091337 -0.049246 0.000000 0.080918 0.979787 -0.182945 8.407700 0.064961 0.177973 0.981889 -1.041900 0.000000 0.000000 0.000000 1.000000
0.994962 -0.089771 -0.044624 -0.000000 0.081369 0.983167 -0.163592 8.407700 0.058559 0.159137 0.985518 -1.041900 0.000000 0.000000 0.000000 1.000000
0.995436 -0.086365 -0.040606 0.000000 0.079841 0.986727 -0.141408 8.407700 0.052279 0.137521 0.989118 -1.041900 0.000000 0.000000 0.000000 1.000000
0.995771 -0.082640 -0.040130 0.000000 0.077345 0.989854 -0.119190 8.407700 0.049573 0.115582 0.992060 -1.041900 0.000000 0.000000 0.000000 1.000000
0.995774 -0.080095 -0.044940 -0.000000 0.075277 0.992113 -0.100221 8.407700 0.052613 0.096414 0.993950 -1.041900 0.000000 0.000000 0.000000 1.000000
0.995475 -0.077775 -0.054589 0.000000 0.072872 0.993565 -0.086705 8.407700 0.060981 0.082334 0.994737 -1.041900 0.000000 0.000000 0.000000 1.000000
0.995143 -0.073091 -0.065944 0.000000 0.067883 0.994637 -0.078030 8.407700 0.071294 0.073174 0.994768 -1.041900 0.000000 0.000000 0.000000 1.000000
0.994886 -0.065816 -0.076617 -0.000000 0.060347 0.995604 -0.071632 8.407700 0.080995 0.066642 0.994484 -1.041900 0.000000 0.000000 0.000000 1.000000
0.994458 -0.058215 -0.087551 0.000000 0.052576 0.996473 -0.065398 8.407700 0.091050 0.060433 0.994011 -1.041900 0.000000 0.000000 0.000000 1.000000
0.993749 -0.051199 -0.099201 0.000000 0.045524 0.997240 -0.058645 8.407700 0.101930 0.053763 0.993338 -1.041900 0.000000 0.000000 0.000000 1.000000
0.993032 -0.043964 -0.109336 0.000000 0.038392 0.997880 -0.052554 8.407700 0.111415 0.047990 0.992615 -1.041900 0.000000 0.000000 0.000000 1.000000
0.992518 -0.035672 -0.116767 0.000000 0.030202 0.998377 -0.048287 8.407700 0.118300 0.044399 0.991985 -1.041900 0.000000 0.000000 0.000000 1.000000
0.992149 -0.025646 -0.122402 0.000000 0.020336 0.998805 -0.044437 8.407700 0.123396 0.041599 0.991485 -1.041900 0.000000 0.000000 0.000000 1.000000
0.991734 -0.015957 -0.127312 0.000000 0.010836 0.999108 -0.040819 8.407700 0.127849 0.039102 0.991022 -1.041900 0.000000 0.000000 0.000000 1.000000</float_array>
        <technique_common>
          <accessor source="#mixamorig_Spine-Matrix-animation-output-transform-array" count="40" stride="16">
            <param type="float4x4"/>
          </accessor>
        </technique_common>
      </source>
      <source id="mixamorig_Spine-Interpolations">
        <Name_array id="mixamorig_Spine-Interpolations-array" count="40">
 LINEAR LINEAR LINEAR LINEAR LINEAR LINEAR LINEAR LINEAR LINEAR LINEAR LINEAR
LINEAR LINEAR LINEAR LINEAR LINEAR LINEAR LINEAR LINEAR LINEAR LINEAR LINEAR LINEAR
LINEAR LINEAR LINEAR LINEAR LINEAR LINEAR LINEAR LINEAR LINEAR LINEAR LINEAR LINEAR
LINEAR LINEAR LINEAR LINEAR LINEAR</Name_array>
        <technique_common>
          <accessor source="#mixamorig_Spine-Interpolations-array" count="40">
            <param type="name"/>
          </accessor>
        </technique_common>
      </source>
      <sampler id="mixamorig_Spine-Matrix-animation-transform">
        <input semantic="INPUT" source="#mixamorig_Spine-Matrix-animation-input"/>
        <input semantic="OUTPUT" source="#mixamorig_Spine-Matrix-animation-output-transform"/>
        <input semantic="INTERPOLATION" source="#mixamorig_Spine-Interpolations"/>
      </sampler>
      <channel source="#mixamorig_Spine-Matrix-animation-transform" target="mixamorig_Spine/matrix"/>
      <source id="mixamorig_Spine1-Matrix-animation-input">
        <float_array id="mixamorig_Spine1-Matrix-animation-input-array" count="40">

0.000000 0.033333 0.066667 0.100000 0.133333 0.166667 0.200000 0.233333 0.266667 0.300000 0.333333 0.366667 0.400000 0.433333 0.466667 0.500000
0.533333 0.566667 0.600000 0.633333 0.666667 0.700000 0.733333 0.766667 0.800000 0.833333 0.866667 0.900000 0.933333 0.966667 1.000000 1.033333
1.066667 1.100000 1.133333 1.166667 1.200000 1.233333 1.266667 1.300000</float_array>
        <technique_common>
          <accessor source="#mixamorig_Spine1-Matrix-animation-input-array" count="40">
            <param name="TIME" type="float"/>
          </accessor>
        </technique_common>
      </source>
      <source id="mixamorig_Spine1-Matrix-animation-output-transform">
        <float_array id="mixamorig_Spine1-Matrix-animation-output-transform-array" count="640">

0.999723 -0.013732 -0.019110 0.000000 0.012995 0.999187 -0.038158 9.883800 0.019618 0.037899 0.999089 0.000000 0.000000 0.000000 0.000000 1.000000
0.999393 -0.025222 -0.024037 0.000000 0.023600 0.997572 -0.065523 9.883800 0.025631 0.064916 0.997561 -0.000000 0.000000 0.000000 0.000000 1.000000
0.998845 -0.036057 -0.031750 0.000000 0.032842 0.994786 -0.096554 9.883800 0.035066 0.095400 0.994821 -0.000000 0.000000 0.000000 0.000000 1.000000
0.998333 -0.036061 -0.045074 0.000000 0.030605 0.992735 -0.116368 9.883800 0.048943 0.114795 0.992183 0.000000 0.000000 0.000000 0.000000 1.000000
0.997575 -0.021318 -0.066254 -0.000000 0.012829 0.991946 -0.126007 9.883800 0.068406 0.124852 0.989814 0.000000 0.000000 0.000000 0.000000 1.000000
0.996983 -0.003905 -0.077523 -0.000000 -0.008578 0.987073 -0.160044 9.883800 0.077146 0.160226 0.984061 -0.000000 0.000000 0.000000 0.000000 1.000000
0.996904 0.009657 -0.078037 0.000000 -0.025029 0.979782 -0.198497 9.883800 0.074542 0.199835 0.976990 0.000000 0.000000 0.000000 0.000000 1.000000
0.996576 0.017399 -0.080833 0.000000 -0.035064 0.974280 -0.222595 9.883800 0.074881 0.224667 0.971554 0.000000 0.000000 0.000000 0.000000 1.000000
0.996741 0.023651 -0.077122 0.000000 -0.041627 0.969729 -0.240609 9.883800 0.069097 0.243036 0.967553 0.000000 0.000000 0.000000 0.000000 1.000000
0.997679 0.027045 -0.062494 0.000000 -0.042355 0.965074 -0.258531 9.883800 0.053319 0.260578 0.963979 -0.000000 0.000000 0.000000 0.000000 1.000000
0.998603 0.028559 -0.044447 -0.000000 -0.039783 0.960059 -0.276954 9.883800 0.034762 0.278336 0.959855 0.000000 0.000000 0.000000 0.000000 1.000000
0.999150 0.026972 -0.031176 0.000000 -0.035021 0.954312 -0.296754 9.883800 0.021748 0.297594 0.954445 0.000000 0.000000 0.000000 0.000000 1.000000
0.999473 0.022108 -0.023777 0.000000 -0.028463 0.948952 -0.314134 9.883800 0.015618 0.314646 0.949081 0.000000 0.000000 0.000000 0.000000 1.000000
0.999666 0.015720 -0.020528 -0.000000 -0.021543 0.945451 -0.325051 9.883800 0.014298 0.325385 0.945474 0.000000 0.000000 0.000000 0.000000 1.000000
0.999743 0.005834 -0.021898 0.000000 -0.012780 0.943123 -0.332199 9.883800 0.018714 0.332393 0.942955 0.000000 0.000000 0.000000 0.000000 1.000000
0.999603 -0.009439 -0.026536 -0.000000 -0.000173 0.940097 -0.340906 9.883800 0.028164 0.340776 0.939723 0.000000 0.000000 0.000000 0.000000 1.000000
0.999217 -0.026624 -0.029272 0.000000 0.014718 0.936772 -0.349631 9.883800 0.036730 0.348927 0.936430 0.000000 0.000000 0.000000 0.000000 1.000000
0.998703 -0.042655 -0.027796 0.000000 0.030078 0.934817 -0.353854 9.883800 0.041078 0.352559 0.934888 0.000000 0.000000 0.000000 0.000000 1.000000
0.997972 -0.058238 -0.025712 0.000000 0.045380 0.934038 -0.354280 9.883800 0.044648 0.352395 0.934786 0.000000 0.000000 0.000000 0.000000 1.000000
0.996976 -0.073031 -0.026549 0.000000 0.059001 0.933764 -0.352992 9.883800 0.050570 0.350358 0.935250 0.000000 0.000000 0.000000 0.000000 1.000000
0.995912 -0.085086 -0.030320 0.000000 0.069189 0.934384 -0.349484 9.883800 0.058066 0.345958 0.936451 0.000000 0.000000 0.000000 0.000000 1.000000
0.994903 -0.094161 -0.036073 0.000000 0.076075 0.935744 -0.344378 9.883800 0.066182 0.339879 0.938138 0.000000 0.000000 0.000000 0.000000 1.000000
0.994002 -0.100821 -0.042375 0.000000 0.080581 0.937146 -0.339506 9.883800 0.073941 0.334055 0.939649 0.000000 0.000000 0.000000 0.000000 1.000000
0.993406 -0.104777 -0.046539 -0.000000 0.083338 0.938707 -0.334490 9.883800 0.078733 0.328406 0.941249 -0.000000 0.000000 0.000000 0.000000 1.000000
0.993286 -0.105663 -0.047106 -0.000000 0.084649 0.941357 -0.326621 9.883800 0.078855 0.320441 0.943981 0.000000 0.000000 0.000000 0.000000 1.000000
0.993494 -0.104580 -0.045088 0.000000 0.085156 0.945049 -0.315645 9.883800 0.075621 0.309752 0.947806 0.000000 0.000000 0.000000 0.000000 1.000000
0.993919 -0.102055 -0.041342 0.000000 0.084998 0.949785 -0.301138 9.883800 0.069999 0.295792 0.952684 0.000000 0.000000 0.000000 0.000000 1.000000
0.994540 -0.097870 -0.036221 0.000000 0.083753 0.955617 -0.282456 9.883800 0.062257 0.277880 0.958596 0.000000 0.000000 0.000000 0.000000 1.000000
0.995256 -0.092260 -0.030886 0.000000 0.081117 0.962149 -0.260171 9.883800 0.053720 0.256431 0.965068 -0.000000 0.000000 0.000000 0.000000 1.000000
0.995906 -0.086355 -0.026722 0.000000 0.077660 0.968647 -0.235992 9.883800 0.046263 0.232950 0.971388 0.000000 0.000000 0.000000 0.000000 1.000000
0.996404 -0.081088 -0.024580 0.000000 0.074075 0.974474 -0.211926 9.883800 0.041137 0.209343 0.976977 0.000000 0.000000 0.000000 0.000000 1.000000
0.996824 -0.075807 -0.024397 0.000000 0.069848 0.979416 -0.189381 9.883800 0.038251 0.187075 0.981601 0.000000 0.000000 0.000000 0.000000 1.000000
0.997297 -0.069145 -0.024849 0.000000 0.064003 0.983643 -0.168374 9.883800 0.036085 0.166329 0.985410 -0.000000 0.000000 0.000000 0.000000 1.000000
0.997815 -0.061219 -0.024848 -0.000000 0.056890 0.987344 -0.148040 9.883800 0.033596 0.146303 0.988669 -0.000000 0.000000 0.000000 0.000000 1.000000
0.998270 -0.053291 -0.024857 -0.000000 0.049700 0.990566 -0.127707 9.883800 0.031429 0.126251 0.991500 0.000000 0.000000 0.000000 0.000000 1.000000
0.998634 -0.045774 -0.025207 0.000000 0.042821 0.993303 -0.107312 9.883800 0.029950 0.106086 0.993906 -0.000000 0.000000 0.000000 0.000000 1.000000
0.998957 -0.038271 -0.024914 0.000000 0.035952 0.995498 -0.087695 9.883800 0.028158 0.086708 0.995836 -0.000000 0.000000 0.000000 0.000000 1.000000
0.999265 -0.030391 -0.023384 -0.000000 0.028694 0.997151 -0.069762 9.883800 0.025437 0.069040 0.997290 0.000000 0.000000 0.000000 0.000000 1.000000
0.999536 -0.021856 -0.021197 -0.000000 0.020702 0.998368 -0.053218 9.883800 0.022326 0.052754 0.998358 0.000000 0.000000 0.000000 0.000000 1.000000
0.999723 -0.013732 -0.019110 0.000000 0.012995 0.999187 -0.038158 9.883800 0.019618 0.037899 0.999089 0.000000 0.000000 0.000000 0.000000 1.000000</float_array>
        <technique_common>
          <accessor source="#mixamorig_Spine1-Matrix-animation-output-transform-array" count="40" stride="16">
            <param type="float4x4"/>
          </accessor>
        </technique_common>
      </source>
      <source id="mixamorig_Spine1-Interpolations">
        <Name_array id="mixamorig_Spine1-Interpolations-array" count="40">
 LINEAR LINEAR LINEAR LINEAR LINEAR LINEAR LINEAR LINEAR LINEAR LINEAR LINEAR
LINEAR LINEAR LINEAR LINEAR LINEAR LINEAR LINEAR LINEAR LINEAR LINEAR LINEAR LINEAR
LINEAR LINEAR LINEAR LINEAR LINEAR LINEAR LINEAR LINEAR LINEAR LINEAR LINEAR LINEAR
LINEAR LINEAR LINEAR LINEAR LINEAR</Name_array>
        <technique_common>
          <accessor source="#mixamorig_Spine1-Interpolations-array" count="40">
            <param type="name"/>
          </accessor>
        </technique_common>
      </source>
      <sampler id="mixamorig_Spine1-Matrix-animation-transform">
        <input semantic="INPUT" source="#mixamorig_Spine1-Matrix-animation-input"/>
        <input semantic="OUTPUT" source="#mixamorig_Spine1-Matrix-animation-output-transform"/>
        <input semantic="INTERPOLATION" source="#mixamorig_Spine1-Interpolations"/>
      </sampler>
      <channel source="#mixamorig_Spine1-Matrix-animation-transform" target="mixamorig_Spine1/matrix"/>
      <source id="mixamorig_Spine2-Matrix-animation-input">
        <float_array id="mixamorig_Spine2-Matrix-animation-input-array" count="40">

0.000000 0.033333 0.066667 0.100000 0.133333 0.166667 0.200000 0.233333 0.266667 0.300000 0.333333 0.366667 0.400000 0.433333 0.466667 0.500000
0.533333 0.566667 0.600000 0.633333 0.666667 0.700000 0.733333 0.766667 0.800000 0.833333 0.866667 0.900000 0.933333 0.966667 1.000000 1.033333
1.066667 1.100000 1.133333 1.166667 1.200000 1.233333 1.266667 1.300000</float_array>
        <technique_common>
          <accessor source="#mixamorig_Spine2-Matrix-animation-input-array" count="40">
            <param name="TIME" type="float"/>
          </accessor>
        </technique_common>
      </source>
      <source id="mixamorig_Spine2-Matrix-animation-output-transform">
        <float_array id="mixamorig_Spine2-Matrix-animation-output-transform-array" count="640">

0.999731 -0.013375 -0.018941 0.000000 0.012640 0.999182 -0.038423 11.295900 0.019439 0.038173 0.999082 0.000000 0.000000 0.000000 0.000000 1.000000
0.999404 -0.024912 -0.023903 0.000000 0.023294 0.997567 -0.065714 11.295900 0.025482 0.065118 0.997552 -0.000000 0.000000 0.000000 0.000000 1.000000
0.998859 -0.035776 -0.031621 0.000000 0.032569 0.994782 -0.096689 11.295900 0.034915 0.095548 0.994812 -0.000000 0.000000 0.000000 0.000000 1.000000
0.998347 -0.035813 -0.044948 0.000000 0.030368 0.992731 -0.116457 11.295900 0.048791 0.114899 0.992178 0.000000 0.000000 0.000000 0.000000 1.000000
0.997588 -0.021102 -0.066131 0.000000 0.012625 0.991941 -0.126066 11.295900 0.068258 0.124927 0.989815 0.000000 0.000000 0.000000 0.000000 1.000000
0.997019 -0.003564 -0.077073 0.000000 -0.008852 0.987051 -0.160164 11.295900 0.076646 0.160369 0.984077 -0.000000 0.000000 0.000000 0.000000 1.000000
0.996973 0.010166 -0.077084 0.000000 -0.025357 0.979723 -0.198747 11.295900 0.073501 0.200100 0.977015 0.000000 0.000000 0.000000 0.000000 1.000000
0.996670 0.017979 -0.079537 0.000000 -0.035366 0.974184 -0.222966 11.295900 0.073475 0.225036 0.971576 0.000000 0.000000 0.000000 0.000000 1.000000
0.996848 0.024233 -0.075544 0.000000 -0.041839 0.969610 -0.241052 11.295900 0.067407 0.243453 0.967568 0.000000 0.000000 0.000000 0.000000 1.000000
0.997777 0.027550 -0.060688 0.000000 -0.042392 0.964967 -0.258923 11.295900 0.051428 0.260920 0.963990 0.000000 0.000000 0.000000 0.000000 1.000000
0.998678 0.028987 -0.042454 0.000000 -0.039648 0.959996 -0.277193 11.295900 0.032721 0.278510 0.959876 0.000000 0.000000 0.000000 0.000000 1.000000
0.999203 0.027383 -0.029040 0.000000 -0.034780 0.954291 -0.296848 11.295900 0.019584 0.297622 0.954483 0.000000 0.000000 0.000000 0.000000 1.000000
0.999512 0.022527 -0.021620 -0.000000 -0.028182 0.948956 -0.314147 11.295900 0.013440 0.314603 0.949128 -0.000000 0.000000 0.000000 0.000000 1.000000
0.999699 0.016116 -0.018517 0.000000 -0.021262 0.945464 -0.325033 11.295900 0.012269 0.325329 0.945521 0.000000 0.000000 0.000000 0.000000 1.000000
0.999779 0.006175 -0.020113 -0.000000 -0.012508 0.943124 -0.332206 11.295900 0.016918 0.332384 0.942992 0.000000 0.000000 0.000000 0.000000 1.000000
0.999646 -0.009162 -0.024960 0.000000 0.000102 0.940073 -0.340973 11.295900 0.026588 0.340850 0.939742 -0.000000 0.000000 0.000000 0.000000 1.000000
0.999261 -0.026421 -0.027912 0.000000 0.014998 0.936730 -0.349731 11.295900 0.035387 0.349054 0.936434 0.000000 0.000000 0.000000 0.000000 1.000000
0.998738 -0.042534 -0.026692 0.000000 0.030351 0.934776 -0.353939 11.295900 0.040005 0.352682 0.934888 0.000000 0.000000 0.000000 0.000000 1.000000
0.997996 -0.058188 -0.024858 0.000000 0.045632 0.934003 -0.354339 11.295900 0.043836 0.352495 0.934787 0.000000 0.000000 0.000000 0.000000 1.000000
0.996993 -0.073035 -0.025920 0.000000 0.059222 0.933732 -0.353040 11.295900 0.049987 0.350443 0.935249 -0.000000 0.000000 0.000000 0.000000 1.000000
0.995922 -0.085123 -0.029885 0.000000 0.069372 0.934355 -0.349527 11.295900 0.057676 0.346028 0.936450 -0.000000 0.000000 0.000000 0.000000 1.000000
0.994909 -0.094207 -0.035789 0.000000 0.076213 0.935718 -0.344416 11.295900 0.065934 0.339936 0.938135 0.000000 0.000000 0.000000 0.000000 1.000000
0.994005 -0.100858 -0.042206 0.000000 0.080670 0.937126 -0.339539 11.295900 0.073798 0.334099 0.939645 0.000000 0.000000 0.000000 0.000000 1.000000
0.993407 -0.104801 -0.046469 0.000000 0.083382 0.938696 -0.334509 11.295900 0.078677 0.328429 0.941246 0.000000 0.000000 0.000000 0.000000 1.000000
0.993285 -0.105670 -0.047110 0.000000 0.084654 0.941355 -0.326625 11.295900 0.078861 0.320443 0.943979 0.000000 0.000000 0.000000 0.000000 1.000000
0.993493 -0.104566 -0.045137 0.000000 0.085128 0.945054 -0.315636 11.295900 0.075662 0.309740 0.947806 0.000000 0.000000 0.000000 0.000000 1.000000
0.993919 -0.102024 -0.041418 0.000000 0.084947 0.949795 -0.301120 11.295900 0.070060 0.295771 0.952686 -0.000000 0.000000 0.000000 0.000000 1.000000
0.994540 -0.097833 -0.036319 0.000000 0.083691 0.955630 -0.282431 11.295900 0.062339 0.277849 0.958600 0.000000 0.000000 0.000000 0.000000 1.000000
0.995255 -0.092223 -0.031008 0.000000 0.081052 0.962163 -0.260139 11.295900 0.053826 0.256392 0.965073 0.000000 0.000000 0.000000 0.000000 1.000000
0.995905 -0.086328 -0.026857 0.000000 0.077603 0.968659 -0.235960 11.295900 0.046385 0.232909 0.971392 0.000000 0.000000 0.000000 0.000000 1.000000
0.996403 -0.081055 -0.024714 0.000000 0.074016 0.974484 -0.211903 11.295900 0.041259 0.209312 0.976978 0.000000 0.000000 0.000000 0.000000 1.000000
0.996827 -0.075728 -0.024529 0.000000 0.069746 0.979425 -0.189373 11.295900 0.038365 0.187061 0.981599 -0.000000 0.000000 0.000000 0.000000 1.000000
0.997303 -0.069014 -0.024972 0.000000 0.063853 0.983651 -0.168384 11.295900 0.036185 0.166335 0.985405 0.000000 0.000000 0.000000 0.000000 1.000000
0.997823 -0.061050 -0.024947 -0.000000 0.056707 0.987349 -0.148074 11.295900 0.033671 0.146337 0.988662 0.000000 0.000000 0.000000 0.000000 1.000000
0.998279 -0.053081 -0.024927 0.000000 0.049480 0.990568 -0.127775 11.295900 0.031474 0.126321 0.991490 -0.000000 0.000000 0.000000 0.000000 1.000000
0.998645 -0.045521 -0.025227 0.000000 0.042564 0.993302 -0.107419 11.295900 0.029947 0.106200 0.993894 0.000000 0.000000 0.000000 0.000000 1.000000
0.998969 -0.037982 -0.024875 0.000000 0.035662 0.995496 -0.087845 11.295900 0.028100 0.086868 0.995823 -0.000000 0.000000 0.000000 0.000000 1.000000
0.999275 -0.030057 -0.023372 0.000000 0.028357 0.997147 -0.069961 11.295900 0.025408 0.069247 0.997276 0.000000 0.000000 0.000000 0.000000 1.000000
0.999545 -0.021492 -0.021186 -0.000000 0.020333 0.998363 -0.053459 11.295900 0.022300 0.053004 0.998345 0.000000 0.000000 0.000000 0.000000 1.000000
0.999731 -0.013375 -0.018941 0.000000 0.012640 0.999182 -0.038423 11.295900 0.019439 0.038173 0.999082 0.000000 0.000000 0.000000 0.000000 1.000000</float_array>
        <technique_common>
          <accessor source="#mixamorig_Spine2-Matrix-animation-output-transform-array" count="40" stride="16">
            <param type="float4x4"/>
          </accessor>
        </technique_common>
      </source>
