<?xml version="1.0" encoding="utf-8"?>
<COLLADA xmlns="http://www.collada.org/2005/11/COLLADASchema" version="1.4.1">
  <asset>
    <contributor>
      <author>Mixamo</author>
      <authoring_tool>COLLADA Mixamo exporter</authoring_tool>
      <comments/>
    </contributor>
    <created>2024-05-10T11:11:00Z</created>
    <modified>2024-05-10T11:11:00Z</modified>
    <revision/>
    <title/>
    <unit meter="0.010000"/>
    <up_axis>Y_UP</up_axis>
  </asset>
  <library_animations>
    <animation>
      <source id="Armature-Matrix-animation-input">
        <float_array id="Armature-Matrix-animation-input-array" count="50">

0.000000 0.033333 0.066667 0.100000 0.133333 0.166667 0.200000 0.233333 0.266667 0.300000 0.333333 0.366667 0.400000 0.433333 0.466667 0.500000
0.533333 0.566667 0.600000 0.633333 0.666667 0.700000 0.733333 0.766667 0.800000 0.833333 0.866667 0.900000 0.933333 0.966667 1.000000 1.033333
1.066667 1.100000 1.133333 1.166667 1.200000 1.233333 1.266667 1.300000 1.333333 1.366667 1.400000 1.433333 1.466667 1.500000 1.533333 1.566667
1.600000 1.633333</float_array>
        <technique_common>
          <accessor source="#Armature-Matrix-animation-input-array" count="50">
            <param name="TIME" type="float"/>
          </accessor>
        </technique_common>
      </source>
      <source id="Armature-Matrix-animation-output-transform">
        <float_array id="Armature-Matrix-animation-output-transform-array" count="800">

1.000000 0.000000 0.000000 0.000000 0.000000 0.000000 1.000000 0.000000 0.000000 -1.000000 0.000000 0.000000 0.000000 0.000000 0.000000 1.000000
1.000000 0.000000 0.000000 0.000000 0.000000 0.000000 1.000000 0.000000 0.000000 -1.000000 0.000000 0.000000 0.000000 0.000000 0.000000 1.000000
1.000000 0.000000 0.000000 0.000000 0.000000 0.000000 1.000000 0.000000 0.000000 -1.000000 0.000000 0.000000 0.000000 0.000000 0.000000 1.000000
1.000000 0.000000 0.000000 0.000000 0.000000 0.000000 1.000000 0.000000 0.000000 -1.000000 0.000000 0.000000 0.000000 0.000000 0.000000 1.000000
1.000000 0.000000 0.000000 0.000000 0.000000 0.000000 1.000000 0.000000 0.000000 -1.000000 0.000000 0.000000 0.000000 0.000000 0.000000 1.000000
1.000000 0.000000 0.000000 0.000000 0.000000 0.000000 1.000000 0.000000 0.000000 -1.000000 0.000000 0.000000 0.000000 0.000000 0.000000 1.000000
1.000000 0.000000 0.000000 0.000000 0.000000 0.000000 1.000000 0.000000 0.000000 -1.000000 0.000000 0.000000 0.000000 0.000000 0.000000 1.000000
1.000000 0.000000 0.000000 0.000000 0.000000 0.000000 1.000000 0.000000 0.000000 -1.000000 0.000000 0.000000 0.000000 0.000000 0.000000 1.000000
1.000000 0.000000 0.000000 0.000000 0.000000 0.000000 1.000000 0.000000 0.000000 -1.000000 0.000000 0.000000 0.000000 0.000000 0.000000 1.000000
1.000000 0.000000 0.000000 0.000000 0.000000 0.000000 1.000000 0.000000 0.000000 -1.000000 0.000000 0.000000 0.000000 0.000000 0.000000 1.000000
1.000000 0.000000 0.000000 0.000000 0.000000 0.000000 1.000000 0.000000 0.000000 -1.000000 0.000000 0.000000 0.000000 0.000000 0.000000 1.000000
1.000000 0.000000 0.000000 0.000000 0.000000 0.000000 1.000000 0.000000 0.000000 -1.000000 0.000000 0.000000 0.000000 0.000000 0.000000 1.000000
1.000000 0.000000 0.000000 0.000000 0.000000 0.000000 1.000000 0.000000 0.000000 -1.000000 0.000000 0.000000 0.000000 0.000000 0.000000 1.000000
1.000000 0.000000 0.000000 0.000000 0.000000 0.000000 1.000000 0.000000 0.000000 -1.000000 0.000000 0.000000 0.000000 0.000000 0.000000 1.000000
1.000000 0.000000 0.000000 0.000000 0.000000 0.000000 1.000000 0.000000 0.000000 -1.000000 0.000000 0.000000 0.000000 0.000000 0.000000 1.000000
1.000000 0.000000 0.000000 0.000000 0.000000 0.000000 1.000000 0.000000 0.000000 -1.000000 0.000000 0.000000 0.000000 0.000000 0.000000 1.000000
1.000000 0.000000 0.000000 0.000000 0.000000 0.000000 1.000000 0.000000 0.000000 -1.000000 0.000000 0.000000 0.000000 0.000000 0.000000 1.000000
1.000000 0.000000 0.000000 0.000000 0.000000 0.000000 1.000000 0.000000 0.000000 -1.000000 0.000000 0.000000 0.000000 0.000000 0.000000 1.000000
1.000000 0.000000 0.000000 0.000000 0.000000 0.000000 1.000000 0.000000 0.000000 -1.000000 0.000000 0.000000 0.000000 0.000000 0.000000 1.000000
1.000000 0.000000 0.000000 0.000000 0.000000 0.000000 1.000000 0.000000 0.000000 -1.000000 0.000000 0.000000 0.000000 0.000000 0.000000 1.000000
1.000000 0.000000 0.000000 0.000000 0.000000 0.000000 1.000000 0.000000 0.000000 -1.000000 0.000000 0.000000 0.000000 0.000000 0.000000 1.000000
1.000000 0.000000 0.000000 0.000000 0.000000 0.000000 1.000000 0.000000 0.000000 -1.000000 0.000000 0.000000 0.000000 0.000000 0.000000 1.000000
1.000000 0.000000 0.000000 0.000000 0.000000 0.000000 1.000000 0.000000 0.000000 -1.000000 0.000000 0.000000 0.000000 0.000000 0.000000 1.000000
1.000000 0.000000 0.000000 0.000000 0.000000 0.000000 1.000000 0.000000 0.000000 -1.000000 0.000000 0.000000 0.000000 0.000000 0.000000 1.000000
1.000000 0.000000 0.000000 0.000000 0.000000 0.000000 1.000000 0.000000 0.000000 -1.000000 0.000000 0.000000 0.000000 0.000000 0.000000 1.000000
1.000000 0.000000 0.000000 0.000000 0.000000 0.000000 1.000000 0.000000 0.000000 -1.000000 0.000000 0.000000 0.000000 0.000000 0.000000 1.000000
1.000000 0.000000 0.000000 0.000000 0.000000 0.000000 1.000000 0.000000 0.000000 -1.000000 0.000000 0.000000 0.000000 0.000000 0.000000 1.000000
1.000000 0.000000 0.000000 0.000000 0.000000 0.000000 1.000000 0.000000 0.000000 -1.000000 0.000000 0.000000 0.000000 0.000000 0.000000 1.000000
1.000000 0.000000 0.000000 0.000000 0.000000 0.000000 1.000000 0.000000 0.000000 -1.000000 0.000000 0.000000 0.000000 0.000000 0.000000 1.000000
1.000000 0.000000 0.000000 0.000000 0.000000 0.000000 1.000000 0.000000 0.000000 -1.000000 0.000000 0.000000 0.000000 0.000000 0.000000 1.000000
1.000000 0.000000 0.000000 0.000000 0.000000 0.000000 1.000000 0.000000 0.000000 -1.000000 0.000000 0.000000 0.000000 0.000000 0.000000 1.000000
1.000000 0.000000 0.000000 0.000000 0.000000 0.000000 1.000000 0.000000 0.000000 -1.000000 0.000000 0.000000 0.000000 0.000000 0.000000 1.000000
1.000000 0.000000 0.000000 0.000000 0.000000 0.000000 1.000000 0.000000 0.000000 -1.000000 0.000000 0.000000 0.000000 0.000000 0.000000 1.000000
1.000000 0.000000 0.000000 0.000000 0.000000 0.000000 1.000000 0.000000 0.000000 -1.000000 0.000000 0.000000 0.000000 0.000000 0.000000 1.000000
1.000000 0.000000 0.000000 0.000000 0.000000 0.000000 1.000000 0.000000 0.000000 -1.000000 0.000000 0.000000 0.000000 0.000000 0.000000 1.000000
1.000000 0.000000 0.000000 0.000000 0.000000 0.000000 1.000000 0.000000 0.000000 -1.000000 0.000000 0.000000 0.000000 0.000000 0.000000 1.000000
1.000000 0.000000 0.000000 0.000000 0.000000 0.000000 1.000000 0.000000 0.000000 -1.000000 0.000000 0.000000 0.000000 0.000000 0.000000 1.000000
1.000000 0.000000 0.000000 0.000000 0.000000 0.000000 1.000000 0.000000 0.000000 -1.000000 0.000000 0.000000 0.000000 0.000000 0.000000 1.000000
1.000000 0.000000 0.000000 0.000000 0.000000 0.000000 1.000000 0.000000 0.000000 -1.000000 0.000000 0.000000 0.000000 0.000000 0.000000 1.000000
1.000000 0.000000 0.000000 0.000000 0.000000 0.000000 1.000000 0.000000 0.000000 -1.000000 0.000000 0.000000 0.000000 0.000000 0.000000 1.000000
1.000000 0.000000 0.000000 0.000000 0.000000 0.000000 1.000000 0.000000 0.000000 -1.000000 0.000000 0.000000 0.000000 0.000000 0.000000 1.000000
1.000000 0.000000 0.000000 0.000000 0.000000 0.000000 1.000000 0.000000 0.000000 -1.000000 0.000000 0.000000 0.000000 0.000000 0.000000 1.000000
1.000000 0.000000 0.000000 0.000000 0.000000 0.000000 1.000000 0.000000 0.000000 -1.000000 0.000000 0.000000 0.000000 0.000000 0.000000 1.000000
1.000000 0.000000 0.000000 0.000000 0.000000 0.000000 1.000000 0.000000 0.000000 -1.000000 0.000000 0.000000 0.000000 0.000000 0.000000 1.000000
1.000000 0.000000 0.000000 0.000000 0.000000 0.000000 1.000000 0.000000 0.000000 -1.000000 0.000000 0.000000 0.000000 0.000000 0.000000 1.000000
1.000000 0.000000 0.000000 0.000000 0.000000 0.000000 1.000000 0.000000 0.000000 -1.000000 0.000000 0.000000 0.000000 0.000000 0.000000 1.000000
1.000000 0.000000 0.000000 0.000000 0.000000 0.000000 1.000000 0.000000 0.000000 -1.000000 0.000000 0.000000 0.000000 0.000000 0.000000 1.000000
1.000000 0.000000 0.000000 0.000000 0.000000 0.000000 1.000000 0.000000 0.000000 -1.000000 0.000000 0.000000 0.000000 0.000000 0.000000 1.000000
1.000000 0.000000 0.000000 0.000000 0.000000 0.000000 1.000000 0.000000 0.000000 -1.000000 0.000000 0.000000 0.000000 0.000000 0.000000 1.000000
1.000000 0.000000 0.000000 0.000000 0.000000 0.000000 1.000000 0.000000 0.000000 -1.000000 0.000000 0.000000 0.000000 0.000000 0.000000 1.000000</float_array>
        <technique_common>
          <accessor source="#Armature-Matrix-animation-output-transform-array" count="50" stride="16">
            <param type="float4x4"/>
          </accessor>
        </technique_common>
      </source>
      <source id="Armature-Interpolations">
        <Name_array id="Armature-Interpolations-array" count="50">
 LINEAR LINEAR LINEAR LINEAR LINEAR LINEAR LINEAR LINEAR LINEAR LINEAR LINEAR
LINEAR LINEAR LINEAR LINEAR LINEAR LINEAR LINEAR LINEAR LINEAR LINEAR LINEAR LINEAR
LINEAR LINEAR LINEAR LINEAR LINEAR LINEAR LINEAR LINEAR LINEAR LINEAR LINEAR LINEAR
LINEAR LINEAR LINEAR LINEAR LINEAR LINEAR LINEAR LINEAR LINEAR LINEAR LINEAR LINEAR
LINEAR LINEAR LINEAR</Name_array>
        <technique_common>
          <accessor source="#Armature-Interpolations-array" count="50">
            <param type="name"/>
          </accessor>
        </technique_common>
      </source>
      <sampler id="Armature-Matrix-animation-transform">
        <input semantic="INPUT" source="#Armature-Matrix-animation-input"/>
        <input semantic="OUTPUT" source="#Armature-Matrix-animation-output-transform"/>
        <input semantic="INTERPOLATION" source="#Armature-Interpolations"/>
      </sampler>
      <channel source="#Armature-Matrix-animation-transform" target="Armature/matrix"/>
      <source id="mixamorig_Hips-Matrix-animation-input">
        <float_array id="mixamorig_Hips-Matrix-animation-input-array" count="50">

0.000000 0.033333 0.066667 0.100000 0.133333 0.166667 0.200000 0.233333 0.266667 0.300000 0.333333 0.366667 0.400000 0.433333 0.466667 0.500000
0.533333 0.566667 0.600000 0.633333 0.666667 0.700000 0.733333 0.766667 0.800000 0.833333 0.866667 0.900000 0.933333 0.966667 1.000000 1.033333
1.066667 1.100000 1.133333 1.166667 1.200000 1.233333 1.266667 1.300000 1.333333 1.366667 1.400000 1.433333 1.466667 1.500000 1.533333 1.566667
1.600000 1.633333</float_array>
        <technique_common>
          <accessor source="#mixamorig_Hips-Matrix-animation-input-array" count="50">
            <param name="TIME" type="float"/>
          </accessor>
        </technique_common>
      </source>
      <source id="mixamorig_Hips-Matrix-animation-output-transform">
        <float_array id="mixamorig_Hips-Matrix-animation-output-transform-array" count="800">

0.691860 0.000122 -0.722031 -0.260089 -0.718845 0.093964 -0.688791 -0.098890 0.067761 0.995576 0.065098 84.184380 0.000000 0.000000 0.000000 1.000000
0.714036 -0.002338 -0.700106 -0.116280 -0.695646 0.110364 -0.709856 0.264309 0.078927 0.993888 0.077177 84.316185 0.000000 0.000000 0.000000 1.000000
0.788704 0.001609 -0.614772 -0.839682 -0.609231 0.136018 -0.781240 0.568550 0.082363 0.990705 0.108258 84.391502 0.000000 0.000000 0.000000 1.000000
0.888458 -0.000763 -0.458957 -2.596888 -0.451945 0.172687 -0.875172 0.326683 0.079924 0.984976 0.153080 84.550896 0.000000 0.000000 0.000000 1.000000
0.954792 -0.031986 -0.295548 -4.529061 -0.283166 0.204783 -0.936953 -0.514004 0.090493 0.978285 0.186468 84.645279 0.000000 0.000000 0.000000 1.000000
0.984317 -0.080400 -0.157022 -5.880906 -0.136731 0.214713 -0.967059 -1.527545 0.111466 0.973362 0.200352 84.569061 0.000000 0.000000 0.000000 1.000000
0.992812 -0.119681 0.000426 -6.867999 0.024670 0.201165 -0.979247 -2.533148 0.117112 0.972219 0.202672 84.277069 0.000000 0.000000 0.000000 1.000000
0.972236 -0.140338 0.187250 -7.954052 0.209389 0.164512 -0.963894 -3.377077 0.104466 0.976341 0.189330 83.704666 0.000000 0.000000 0.000000 1.000000
0.923780 -0.143526 0.355008 -8.978484 0.371586 0.112076 -0.921609 -3.810234 0.092487 0.983280 0.156866 82.777039 0.000000 0.000000 0.000000 1.000000
0.875262 -0.133702 0.464802 -9.591900 0.475425 0.061363 -0.877614 -3.575203 0.088817 0.989120 0.117273 81.556252 0.000000 0.000000 0.000000 1.000000
0.855793 -0.119976 0.503214 -9.817705 0.509773 0.030039 -0.859785 -2.445070 0.088038 0.992322 0.086868 80.249847 0.000000 0.000000 0.000000 1.000000
0.864960 -0.106772 0.490350 -9.972688 0.495152 0.022589 -0.868512 -0.843128 0.081657 0.994027 0.072407 79.224907 0.000000 0.000000 0.000000 1.000000
0.880197 -0.094911 0.465023 -10.264468 0.469176 0.026171 -0.882717 0.847094 0.071609 0.995142 0.067565 78.459442 0.000000 0.000000 0.000000 1.000000
0.895058 -0.085820 0.437615 -10.566906 0.440883 0.022777 -0.897275 2.760619 0.067037 0.996050 0.058223 77.845840 0.000000 0.000000 0.000000 1.000000
0.912845 -0.077141 0.400953 -10.778373 0.402297 0.002058 -0.915507 4.919928 0.069798 0.997018 0.032912 77.398445 0.000000 0.000000 0.000000 1.000000
0.931553 -0.068275 0.357138 -10.850365 0.355833 -0.030817 -0.934041 7.076798 0.074777 0.997190 -0.004414 77.073792 0.000000 0.000000 0.000000 1.000000
0.950414 -0.060800 0.304986 -10.651097 0.301679 -0.057889 -0.951650 9.115265 0.075516 0.996470 -0.036677 76.858582 0.000000 0.000000 0.000000 1.000000
0.970125 -0.053362 0.236663 -10.043386 0.232788 -0.069944 -0.970009 11.065624 0.068315 0.996123 -0.055432 76.733482 0.000000 0.000000 0.000000 1.000000
0.988551 -0.041779 0.144985 -9.000464 0.141310 -0.080488 -0.986688 12.956852 0.052892 0.995880 -0.073663 76.643646 0.000000 0.000000 0.000000 1.000000
0.999242 -0.028101 0.026957 -7.513466 0.023813 -0.106755 -0.994000 14.727044 0.030810 0.993888 -0.106005 76.587395 0.000000 0.000000 0.000000 1.000000
0.994267 -0.021221 -0.104798 -5.581738 -0.106764 -0.143258 -0.983910 16.158434 0.005866 0.989458 -0.144702 76.696793 0.000000 0.000000 0.000000 1.000000
0.972835 -0.024384 -0.230213 -3.314677 -0.230920 -0.172578 -0.957545 17.072990 -0.016381 0.984694 -0.173521 77.048599 0.000000 0.000000 0.000000 1.000000
0.938450 -0.037413 -0.343384 -0.879286 -0.343967 -0.192181 -0.919105 17.433296 -0.031605 0.980646 -0.193221 77.574966 0.000000 0.000000 0.000000 1.000000
0.893297 -0.059433 -0.445519 1.552091 -0.447665 -0.206296 -0.870079 17.277149 -0.040197 0.976683 -0.210890 78.169708 0.000000 0.000000 0.000000 1.000000
0.839753 -0.083708 -0.536477 3.819335 -0.541057 -0.211845 -0.813867 16.624128 -0.045522 0.973712 -0.223188 78.729576 0.000000 0.000000 0.000000 1.000000
0.778125 -0.103961 -0.619446 5.812900 -0.626151 -0.206195 -0.751943 15.540066 -0.049553 0.972973 -0.225541 79.227142 0.000000 0.000000 0.000000 1.000000
0.708390 -0.121664 -0.695256 7.442125 -0.703980 -0.192880 -0.683527 14.173792 -0.050941 0.973650 -0.222283 79.644348 0.000000 0.000000 0.000000 1.000000
0.637798 -0.140564 -0.757269 8.673980 -0.768837 -0.174741 -0.615106 12.706231 -0.045864 0.974529 -0.219520 80.002579 0.000000 0.000000 0.000000 1.000000
0.576673 -0.158655 -0.801422 9.564792 -0.816334 -0.150756 -0.557559 11.288531 -0.032360 0.975757 -0.216452 80.419136 0.000000 0.000000 0.000000 1.000000
0.529079 -0.171520 -0.831057 10.110638 -0.848464 -0.122570 -0.514864 10.039663 -0.013553 0.977526 -0.210378 80.887230 0.000000 0.000000 0.000000 1.000000
0.495703 -0.179257 -0.849791 10.254342 -0.868449 -0.092616 -0.487050 9.057593 0.008603 0.979433 -0.201585 81.344139 0.000000 0.000000 0.000000 1.000000
0.478661 -0.182821 -0.858755 9.993309 -0.877328 -0.061338 -0.475955 8.353224 0.034340 0.981231 -0.189754 81.773392 0.000000 0.000000 0.000000 1.000000
0.478106 -0.181062 -0.859436 9.387322 -0.876125 -0.029458 -0.481184 7.867791 0.061807 0.983030 -0.172717 82.183182 0.000000 0.000000 0.000000 1.000000
0.489460 -0.174272 -0.854434 8.518731 -0.867533 0.002023 -0.497376 7.535323 0.088407 0.984696 -0.150196 82.582275 0.000000 0.000000 0.000000 1.000000
0.508336 -0.165460 -0.845114 7.485790 -0.853646 0.032527 -0.519836 7.284931 0.113501 0.985680 -0.124710 82.989647 0.000000 0.000000 0.000000 1.000000
0.533036 -0.156052 -0.831577 6.406937 -0.835041 0.061310 -0.546762 7.027124 0.136307 0.985844 -0.097629 83.415115 0.000000 0.000000 0.000000 1.000000
0.560039 -0.144489 -0.815769 5.335799 -0.813981 0.087363 -0.574285 6.706498 0.154246 0.985642 -0.068685 83.813370 0.000000 0.000000 0.000000 1.000000
0.583483 -0.130180 -0.801624 4.281989 -0.795333 0.108091 -0.596458 6.332811 0.164295 0.985581 -0.040467 84.125145 0.000000 0.000000 0.000000 1.000000
0.601526 -0.114377 -0.790623 3.292569 -0.781313 0.122020 -0.612095 5.921496 0.166482 0.985915 -0.015966 84.350189 0.000000 0.000000 0.000000 1.000000
0.618278 -0.096846 -0.779970 2.411010 -0.768832 0.131517 -0.625780 5.466382 0.163183 0.986572 0.006856 84.539032 0.000000 0.000000 0.000000 1.000000
0.636999 -0.077534 -0.766955 1.634535 -0.755025 0.137898 -0.641031 4.958965 0.155464 0.987407 0.029300 84.716812 0.000000 0.000000 0.000000 1.000000
0.655398 -0.059494 -0.752937 0.957209 -0.741489 0.138979 -0.656414 4.390075 0.143695 0.988507 0.046972 84.852554 0.000000 0.000000 0.000000 1.000000
0.670772 -0.044808 -0.740308 0.409456 -0.730288 0.134249 -0.669819 3.750540 0.129399 0.989934 0.057328 84.937012 0.000000 0.000000 0.000000 1.000000
0.682845 -0.031362 -0.729890 0.023837 -0.721552 0.127483 -0.680522 3.051099 0.114391 0.991345 0.064422 84.977058 0.000000 0.000000 0.000000 1.000000
0.690135 -0.017908 -0.723459 -0.210276 -0.716648 0.122120 -0.686661 2.348472 0.100646 0.992354 0.071446 84.966599 0.000000 0.000000 0.000000 1.000000
0.691583 -0.007864 -0.722254 -0.308959 -0.716628 0.117559 -0.687477 1.692237 0.090313 0.993035 0.075666 84.893738 0.000000 0.000000 0.000000 1.000000
0.690668 -0.003753 -0.723162 -0.292188 -0.718311 0.112192 -0.686617 1.094631 0.083710 0.993679 0.074791 84.775658 0.000000 0.000000 0.000000 1.000000
0.691080 -0.002870 -0.722773 -0.239367 -0.718484 0.106122 -0.687400 0.582342 0.078674 0.994349 0.071277 84.615021 0.000000 0.000000 0.000000 1.000000
0.691884 -0.001712 -0.722007 -0.232642 -0.718273 0.099966 -0.688543 0.193089 0.073355 0.994989 0.067935 84.401146 0.000000 0.000000 0.000000 1.000000
0.691860 0.000122 -0.722031 -0.260087 -0.718845 0.093964 -0.688791 -0.098890 0.067761 0.995576 0.065098 84.184387 0.000000 0.000000 0.000000 1.000000</float_array>
        <technique_common>
          <accessor source="#mixamorig_Hips-Matrix-animation-output-transform-array" count="50" stride="16">
            <param type="float4x4"/>
          </accessor>
        </technique_common>
      </source>
      <source id="mixamorig_Hips-Interpolations">
        <Name_array id="mixamorig_Hips-Interpolations-array" count="50">
 LINEAR LINEAR LINEAR LINEAR LINEAR LINEAR LINEAR LINEAR LINEAR LINEAR LINEAR
LINEAR LINEAR LINEAR LINEAR LINEAR LINEAR LINEAR LINEAR LINEAR LINEAR LINEAR LINEAR
LINEAR LINEAR LINEAR LINEAR LINEAR LINEAR LINEAR LINEAR LINEAR LINEAR LINEAR LINEAR
LINEAR LINEAR LINEAR LINEAR LINEAR LINEAR LINEAR LINEAR LINEAR LINEAR LINEAR LINEAR
LINEAR LINEAR LINEAR</Name_array>
        <technique_common>
          <accessor source="#mixamorig_Hips-Interpolations-array" count="50">
            <param type="name"/>
          </accessor>
        </technique_common>
      </source>
      <sampler id="mixamorig_Hips-Matrix-animation-transform">
        <input semantic="INPUT" source="#mixamorig_Hips-Matrix-animation-input"/>
        <input semantic="OUTPUT" source="#mixamorig_Hips-Matrix-animation-output-transform"/>
        <input semantic="INTERPOLATION" source="#mixamorig_Hips-Interpolations"/>
      </sampler>
      <channel source="#mixamorig_Hips-Matrix-animation-transform" target="mixamorig_Hips/matrix"/>
      <source id="mixamorig_Spine-Matrix-animation-input">
        <float_array id="mixamorig_Spine-Matrix-animation-input-array" count="50">

0.000000 0.033333 0.066667 0.100000 0.133333 0.166667 0.200000 0.233333 0.266667 0.300000 0.333333 0.366667 0.400000 0.433333 0.466667 0.500000
0.533333 0.566667 0.600000 0.633333 0.666667 0.700000 0.733333 0.766667 0.800000 0.833333 0.866667 0.900000 0.933333 0.966667 1.000000 1.033333
1.066667 1.100000 1.133333 1.166667 1.200000 1.233333 1.266667 1.300000 1.333333 1.366667 1.400000 1.433333 1.466667 1.500000 1.533333 1.566667
1.600000 1.633333</float_array>
        <technique_common>
          <accessor source="#mixamorig_Spine-Matrix-animation-input-array" count="50">
            <param name="TIME" type="float"/>
          </accessor>
        </technique_common>
      </source>
      <source id="mixamorig_Spine-Matrix-animation-output-transform">
        <float_array id="mixamorig_Spine-Matrix-animation-output-transform-array" count="800">

0.991722 0.016407 0.127348 -0.000000 -0.011279 0.999100 -0.040881 8.407700 -0.127905 0.039107 0.991015 -1.041900 0.000000 0.000000 0.000000 1.000000
0.996372 0.028933 0.080033 0.000000 -0.025806 0.998873 -0.039838 8.407700 -0.081095 0.037628 0.995996 -1.041900 0.000000 0.000000 0.000000 1.000000
0.999194 0.038715 0.010587 -0.000000 -0.038490 0.999045 -0.020694 8.407700 -0.011378 0.020270 0.999730 -1.041900 0.000000 0.000000 0.000000 1.000000
0.998618 0.049625 -0.017299 0.000000 -0.049123 0.998392 0.028295 8.407700 0.018676 -0.027406 0.999450 -1.041900 0.000000 0.000000 0.000000 1.000000
0.995935 0.064866 0.062504 -0.000000 -0.070820 0.992635 0.098291 8.407700 -0.055667 -0.102317 0.993193 -1.041900 0.000000 0.000000 0.000000 1.000000
0.965826 0.082631 0.245667 0.000000 -0.122002 0.981188 0.149617 8.407700 -0.228683 -0.174476 0.957738 -1.041900 0.000000 0.000000 0.000000 1.000000
0.894526 0.102521 0.435100 -0.000000 -0.186071 0.970410 0.153891 8.407700 -0.406448 -0.218620 0.887133 -1.041900 0.000000 0.000000 0.000000 1.000000
0.831737 0.128168 0.540172 0.000000 -0.237798 0.961458 0.138027 8.407700 -0.501662 -0.243254 0.830158 -1.041900 0.000000 0.000000 0.000000 1.000000
0.814704 0.156147 0.558458 0.000000 -0.276033 0.951380 0.136679 8.407700 -0.509964 -0.265506 0.818195 -1.041900 0.000000 0.000000 0.000000 1.000000
0.821564 0.172852 0.543282 0.000000 -0.294274 0.944745 0.144426 8.407700 -0.488299 -0.278529 0.827034 -1.041900 0.000000 0.000000 0.000000 1.000000
0.823028 0.169992 0.541967 0.000000 -0.283318 0.949855 0.132315 8.407700 -0.492297 -0.262447 0.829919 -1.041900 0.000000 0.000000 0.000000 1.000000
0.813672 0.154941 0.560296 0.000000 -0.245857 0.965104 0.090154 8.407700 -0.526776 -0.211109 0.823371 -1.041900 0.000000 0.000000 0.000000 1.000000
0.802984 0.140525 0.579197 0.000000 -0.195437 0.980156 0.033143 8.407700 -0.563046 -0.139810 0.814513 -1.041900 0.000000 0.000000 0.000000 1.000000
0.799840 0.131756 0.585573 -0.000000 -0.148932 0.988664 -0.019026 8.407700 -0.581442 -0.071993 0.810396 -1.041900 0.000000 0.000000 0.000000 1.000000
0.807493 0.127464 0.575941 -0.000000 -0.115947 0.991624 -0.056897 8.407700 -0.578369 -0.020834 0.815509 -1.041900 0.000000 0.000000 0.000000 1.000000
0.826957 0.127336 0.547657 -0.000000 -0.095610 0.991679 -0.086205 8.407700 -0.554077 0.018927 0.832251 -1.041900 0.000000 0.000000 0.000000 1.000000
0.855974 0.132193 0.499834 0.000000 -0.081771 0.989207 -0.121585 8.407700 -0.510512 0.063202 0.857545 -1.041900 0.000000 0.000000 0.000000 1.000000
0.887742 0.141244 0.438137 0.000000 -0.072512 0.982790 -0.169902 8.407700 -0.454594 0.119059 0.882706 -1.041900 0.000000 0.000000 0.000000 1.000000
0.915449 0.153099 0.372174 0.000000 -0.073057 0.972666 -0.220418 8.407700 -0.395746 0.174591 0.901611 -1.041900 0.000000 0.000000 0.000000 1.000000
0.936497 0.167754 0.307947 -0.000000 -0.088055 0.962513 -0.256546 8.407700 -0.339440 0.213138 0.916162 -1.041900 0.000000 0.000000 0.000000 1.000000
0.951482 0.186159 0.245006 0.000000 -0.116456 0.954864 -0.273264 8.407700 -0.284817 0.231473 0.930215 -1.041900 0.000000 0.000000 0.000000 1.000000
0.961350 0.207308 0.181192 0.000000 -0.152396 0.948734 -0.276910 8.407700 -0.229309 0.238594 0.943658 -1.041900 0.000000 0.000000 0.000000 1.000000
0.966636 0.227641 0.117451 0.000000 -0.188455 0.942553 -0.275823 8.407700 -0.173493 0.244486 0.954006 -1.041900 0.000000 0.000000 0.000000 1.000000
0.968387 0.242716 0.057576 -0.000000 -0.218346 0.936360 -0.274872 8.407700 -0.120628 0.253611 0.959755 -1.041900 0.000000 0.000000 0.000000 1.000000
0.967694 0.252025 0.007173 0.000000 -0.240627 0.931676 -0.272172 8.407700 -0.075277 0.261653 0.962222 -1.041900 0.000000 0.000000 0.000000 1.000000
0.965286 0.259541 -0.029346 0.000000 -0.258037 0.930160 -0.261187 8.407700 -0.040493 0.259692 0.964842 -1.041900 0.000000 0.000000 0.000000 1.000000
0.962483 0.265888 -0.054138 0.000000 -0.270986 0.931651 -0.242061 8.407700 -0.013924 0.247650 0.968749 -1.041900 0.000000 0.000000 0.000000 1.000000
0.961428 0.265009 -0.073670 -0.000000 -0.274908 0.934645 -0.225530 8.407700 0.009088 0.237083 0.971447 -1.041900 0.000000 0.000000 0.000000 1.000000
0.963339 0.252824 -0.089760 -0.000000 -0.266771 0.938200 -0.220487 8.407700 0.028469 0.236349 0.971251 -1.041900 0.000000 0.000000 0.000000 1.000000
0.967853 0.231744 -0.097747 -0.000000 -0.248298 0.942329 -0.224422 8.407700 0.040102 0.241478 0.969577 -1.041900 0.000000 0.000000 0.000000 1.000000
0.973769 0.206576 -0.095392 0.000000 -0.223453 0.947273 -0.229659 8.407700 0.042921 0.244951 0.968585 -1.041900 0.000000 0.000000 0.000000 1.000000
0.979865 0.180036 -0.086323 0.000000 -0.195565 0.952549 -0.233249 8.407700 0.040234 0.245434 0.968578 -1.041900 0.000000 0.000000 0.000000 1.000000
0.985428 0.152862 -0.074599 0.000000 -0.166404 0.957237 -0.236658 8.407700 0.035233 0.245623 0.968725 -1.041900 0.000000 0.000000 0.000000 1.000000
0.990222 0.125412 -0.061095 0.000000 -0.136524 0.961213 -0.239646 8.407700 0.028671 0.245644 0.968936 -1.041900 0.000000 0.000000 0.000000 1.000000
0.994032 0.098927 -0.045982 0.000000 -0.107106 0.965056 -0.239155 8.407700 0.020717 0.242653 0.969892 -1.041900 0.000000 0.000000 0.000000 1.000000
0.996754 0.074779 -0.029836 -0.000000 -0.079688 0.969182 -0.233100 8.407700 0.011486 0.234721 0.971995 -1.041900 0.000000 0.000000 0.000000 1.000000
0.998483 0.053687 -0.012238 0.000000 -0.055065 0.973523 -0.221856 8.407700 0.000003 0.222193 0.975003 -1.041900 0.000000 0.000000 0.000000 1.000000
0.999334 0.035779 0.007224 -0.000000 -0.033510 0.977767 -0.206997 8.407700 -0.014470 0.206617 0.978315 -1.041900 0.000000 0.000000 0.000000 1.000000
0.999431 0.021116 0.026308 0.000000 -0.015712 0.981484 -0.190901 8.407700 -0.029852 0.190379 0.981257 -1.041900 0.000000 0.000000 0.000000 1.000000
0.999090 0.009638 0.041537 0.000000 -0.002187 0.984423 -0.175802 8.407700 -0.042585 0.175551 0.983549 -1.041900 0.000000 0.000000 0.000000 1.000000
0.998643 0.000809 0.052068 0.000000 0.007605 0.986892 -0.161200 8.407700 -0.051516 0.161377 0.985547 -1.041900 0.000000 0.000000 0.000000 1.000000
0.998203 -0.006060 0.059611 0.000000 0.014634 0.989399 -0.144483 8.407700 -0.058103 0.145096 0.987710 -1.041900 0.000000 0.000000 0.000000 1.000000
0.997775 -0.011057 0.065752 0.000000 0.019266 0.991898 -0.125564 8.407700 -0.063831 0.126552 0.989904 -1.041900 0.000000 0.000000 0.000000 1.000000
0.997338 -0.013250 0.071698 -0.000000 0.020968 0.993930 -0.107996 8.407700 -0.069832 0.109212 0.991563 -1.041900 0.000000 0.000000 0.000000 1.000000
0.996811 -0.011379 0.078978 0.000000 0.018827 0.995374 -0.094214 8.407700 -0.077541 0.095401 0.992414 -1.041900 0.000000 0.000000 0.000000 1.000000
0.996087 -0.005629 0.088199 0.000000 0.012953 0.996491 -0.082690 8.407700 -0.087425 0.083509 0.992665 -1.041900 0.000000 0.000000 0.000000 1.000000
0.995148 0.001785 0.098368 0.000000 0.005231 0.997461 -0.071016 8.407700 -0.098245 0.071186 0.992613 -1.041900 0.000000 0.000000 0.000000 1.000000
0.994070 0.008323 0.108427 0.000000 -0.001898 0.998243 -0.059222 8.407700 -0.108730 0.058665 0.992339 -1.041900 0.000000 0.000000 0.000000 1.000000
0.992911 0.013057 0.118137 -0.000000 -0.007322 0.998779 -0.048855 8.407700 -0.118631 0.047644 0.991795 -1.041900 0.000000 0.000000 0.000000 1.000000
0.991722 0.016407 0.127348 0.000000 -0.011279 0.999100 -0.040881 8.407700 -0.127905 0.039107 0.991015 -1.041900 0.000000 0.000000 0.000000 1.000000</float_array>
        <technique_common>
          <accessor source="#mixamorig_Spine-Matrix-animation-output-transform-array" count="50" stride="16">
            <param type="float4x4"/>
          </accessor>
        </technique_common>
      </source>
      <source id="mixamorig_Spine-Interpolations">
        <Name_array id="mixamorig_Spine-Interpolations-array" count="50">
 LINEAR LINEAR LINEAR LINEAR LINEAR LINEAR LINEAR LINEAR LINEAR LINEAR LINEAR
LINEAR LINEAR LINEAR LINEAR LINEAR LINEAR LINEAR LINEAR LINEAR LINEAR LINEAR LINEAR
LINEAR LINEAR LINEAR LINEAR LINEAR LINEAR LINEAR LINEAR LINEAR LINEAR LINEAR LINEAR
LINEAR LINEAR LINEAR LINEAR LINEAR LINEAR LINEAR LINEAR LINEAR LINEAR LINEAR LINEAR
LINEAR LINEAR LINEAR</Name_array>
        <technique_common>
          <accessor source="#mixamorig_Spine-Interpolations-array" count="50">
            <param type="name"/>
          </accessor>
        </technique_common>
      </source>
      <sampler id="mixamorig_Spine-Matrix-animation-transform">
        <input semantic="INPUT" source="#mixamorig_Spine-Matrix-animation-input"/>
        <input semantic="OUTPUT" source="#mixamorig_Spine-Matrix-animation-output-transform"/>
        <input semantic="INTERPOLATION" source="#mixamorig_Spine-Interpolations"/>
      </sampler>
      <channel source="#mixamorig_Spine-Matrix-animation-transform" target="mixamorig_Spine/matrix"/>
      <source id="mixamorig_Spine1-Matrix-animation-input">
        <float_array id="mixamorig_Spine1-Matrix-animation-input-array" count="50">

0.000000 0.033333 0.066667 0.100000 0.133333 0.166667 0.200000 0.233333 0.266667 0.300000 0.333333 0.366667 0.400000 0.433333 0.466667 0.500000
0.533333 0.566667 0.600000 0.633333 0.666667 0.700000 0.733333 0.766667 0.800000 0.833333 0.866667 0.900000 0.933333 0.966667 1.000000 1.033333
1.066667 1.100000 1.133333 1.166667 1.200000 1.233333 1.266667 1.300000 1.333333 1.366667 1.400000 1.433333 1.466667 1.500000 1.533333 1.566667
1.600000 1.633333</float_array>
        <technique_common>
          <accessor source="#mixamorig_Spine1-Matrix-animation-input-array" count="50">
            <param name="TIME" type="float"/>
          </accessor>
        </technique_common>
      </source>
      <source id="mixamorig_Spine1-Matrix-animation-output-transform">
        <float_array id="mixamorig_Spine1-Matrix-animation-output-transform-array" count="800">

0.999723 0.013732 0.019110 0.000000 -0.012995 0.999187 -0.038158 9.883800 -0.019618 0.037899 0.999089 0.000000 0.000000 0.000000 0.000000 1.000000
0.999591 0.028353 0.003792 0.000000 -0.028078 0.997838 -0.059430 9.883800 -0.005469 0.059299 0.998225 0.000000 0.000000 0.000000 0.000000 1.000000
0.998892 0.041997 -0.021246 0.000000 -0.043487 0.996207 -0.075372 9.883800 0.018000 0.076212 0.996929 0.000000 0.000000 0.000000 0.000000 1.000000
0.998032 0.056954 -0.026235 -0.000000 -0.058892 0.995033 -0.080255 9.883800 0.021534 0.081642 0.996429 0.000000 0.000000 0.000000 0.000000 1.000000
0.996791 0.077717 0.019181 -0.000000 -0.076004 0.994055 -0.077956 9.883800 -0.025125 0.076248 0.996772 0.000000 0.000000 0.000000 0.000000 1.000000
0.987957 0.106096 0.112623 0.000000 -0.097008 0.991789 -0.083330 9.883800 -0.120539 0.071402 0.990137 -0.000000 0.000000 0.000000 0.000000 1.000000
0.967673 0.139502 0.210113 0.000000 -0.119581 0.987281 -0.104768 9.883800 -0.222056 0.076256 0.972047 -0.000000 0.000000 0.000000 0.000000 1.000000
0.948099 0.174221 0.266000 0.000000 -0.143443 0.980923 -0.131203 9.883800 -0.283784 0.086237 0.955003 0.000000 0.000000 0.000000 0.000000 1.000000
0.939267 0.205521 0.274844 0.000000 -0.169719 0.974240 -0.148501 9.883800 -0.298284 0.092836 0.949952 -0.000000 0.000000 0.000000 0.000000 1.000000
0.937080 0.226127 0.265983 0.000000 -0.188638 0.969048 -0.159256 9.883800 -0.293762 0.099061 0.950732 0.000000 0.000000 0.000000 0.000000 1.000000
0.935840 0.230224 0.266833 0.000000 -0.187039 0.966161 -0.177618 9.883800 -0.298696 0.116314 0.947234 0.000000 0.000000 0.000000 0.000000 1.000000
0.934562 0.219271 0.280202 0.000000 -0.163472 0.964106 -0.209227 9.883800 -0.316022 0.149730 0.936862 0.000000 0.000000 0.000000 0.000000 1.000000
0.934273 0.201394 0.294236 0.000000 -0.129498 0.960516 -0.246252 9.883800 -0.332212 0.191963 0.923464 0.000000 0.000000 0.000000 0.000000 1.000000
0.935696 0.184763 0.300558 0.000000 -0.099353 0.955423 -0.278023 9.883800 -0.338528 0.230283 0.912342 -0.000000 0.000000 0.000000 0.000000 1.000000
0.939087 0.172762 0.297102 -0.000000 -0.080083 0.950673 -0.299678 9.883800 -0.334219 0.257631 0.906600 0.000000 0.000000 0.000000 0.000000 1.000000
0.944857 0.164793 0.283000 0.000000 -0.070884 0.946592 -0.314545 9.883800 -0.319721 0.277140 0.906075 0.000000 0.000000 0.000000 0.000000 1.000000
0.952750 0.159266 0.258653 0.000000 -0.067819 0.941558 -0.329953 9.883800 -0.296087 0.296821 0.907871 0.000000 0.000000 0.000000 0.000000 1.000000
0.961198 0.155566 0.227811 -0.000000 -0.068661 0.934749 -0.348612 9.883800 -0.267178 0.319443 0.909160 0.000000 0.000000 0.000000 0.000000 1.000000
0.968448 0.154465 0.195576 0.000000 -0.074285 0.928003 -0.365091 9.883800 -0.237889 0.339043 0.910197 0.000000 0.000000 0.000000 0.000000 1.000000
0.973820 0.156798 0.164590 0.000000 -0.085801 0.924012 -0.372613 9.883800 -0.210508 0.348736 0.913274 0.000000 0.000000 0.000000 0.000000 1.000000
0.977637 0.161829 0.134300 -0.000000 -0.101917 0.923208 -0.370541 9.883800 -0.183952 0.348567 0.919055 0.000000 0.000000 0.000000 0.000000 1.000000
0.980393 0.167590 0.103649 0.000000 -0.119530 0.923957 -0.363340 9.883800 -0.156659 0.343827 0.925873 0.000000 0.000000 0.000000 0.000000 1.000000
0.982347 0.172156 0.073186 -0.000000 -0.135522 0.924626 -0.355950 9.883800 -0.128948 0.339748 0.931635 -0.000000 0.000000 0.000000 0.000000 1.000000
0.983655 0.174408 0.044764 -0.000000 -0.147928 0.924485 -0.351348 9.883800 -0.102661 0.338984 0.935174 0.000000 0.000000 0.000000 0.000000 1.000000
0.984344 0.175030 0.020779 0.000000 -0.156935 0.923984 -0.348748 9.883800 -0.080241 0.340027 0.936986 -0.000000 0.000000 0.000000 0.000000 1.000000
0.984411 0.175861 0.002932 0.000000 -0.164107 0.924361 -0.344421 9.883800 -0.063281 0.338571 0.938811 0.000000 0.000000 0.000000 0.000000 1.000000
0.984255 0.176489 -0.009688 0.000000 -0.169372 0.926051 -0.337257 9.883800 -0.050550 0.333588 0.941363 -0.000000 0.000000 0.000000 0.000000 1.000000
0.984595 0.173763 -0.019492 -0.000000 -0.170350 0.928126 -0.331002 9.883800 -0.039425 0.329223 0.943429 0.000000 0.000000 0.000000 0.000000 1.000000
0.985765 0.166002 -0.026668 0.000000 -0.165458 0.929646 -0.329214 9.883800 -0.029858 0.328940 0.943879 -0.000000 0.000000 0.000000 0.000000 1.000000
0.987506 0.154862 -0.029159 0.000000 -0.155722 0.930622 -0.331200 9.883800 -0.024154 0.331602 0.943110 -0.000000 0.000000 0.000000 0.000000 1.000000
0.989420 0.142645 -0.026469 0.000000 -0.143252 0.931691 -0.333814 9.883800 -0.022956 0.334074 0.942267 0.000000 0.000000 0.000000 0.000000 1.000000
0.991269 0.130201 -0.020833 -0.000000 -0.129629 0.933349 -0.334748 9.883800 -0.024140 0.334526 0.942077 0.000000 0.000000 0.000000 0.000000 1.000000
0.992962 0.117545 -0.014509 0.000000 -0.115639 0.935736 -0.333205 9.883800 -0.025590 0.332538 0.942743 0.000000 0.000000 0.000000 0.000000 1.000000
0.994447 0.104921 -0.008157 0.000000 -0.101757 0.938901 -0.328802 9.883800 -0.026840 0.327806 0.944364 0.000000 0.000000 0.000000 0.000000 1.000000
0.995673 0.092904 -0.001904 0.000000 -0.088593 0.942899 -0.321081 9.883800 -0.028034 0.319861 0.947050 -0.000000 0.000000 0.000000 0.000000 1.000000
0.996633 0.081895 0.004017 0.000000 -0.076622 0.947664 -0.309939 9.883800 -0.029189 0.308588 0.950748 0.000000 0.000000 0.000000 0.000000 1.000000
0.997369 0.071810 0.009877 0.000000 -0.065691 0.953037 -0.295643 9.883800 -0.030643 0.294217 0.955247 -0.000000 0.000000 0.000000 0.000000 1.000000
0.997924 0.062400 0.015958 0.000000 -0.055497 0.958790 -0.278642 9.883800 -0.032688 0.277178 0.960262 -0.000000 0.000000 0.000000 0.000000 1.000000
0.998328 0.053742 0.021291 0.000000 -0.046377 0.964506 -0.259957 9.883800 -0.034506 0.258535 0.965385 0.000000 0.000000 0.000000 0.000000 1.000000
0.998637 0.046170 0.024328 0.000000 -0.038968 0.969774 -0.240873 9.883800 -0.034714 0.239597 0.970252 0.000000 0.000000 0.000000 0.000000 1.000000
0.998902 0.039757 0.024790 -0.000000 -0.033295 0.974611 -0.221416 9.883800 -0.032963 0.220347 0.974864 0.000000 0.000000 0.000000 0.000000 1.000000
0.999138 0.034124 0.023622 0.000000 -0.028711 0.979311 -0.200316 9.883800 -0.029969 0.199465 0.979446 0.000000 0.000000 0.000000 0.000000 1.000000
0.999347 0.028908 0.021656 0.000000 -0.024615 0.983836 -0.177371 9.883800 -0.026433 0.176722 0.983906 0.000000 0.000000 0.000000 0.000000 1.000000
0.999513 0.024385 0.019496 0.000000 -0.021087 0.987788 -0.154370 9.883800 -0.023022 0.153883 0.987821 0.000000 0.000000 0.000000 0.000000 1.000000
0.999612 0.021318 0.017948 0.000000 -0.018749 0.990962 -0.132826 9.883800 -0.020617 0.132438 0.990977 0.000000 0.000000 0.000000 0.000000 1.000000
0.999649 0.019940 0.017433 -0.000000 -0.017859 0.993511 -0.112325 9.883800 -0.019560 0.111974 0.993519 0.000000 0.000000 0.000000 0.000000 1.000000
0.999658 0.019349 0.017601 0.000000 -0.017651 0.995602 -0.092003 9.883800 -0.019304 0.091661 0.995603 0.000000 0.000000 0.000000 0.000000 1.000000
0.999671 0.018290 0.018007 0.000000 -0.016943 0.997241 -0.072271 9.883800 -0.019279 0.071942 0.997223 0.000000 0.000000 0.000000 0.000000 1.000000
0.999695 0.016300 0.018539 0.000000 -0.015274 0.998415 -0.054160 9.883800 -0.019392 0.053861 0.998360 -0.000000 0.000000 0.000000 0.000000 1.000000
0.999723 0.013732 0.019110 -0.000000 -0.012995 0.999187 -0.038158 9.883800 -0.019618 0.037899 0.999089 0.000000 0.000000 0.000000 0.000000 1.000000</float_array>
        <technique_common>
          <accessor source="#mixamorig_Spine1-Matrix-animation-output-transform-array" count="50" stride="16">
            <param type="float4x4"/>
          </accessor>
        </technique_common>
      </source>
      <source id="mixamorig_Spine1-Interpolations">
        <Name_array id="mixamorig_Spine1-Interpolations-array" count="50">
 LINEAR LINEAR LINEAR LINEAR LINEAR LINEAR LINEAR LINEAR LINEAR LINEAR LINEAR
LINEAR LINEAR LINEAR LINEAR LINEAR LINEAR LINEAR LINEAR LINEAR LINEAR LINEAR LINEAR
LINEAR LINEAR LINEAR LINEAR LINEAR LINEAR LINEAR LINEAR LINEAR LINEAR LINEAR LINEAR
LINEAR LINEAR LINEAR LINEAR LINEAR LINEAR LINEAR LINEAR LINEAR LINEAR LINEAR LINEAR
LINEAR LINEAR LINEAR</Name_array>
        <technique_common>
          <accessor source="#mixamorig_Spine1-Interpolations-array" count="50">
            <param type="name"/>
          </accessor>
        </technique_common>
      </source>
      <sampler id="mixamorig_Spine1-Matrix-animation-transform">
        <input semantic="INPUT" source="#mixamorig_Spine1-Matrix-animation-input"/>
        <input semantic="OUTPUT" source="#mixamorig_Spine1-Matrix-animation-output-transform"/>
        <input semantic="INTERPOLATION" source="#mixamorig_Spine1-Interpolations"/>
      </sampler>
      <channel source="#mixamorig_Spine1-Matrix-animation-transform" target="mixamorig_Spine1/matrix"/>
      <source id="mixamorig_Spine2-Matrix-animation-input">
        <float_array id="mixamorig_Spine2-Matrix-animation-input-array" count="50">

0.000000 0.033333 0.066667 0.100000 0.133333 0.166667 0.200000 0.233333 0.266667 0.300000 0.333333 0.366667 0.400000 0.433333 0.466667 0.500000
0.533333 0.566667 0.600000 0.633333 0.666667 0.700000 0.733333 0.766667 0.800000 0.833333 0.866667 0.900000 0.933333 0.966667 1.000000 1.033333
