<?xml version="1.0" encoding="utf-8"?>
<COLLADA xmlns="http://www.collada.org/2005/11/COLLADASchema" version="1.4.1">
  <asset>
    <contributor>
      <author>Mixamo</author>
      <authoring_tool>COLLADA Mixamo exporter</authoring_tool>
      <comments/>
    </contributor>
    <created>2024-05-10T11:18:00Z</created>
    <modified>2024-05-10T11:18:00Z</modified>
    <revision/>
    <title/>
    <unit meter="0.010000"/>
    <up_axis>Y_UP</up_axis>
  </asset>
  <library_animations>
    <animation>
      <source id="Armature-Matrix-animation-input">
        <float_array id="Armature-Matrix-animation-input-array" count="40">

0.000000 0.033333 0.066667 0.100000 0.133333 0.166667 0.200000 0.233333 0.266667 0.300000 0.333333 0.366667 0.400000 0.433333 0.466667 0.500000
0.533333 0.566667 0.600000 0.633333 0.666667 0.700000 0.733333 0.766667 0.800000 0.833333 0.866667 0.900000 0.933333 0.966667 1.000000 1.033333
1.066667 1.100000 1.133333 1.166667 1.200000 1.233333 1.266667 1.300000</float_array>
        <technique_common>
          <accessor source="#Armature-Matrix-animation-input-array" count="40">
            <param name="TIME" type="float"/>
          </accessor>
        </technique_common>
      </source>
      <source id="Armature-Matrix-animation-output-transform">
        <float_array id="Armature-Matrix-animation-output-transform-array" count="640">

1.000000 0.000000 0.000000 0.000000 0.000000 0.000000 1.000000 0.000000 0.000000 -1.000000 0.000000 0.000000 0.000000 0.000000 0.000000 1.000000
1.000000 0.000000 0.000000 0.000000 0.000000 0.000000 1.000000 0.000000 0.000000 -1.000000 0.000000 0.000000 0.000000 0.000000 0.000000 1.000000
1.000000 0.000000 0.000000 0.000000 0.000000 0.000000 1.000000 0.000000 0.000000 -1.000000 0.000000 0.000000 0.000000 0.000000 0.000000 1.000000
1.000000 0.000000 0.000000 0.000000 0.000000 0.000000 1.000000 0.000000 0.000000 -1.000000 0.000000 0.000000 0.000000 0.000000 0.000000 1.000000
1.000000 0.000000 0.000000 0.000000 0.000000 0.000000 1.000000 0.000000 0.000000 -1.000000 0.000000 0.000000 0.000000 0.000000 0.000000 1.000000
1.000000 0.000000 0.000000 0.000000 0.000000 0.000000 1.000000 0.000000 0.000000 -1.000000 0.000000 0.000000 0.000000 0.000000 0.000000 1.000000
1.000000 0.000000 0.000000 0.000000 0.000000 0.000000 1.000000 0.000000 0.000000 -1.000000 0.000000 0.000000 0.000000 0.000000 0.000000 1.000000
1.000000 0.000000 0.000000 0.000000 0.000000 0.000000 1.000000 0.000000 0.000000 -1.000000 0.000000 0.000000 0.000000 0.000000 0.000000 1.000000
1.000000 0.000000 0.000000 0.000000 0.000000 0.000000 1.000000 0.000000 0.000000 -1.000000 0.000000 0.000000 0.000000 0.000000 0.000000 1.000000
1.000000 0.000000 0.000000 0.000000 0.000000 0.000000 1.000000 0.000000 0.000000 -1.000000 0.000000 0.000000 0.000000 0.000000 0.000000 1.000000
1.000000 0.000000 0.000000 0.000000 0.000000 0.000000 1.000000 0.000000 0.000000 -1.000000 0.000000 0.000000 0.000000 0.000000 0.000000 1.000000
1.000000 0.000000 0.000000 0.000000 0.000000 0.000000 1.000000 0.000000 0.000000 -1.000000 0.000000 0.000000 0.000000 0.000000 0.000000 1.000000
1.000000 0.000000 0.000000 0.000000 0.000000 0.000000 1.000000 0.000000 0.000000 -1.000000 0.000000 0.000000 0.000000 0.000000 0.000000 1.000000
1.000000 0.000000 0.000000 0.000000 0.000000 0.000000 1.000000 0.000000 0.000000 -1.000000 0.000000 0.000000 0.000000 0.000000 0.000000 1.000000
1.000000 0.000000 0.000000 0.000000 0.000000 0.000000 1.000000 0.000000 0.000000 -1.000000 0.000000 0.000000 0.000000 0.000000 0.000000 1.000000
1.000000 0.000000 0.000000 0.000000 0.000000 0.000000 1.000000 0.000000 0.000000 -1.000000 0.000000 0.000000 0.000000 0.000000 0.000000 1.000000
1.000000 0.000000 0.000000 0.000000 0.000000 0.000000 1.000000 0.000000 0.000000 -1.000000 0.000000 0.000000 0.000000 0.000000 0.000000 1.000000
1.000000 0.000000 0.000000 0.000000 0.000000 0.000000 1.000000 0.000000 0.000000 -1.000000 0.000000 0.000000 0.000000 0.000000 0.000000 1.000000
1.000000 0.000000 0.000000 0.000000 0.000000 0.000000 1.000000 0.000000 0.000000 -1.000000 0.000000 0.000000 0.000000 0.000000 0.000000 1.000000
1.000000 0.000000 0.000000 0.000000 0.000000 0.000000 1.000000 0.000000 0.000000 -1.000000 0.000000 0.000000 0.000000 0.000000 0.000000 1.000000
1.000000 0.000000 0.000000 0.000000 0.000000 0.000000 1.000000 0.000000 0.000000 -1.000000 0.000000 0.000000 0.000000 0.000000 0.000000 1.000000
1.000000 0.000000 0.000000 0.000000 0.000000 0.000000 1.000000 0.000000 0.000000 -1.000000 0.000000 0.000000 0.000000 0.000000 0.000000 1.000000
1.000000 0.000000 0.000000 0.000000 0.000000 0.000000 1.000000 0.000000 0.000000 -1.000000 0.000000 0.000000 0.000000 0.000000 0.000000 1.000000
1.000000 0.000000 0.000000 0.000000 0.000000 0.000000 1.000000 0.000000 0.000000 -1.000000 0.000000 0.000000 0.000000 0.000000 0.000000 1.000000
1.000000 0.000000 0.000000 0.000000 0.000000 0.000000 1.000000 0.000000 0.000000 -1.000000 0.000000 0.000000 0.000000 0.000000 0.000000 1.000000
1.000000 0.000000 0.000000 0.000000 0.000000 0.000000 1.000000 0.000000 0.000000 -1.000000 0.000000 0.000000 0.000000 0.000000 0.000000 1.000000
1.000000 0.000000 0.000000 0.000000 0.000000 0.000000 1.000000 0.000000 0.000000 -1.000000 0.000000 0.000000 0.000000 0.000000 0.000000 1.000000
1.000000 0.000000 0.000000 0.000000 0.000000 0.000000 1.000000 0.000000 0.000000 -1.000000 0.000000 0.000000 0.000000 0.000000 0.000000 1.000000
1.000000 0.000000 0.000000 0.000000 0.000000 0.000000 1.000000 0.000000 0.000000 -1.000000 0.000000 0.000000 0.000000 0.000000 0.000000 1.000000
1.000000 0.000000 0.000000 0.000000 0.000000 0.000000 1.000000 0.000000 0.000000 -1.000000 0.000000 0.000000 0.000000 0.000000 0.000000 1.000000
1.000000 0.000000 0.000000 0.000000 0.000000 0.000000 1.000000 0.000000 0.000000 -1.000000 0.000000 0.000000 0.000000 0.000000 0.000000 1.000000
1.000000 0.000000 0.000000 0.000000 0.000000 0.000000 1.000000 0.000000 0.000000 -1.000000 0.000000 0.000000 0.000000 0.000000 0.000000 1.000000
1.000000 0.000000 0.000000 0.000000 0.000000 0.000000 1.000000 0.000000 0.000000 -1.000000 0.000000 0.000000 0.000000 0.000000 0.000000 1.000000
1.000000 0.000000 0.000000 0.000000 0.000000 0.000000 1.000000 0.000000 0.000000 -1.000000 0.000000 0.000000 0.000000 0.000000 0.000000 1.000000
1.000000 0.000000 0.000000 0.000000 0.000000 0.000000 1.000000 0.000000 0.000000 -1.000000 0.000000 0.000000 0.000000 0.000000 0.000000 1.000000
1.000000 0.000000 0.000000 0.000000 0.000000 0.000000 1.000000 0.000000 0.000000 -1.000000 0.000000 0.000000 0.000000 0.000000 0.000000 1.000000
1.000000 0.000000 0.000000 0.000000 0.000000 0.000000 1.000000 0.000000 0.000000 -1.000000 0.000000 0.000000 0.000000 0.000000 0.000000 1.000000
1.000000 0.000000 0.000000 0.000000 0.000000 0.000000 1.000000 0.000000 0.000000 -1.000000 0.000000 0.000000 0.000000 0.000000 0.000000 1.000000
1.000000 0.000000 0.000000 0.000000 0.000000 0.000000 1.000000 0.000000 0.000000 -1.000000 0.000000 0.000000 0.000000 0.000000 0.000000 1.000000
1.000000 0.000000 0.000000 0.000000 0.000000 0.000000 1.000000 0.000000 0.000000 -1.000000 0.000000 0.000000 0.000000 0.000000 0.000000 1.000000</float_array>
        <technique_common>
          <accessor source="#Armature-Matrix-animation-output-transform-array" count="40" stride="16">
            <param type="float4x4"/>
          </accessor>
        </technique_common>
      </source>
      <source id="Armature-Interpolations">
        <Name_array id="Armature-Interpolations-array" count="40">
 LINEAR LINEAR LINEAR LINEAR LINEAR LINEAR LINEAR LINEAR LINEAR LINEAR LINEAR
LINEAR LINEAR LINEAR LINEAR LINEAR LINEAR LINEAR LINEAR LINEAR LINEAR LINEAR LINEAR
LINEAR LINEAR LINEAR LINEAR LINEAR LINEAR LINEAR LINEAR LINEAR LINEAR LINEAR LINEAR
LINEAR LINEAR LINEAR LINEAR LINEAR</Name_array>
        <technique_common>
          <accessor source="#Armature-Interpolations-array" count="40">
            <param type="name"/>
          </accessor>
        </technique_common>
      </source>
      <sampler id="Armature-Matrix-animation-transform">
        <input semantic="INPUT" source="#Armature-Matrix-animation-input"/>
        <input semantic="OUTPUT" source="#Armature-Matrix-animation-output-transform"/>
        <input semantic="INTERPOLATION" source="#Armature-Interpolations"/>
      </sampler>
      <channel source="#Armature-Matrix-animation-transform" target="Armature/matrix"/>
      <source id="mixamorig_Hips-Matrix-animation-input">
        <float_array id="mixamorig_Hips-Matrix-animation-input-array" count="40">

0.000000 0.033333 0.066667 0.100000 0.133333 0.166667 0.200000 0.233333 0.266667 0.300000 0.333333 0.366667 0.400000 0.433333 0.466667 0.500000
0.533333 0.566667 0.600000 0.633333 0.666667 0.700000 0.733333 0.766667 0.800000 0.833333 0.866667 0.900000 0.933333 0.966667 1.000000 1.033333
1.066667 1.100000 1.133333 1.166667 1.200000 1.233333 1.266667 1.300000</float_array>
        <technique_common>
          <accessor source="#mixamorig_Hips-Matrix-animation-input-array" count="40">
            <param name="TIME" type="float"/>
          </accessor>
        </technique_common>
      </source>
      <source id="mixamorig_Hips-Matrix-animation-output-transform">
        <float_array id="mixamorig_Hips-Matrix-animation-output-transform-array" count="640">

0.691860 0.000122 -0.722031 -0.260087 -0.718845 0.093964 -0.688791 -0.098892 0.067761 0.995576 0.065098 84.184372 0.000000 0.000000 0.000000 1.000000
0.690317 -0.002871 -0.723501 -0.286677 -0.718177 0.118436 -0.685708 -0.039248 0.087658 0.992957 0.079697 84.591690 0.000000 0.000000 0.000000 1.000000
0.696494 -0.009978 -0.717493 -0.405215 -0.707307 0.158907 -0.688815 -0.333928 0.120888 0.987243 0.103620 84.994194 0.000000 0.000000 0.000000 1.000000
0.727566 -0.014290 -0.685888 -0.732038 -0.664353 0.234702 -0.709613 -1.269664 0.171120 0.971962 0.161267 85.498383 0.000000 0.000000 0.000000 1.000000
0.745353 -0.017421 -0.666442 -1.636060 -0.616823 0.361254 -0.699303 -4.024787 0.252938 0.932305 0.258516 85.434631 0.000000 0.000000 0.000000 1.000000
0.689505 -0.006851 -0.724249 -1.592485 -0.647103 0.443333 -0.620253 -5.324147 0.325332 0.896331 0.301247 84.061493 0.000000 0.000000 0.000000 1.000000
0.621604 -0.000421 -0.783331 -0.965908 -0.697884 0.453867 -0.554043 -5.016953 0.355762 0.891069 0.281831 82.646637 0.000000 0.000000 0.000000 1.000000
0.577124 -0.005293 -0.816640 -0.318894 -0.728156 0.449420 -0.517504 -4.347516 0.369753 0.893305 0.255517 81.574837 0.000000 0.000000 0.000000 1.000000
0.537921 -0.011788 -0.842913 0.356176 -0.753765 0.440997 -0.487196 -3.352347 0.377465 0.897431 0.228336 80.220856 0.000000 0.000000 0.000000 1.000000
0.525848 -0.019130 -0.850363 0.938096 -0.766384 0.423022 -0.483433 -2.072615 0.368970 0.905918 0.207784 78.883720 0.000000 0.000000 0.000000 1.000000
0.545846 -0.023712 -0.837550 1.457138 -0.762446 0.400465 -0.508236 -0.522956 0.347460 0.916005 0.200513 77.674469 0.000000 0.000000 0.000000 1.000000
0.578988 -0.024496 -0.814968 1.971327 -0.749374 0.377863 -0.543745 1.248905 0.321266 0.925537 0.200421 76.642509 0.000000 0.000000 0.000000 1.000000
0.612261 -0.026459 -0.790213 2.448359 -0.734073 0.352263 -0.580558 3.101332 0.293724 0.935527 0.196254 75.881508 0.000000 0.000000 0.000000 1.000000
0.641523 -0.034855 -0.766311 2.775847 -0.719238 0.320019 -0.616672 4.878219 0.266729 0.946770 0.180230 75.491005 0.000000 0.000000 0.000000 1.000000
0.665060 -0.045218 -0.745420 2.857504 -0.706399 0.285731 -0.647579 6.489244 0.242271 0.957243 0.158086 75.493195 0.000000 0.000000 0.000000 1.000000
0.683679 -0.048303 -0.728182 2.685056 -0.696146 0.256273 -0.670601 7.898002 0.219006 0.965397 0.141582 75.814766 0.000000 0.000000 0.000000 1.000000
0.701129 -0.043518 -0.711705 2.298784 -0.686341 0.229360 -0.690166 9.069097 0.193272 0.972368 0.130942 76.358040 0.000000 0.000000 0.000000 1.000000
0.717437 -0.035661 -0.695710 1.730434 -0.676830 0.200686 -0.708255 9.954998 0.164877 0.979006 0.119843 77.036713 0.000000 0.000000 0.000000 1.000000
0.727385 -0.024905 -0.685778 1.048979 -0.672447 0.173417 -0.719543 10.514084 0.136846 0.984534 0.109393 77.770721 0.000000 0.000000 0.000000 1.000000
0.728116 -0.010653 -0.685371 0.394992 -0.676362 0.151154 -0.720893 10.711093 0.111277 0.988453 0.102853 78.530518 0.000000 0.000000 0.000000 1.000000
0.721320 0.004286 -0.692588 -0.110969 -0.686846 0.133076 -0.714516 10.530241 0.089105 0.991097 0.098935 79.317192 0.000000 0.000000 0.000000 1.000000
0.707886 0.018472 -0.706085 -0.450569 -0.702641 0.120403 -0.701284 9.999366 0.072060 0.992553 0.098211 80.099907 0.000000 0.000000 0.000000 1.000000
0.688723 0.032989 -0.724273 -0.661010 -0.722390 0.116298 -0.681636 9.178090 0.061745 0.992666 0.103928 80.841774 0.000000 0.000000 0.000000 1.000000
0.668771 0.047472 -0.741951 -0.758568 -0.741250 0.119616 -0.660485 8.135395 0.057394 0.991685 0.115184 81.539825 0.000000 0.000000 0.000000 1.000000
0.652868 0.059908 -0.755099 -0.748566 -0.755362 0.125843 -0.643111 6.958759 0.056496 0.990240 0.127411 82.171547 0.000000 0.000000 0.000000 1.000000
0.640827 0.068951 -0.764582 -0.661599 -0.765492 0.132629 -0.629629 5.748328 0.057992 0.988765 0.137774 82.750122 0.000000 0.000000 0.000000 1.000000
0.632228 0.073798 -0.771260 -0.538265 -0.772365 0.138601 -0.619872 4.588446 0.061152 0.987595 0.144626 83.277344 0.000000 0.000000 0.000000 1.000000
0.627857 0.074288 -0.774775 -0.403853 -0.775672 0.141894 -0.614979 3.538390 0.064250 0.987090 0.146712 83.748222 0.000000 0.000000 0.000000 1.000000
0.626290 0.071050 -0.776345 -0.270603 -0.776750 0.141797 -0.613639 2.632609 0.066484 0.987343 0.143994 84.155563 0.000000 0.000000 0.000000 1.000000
0.624711 0.064660 -0.778174 -0.141705 -0.777788 0.139789 -0.612785 1.883234 0.069158 0.988068 0.137619 84.472260 0.000000 0.000000 0.000000 1.000000
0.622197 0.056324 -0.780832 -0.012521 -0.779439 0.137723 -0.611153 1.287460 0.073115 0.988868 0.129592 84.678780 0.000000 0.000000 0.000000 1.000000
0.620110 0.048097 -0.783039 0.110390 -0.780715 0.135948 -0.609920 0.828773 0.077117 0.989548 0.121853 84.796951 0.000000 0.000000 0.000000 1.000000
0.620593 0.040685 -0.783077 0.191650 -0.780051 0.133800 -0.611243 0.486547 0.079908 0.990173 0.114772 84.866127 0.000000 0.000000 0.000000 1.000000
0.624678 0.033108 -0.780180 0.195077 -0.776583 0.131031 -0.616238 0.253487 0.081826 0.990825 0.107564 84.894974 0.000000 0.000000 0.000000 1.000000
0.631720 0.024811 -0.774800 0.125713 -0.770703 0.127562 -0.624295 0.124477 0.083346 0.991520 0.099705 84.862152 0.000000 0.000000 0.000000 1.000000
0.641048 0.016428 -0.767325 0.019263 -0.762909 0.122834 -0.634729 0.074222 0.083826 0.992291 0.091275 84.756035 0.000000 0.000000 0.000000 1.000000
0.652305 0.009328 -0.757899 -0.093415 -0.753460 0.116741 -0.647047 0.067976 0.082442 0.993119 0.083179 84.592674 0.000000 0.000000 0.000000 1.000000
0.665011 0.004612 -0.746819 -0.189460 -0.742655 0.109719 -0.660625 0.066501 0.078894 0.993952 0.076390 84.414795 0.000000 0.000000 0.000000 1.000000
0.679056 0.001882 -0.734084 -0.246068 -0.730405 0.101755 -0.675392 0.009353 0.073425 0.994808 0.070472 84.285400 0.000000 0.000000 0.000000 1.000000
0.691860 0.000122 -0.722031 -0.260087 -0.718845 0.093964 -0.688791 -0.098892 0.067761 0.995576 0.065098 84.184372 0.000000 0.000000 0.000000 1.000000</float_array>
        <technique_common>
          <accessor source="#mixamorig_Hips-Matrix-animation-output-transform-array" count="40" stride="16">
            <param type="float4x4"/>
          </accessor>
        </technique_common>
      </source>
      <source id="mixamorig_Hips-Interpolations">
        <Name_array id="mixamorig_Hips-Interpolations-array" count="40">
 LINEAR LINEAR LINEAR LINEAR LINEAR LINEAR LINEAR LINEAR LINEAR LINEAR LINEAR
LINEAR LINEAR LINEAR LINEAR LINEAR LINEAR LINEAR LINEAR LINEAR LINEAR LINEAR LINEAR
LINEAR LINEAR LINEAR LINEAR LINEAR LINEAR LINEAR LINEAR LINEAR LINEAR LINEAR LINEAR
LINEAR LINEAR LINEAR LINEAR LINEAR</Name_array>
        <technique_common>
          <accessor source="#mixamorig_Hips-Interpolations-array" count="40">
            <param type="name"/>
          </accessor>
        </technique_common>
      </source>
      <sampler id="mixamorig_Hips-Matrix-animation-transform">
        <input semantic="INPUT" source="#mixamorig_Hips-Matrix-animation-input"/>
        <input semantic="OUTPUT" source="#mixamorig_Hips-Matrix-animation-output-transform"/>
        <input semantic="INTERPOLATION" source="#mixamorig_Hips-Interpolations"/>
      </sampler>
      <channel source="#mixamorig_Hips-Matrix-animation-transform" target="mixamorig_Hips/matrix"/>
      <source id="mixamorig_Spine-Matrix-animation-input">
        <float_array id="mixamorig_Spine-Matrix-animation-input-array" count="40">

0.000000 0.033333 0.066667 0.100000 0.133333 0.166667 0.200000 0.233333 0.266667 0.300000 0.333333 0.366667 0.400000 0.433333 0.466667 0.500000
0.533333 0.566667 0.600000 0.633333 0.666667 0.700000 0.733333 0.766667 0.800000 0.833333 0.866667 0.900000 0.933333 0.966667 1.000000 1.033333
1.066667 1.100000 1.133333 1.166667 1.200000 1.233333 1.266667 1.300000</float_array>
        <technique_common>
          <accessor source="#mixamorig_Spine-Matrix-animation-input-array" count="40">
            <param name="TIME" type="float"/>
          </accessor>
        </technique_common>
      </source>
      <source id="mixamorig_Spine-Matrix-animation-output-transform">
        <float_array id="mixamorig_Spine-Matrix-animation-output-transform-array" count="640">

0.991722 0.016407 0.127348 0.000000 -0.011279 0.999100 -0.040881 8.407700 -0.127904 0.039107 0.991015 -1.041900 0.000000 0.000000 0.000000 1.000000
0.993005 0.022078 0.115987 -0.000000 -0.018582 0.999342 -0.031133 8.407700 -0.116599 0.028760 0.992763 -1.041900 0.000000 0.000000 0.000000 1.000000
0.993931 0.022707 0.107639 0.000000 -0.020913 0.999623 -0.017773 8.407700 -0.108002 0.015414 0.994031 -1.041900 0.000000 0.000000 0.000000 1.000000
0.994161 -0.003059 0.107866 0.000000 0.000602 0.999740 0.022802 8.407700 -0.107907 -0.022604 0.993904 -1.041900 0.000000 0.000000 0.000000 1.000000
0.990895 -0.062936 0.119025 0.000000 0.053557 0.995321 0.080422 8.407700 -0.123529 -0.073315 0.989629 -1.041900 0.000000 0.000000 0.000000 1.000000
0.985898 -0.126699 0.109326 0.000000 0.118195 0.989676 0.081063 8.407700 -0.118468 -0.066998 0.990695 -1.041900 0.000000 0.000000 0.000000 1.000000
0.980819 -0.176158 0.083436 0.000000 0.172065 0.983605 0.053999 8.407700 -0.091581 -0.038607 0.995049 -1.041900 0.000000 0.000000 0.000000 1.000000
0.975623 -0.206398 0.074560 0.000000 0.204797 0.978386 0.028605 8.407700 -0.078852 -0.012638 0.996806 -1.041900 0.000000 0.000000 0.000000 1.000000
0.972473 -0.223472 0.066012 0.000000 0.224643 0.974381 -0.010803 8.407700 -0.061907 0.025334 0.997760 -1.041900 0.000000 0.000000 0.000000 1.000000
0.972480 -0.229790 0.038467 0.000000 0.231711 0.971138 -0.056570 8.407700 -0.024358 0.063926 0.997657 -1.041900 0.000000 0.000000 0.000000 1.000000
0.972998 -0.230767 0.004680 0.000000 0.229983 0.967575 -0.104430 8.407700 0.019571 0.102686 0.994521 -1.041900 0.000000 0.000000 0.000000 1.000000
0.973997 -0.225834 -0.018154 0.000000 0.220435 0.963119 -0.154306 8.407700 0.052332 0.146292 0.987856 -1.041900 0.000000 0.000000 0.000000 1.000000
0.976337 -0.214411 -0.028191 0.000000 0.204760 0.958482 -0.198458 8.407700 0.069572 0.187990 0.979704 -1.041900 0.000000 0.000000 0.000000 1.000000
0.979551 -0.198896 -0.030331 0.000000 0.186951 0.955513 -0.228132 8.407700 0.074356 0.217796 0.973158 -1.041900 0.000000 0.000000 0.000000 1.000000
0.984280 -0.175042 -0.023530 -0.000000 0.163940 0.955053 -0.246979 8.407700 0.065704 0.239239 0.968735 -1.041900 0.000000 0.000000 0.000000 1.000000
0.990262 -0.138875 -0.009711 0.000000 0.131321 0.954998 -0.265959 8.407700 0.046209 0.262094 0.963935 -1.041900 0.000000 0.000000 0.000000 1.000000
0.995233 -0.097528 -0.000090 -0.000000 0.093493 0.954322 -0.283775 8.407700 0.027762 0.282414 0.958891 -1.041900 0.000000 0.000000 0.000000 1.000000
0.998310 -0.058106 -0.000251 0.000000 0.055519 0.955113 -0.290992 8.407700 0.017148 0.290487 0.956725 -1.041900 0.000000 0.000000 0.000000 1.000000
0.999795 -0.020124 -0.002282 0.000000 0.018615 0.957487 -0.287875 8.407700 0.007979 0.287774 0.957665 -1.041900 0.000000 0.000000 0.000000 1.000000
0.999885 0.015103 0.001691 0.000000 -0.014028 0.959997 -0.279659 8.407700 -0.005847 0.279603 0.960098 -1.041900 0.000000 0.000000 0.000000 1.000000
0.999011 0.042933 0.011552 0.000000 -0.038295 0.962925 -0.267039 8.407700 -0.022588 0.266332 0.963617 -1.041900 0.000000 0.000000 0.000000 1.000000
0.997714 0.062699 0.025205 0.000000 -0.054357 0.966233 -0.251872 8.407700 -0.040146 0.249926 0.967432 -1.041900 0.000000 0.000000 0.000000 1.000000
0.996278 0.076537 0.039659 -0.000000 -0.064972 0.969079 -0.238044 8.407700 -0.056651 0.234581 0.970444 -1.041900 0.000000 0.000000 0.000000 1.000000
0.995136 0.085229 0.049397 -0.000000 -0.072022 0.971590 -0.225444 8.407700 -0.067208 0.220790 0.973003 -1.041900 0.000000 0.000000 0.000000 1.000000
0.994590 0.089483 0.052753 0.000000 -0.076374 0.974169 -0.212514 8.407700 -0.070407 0.207336 0.975733 -1.041900 0.000000 0.000000 0.000000 1.000000
0.994455 0.091331 0.052128 0.000000 -0.079294 0.976836 -0.198757 8.407700 -0.069073 0.193521 0.978662 -1.041900 0.000000 0.000000 0.000000 1.000000
0.994570 0.091678 0.049244 0.000000 -0.081252 0.979753 -0.182982 8.407700 -0.065022 0.177988 0.981882 -1.041900 0.000000 0.000000 0.000000 1.000000
0.994933 0.090089 0.044631 0.000000 -0.081681 0.983135 -0.163625 8.407700 -0.058619 0.159151 0.985512 -1.041900 0.000000 0.000000 0.000000 1.000000
0.995409 0.086669 0.040619 0.000000 -0.080139 0.986698 -0.141438 8.407700 -0.052337 0.137533 0.989113 -1.041900 0.000000 0.000000 0.000000 1.000000
0.995745 0.082939 0.040151 0.000000 -0.077639 0.989828 -0.119218 8.407700 -0.049630 0.115594 0.992056 -1.041900 0.000000 0.000000 0.000000 1.000000
0.995748 0.080395 0.044964 0.000000 -0.075573 0.992088 -0.100250 8.407700 -0.052668 0.096426 0.993946 -1.041900 0.000000 0.000000 0.000000 1.000000
0.995450 0.078080 0.054616 0.000000 -0.073171 0.993540 -0.086737 8.407700 -0.061036 0.082346 0.994733 -1.041900 0.000000 0.000000 0.000000 1.000000
0.995118 0.073400 0.065972 0.000000 -0.068188 0.994614 -0.078066 8.407700 -0.071347 0.073187 0.994763 -1.041900 0.000000 0.000000 0.000000 1.000000
0.994863 0.066131 0.076647 0.000000 -0.060657 0.995582 -0.071671 8.407700 -0.081048 0.066654 0.994479 -1.041900 0.000000 0.000000 0.000000 1.000000
0.994436 0.058538 0.087581 0.000000 -0.052893 0.996454 -0.065442 8.407700 -0.091102 0.060445 0.994005 -1.041900 0.000000 0.000000 0.000000 1.000000
0.993729 0.051532 0.099232 -0.000000 -0.045852 0.997223 -0.058692 8.407700 -0.101981 0.053774 0.993332 -1.041900 0.000000 0.000000 0.000000 1.000000
0.993013 0.044308 0.109369 -0.000000 -0.038731 0.997864 -0.052604 8.407700 -0.111466 0.048001 0.992608 -1.041900 0.000000 0.000000 0.000000 1.000000
0.992502 0.036028 0.116799 -0.000000 -0.030552 0.998364 -0.048340 8.407700 -0.118350 0.044409 0.991978 -1.041900 0.000000 0.000000 0.000000 1.000000
0.992135 0.026021 0.122436 0.000000 -0.020705 0.998795 -0.044491 8.407700 -0.123447 0.041606 0.991479 -1.041900 0.000000 0.000000 0.000000 1.000000
0.991722 0.016407 0.127348 0.000000 -0.011279 0.999100 -0.040881 8.407700 -0.127904 0.039107 0.991015 -1.041900 0.000000 0.000000 0.000000 1.000000</float_array>
        <technique_common>
          <accessor source="#mixamorig_Spine-Matrix-animation-output-transform-array" count="40" stride="16">
            <param type="float4x4"/>
          </accessor>
        </technique_common>
      </source>
      <source id="mixamorig_Spine-Interpolations">
        <Name_array id="mixamorig_Spine-Interpolations-array" count="40">
 LINEAR LINEAR LINEAR LINEAR LINEAR LINEAR LINEAR LINEAR LINEAR LINEAR LINEAR
LINEAR LINEAR LINEAR LINEAR LINEAR LINEAR LINEAR LINEAR LINEAR LINEAR LINEAR LINEAR
LINEAR LINEAR LINEAR LINEAR LINEAR LINEAR LINEAR LINEAR LINEAR LINEAR LINEAR LINEAR
LINEAR LINEAR LINEAR LINEAR LINEAR</Name_array>
        <technique_common>
          <accessor source="#mixamorig_Spine-Interpolations-array" count="40">
            <param type="name"/>
          </accessor>
        </technique_common>
      </source>
      <sampler id="mixamorig_Spine-Matrix-animation-transform">
        <input semantic="INPUT" source="#mixamorig_Spine-Matrix-animation-input"/>
        <input semantic="OUTPUT" source="#mixamorig_Spine-Matrix-animation-output-transform"/>
        <input semantic="INTERPOLATION" source="#mixamorig_Spine-Interpolations"/>
      </sampler>
      <channel source="#mixamorig_Spine-Matrix-animation-transform" target="mixamorig_Spine/matrix"/>
      <source id="mixamorig_Spine1-Matrix-animation-input">
        <float_array id="mixamorig_Spine1-Matrix-animation-input-array" count="40">

0.000000 0.033333 0.066667 0.100000 0.133333 0.166667 0.200000 0.233333 0.266667 0.300000 0.333333 0.366667 0.400000 0.433333 0.466667 0.500000
0.533333 0.566667 0.600000 0.633333 0.666667 0.700000 0.733333 0.766667 0.800000 0.833333 0.866667 0.900000 0.933333 0.966667 1.000000 1.033333
1.066667 1.100000 1.133333 1.166667 1.200000 1.233333 1.266667 1.300000</float_array>
        <technique_common>
          <accessor source="#mixamorig_Spine1-Matrix-animation-input-array" count="40">
            <param name="TIME" type="float"/>
          </accessor>
        </technique_common>
      </source>
      <source id="mixamorig_Spine1-Matrix-animation-output-transform">
        <float_array id="mixamorig_Spine1-Matrix-animation-output-transform-array" count="640">

0.999723 0.013732 0.019110 0.000000 -0.012995 0.999187 -0.038158 9.883800 -0.019618 0.037899 0.999089 0.000000 0.000000 0.000000 0.000000 1.000000
0.999393 0.025222 0.024037 0.000000 -0.023600 0.997572 -0.065523 9.883800 -0.025631 0.064916 0.997561 -0.000000 0.000000 0.000000 0.000000 1.000000
0.998845 0.036057 0.031750 0.000000 -0.032842 0.994786 -0.096554 9.883800 -0.035066 0.095400 0.994821 -0.000000 0.000000 0.000000 0.000000 1.000000
0.998333 0.036061 0.045074 0.000000 -0.030605 0.992735 -0.116368 9.883800 -0.048943 0.114795 0.992183 -0.000000 0.000000 0.000000 0.000000 1.000000
0.997575 0.021318 0.066254 0.000000 -0.012829 0.991946 -0.126007 9.883800 -0.068406 0.124852 0.989814 0.000000 0.000000 0.000000 0.000000 1.000000
0.996983 0.003906 0.077523 0.000000 0.008578 0.987073 -0.160044 9.883800 -0.077146 0.160226 0.984061 -0.000000 0.000000 0.000000 0.000000 1.000000
0.996904 -0.009657 0.078037 0.000000 0.025029 0.979782 -0.198497 9.883800 -0.074542 0.199835 0.976990 -0.000000 0.000000 0.000000 0.000000 1.000000
0.996576 -0.017399 0.080833 0.000000 0.035065 0.974280 -0.222595 9.883800 -0.074881 0.224667 0.971554 -0.000000 0.000000 0.000000 0.000000 1.000000
0.996741 -0.023652 0.077122 0.000000 0.041627 0.969729 -0.240609 9.883800 -0.069096 0.243035 0.967553 0.000000 0.000000 0.000000 0.000000 1.000000
0.997679 -0.027045 0.062493 0.000000 0.042355 0.965074 -0.258531 9.883800 -0.053319 0.260578 0.963979 0.000000 0.000000 0.000000 0.000000 1.000000
0.998603 -0.028559 0.044446 0.000000 0.039784 0.960059 -0.276954 9.883800 -0.034762 0.278336 0.959855 -0.000000 0.000000 0.000000 0.000000 1.000000
0.999150 -0.026971 0.031176 0.000000 0.035021 0.954312 -0.296754 9.883800 -0.021748 0.297594 0.954445 0.000000 0.000000 0.000000 0.000000 1.000000
0.999473 -0.022108 0.023777 0.000000 0.028463 0.948952 -0.314135 9.883800 -0.015618 0.314646 0.949081 0.000000 0.000000 0.000000 0.000000 1.000000
0.999666 -0.015720 0.020528 -0.000000 0.021542 0.945451 -0.325051 9.883800 -0.014298 0.325385 0.945474 0.000000 0.000000 0.000000 0.000000 1.000000
0.999743 -0.005834 0.021898 -0.000000 0.012780 0.943123 -0.332198 9.883800 -0.018714 0.332393 0.942955 0.000000 0.000000 0.000000 0.000000 1.000000
0.999603 0.009439 0.026536 0.000000 0.000173 0.940097 -0.340906 9.883800 -0.028164 0.340776 0.939723 0.000000 0.000000 0.000000 0.000000 1.000000
0.999217 0.026624 0.029271 0.000000 -0.014718 0.936772 -0.349631 9.883800 -0.036729 0.348927 0.936430 0.000000 0.000000 0.000000 0.000000 1.000000
0.998703 0.042655 0.027797 0.000000 -0.030078 0.934817 -0.353854 9.883800 -0.041078 0.352559 0.934888 0.000000 0.000000 0.000000 0.000000 1.000000
0.997972 0.058238 0.025712 0.000000 -0.045380 0.934038 -0.354280 9.883800 -0.044648 0.352395 0.934786 0.000000 0.000000 0.000000 0.000000 1.000000
0.996976 0.073031 0.026549 0.000000 -0.059001 0.933764 -0.352992 9.883800 -0.050570 0.350358 0.935250 -0.000000 0.000000 0.000000 0.000000 1.000000
0.995912 0.085086 0.030320 0.000000 -0.069189 0.934384 -0.349484 9.883800 -0.058067 0.345958 0.936451 0.000000 0.000000 0.000000 0.000000 1.000000
0.994903 0.094161 0.036073 -0.000000 -0.076075 0.935744 -0.344378 9.883800 -0.066182 0.339879 0.938138 0.000000 0.000000 0.000000 0.000000 1.000000
0.994002 0.100822 0.042375 0.000000 -0.080581 0.937146 -0.339507 9.883800 -0.073941 0.334056 0.939649 0.000000 0.000000 0.000000 0.000000 1.000000
0.993406 0.104777 0.046539 0.000000 -0.083338 0.938707 -0.334490 9.883800 -0.078734 0.328406 0.941249 0.000000 0.000000 0.000000 0.000000 1.000000
0.993286 0.105663 0.047106 0.000000 -0.084649 0.941357 -0.326622 9.883800 -0.078855 0.320441 0.943981 0.000000 0.000000 0.000000 0.000000 1.000000
0.993494 0.104580 0.045088 0.000000 -0.085156 0.945049 -0.315645 9.883800 -0.075621 0.309752 0.947806 0.000000 0.000000 0.000000 0.000000 1.000000
0.993919 0.102055 0.041342 0.000000 -0.084998 0.949785 -0.301138 9.883800 -0.069999 0.295792 0.952684 0.000000 0.000000 0.000000 0.000000 1.000000
0.994540 0.097870 0.036221 0.000000 -0.083753 0.955617 -0.282456 9.883800 -0.062257 0.277880 0.958596 0.000000 0.000000 0.000000 0.000000 1.000000
0.995256 0.092260 0.030886 0.000000 -0.081117 0.962149 -0.260171 9.883800 -0.053721 0.256431 0.965068 0.000000 0.000000 0.000000 0.000000 1.000000
0.995906 0.086355 0.026722 0.000000 -0.077660 0.968647 -0.235992 9.883800 -0.046263 0.232950 0.971388 0.000000 0.000000 0.000000 0.000000 1.000000
0.996404 0.081088 0.024580 0.000000 -0.074075 0.974474 -0.211926 9.883800 -0.041137 0.209343 0.976977 -0.000000 0.000000 0.000000 0.000000 1.000000
0.996824 0.075807 0.024397 0.000000 -0.069848 0.979416 -0.189381 9.883800 -0.038251 0.187075 0.981601 -0.000000 0.000000 0.000000 0.000000 1.000000
0.997297 0.069145 0.024850 0.000000 -0.064003 0.983643 -0.168374 9.883800 -0.036085 0.166329 0.985410 0.000000 0.000000 0.000000 0.000000 1.000000
0.997815 0.061219 0.024848 -0.000000 -0.056890 0.987344 -0.148040 9.883800 -0.033596 0.146303 0.988669 -0.000000 0.000000 0.000000 0.000000 1.000000
0.998270 0.053291 0.024857 0.000000 -0.049700 0.990566 -0.127707 9.883800 -0.031428 0.126251 0.991500 0.000000 0.000000 0.000000 0.000000 1.000000
0.998634 0.045775 0.025207 -0.000000 -0.042821 0.993303 -0.107312 9.883800 -0.029950 0.106086 0.993906 -0.000000 0.000000 0.000000 0.000000 1.000000
0.998957 0.038272 0.024914 -0.000000 -0.035952 0.995498 -0.087695 9.883800 -0.028158 0.086708 0.995836 0.000000 0.000000 0.000000 0.000000 1.000000
0.999265 0.030391 0.023384 0.000000 -0.028694 0.997151 -0.069762 9.883800 -0.025437 0.069040 0.997290 0.000000 0.000000 0.000000 0.000000 1.000000
0.999536 0.021856 0.021197 0.000000 -0.020702 0.998368 -0.053218 9.883800 -0.022326 0.052754 0.998358 -0.000000 0.000000 0.000000 0.000000 1.000000
0.999723 0.013732 0.019110 0.000000 -0.012995 0.999187 -0.038158 9.883800 -0.019618 0.037899 0.999089 0.000000 0.000000 0.000000 0.000000 1.000000</float_array>
        <technique_common>
          <accessor source="#mixamorig_Spine1-Matrix-animation-output-transform-array" count="40" stride="16">
            <param type="float4x4"/>
          </accessor>
        </technique_common>
      </source>
      <source id="mixamorig_Spine1-Interpolations">
        <Name_array id="mixamorig_Spine1-Interpolations-array" count="40">
 LINEAR LINEAR LINEAR LINEAR LINEAR LINEAR LINEAR LINEAR LINEAR LINEAR LINEAR
LINEAR LINEAR LINEAR LINEAR LINEAR LINEAR LINEAR LINEAR LINEAR LINEAR LINEAR LINEAR
LINEAR LINEAR LINEAR LINEAR LINEAR LINEAR LINEAR LINEAR LINEAR LINEAR LINEAR LINEAR
LINEAR LINEAR LINEAR LINEAR LINEAR</Name_array>
        <technique_common>
          <accessor source="#mixamorig_Spine1-Interpolations-array" count="40">
            <param type="name"/>
          </accessor>
        </technique_common>
      </source>
      <sampler id="mixamorig_Spine1-Matrix-animation-transform">
        <input semantic="INPUT" source="#mixamorig_Spine1-Matrix-animation-input"/>
        <input semantic="OUTPUT" source="#mixamorig_Spine1-Matrix-animation-output-transform"/>
        <input semantic="INTERPOLATION" source="#mixamorig_Spine1-Interpolations"/>
      </sampler>
      <channel source="#mixamorig_Spine1-Matrix-animation-transform" target="mixamorig_Spine1/matrix"/>
      <source id="mixamorig_Spine2-Matrix-animation-input">
        <float_array id="mixamorig_Spine2-Matrix-animation-input-array" count="40">

0.000000 0.033333 0.066667 0.100000 0.133333 0.166667 0.200000 0.233333 0.266667 0.300000 0.333333 0.366667 0.400000 0.433333 0.466667 0.500000
0.533333 0.566667 0.600000 0.633333 0.666667 0.700000 0.733333 0.766667 0.800000 0.833333 0.866667 0.900000 0.933333 0.966667 1.000000 1.033333
1.066667 1.100000 1.133333 1.166667 1.200000 1.233333 1.266667 1.300000</float_array>
        <technique_common>
          <accessor source="#mixamorig_Spine2-Matrix-animation-input-array" count="40">
            <param name="TIME" type="float"/>
          </accessor>
        </technique_common>
      </source>
      <source id="mixamorig_Spine2-Matrix-animation-output-transform">
        <float_array id="mixamorig_Spine2-Matrix-animation-output-transform-array" count="640">

0.999731 0.013375 0.018940 0.000000 -0.012640 0.999182 -0.038423 11.295900 -0.019439 0.038173 0.999082 0.000000 0.000000 0.000000 0.000000 1.000000
0.999404 0.024912 0.023904 0.000000 -0.023294 0.997567 -0.065714 11.295900 -0.025482 0.065118 0.997552 0.000000 0.000000 0.000000 0.000000 1.000000
0.998859 0.035776 0.031621 -0.000000 -0.032569 0.994782 -0.096689 11.295900 -0.034915 0.095548 0.994812 0.000000 0.000000 0.000000 0.000000 1.000000
0.998347 0.035813 0.044947 -0.000000 -0.030368 0.992731 -0.116457 11.295900 -0.048791 0.114899 0.992178 -0.000000 0.000000 0.000000 0.000000 1.000000
0.997588 0.021102 0.066131 -0.000000 -0.012625 0.991941 -0.126066 11.295900 -0.068258 0.124927 0.989815 -0.000000 0.000000 0.000000 0.000000 1.000000
0.997019 0.003564 0.077073 0.000000 0.008852 0.987051 -0.160164 11.295900 -0.076646 0.160369 0.984077 -0.000000 0.000000 0.000000 0.000000 1.000000
0.996973 -0.010166 0.077084 0.000000 0.025357 0.979723 -0.198747 11.295900 -0.073501 0.200100 0.977015 0.000000 0.000000 0.000000 0.000000 1.000000
0.996670 -0.017978 0.079537 0.000000 0.035366 0.974184 -0.222966 11.295900 -0.073475 0.225037 0.971576 -0.000000 0.000000 0.000000 0.000000 1.000000
0.996848 -0.024233 0.075544 0.000000 0.041839 0.969610 -0.241052 11.295900 -0.067406 0.243453 0.967568 -0.000000 0.000000 0.000000 0.000000 1.000000
0.997777 -0.027549 0.060688 -0.000000 0.042392 0.964967 -0.258923 11.295900 -0.051429 0.260920 0.963990 0.000000 0.000000 0.000000 0.000000 1.000000
0.998678 -0.028987 0.042454 0.000000 0.039648 0.959996 -0.277193 11.295900 -0.032721 0.278510 0.959876 0.000000 0.000000 0.000000 0.000000 1.000000
0.999203 -0.027383 0.029040 0.000000 0.034780 0.954291 -0.296848 11.295900 -0.019584 0.297622 0.954483 -0.000000 0.000000 0.000000 0.000000 1.000000
0.999512 -0.022527 0.021620 0.000000 0.028182 0.948956 -0.314147 11.295900 -0.013440 0.314603 0.949128 0.000000 0.000000 0.000000 0.000000 1.000000
0.999699 -0.016115 0.018517 0.000000 0.021262 0.945464 -0.325033 11.295900 -0.012269 0.325329 0.945521 0.000000 0.000000 0.000000 0.000000 1.000000
0.999779 -0.006175 0.020113 0.000000 0.012508 0.943124 -0.332206 11.295900 -0.016918 0.332384 0.942992 0.000000 0.000000 0.000000 0.000000 1.000000
0.999646 0.009162 0.024960 -0.000000 -0.000102 0.940073 -0.340973 11.295900 -0.026588 0.340850 0.939742 0.000000 0.000000 0.000000 0.000000 1.000000
0.999261 0.026421 0.027913 0.000000 -0.014998 0.936730 -0.349731 11.295900 -0.035387 0.349054 0.936434 0.000000 0.000000 0.000000 0.000000 1.000000
0.998738 0.042534 0.026692 0.000000 -0.030350 0.934776 -0.353939 11.295900 -0.040005 0.352682 0.934888 0.000000 0.000000 0.000000 0.000000 1.000000
0.997996 0.058188 0.024858 0.000000 -0.045632 0.934003 -0.354340 11.295900 -0.043836 0.352495 0.934786 0.000000 0.000000 0.000000 0.000000 1.000000
0.996993 0.073035 0.025920 -0.000000 -0.059222 0.933732 -0.353040 11.295900 -0.049987 0.350443 0.935249 -0.000000 0.000000 0.000000 0.000000 1.000000
0.995922 0.085123 0.029885 0.000000 -0.069372 0.934355 -0.349527 11.295900 -0.057676 0.346028 0.936450 0.000000 0.000000 0.000000 0.000000 1.000000
0.994909 0.094206 0.035788 0.000000 -0.076213 0.935718 -0.344416 11.295900 -0.065934 0.339935 0.938135 0.000000 0.000000 0.000000 0.000000 1.000000
0.994005 0.100858 0.042206 0.000000 -0.080670 0.937126 -0.339538 11.295900 -0.073798 0.334098 0.939645 0.000000 0.000000 0.000000 0.000000 1.000000
0.993407 0.104801 0.046469 0.000000 -0.083382 0.938696 -0.334509 11.295900 -0.078677 0.328429 0.941246 0.000000 0.000000 0.000000 0.000000 1.000000
0.993285 0.105670 0.047110 0.000000 -0.084655 0.941355 -0.326625 11.295900 -0.078861 0.320443 0.943979 0.000000 0.000000 0.000000 0.000000 1.000000
0.993493 0.104566 0.045137 0.000000 -0.085128 0.945054 -0.315636 11.295900 -0.075662 0.309739 0.947806 0.000000 0.000000 0.000000 0.000000 1.000000
0.993919 0.102024 0.041418 0.000000 -0.084947 0.949795 -0.301120 11.295900 -0.070060 0.295771 0.952686 -0.000000 0.000000 0.000000 0.000000 1.000000
0.994540 0.097832 0.036319 0.000000 -0.083691 0.955630 -0.282431 11.295900 -0.062338 0.277849 0.958600 0.000000 0.000000 0.000000 0.000000 1.000000
0.995255 0.092223 0.031008 0.000000 -0.081052 0.962163 -0.260139 11.295900 -0.053826 0.256392 0.965073 0.000000 0.000000 0.000000 0.000000 1.000000
0.995905 0.086328 0.026857 0.000000 -0.077603 0.968659 -0.235960 11.295900 -0.046385 0.232909 0.971392 -0.000000 0.000000 0.000000 0.000000 1.000000
0.996403 0.081055 0.024713 0.000000 -0.074016 0.974484 -0.211903 11.295900 -0.041258 0.209312 0.976978 0.000000 0.000000 0.000000 0.000000 1.000000
0.996827 0.075728 0.024528 0.000000 -0.069746 0.979425 -0.189373 11.295900 -0.038365 0.187061 0.981599 0.000000 0.000000 0.000000 0.000000 1.000000
0.997303 0.069014 0.024972 -0.000000 -0.063853 0.983651 -0.168384 11.295900 -0.036185 0.166335 0.985405 0.000000 0.000000 0.000000 0.000000 1.000000
0.997823 0.061050 0.024947 -0.000000 -0.056707 0.987349 -0.148074 11.295900 -0.033671 0.146337 0.988662 0.000000 0.000000 0.000000 0.000000 1.000000
0.998279 0.053081 0.024927 -0.000000 -0.049480 0.990568 -0.127775 11.295900 -0.031474 0.126321 0.991490 0.000000 0.000000 0.000000 0.000000 1.000000
0.998645 0.045521 0.025226 -0.000000 -0.042564 0.993302 -0.107419 11.295900 -0.029947 0.106200 0.993894 0.000000 0.000000 0.000000 0.000000 1.000000
0.998969 0.037982 0.024876 0.000000 -0.035662 0.995496 -0.087845 11.295900 -0.028100 0.086868 0.995823 0.000000 0.000000 0.000000 0.000000 1.000000
0.999275 0.030057 0.023372 0.000000 -0.028357 0.997147 -0.069961 11.295900 -0.025408 0.069247 0.997276 0.000000 0.000000 0.000000 0.000000 1.000000
0.999545 0.021492 0.021186 -0.000000 -0.020333 0.998363 -0.053459 11.295900 -0.022300 0.053004 0.998345 0.000000 0.000000 0.000000 0.000000 1.000000
0.999731 0.013375 0.018940 0.000000 -0.012640 0.999182 -0.038423 11.295900 -0.019439 0.038173 0.999082 0.000000 0.000000 0.000000 0.000000 1.000000</float_array>
        <technique_common>
          <accessor source="#mixamorig_Spine2-Matrix-animation-output-transform-array" count="40" stride="16">
            <param type="float4x4"/>
          </accessor>
