<?xml version="1.0" encoding="utf-8"?>
<COLLADA xmlns="http://www.collada.org/2005/11/COLLADASchema" version="1.4.1">
  <asset>
    <contributor>
      <author>Mixamo</author>
      <authoring_tool>COLLADA Mixamo exporter</authoring_tool>
      <comments/>
    </contributor>
    <created>2024-05-10T11:32:20Z</created>
    <modified>2024-05-10T11:32:20Z</modified>
    <revision/>
    <title/>
    <unit meter="0.010000"/>
    <up_axis>Y_UP</up_axis>
  </asset>
  <library_animations>
    <animation>
      <source id="Armature-Matrix-animation-input">
        <float_array id="Armature-Matrix-animation-input-array" count="26">

0.000000 0.033333 0.066667 0.100000 0.133333 0.166667 0.200000 0.233333 0.266667 0.300000 0.333333 0.366667 0.400000 0.433333 0.466667 0.500000
0.533333 0.566667 0.600000 0.633333 0.666667 0.700000 0.733333 0.766667 0.800000 0.833333</float_array>
        <technique_common>
          <accessor source="#Armature-Matrix-animation-input-array" count="26">
            <param name="TIME" type="float"/>
          </accessor>
        </technique_common>
      </source>
      <source id="Armature-Matrix-animation-output-transform">
        <float_array id="Armature-Matrix-animation-output-transform-array" count="416">

1.000000 0.000000 0.000000 0.000000 0.000000 0.000000 1.000000 0.000000 0.000000 -1.000000 0.000000 0.000000 0.000000 0.000000 0.000000 1.000000
1.000000 0.000000 0.000000 0.000000 0.000000 0.000000 1.000000 0.000000 0.000000 -1.000000 0.000000 0.000000 0.000000 0.000000 0.000000 1.000000
1.000000 0.000000 0.000000 0.000000 0.000000 0.000000 1.000000 0.000000 0.000000 -1.000000 0.000000 0.000000 0.000000 0.000000 0.000000 1.000000
1.000000 0.000000 0.000000 0.000000 0.000000 0.000000 1.000000 0.000000 0.000000 -1.000000 0.000000 0.000000 0.000000 0.000000 0.000000 1.000000
1.000000 0.000000 0.000000 0.000000 0.000000 0.000000 1.000000 0.000000 0.000000 -1.000000 0.000000 0.000000 0.000000 0.000000 0.000000 1.000000
1.000000 0.000000 0.000000 0.000000 0.000000 0.000000 1.000000 0.000000 0.000000 -1.000000 0.000000 0.000000 0.000000 0.000000 0.000000 1.000000
1.000000 0.000000 0.000000 0.000000 0.000000 0.000000 1.000000 0.000000 0.000000 -1.000000 0.000000 0.000000 0.000000 0.000000 0.000000 1.000000
1.000000 0.000000 0.000000 0.000000 0.000000 0.000000 1.000000 0.000000 0.000000 -1.000000 0.000000 0.000000 0.000000 0.000000 0.000000 1.000000
1.000000 0.000000 0.000000 0.000000 0.000000 0.000000 1.000000 0.000000 0.000000 -1.000000 0.000000 0.000000 0.000000 0.000000 0.000000 1.000000
1.000000 0.000000 0.000000 0.000000 0.000000 0.000000 1.000000 0.000000 0.000000 -1.000000 0.000000 0.000000 0.000000 0.000000 0.000000 1.000000
1.000000 0.000000 0.000000 0.000000 0.000000 0.000000 1.000000 0.000000 0.000000 -1.000000 0.000000 0.000000 0.000000 0.000000 0.000000 1.000000
1.000000 0.000000 0.000000 0.000000 0.000000 0.000000 1.000000 0.000000 0.000000 -1.000000 0.000000 0.000000 0.000000 0.000000 0.000000 1.000000
1.000000 0.000000 0.000000 0.000000 0.000000 0.000000 1.000000 0.000000 0.000000 -1.000000 0.000000 0.000000 0.000000 0.000000 0.000000 1.000000
1.000000 0.000000 0.000000 0.000000 0.000000 0.000000 1.000000 0.000000 0.000000 -1.000000 0.000000 0.000000 0.000000 0.000000 0.000000 1.000000
1.000000 0.000000 0.000000 0.000000 0.000000 0.000000 1.000000 0.000000 0.000000 -1.000000 0.000000 0.000000 0.000000 0.000000 0.000000 1.000000
1.000000 0.000000 0.000000 0.000000 0.000000 0.000000 1.000000 0.000000 0.000000 -1.000000 0.000000 0.000000 0.000000 0.000000 0.000000 1.000000
1.000000 0.000000 0.000000 0.000000 0.000000 0.000000 1.000000 0.000000 0.000000 -1.000000 0.000000 0.000000 0.000000 0.000000 0.000000 1.000000
1.000000 0.000000 0.000000 0.000000 0.000000 0.000000 1.000000 0.000000 0.000000 -1.000000 0.000000 0.000000 0.000000 0.000000 0.000000 1.000000
1.000000 0.000000 0.000000 0.000000 0.000000 0.000000 1.000000 0.000000 0.000000 -1.000000 0.000000 0.000000 0.000000 0.000000 0.000000 1.000000
1.000000 0.000000 0.000000 0.000000 0.000000 0.000000 1.000000 0.000000 0.000000 -1.000000 0.000000 0.000000 0.000000 0.000000 0.000000 1.000000
1.000000 0.000000 0.000000 0.000000 0.000000 0.000000 1.000000 0.000000 0.000000 -1.000000 0.000000 0.000000 0.000000 0.000000 0.000000 1.000000
1.000000 0.000000 0.000000 0.000000 0.000000 0.000000 1.000000 0.000000 0.000000 -1.000000 0.000000 0.000000 0.000000 0.000000 0.000000 1.000000
1.000000 0.000000 0.000000 0.000000 0.000000 0.000000 1.000000 0.000000 0.000000 -1.000000 0.000000 0.000000 0.000000 0.000000 0.000000 1.000000
1.000000 0.000000 0.000000 0.000000 0.000000 0.000000 1.000000 0.000000 0.000000 -1.000000 0.000000 0.000000 0.000000 0.000000 0.000000 1.000000
1.000000 0.000000 0.000000 0.000000 0.000000 0.000000 1.000000 0.000000 0.000000 -1.000000 0.000000 0.000000 0.000000 0.000000 0.000000 1.000000
1.000000 0.000000 0.000000 0.000000 0.000000 0.000000 1.000000 0.000000 0.000000 -1.000000 0.000000 0.000000 0.000000 0.000000 0.000000 1.000000</float_array>
        <technique_common>
          <accessor source="#Armature-Matrix-animation-output-transform-array" count="26" stride="16">
            <param type="float4x4"/>
          </accessor>
        </technique_common>
      </source>
      <source id="Armature-Interpolations">
        <Name_array id="Armature-Interpolations-array" count="26">
 LINEAR LINEAR LINEAR LINEAR LINEAR LINEAR LINEAR LINEAR LINEAR LINEAR LINEAR
LINEAR LINEAR LINEAR LINEAR LINEAR LINEAR LINEAR LINEAR LINEAR LINEAR LINEAR LINEAR
LINEAR LINEAR LINEAR</Name_array>
        <technique_common>
          <accessor source="#Armature-Interpolations-array" count="26">
            <param type="name"/>
          </accessor>
        </technique_common>
      </source>
      <sampler id="Armature-Matrix-animation-transform">
        <input semantic="INPUT" source="#Armature-Matrix-animation-input"/>
        <input semantic="OUTPUT" source="#Armature-Matrix-animation-output-transform"/>
        <input semantic="INTERPOLATION" source="#Armature-Interpolations"/>
      </sampler>
      <channel source="#Armature-Matrix-animation-transform" target="Armature/matrix"/>
      <source id="mixamorig_Hips-Matrix-animation-input">
        <float_array id="mixamorig_Hips-Matrix-animation-input-array" count="26">

0.000000 0.033333 0.066667 0.100000 0.133333 0.166667 0.200000 0.233333 0.266667 0.300000 0.333333 0.366667 0.400000 0.433333 0.466667 0.500000
0.533333 0.566667 0.600000 0.633333 0.666667 0.700000 0.733333 0.766667 0.800000 0.833333</float_array>
        <technique_common>
          <accessor source="#mixamorig_Hips-Matrix-animation-input-array" count="26">
            <param name="TIME" type="float"/>
          </accessor>
        </technique_common>
      </source>
      <source id="mixamorig_Hips-Matrix-animation-output-transform">
        <float_array id="mixamorig_Hips-Matrix-animation-output-transform-array" count="416">

0.691900 -0.000428 0.721993 0.256546 0.718849 0.093639 -0.688831 -0.104143 -0.067312 0.995606 0.065096 84.181152 0.000000 0.000000 0.000000 1.000000
0.674217 -0.002290 0.738529 0.080114 0.735016 0.099553 -0.670701 -0.135320 -0.071987 0.995030 0.068803 84.803406 0.000000 0.000000 0.000000 1.000000
0.635469 -0.000489 0.772126 -0.237147 0.767829 0.105757 -0.631866 -0.237234 -0.081349 0.994392 0.067580 85.522705 0.000000 0.000000 0.000000 1.000000
0.570923 0.002105 0.821001 -0.970996 0.815693 0.112101 -0.567519 -0.219133 -0.093229 0.993695 0.062284 86.396881 0.000000 0.000000 0.000000 1.000000
0.525812 -0.003299 0.850594 -1.216729 0.845117 0.115395 -0.521978 0.049074 -0.096433 0.993314 0.063464 87.200981 0.000000 0.000000 0.000000 1.000000
0.502858 -0.014631 0.864245 -1.302777 0.859632 0.112999 -0.498261 0.440021 -0.090369 0.993487 0.069399 87.854980 0.000000 0.000000 0.000000 1.000000
0.484857 -0.024748 0.874243 -1.280897 0.870895 0.105497 -0.480013 0.901962 -0.080350 0.994112 0.072704 88.297958 0.000000 0.000000 0.000000 1.000000
0.471329 -0.030090 0.881444 -1.226118 0.879061 0.096959 -0.466745 1.334933 -0.071419 0.994833 0.072151 88.474693 0.000000 0.000000 0.000000 1.000000
0.463640 -0.032544 0.885426 -1.165823 0.883464 0.092883 -0.459199 1.669449 -0.067297 0.995145 0.071816 88.379677 0.000000 0.000000 0.000000 1.000000
0.463784 -0.035201 0.885249 -1.073861 0.883297 0.095621 -0.458959 1.887876 -0.068493 0.994795 0.075440 88.258614 0.000000 0.000000 0.000000 1.000000
0.474226 -0.037071 0.879623 -0.921896 0.877488 0.101137 -0.468813 2.000064 -0.071583 0.994182 0.080491 88.217339 0.000000 0.000000 0.000000 1.000000
0.493187 -0.037179 0.869129 -0.720410 0.866738 0.106418 -0.487278 2.010925 -0.074374 0.993626 0.084708 88.250992 0.000000 0.000000 0.000000 1.000000
0.515687 -0.036040 0.856019 -0.520136 0.853287 0.111691 -0.509339 1.916780 -0.077253 0.993089 0.088350 88.325905 0.000000 0.000000 0.000000 1.000000
0.537268 -0.033861 0.842731 -0.367904 0.839561 0.116835 -0.530553 1.735213 -0.080495 0.992574 0.091200 88.402710 0.000000 0.000000 0.000000 1.000000
0.556032 -0.031119 0.830578 -0.271436 0.826964 0.121007 -0.549079 1.507856 -0.083419 0.992164 0.093018 88.460442 0.000000 0.000000 0.000000 1.000000
0.571265 -0.028581 0.820268 -0.229499 0.816239 0.124595 -0.564118 1.267382 -0.086079 0.991796 0.094506 88.495934 0.000000 0.000000 0.000000 1.000000
0.582751 -0.026245 0.812227 -0.236868 0.807795 0.127810 -0.575441 1.017934 -0.088708 0.991451 0.095681 88.468254 0.000000 0.000000 0.000000 1.000000
0.592213 -0.023662 0.805434 -0.266532 0.800717 0.129171 -0.584950 0.751380 -0.090198 0.991340 0.095443 88.281158 0.000000 0.000000 0.000000 1.000000
0.601271 -0.020636 0.798778 -0.289240 0.793932 0.128333 -0.594308 0.477347 -0.090245 0.991516 0.093546 87.963966 0.000000 0.000000 0.000000 1.000000
0.611269 -0.016662 0.791248 -0.289520 0.786380 0.125475 -0.604866 0.230922 -0.089204 0.991957 0.089802 87.536697 0.000000 0.000000 0.000000 1.000000
0.623132 -0.012248 0.782021 -0.262145 0.777256 0.121001 -0.617440 0.048019 -0.087063 0.992577 0.084919 87.014740 0.000000 0.000000 0.000000 1.000000
0.637597 -0.008826 0.770319 -0.205202 0.765857 0.115338 -0.632582 -0.066831 -0.083264 0.993287 0.080298 86.431427 0.000000 0.000000 0.000000 1.000000
0.653904 -0.006585 0.756549 -0.119108 0.752506 0.109262 -0.649459 -0.129515 -0.078385 0.993991 0.076402 85.827194 0.000000 0.000000 0.000000 1.000000
0.669537 -0.004385 0.742766 -0.006111 0.739077 0.103646 -0.665600 -0.148068 -0.074066 0.994605 0.072636 85.233124 0.000000 0.000000 0.000000 1.000000
0.682284 -0.002050 0.731084 0.126039 0.727667 0.098524 -0.678818 -0.131923 -0.070638 0.995133 0.068713 84.675468 0.000000 0.000000 0.000000 1.000000
0.691900 -0.000427 0.721993 0.256546 0.718849 0.093639 -0.688831 -0.104141 -0.067312 0.995606 0.065096 84.181145 0.000000 0.000000 0.000000 1.000000</float_array>
        <technique_common>
          <accessor source="#mixamorig_Hips-Matrix-animation-output-transform-array" count="26" stride="16">
            <param type="float4x4"/>
          </accessor>
        </technique_common>
      </source>
      <source id="mixamorig_Hips-Interpolations">
        <Name_array id="mixamorig_Hips-Interpolations-array" count="26">
 LINEAR LINEAR LINEAR LINEAR LINEAR LINEAR LINEAR LINEAR LINEAR LINEAR LINEAR
LINEAR LINEAR LINEAR LINEAR LINEAR LINEAR LINEAR LINEAR LINEAR LINEAR LINEAR LINEAR
LINEAR LINEAR LINEAR</Name_array>
        <technique_common>
          <accessor source="#mixamorig_Hips-Interpolations-array" count="26">
            <param type="name"/>
          </accessor>
        </technique_common>
      </source>
      <sampler id="mixamorig_Hips-Matrix-animation-transform">
        <input semantic="INPUT" source="#mixamorig_Hips-Matrix-animation-input"/>
        <input semantic="OUTPUT" source="#mixamorig_Hips-Matrix-animation-output-transform"/>
        <input semantic="INTERPOLATION" source="#mixamorig_Hips-Interpolations"/>
      </sampler>
      <channel source="#mixamorig_Hips-Matrix-animation-transform" target="mixamorig_Hips/matrix"/>
      <source id="mixamorig_Spine-Matrix-animation-input">
        <float_array id="mixamorig_Spine-Matrix-animation-input-array" count="26">

0.000000 0.033333 0.066667 0.100000 0.133333 0.166667 0.200000 0.233333 0.266667 0.300000 0.333333 0.366667 0.400000 0.433333 0.466667 0.500000
0.533333 0.566667 0.600000 0.633333 0.666667 0.700000 0.733333 0.766667 0.800000 0.833333</float_array>
        <technique_common>
          <accessor source="#mixamorig_Spine-Matrix-animation-input-array" count="26">
            <param name="TIME" type="float"/>
          </accessor>
        </technique_common>
      </source>
      <source id="mixamorig_Spine-Matrix-animation-output-transform">
        <float_array id="mixamorig_Spine-Matrix-animation-output-transform-array" count="416">

0.991734 -0.015957 -0.127312 0.000000 0.010836 0.999108 -0.040819 8.407700 0.127849 0.039102 0.991022 -1.041900 0.000000 0.000000 0.000000 1.000000
0.990295 -0.004266 -0.138919 0.000000 0.000475 0.999627 -0.027314 8.407700 0.138984 0.026983 0.989927 -1.041900 0.000000 0.000000 0.000000 1.000000
0.987430 0.019403 -0.156862 0.000000 -0.021779 0.999672 -0.013441 8.407700 0.156550 0.016688 0.987529 -1.041900 0.000000 0.000000 0.000000 1.000000
0.989511 0.038173 -0.139324 0.000000 -0.041547 0.998908 -0.021385 8.407700 0.138356 0.026950 0.990016 -1.041900 0.000000 0.000000 0.000000 1.000000
0.995870 0.027389 -0.086559 0.000000 -0.031452 0.998450 -0.045926 8.407700 0.085167 0.048459 0.995188 -1.041900 0.000000 0.000000 0.000000 1.000000
0.999298 0.006393 -0.036905 0.000000 -0.008971 0.997500 -0.070100 8.407700 0.036364 0.070381 0.996857 -1.041900 0.000000 0.000000 0.000000 1.000000
0.999959 -0.008917 0.001448 0.000000 0.009009 0.996188 -0.086762 8.407700 -0.000668 0.086771 0.996228 -1.041900 0.000000 0.000000 0.000000 1.000000
0.999501 -0.019458 0.024892 0.000000 0.021682 0.995480 -0.092466 8.407700 -0.022980 0.092960 0.995405 -1.041900 0.000000 0.000000 0.000000 1.000000
0.999081 -0.028266 0.032209 -0.000000 0.031215 0.994979 -0.095092 8.407700 -0.029360 0.096010 0.994947 -1.041900 0.000000 0.000000 0.000000 1.000000
0.998703 -0.037370 0.034572 0.000000 0.040604 0.994345 -0.098132 8.407700 -0.030709 0.099409 0.994573 -1.041900 0.000000 0.000000 0.000000 1.000000
0.998233 -0.045253 0.038507 0.000000 0.048785 0.994151 -0.096353 8.407700 -0.033921 0.098062 0.994602 -1.041900 0.000000 0.000000 0.000000 1.000000
0.997805 -0.051435 0.041705 0.000000 0.054922 0.994668 -0.087293 8.407700 -0.036993 0.089392 0.995309 -1.041900 0.000000 0.000000 0.000000 1.000000
0.997467 -0.058396 0.040615 0.000000 0.061330 0.995280 -0.075204 8.407700 -0.036031 0.077504 0.996341 -1.041900 0.000000 0.000000 0.000000 1.000000
0.997147 -0.066658 0.035415 0.000000 0.068830 0.995565 -0.064125 8.407700 -0.030984 0.066380 0.997313 -1.041900 0.000000 0.000000 0.000000 1.000000
0.996881 -0.073374 0.029045 -0.000000 0.074871 0.995711 -0.054347 8.407700 -0.024933 0.056352 0.998100 -1.041900 0.000000 0.000000 0.000000 1.000000
0.996777 -0.076869 0.022953 -0.000000 0.077839 0.995957 -0.044850 8.407700 -0.019413 0.046492 0.998730 -1.041900 0.000000 0.000000 0.000000 1.000000
0.996896 -0.077543 0.013651 0.000000 0.077994 0.996289 -0.036413 8.407700 -0.010777 0.037365 0.999244 -1.041900 0.000000 0.000000 0.000000 1.000000
0.997149 -0.075387 -0.003138 -0.000000 0.075254 0.996677 -0.031180 8.407700 0.005478 0.030855 0.999509 -1.041900 0.000000 0.000000 0.000000 1.000000
0.997188 -0.070726 -0.024783 -0.000000 0.070018 0.997143 -0.028353 8.407700 0.026717 0.026538 0.999291 -1.041900 0.000000 0.000000 0.000000 1.000000
0.996841 -0.063787 -0.047322 0.000000 0.062590 0.997691 -0.026362 8.407700 0.048894 0.023317 0.998532 -1.041900 0.000000 0.000000 0.000000 1.000000
0.996178 -0.054574 -0.068202 0.000000 0.052940 0.998271 -0.025544 8.407700 0.069479 0.021835 0.997344 -1.041900 0.000000 0.000000 0.000000 1.000000
0.995375 -0.043893 -0.085446 -0.000000 0.041714 0.998761 -0.027127 8.407700 0.086531 0.023437 0.995973 -1.041900 0.000000 0.000000 0.000000 1.000000
0.994557 -0.033745 -0.098579 0.000000 0.030835 0.999047 -0.030893 8.407700 0.099527 0.027685 0.994650 -1.041900 0.000000 0.000000 0.000000 1.000000
0.993662 -0.025841 -0.109397 0.000000 0.022117 0.999138 -0.035118 8.407700 0.110210 0.032475 0.993378 -1.041900 0.000000 0.000000 0.000000 1.000000
0.992661 -0.020332 -0.119206 0.000000 0.015850 0.999136 -0.038422 8.407700 0.119884 0.036251 0.992126 -1.041900 0.000000 0.000000 0.000000 1.000000
0.991734 -0.015958 -0.127311 0.000000 0.010836 0.999108 -0.040819 8.407700 0.127849 0.039102 0.991023 -1.041900 0.000000 0.000000 0.000000 1.000000</float_array>
        <technique_common>
          <accessor source="#mixamorig_Spine-Matrix-animation-output-transform-array" count="26" stride="16">
            <param type="float4x4"/>
          </accessor>
        </technique_common>
      </source>
      <source id="mixamorig_Spine-Interpolations">
        <Name_array id="mixamorig_Spine-Interpolations-array" count="26">
 LINEAR LINEAR LINEAR LINEAR LINEAR LINEAR LINEAR LINEAR LINEAR LINEAR LINEAR
LINEAR LINEAR LINEAR LINEAR LINEAR LINEAR LINEAR LINEAR LINEAR LINEAR LINEAR LINEAR
LINEAR LINEAR LINEAR</Name_array>
        <technique_common>
          <accessor source="#mixamorig_Spine-Interpolations-array" count="26">
            <param type="name"/>
          </accessor>
        </technique_common>
      </source>
      <sampler id="mixamorig_Spine-Matrix-animation-transform">
        <input semantic="INPUT" source="#mixamorig_Spine-Matrix-animation-input"/>
        <input semantic="OUTPUT" source="#mixamorig_Spine-Matrix-animation-output-transform"/>
        <input semantic="INTERPOLATION" source="#mixamorig_Spine-Interpolations"/>
      </sampler>
      <channel source="#mixamorig_Spine-Matrix-animation-transform" target="mixamorig_Spine/matrix"/>
      <source id="mixamorig_Spine1-Matrix-animation-input">
        <float_array id="mixamorig_Spine1-Matrix-animation-input-array" count="26">

0.000000 0.033333 0.066667 0.100000 0.133333 0.166667 0.200000 0.233333 0.266667 0.300000 0.333333 0.366667 0.400000 0.433333 0.466667 0.500000
0.533333 0.566667 0.600000 0.633333 0.666667 0.700000 0.733333 0.766667 0.800000 0.833333</float_array>
        <technique_common>
          <accessor source="#mixamorig_Spine1-Matrix-animation-input-array" count="26">
            <param name="TIME" type="float"/>
          </accessor>
        </technique_common>
      </source>
      <source id="mixamorig_Spine1-Matrix-animation-output-transform">
        <float_array id="mixamorig_Spine1-Matrix-animation-output-transform-array" count="416">

0.999723 -0.013732 -0.019110 0.000000 0.012995 0.999187 -0.038158 9.883800 0.019618 0.037899 0.999089 -0.000000 0.000000 0.000000 0.000000 1.000000
0.999279 -0.016011 -0.034438 0.000000 0.013796 0.997879 -0.063622 9.883800 0.035383 0.063101 0.997380 0.000000 0.000000 0.000000 0.000000 1.000000
0.998399 -0.014016 -0.054794 -0.000000 0.008852 0.995590 -0.093390 9.883800 0.055861 0.092756 0.994121 0.000000 0.000000 0.000000 0.000000 1.000000
0.998124 -0.014562 -0.059464 0.000000 0.006441 0.990886 -0.134552 9.883800 0.060881 0.133916 0.989121 0.000000 0.000000 0.000000 0.000000 1.000000
0.998506 -0.028465 -0.046635 0.000000 0.019536 0.983141 -0.181802 9.883800 0.051024 0.180619 0.982229 0.000000 0.000000 0.000000 0.000000 1.000000
0.998393 -0.045892 -0.033234 -0.000000 0.037270 0.973674 -0.224876 9.883800 0.042679 0.223276 0.973820 0.000000 0.000000 0.000000 0.000000 1.000000
0.998025 -0.058568 -0.022729 0.000000 0.050769 0.964992 -0.257319 9.883800 0.037004 0.255657 0.966059 0.000000 0.000000 0.000000 0.000000 1.000000
0.997642 -0.066746 -0.016003 0.000000 0.059803 0.959702 -0.274582 9.883800 0.033685 0.272978 0.961430 0.000000 0.000000 0.000000 0.000000 1.000000
0.997337 -0.071764 -0.013022 -0.000000 0.065291 0.958032 -0.279128 9.883800 0.032507 0.277534 0.960166 -0.000000 0.000000 0.000000 0.000000 1.000000
0.997028 -0.076218 -0.011233 0.000000 0.070013 0.957227 -0.280740 9.883800 0.032150 0.279119 0.959718 0.000000 0.000000 0.000000 0.000000 1.000000
0.996759 -0.079956 -0.008836 -0.000000 0.074290 0.957087 -0.280116 9.883800 0.030854 0.278552 0.959926 0.000000 0.000000 0.000000 0.000000 1.000000
0.996528 -0.082972 -0.006941 0.000000 0.077840 0.957989 -0.276041 9.883800 0.029553 0.274543 0.961121 0.000000 0.000000 0.000000 0.000000 1.000000
0.996210 -0.086696 -0.007001 0.000000 0.081577 0.959234 -0.270585 9.883800 0.030174 0.268988 0.962671 0.000000 0.000000 0.000000 0.000000 1.000000
0.995782 -0.091320 -0.008863 0.000000 0.085698 0.960256 -0.265638 9.883800 0.032769 0.263758 0.964032 0.000000 0.000000 0.000000 0.000000 1.000000
0.995386 -0.095277 -0.011359 0.000000 0.089020 0.961161 -0.261236 9.883800 0.035808 0.259020 0.965208 -0.000000 0.000000 0.000000 0.000000 1.000000
0.995117 -0.097709 -0.013945 -0.000000 0.090874 0.962166 -0.256863 9.883800 0.038516 0.254342 0.966347 0.000000 0.000000 0.000000 0.000000 1.000000
0.994997 -0.098359 -0.017510 0.000000 0.090869 0.963833 -0.250536 9.883800 0.041519 0.247692 0.967949 0.000000 0.000000 0.000000 0.000000 1.000000
0.995132 -0.095948 -0.022511 -0.000000 0.087872 0.967243 -0.238157 9.883800 0.044625 0.235020 0.970966 0.000000 0.000000 0.000000 0.000000 1.000000
0.995510 -0.090456 -0.027896 0.000000 0.082156 0.972028 -0.220029 9.883800 0.047018 0.216749 0.975094 0.000000 0.000000 0.000000 0.000000 1.000000
0.996112 -0.082015 -0.032168 -0.000000 0.074137 0.977630 -0.196831 9.883800 0.047592 0.193681 0.979910 0.000000 0.000000 0.000000 0.000000 1.000000
0.996890 -0.070874 -0.034462 0.000000 0.064026 0.983327 -0.170203 9.883800 0.045950 0.167468 0.984806 -0.000000 0.000000 0.000000 0.000000 1.000000
0.997739 -0.057894 -0.034121 0.000000 0.052489 0.988435 -0.142270 9.883800 0.041963 0.140157 0.989240 0.000000 0.000000 0.000000 0.000000 1.000000
0.998512 -0.044692 -0.031243 -0.000000 0.040847 0.992593 -0.114416 9.883800 0.036125 0.112970 0.992942 0.000000 0.000000 0.000000 0.000000 1.000000
0.999096 -0.032708 -0.027156 0.000000 0.030228 0.995733 -0.087191 9.883800 0.029892 0.086292 0.995821 0.000000 0.000000 0.000000 0.000000 1.000000
0.999482 -0.022452 -0.023050 0.000000 0.021003 0.997899 -0.061290 9.883800 0.024377 0.060774 0.997854 0.000000 0.000000 0.000000 0.000000 1.000000
0.999723 -0.013732 -0.019110 0.000000 0.012995 0.999187 -0.038158 9.883800 0.019618 0.037899 0.999089 0.000000 0.000000 0.000000 0.000000 1.000000</float_array>
        <technique_common>
          <accessor source="#mixamorig_Spine1-Matrix-animation-output-transform-array" count="26" stride="16">
            <param type="float4x4"/>
          </accessor>
        </technique_common>
      </source>
      <source id="mixamorig_Spine1-Interpolations">
        <Name_array id="mixamorig_Spine1-Interpolations-array" count="26">
 LINEAR LINEAR LINEAR LINEAR LINEAR LINEAR LINEAR LINEAR LINEAR LINEAR LINEAR
LINEAR LINEAR LINEAR LINEAR LINEAR LINEAR LINEAR LINEAR LINEAR LINEAR LINEAR LINEAR
LINEAR LINEAR LINEAR</Name_array>
        <technique_common>
          <accessor source="#mixamorig_Spine1-Interpolations-array" count="26">
            <param type="name"/>
          </accessor>
        </technique_common>
      </source>
      <sampler id="mixamorig_Spine1-Matrix-animation-transform">
        <input semantic="INPUT" source="#mixamorig_Spine1-Matrix-animation-input"/>
        <input semantic="OUTPUT" source="#mixamorig_Spine1-Matrix-animation-output-transform"/>
        <input semantic="INTERPOLATION" source="#mixamorig_Spine1-Interpolations"/>
      </sampler>
      <channel source="#mixamorig_Spine1-Matrix-animation-transform" target="mixamorig_Spine1/matrix"/>
      <source id="mixamorig_Spine2-Matrix-animation-input">
        <float_array id="mixamorig_Spine2-Matrix-animation-input-array" count="26">

0.000000 0.033333 0.066667 0.100000 0.133333 0.166667 0.200000 0.233333 0.266667 0.300000 0.333333 0.366667 0.400000 0.433333 0.466667 0.500000
0.533333 0.566667 0.600000 0.633333 0.666667 0.700000 0.733333 0.766667 0.800000 0.833333</float_array>
        <technique_common>
          <accessor source="#mixamorig_Spine2-Matrix-animation-input-array" count="26">
            <param name="TIME" type="float"/>
          </accessor>
        </technique_common>
      </source>
      <source id="mixamorig_Spine2-Matrix-animation-output-transform">
        <float_array id="mixamorig_Spine2-Matrix-animation-output-transform-array" count="416">

0.999731 -0.013375 -0.018941 0.000000 0.012640 0.999182 -0.038423 11.295900 0.019439 0.038173 0.999082 0.000000 0.000000 0.000000 0.000000 1.000000
0.999289 -0.015672 -0.034304 0.000000 0.013460 0.997872 -0.063805 11.295900 0.035231 0.063298 0.997373 0.000000 0.000000 0.000000 0.000000 1.000000
0.998408 -0.013709 -0.054721 0.000000 0.008548 0.995586 -0.093460 11.295900 0.055760 0.092843 0.994118 -0.000000 0.000000 0.000000 0.000000 1.000000
0.998127 -0.014329 -0.059471 -0.000000 0.006211 0.990893 -0.134510 11.295900 0.060857 0.133889 0.989126 0.000000 0.000000 0.000000 0.000000 1.000000
0.998507 -0.028333 -0.046702 -0.000000 0.019398 0.983158 -0.181725 11.295900 0.051064 0.180548 0.982240 0.000000 0.000000 0.000000 0.000000 1.000000
0.998391 -0.045862 -0.033337 0.000000 0.037221 0.973692 -0.224809 11.295900 0.042770 0.223207 0.973832 0.000000 0.000000 0.000000 0.000000 1.000000
0.998018 -0.058632 -0.022848 0.000000 0.050803 0.965004 -0.257269 11.295900 0.037133 0.255598 0.966070 -0.000000 0.000000 0.000000 0.000000 1.000000
0.997631 -0.066872 -0.016124 0.000000 0.059893 0.959707 -0.274545 11.295900 0.033834 0.272929 0.961439 -0.000000 0.000000 0.000000 0.000000 1.000000
0.997325 -0.071911 -0.013136 -0.000000 0.065401 0.958033 -0.279096 11.295900 0.032655 0.277490 0.960173 0.000000 0.000000 0.000000 0.000000 1.000000
0.997015 -0.076372 -0.011337 0.000000 0.070133 0.957226 -0.280713 11.295900 0.032291 0.279080 0.959725 0.000000 0.000000 0.000000 0.000000 1.000000
0.996745 -0.080120 -0.008929 0.000000 0.074423 0.957084 -0.280092 11.295900 0.030987 0.278516 0.959931 0.000000 0.000000 0.000000 0.000000 1.000000
0.996513 -0.083145 -0.007023 0.000000 0.077985 0.957983 -0.276021 11.295900 0.029678 0.274511 0.961126 0.000000 0.000000 0.000000 0.000000 1.000000
0.996194 -0.086871 -0.007073 0.000000 0.081727 0.959226 -0.270566 11.295900 0.030289 0.268958 0.962676 0.000000 0.000000 0.000000 0.000000 1.000000
0.995766 -0.091490 -0.008931 0.000000 0.085844 0.960248 -0.265621 11.295900 0.032877 0.263729 0.964036 0.000000 0.000000 0.000000 0.000000 1.000000
0.995370 -0.095440 -0.011423 -0.000000 0.089161 0.961152 -0.261221 11.295900 0.035910 0.258993 0.965211 0.000000 0.000000 0.000000 0.000000 1.000000
0.995101 -0.097864 -0.014002 0.000000 0.091010 0.962156 -0.256850 11.295900 0.038609 0.254318 0.966350 0.000000 0.000000 0.000000 0.000000 1.000000
0.994982 -0.098500 -0.017557 -0.000000 0.090995 0.963824 -0.250527 11.295900 0.041598 0.247672 0.967950 0.000000 0.000000 0.000000 0.000000 1.000000
0.995121 -0.096054 -0.022545 -0.000000 0.087967 0.967236 -0.238151 11.295900 0.044682 0.235006 0.970966 -0.000000 0.000000 0.000000 0.000000 1.000000
0.995504 -0.090512 -0.027914 0.000000 0.082207 0.972023 -0.220029 11.295900 0.047049 0.216745 0.975094 0.000000 0.000000 0.000000 0.000000 1.000000
0.996112 -0.082017 -0.032168 0.000000 0.074138 0.977628 -0.196843 11.295900 0.047592 0.193693 0.979907 0.000000 0.000000 0.000000 0.000000 1.000000
0.996894 -0.070822 -0.034438 -0.000000 0.063977 0.983325 -0.170233 11.295900 0.045920 0.167501 0.984802 -0.000000 0.000000 0.000000 0.000000 1.000000
0.997747 -0.057791 -0.034068 0.000000 0.052392 0.988432 -0.142328 11.295900 0.041899 0.140222 0.989233 -0.000000 0.000000 0.000000 0.000000 1.000000
0.998522 -0.044542 -0.031156 0.000000 0.040704 0.992587 -0.114515 11.295900 0.036026 0.113077 0.992933 0.000000 0.000000 0.000000 0.000000 1.000000
0.999105 -0.032524 -0.027033 0.000000 0.030051 0.995725 -0.087342 11.295900 0.029758 0.086451 0.995812 0.000000 0.000000 0.000000 0.000000 1.000000
0.999491 -0.022216 -0.022897 -0.000000 0.020772 0.997891 -0.061498 11.295900 0.024215 0.060991 0.997845 -0.000000 0.000000 0.000000 0.000000 1.000000
0.999731 -0.013375 -0.018941 0.000000 0.012640 0.999182 -0.038423 11.295900 0.019439 0.038173 0.999082 0.000000 0.000000 0.000000 0.000000 1.000000</float_array>
        <technique_common>
          <accessor source="#mixamorig_Spine2-Matrix-animation-output-transform-array" count="26" stride="16">
            <param type="float4x4"/>
          </accessor>
        </technique_common>
      </source>
      <source id="mixamorig_Spine2-Interpolations">
        <Name_array id="mixamorig_Spine2-Interpolations-array" count="26">
 LINEAR LINEAR LINEAR LINEAR LINEAR LINEAR LINEAR LINEAR LINEAR LINEAR LINEAR
LINEAR LINEAR LINEAR LINEAR LINEAR LINEAR LINEAR LINEAR LINEAR LINEAR LINEAR LINEAR
LINEAR LINEAR LINEAR</Name_array>
        <technique_common>
          <accessor source="#mixamorig_Spine2-Interpolations-array" count="26">
            <param type="name"/>
          </accessor>
        </technique_common>
      </source>
      <sampler id="mixamorig_Spine2-Matrix-animation-transform">
        <input semantic="INPUT" source="#mixamorig_Spine2-Matrix-animation-input"/>
        <input semantic="OUTPUT" source="#mixamorig_Spine2-Matrix-animation-output-transform"/>
        <input semantic="INTERPOLATION" source="#mixamorig_Spine2-Interpolations"/>
      </sampler>
      <channel source="#mixamorig_Spine2-Matrix-animation-transform" target="mixamorig_Spine2/matrix"/>
      <source id="mixamorig_Neck-Matrix-animation-input">
        <float_array id="mixamorig_Neck-Matrix-animation-input-array" count="26">

0.000000 0.033333 0.066667 0.100000 0.133333 0.166667 0.200000 0.233333 0.266667 0.300000 0.333333 0.366667 0.400000 0.433333 0.466667 0.500000
0.533333 0.566667 0.600000 0.633333 0.666667 0.700000 0.733333 0.766667 0.800000 0.833333</float_array>
        <technique_common>
          <accessor source="#mixamorig_Neck-Matrix-animation-input-array" count="26">
            <param name="TIME" type="float"/>
          </accessor>
        </technique_common>
      </source>
      <source id="mixamorig_Neck-Matrix-animation-output-transform">
        <float_array id="mixamorig_Neck-Matrix-animation-output-transform-array" count="416">

0.970444 0.077035 -0.228700 0.000000 -0.106889 0.986863 -0.121149 12.707800 0.216363 0.142014 0.965929 0.000000 0.000000 0.000000 0.000000 1.000000
0.979935 0.054966 -0.191586 -0.000000 -0.081566 0.987640 -0.133844 12.707800 0.181862 0.146785 0.972307 0.000000 0.000000 0.000000 0.000000 1.000000
0.990226 0.029032 -0.136417 0.000000 -0.049203 0.987925 -0.146913 12.707800 0.130504 0.152189 0.979697 -0.000000 0.000000 0.000000 0.000000 1.000000
0.997197 0.034861 -0.066208 0.000000 -0.045026 0.986274 -0.158861 12.707800 0.059761 0.161397 0.985079 0.000000 0.000000 0.000000 0.000000 1.000000
0.996999 0.076576 -0.011323 0.000000 -0.077373 0.981424 -0.175556 12.707800 -0.002330 0.175905 0.984404 0.000000 0.000000 0.000000 0.000000 1.000000
0.992371 0.120382 0.026613 0.000000 -0.112621 0.972967 -0.201625 12.707800 -0.050165 0.197090 0.979101 0.000000 0.000000 0.000000 0.000000 1.000000
0.988130 0.145375 0.049661 0.000000 -0.130165 0.963981 -0.231943 12.707800 -0.081591 0.222726 0.971461 0.000000 0.000000 0.000000 0.000000 1.000000
0.987627 0.147346 0.053689 0.000000 -0.129208 0.958563 -0.253896 12.707800 -0.088875 0.243817 0.965740 -0.000000 0.000000 0.000000 0.000000 1.000000
0.990021 0.134422 0.042304 0.000000 -0.118992 0.958228 -0.260076 12.707800 -0.075497 0.252446 0.964661 0.000000 0.000000 0.000000 0.000000 1.000000
0.993547 0.110476 0.025671 -0.000000 -0.100196 0.960996 -0.257773 12.707800 -0.053147 0.253537 0.965864 0.000000 0.000000 0.000000 0.000000 1.000000
0.996709 0.080521 0.009387 0.000000 -0.075452 0.963780 -0.255803 12.707800 -0.029645 0.254253 0.966683 0.000000 0.000000 0.000000 0.000000 1.000000
0.998598 0.052841 -0.003219 0.000000 -0.051905 0.965343 -0.255770 12.707800 -0.010408 0.255579 0.966732 0.000000 0.000000 0.000000 0.000000 1.000000
0.999394 0.032906 -0.011387 0.000000 -0.034721 0.966470 -0.254420 12.707800 0.002633 0.254661 0.967027 -0.000000 0.000000 0.000000 0.000000 1.000000
0.999645 0.020915 -0.016518 0.000000 -0.024380 0.967988 -0.249810 12.707800 0.010765 0.250124 0.968154 0.000000 0.000000 0.000000 0.000000 1.000000
0.999701 0.013613 -0.020324 0.000000 -0.018152 0.969783 -0.243293 12.707800 0.016398 0.243589 0.969740 -0.000000 0.000000 0.000000 0.000000 1.000000
0.999682 0.007634 -0.024054 0.000000 -0.013109 0.971550 -0.236472 12.707800 0.021564 0.236712 0.971341 0.000000 0.000000 0.000000 0.000000 1.000000
0.999563 0.003067 -0.029400 0.000000 -0.009710 0.973481 -0.228561 12.707800 0.027919 0.228747 0.973086 0.000000 0.000000 0.000000 0.000000 1.000000
0.999219 0.003244 -0.039369 0.000000 -0.011772 0.975795 -0.218370 12.707800 0.037707 0.218663 0.975072 0.000000 0.000000 0.000000 0.000000 1.000000
0.998540 0.008630 -0.053330 -0.000000 -0.019532 0.978054 -0.207433 12.707800 0.050369 0.208172 0.976794 0.000000 0.000000 0.000000 0.000000 1.000000
0.997301 0.017155 -0.071386 -0.000000 -0.030921 0.980023 -0.196464 12.707800 0.066590 0.198141 0.977909 0.000000 0.000000 0.000000 0.000000 1.000000
0.995257 0.026320 -0.093657 0.000000 -0.043338 0.981857 -0.184605 12.707800 0.087099 0.187788 0.978340 -0.000000 0.000000 0.000000 0.000000 1.000000
0.992171 0.035707 -0.119670 0.000000 -0.056055 0.983633 -0.171243 12.707800 0.111597 0.176610 0.977934 -0.000000 0.000000 0.000000 0.000000 1.000000
0.987900 0.046036 -0.148101 0.000000 -0.069456 0.985140 -0.157083 12.707800 0.138669 0.165468 0.976417 0.000000 0.000000 0.000000 0.000000 1.000000
0.982566 0.057091 -0.176932 0.000000 -0.083147 0.986144 -0.143547 12.707800 0.166286 0.155755 0.973699 0.000000 0.000000 0.000000 0.000000 1.000000
0.976563 0.067859 -0.204253 -0.000000 -0.096066 0.986649 -0.131513 12.707800 0.192602 0.148053 0.970044 0.000000 0.000000 0.000000 0.000000 1.000000
0.970444 0.077035 -0.228700 -0.000000 -0.106889 0.986863 -0.121149 12.707800 0.216363 0.142014 0.965929 0.000000 0.000000 0.000000 0.000000 1.000000</float_array>
        <technique_common>
          <accessor source="#mixamorig_Neck-Matrix-animation-output-transform-array" count="26" stride="16">
            <param type="float4x4"/>
          </accessor>
        </technique_common>
      </source>
      <source id="mixamorig_Neck-Interpolations">
        <Name_array id="mixamorig_Neck-Interpolations-array" count="26">
 LINEAR LINEAR LINEAR LINEAR LINEAR LINEAR LINEAR LINEAR LINEAR LINEAR LINEAR
LINEAR LINEAR LINEAR LINEAR LINEAR LINEAR LINEAR LINEAR LINEAR LINEAR LINEAR LINEAR
LINEAR LINEAR LINEAR</Name_array>
        <technique_common>
          <accessor source="#mixamorig_Neck-Interpolations-array" count="26">
            <param type="name"/>
          </accessor>
        </technique_common>
      </source>
      <sampler id="mixamorig_Neck-Matrix-animation-transform">
        <input semantic="INPUT" source="#mixamorig_Neck-Matrix-animation-input"/>
        <input semantic="OUTPUT" source="#mixamorig_Neck-Matrix-animation-output-transform"/>
        <input semantic="INTERPOLATION" source="#mixamorig_Neck-Interpolations"/>
      </sampler>
      <channel source="#mixamorig_Neck-Matrix-animation-transform" target="mixamorig_Neck/matrix"/>
      <source id="mixamorig_Head-Matrix-animation-input">
        <float_array id="mixamorig_Head-Matrix-animation-input-array" count="26">

0.000000 0.033333 0.066667 0.100000 0.133333 0.166667 0.200000 0.233333 0.266667 0.300000 0.333333 0.366667 0.400000 0.433333 0.466667 0.500000
0.533333 0.566667 0.600000 0.633333 0.666667 0.700000 0.733333 0.766667 0.800000 0.833333</float_array>
        <technique_common>
          <accessor source="#mixamorig_Head-Matrix-animation-input-array" count="26">
            <param name="TIME" type="float"/>
          </accessor>
        </technique_common>
      </source>
      <source id="mixamorig_Head-Matrix-animation-output-transform">
        <float_array id="mixamorig_Head-Matrix-animation-output-transform-array" count="416">

0.936427 -0.067621 -0.344285 0.000000 0.017902 0.989183 -0.145593 6.103100 0.350405 0.130174 0.927508 1.780100 0.000000 0.000000 0.000000 1.000000
0.931354 -0.090856 -0.352598 0.000000 0.045637 0.989860 -0.134517 6.103100 0.361244 0.109191 0.926056 1.780100 0.000000 0.000000 0.000000 1.000000
0.946916 -0.105340 -0.303734 0.000000 0.070434 0.989817 -0.123701 6.103100 0.313672 0.095741 0.944692 1.780100 0.000000 0.000000 0.000000 1.000000
0.978800 -0.055945 -0.197030 0.000000 0.049976 0.998132 -0.035141 6.103100 0.198628 0.024549 0.979768 1.780100 0.000000 0.000000 0.000000 1.000000
0.988595 0.025765 -0.148382 0.000000 -0.010185 0.994440 0.104811 6.103100 0.150257 -0.102104 0.983360 1.780100 0.000000 0.000000 0.000000 1.000000
0.985808 0.120419 -0.116968 0.000000 -0.093538 0.972579 0.212935 6.103100 0.139402 -0.198972 0.970040 1.780100 0.000000 0.000000 0.000000 1.000000
0.970286 0.232750 -0.066124 0.000000 -0.208011 0.941989 0.263415 6.103100 0.123598 -0.241833 0.962414 1.780100 0.000000 0.000000 0.000000 1.000000
0.944223 0.325401 -0.050571 -0.000000 -0.301785 0.916503 0.262581 6.103100 0.131792 -0.232674 0.963584 1.780100 0.000000 0.000000 0.000000 1.000000
0.925037 0.370046 -0.085866 0.000000 -0.340804 0.908261 0.242725 6.103100 0.167808 -0.195266 0.966288 1.780100 0.000000 0.000000 0.000000 1.000000
0.917193 0.368794 -0.150822 -0.000000 -0.329244 0.914690 0.234393 6.103100 0.224398 -0.165326 0.960371 1.780100 0.000000 0.000000 0.000000 1.000000
0.914237 0.342287 -0.216820 0.000000 -0.293223 0.928222 0.228962 6.103100 0.279628 -0.145748 0.948981 1.780100 0.000000 0.000000 0.000000 1.000000
0.912463 0.307726 -0.269660 0.000000 -0.254353 0.942848 0.215275 6.103100 0.320494 -0.127841 0.938584 1.780100 0.000000 0.000000 0.000000 1.000000
0.910414 0.273380 -0.310499 -0.000000 -0.218702 0.955139 0.199699 6.103100 0.351163 -0.113902 0.929360 1.780100 0.000000 0.000000 0.000000 1.000000
0.907029 0.239587 -0.346262 0.000000 -0.182080 0.964652 0.190510 6.103100 0.379665 -0.109751 0.918591 1.780100 0.000000 0.000000 0.000000 1.000000
0.901414 0.202309 -0.382785 0.000000 -0.138507 0.972399 0.187764 6.103100 0.410206 -0.116234 0.904555 1.780100 0.000000 0.000000 0.000000 1.000000
0.892162 0.161760 -0.421759 0.000000 -0.089324 0.978422 0.186310 6.103100 0.442796 -0.128546 0.887360 1.780100 0.000000 0.000000 0.000000 1.000000
0.881157 0.122441 -0.456695 0.000000 -0.043526 0.982793 0.179509 6.103100 0.470816 -0.138297 0.871324 1.780100 0.000000 0.000000 0.000000 1.000000
0.874659 0.085073 -0.477215 0.000000 -0.007459 0.986724 0.162232 6.103100 0.484681 -0.138339 0.863682 1.780100 0.000000 0.000000 0.000000 1.000000
0.873838 0.047761 -0.483865 0.000000 0.021353 0.990434 0.136325 6.103100 0.485747 -0.129458 0.864460 1.780100 0.000000 0.000000 0.000000 1.000000
0.877923 0.012877 -0.478629 -0.000000 0.041013 0.993942 0.101968 6.103100 0.477043 -0.109150 0.872076 1.780100 0.000000 0.000000 0.000000 1.000000
0.886051 -0.015969 -0.463314 -0.000000 0.050078 0.996856 0.061410 6.103100 0.460876 -0.077614 0.884064 1.780100 0.000000 0.000000 0.000000 1.000000
0.896290 -0.038039 -0.441835 -0.000000 0.051592 0.998493 0.018694 6.103100 0.440458 -0.039550 0.896902 1.780100 0.000000 0.000000 0.000000 1.000000
0.906834 -0.053742 -0.418049 0.000000 0.048400 0.998554 -0.023379 6.103100 0.418701 0.000967 0.908124 1.780100 0.000000 0.000000 0.000000 1.000000
0.917306 -0.062726 -0.393212 0.000000 0.040561 0.997097 -0.064434 6.103100 0.396112 0.043157 0.917188 1.780100 0.000000 0.000000 0.000000 1.000000
0.927478 -0.066187 -0.367972 0.000000 0.029053 0.993989 -0.105559 6.103100 0.372747 0.087213 0.923826 1.780100 0.000000 0.000000 0.000000 1.000000
