<?xml version="1.0" encoding="utf-8"?>
<COLLADA xmlns="http://www.collada.org/2005/11/COLLADASchema" version="1.4.1">
  <asset>
    <contributor>
      <author>Mixamo</author>
      <authoring_tool>COLLADA Mixamo exporter</authoring_tool>
      <comments/>
    </contributor>
    <created>2024-05-10T11:30:21Z</created>
    <modified>2024-05-10T11:30:21Z</modified>
    <revision/>
    <title/>
    <unit meter="0.010000"/>
    <up_axis>Y_UP</up_axis>
  </asset>
  <library_animations>
    <animation>
      <source id="Armature-Matrix-animation-input">
        <float_array id="Armature-Matrix-animation-input-array" count="25">

0.000000 0.033333 0.066667 0.100000 0.133333 0.166667 0.200000 0.233333 0.266667 0.300000 0.333333 0.366667 0.400000 0.433333 0.466667 0.500000
0.533333 0.566667 0.600000 0.633333 0.666667 0.700000 0.733333 0.766667 0.800000</float_array>
        <technique_common>
          <accessor source="#Armature-Matrix-animation-input-array" count="25">
            <param name="TIME" type="float"/>
          </accessor>
        </technique_common>
      </source>
      <source id="Armature-Matrix-animation-output-transform">
        <float_array id="Armature-Matrix-animation-output-transform-array" count="400">

1.000000 0.000000 0.000000 0.000000 0.000000 0.000000 1.000000 0.000000 0.000000 -1.000000 0.000000 0.000000 0.000000 0.000000 0.000000 1.000000
1.000000 0.000000 0.000000 0.000000 0.000000 0.000000 1.000000 0.000000 0.000000 -1.000000 0.000000 0.000000 0.000000 0.000000 0.000000 1.000000
1.000000 0.000000 0.000000 0.000000 0.000000 0.000000 1.000000 0.000000 0.000000 -1.000000 0.000000 0.000000 0.000000 0.000000 0.000000 1.000000
1.000000 0.000000 0.000000 0.000000 0.000000 0.000000 1.000000 0.000000 0.000000 -1.000000 0.000000 0.000000 0.000000 0.000000 0.000000 1.000000
1.000000 0.000000 0.000000 0.000000 0.000000 0.000000 1.000000 0.000000 0.000000 -1.000000 0.000000 0.000000 0.000000 0.000000 0.000000 1.000000
1.000000 0.000000 0.000000 0.000000 0.000000 0.000000 1.000000 0.000000 0.000000 -1.000000 0.000000 0.000000 0.000000 0.000000 0.000000 1.000000
1.000000 0.000000 0.000000 0.000000 0.000000 0.000000 1.000000 0.000000 0.000000 -1.000000 0.000000 0.000000 0.000000 0.000000 0.000000 1.000000
1.000000 0.000000 0.000000 0.000000 0.000000 0.000000 1.000000 0.000000 0.000000 -1.000000 0.000000 0.000000 0.000000 0.000000 0.000000 1.000000
1.000000 0.000000 0.000000 0.000000 0.000000 0.000000 1.000000 0.000000 0.000000 -1.000000 0.000000 0.000000 0.000000 0.000000 0.000000 1.000000
1.000000 0.000000 0.000000 0.000000 0.000000 0.000000 1.000000 0.000000 0.000000 -1.000000 0.000000 0.000000 0.000000 0.000000 0.000000 1.000000
1.000000 0.000000 0.000000 0.000000 0.000000 0.000000 1.000000 0.000000 0.000000 -1.000000 0.000000 0.000000 0.000000 0.000000 0.000000 1.000000
1.000000 0.000000 0.000000 0.000000 0.000000 0.000000 1.000000 0.000000 0.000000 -1.000000 0.000000 0.000000 0.000000 0.000000 0.000000 1.000000
1.000000 0.000000 0.000000 0.000000 0.000000 0.000000 1.000000 0.000000 0.000000 -1.000000 0.000000 0.000000 0.000000 0.000000 0.000000 1.000000
1.000000 0.000000 0.000000 0.000000 0.000000 0.000000 1.000000 0.000000 0.000000 -1.000000 0.000000 0.000000 0.000000 0.000000 0.000000 1.000000
1.000000 0.000000 0.000000 0.000000 0.000000 0.000000 1.000000 0.000000 0.000000 -1.000000 0.000000 0.000000 0.000000 0.000000 0.000000 1.000000
1.000000 0.000000 0.000000 0.000000 0.000000 0.000000 1.000000 0.000000 0.000000 -1.000000 0.000000 0.000000 0.000000 0.000000 0.000000 1.000000
1.000000 0.000000 0.000000 0.000000 0.000000 0.000000 1.000000 0.000000 0.000000 -1.000000 0.000000 0.000000 0.000000 0.000000 0.000000 1.000000
1.000000 0.000000 0.000000 0.000000 0.000000 0.000000 1.000000 0.000000 0.000000 -1.000000 0.000000 0.000000 0.000000 0.000000 0.000000 1.000000
1.000000 0.000000 0.000000 0.000000 0.000000 0.000000 1.000000 0.000000 0.000000 -1.000000 0.000000 0.000000 0.000000 0.000000 0.000000 1.000000
1.000000 0.000000 0.000000 0.000000 0.000000 0.000000 1.000000 0.000000 0.000000 -1.000000 0.000000 0.000000 0.000000 0.000000 0.000000 1.000000
1.000000 0.000000 0.000000 0.000000 0.000000 0.000000 1.000000 0.000000 0.000000 -1.000000 0.000000 0.000000 0.000000 0.000000 0.000000 1.000000
1.000000 0.000000 0.000000 0.000000 0.000000 0.000000 1.000000 0.000000 0.000000 -1.000000 0.000000 0.000000 0.000000 0.000000 0.000000 1.000000
1.000000 0.000000 0.000000 0.000000 0.000000 0.000000 1.000000 0.000000 0.000000 -1.000000 0.000000 0.000000 0.000000 0.000000 0.000000 1.000000
1.000000 0.000000 0.000000 0.000000 0.000000 0.000000 1.000000 0.000000 0.000000 -1.000000 0.000000 0.000000 0.000000 0.000000 0.000000 1.000000
1.000000 0.000000 0.000000 0.000000 0.000000 0.000000 1.000000 0.000000 0.000000 -1.000000 0.000000 0.000000 0.000000 0.000000 0.000000 1.000000</float_array>
        <technique_common>
          <accessor source="#Armature-Matrix-animation-output-transform-array" count="25" stride="16">
            <param type="float4x4"/>
          </accessor>
        </technique_common>
      </source>
      <source id="Armature-Interpolations">
        <Name_array id="Armature-Interpolations-array" count="25">
 LINEAR LINEAR LINEAR LINEAR LINEAR LINEAR LINEAR LINEAR LINEAR LINEAR LINEAR
LINEAR LINEAR LINEAR LINEAR LINEAR LINEAR LINEAR LINEAR LINEAR LINEAR LINEAR LINEAR
LINEAR LINEAR</Name_array>
        <technique_common>
          <accessor source="#Armature-Interpolations-array" count="25">
            <param type="name"/>
          </accessor>
        </technique_common>
      </source>
      <sampler id="Armature-Matrix-animation-transform">
        <input semantic="INPUT" source="#Armature-Matrix-animation-input"/>
        <input semantic="OUTPUT" source="#Armature-Matrix-animation-output-transform"/>
        <input semantic="INTERPOLATION" source="#Armature-Interpolations"/>
      </sampler>
      <channel source="#Armature-Matrix-animation-transform" target="Armature/matrix"/>
      <source id="mixamorig_Hips-Matrix-animation-input">
        <float_array id="mixamorig_Hips-Matrix-animation-input-array" count="25">

0.000000 0.033333 0.066667 0.100000 0.133333 0.166667 0.200000 0.233333 0.266667 0.300000 0.333333 0.366667 0.400000 0.433333 0.466667 0.500000
0.533333 0.566667 0.600000 0.633333 0.666667 0.700000 0.733333 0.766667 0.800000</float_array>
        <technique_common>
          <accessor source="#mixamorig_Hips-Matrix-animation-input-array" count="25">
            <param name="TIME" type="float"/>
          </accessor>
        </technique_common>
      </source>
      <source id="mixamorig_Hips-Matrix-animation-output-transform">
        <float_array id="mixamorig_Hips-Matrix-animation-output-transform-array" count="400">

0.691900 -0.000428 0.721993 0.256547 0.718849 0.093639 -0.688831 -0.104141 -0.067312 0.995606 0.065096 84.181152 0.000000 0.000000 0.000000 1.000000
0.679760 -0.005439 0.733415 0.359124 0.729186 0.112494 -0.675006 -0.264377 -0.078833 0.993638 0.080435 84.892929 0.000000 0.000000 0.000000 1.000000
0.670951 -0.008485 0.741453 0.600557 0.734579 0.143924 -0.663084 -0.779280 -0.101087 0.989552 0.102799 85.744095 0.000000 0.000000 0.000000 1.000000
0.668279 -0.008089 0.743866 0.958411 0.732842 0.179007 -0.656429 -1.228178 -0.127848 0.983814 0.125555 86.528786 0.000000 0.000000 0.000000 1.000000
0.670906 -0.004092 0.741531 1.269887 0.726079 0.206775 -0.655784 -1.332210 -0.150647 0.978380 0.141698 87.099281 0.000000 0.000000 0.000000 1.000000
0.675307 0.001373 0.737536 1.440505 0.719039 0.221336 -0.658782 -1.191757 -0.164148 0.975197 0.148483 87.522057 0.000000 0.000000 0.000000 1.000000
0.678096 0.005715 0.734951 1.449409 0.715217 0.225165 -0.661639 -0.858471 -0.169267 0.974304 0.148596 87.812828 0.000000 0.000000 0.000000 1.000000
0.678041 0.007984 0.734981 1.314814 0.715185 0.223589 -0.662208 -0.471929 -0.169621 0.974651 0.145892 87.903275 0.000000 0.000000 0.000000 1.000000
0.675276 0.008704 0.737514 1.127040 0.718070 0.220619 -0.660077 -0.149020 -0.168455 0.975321 0.142729 87.867470 0.000000 0.000000 0.000000 1.000000
0.671827 0.008982 0.740654 0.950260 0.721754 0.216820 -0.657313 0.116270 -0.166492 0.976170 0.139183 87.817894 0.000000 0.000000 0.000000 1.000000
0.670628 0.009596 0.741731 0.807318 0.723815 0.210345 -0.657151 0.322308 -0.162325 0.977580 0.134118 87.732903 0.000000 0.000000 0.000000 1.000000
0.671355 0.009919 0.741070 0.671382 0.724592 0.201308 -0.659122 0.471498 -0.155721 0.979478 0.127962 87.611351 0.000000 0.000000 0.000000 1.000000
0.671986 0.008886 0.740510 0.530603 0.725756 0.191057 -0.660890 0.568867 -0.147352 0.981539 0.121938 87.462219 0.000000 0.000000 0.000000 1.000000
0.671664 0.006427 0.740828 0.407695 0.727896 0.180496 -0.661505 0.615764 -0.137969 0.983555 0.116554 87.280388 0.000000 0.000000 0.000000 1.000000
0.671057 0.003429 0.741398 0.317793 0.730232 0.169903 -0.661736 0.604110 -0.128234 0.985455 0.111511 87.053886 0.000000 0.000000 0.000000 1.000000
0.670746 0.000550 0.741687 0.249104 0.732126 0.159560 -0.662218 0.538024 -0.118707 0.987188 0.106622 86.790207 0.000000 0.000000 0.000000 1.000000
0.670512 -0.002181 0.741895 0.189616 0.733754 0.149717 -0.662714 0.435063 -0.109629 0.988727 0.101987 86.513641 0.000000 0.000000 0.000000 1.000000
0.670047 -0.004630 0.742304 0.140284 0.735409 0.140259 -0.662948 0.310649 -0.101045 0.990104 0.097385 86.235870 0.000000 0.000000 0.000000 1.000000
0.669529 -0.006157 0.742761 0.108132 0.736916 0.130972 -0.663175 0.178021 -0.093198 0.991367 0.092226 85.954666 0.000000 0.000000 0.000000 1.000000
0.669545 -0.006246 0.742746 0.096648 0.737727 0.121938 -0.663995 0.050750 -0.086421 0.992518 0.086251 85.670731 0.000000 0.000000 0.000000 1.000000
0.670844 -0.005177 0.741581 0.103021 0.737185 0.113595 -0.666074 -0.055030 -0.080792 0.993514 0.080020 85.385582 0.000000 0.000000 0.000000 1.000000
0.674018 -0.003769 0.738706 0.121854 0.734782 0.106478 -0.669894 -0.125494 -0.076131 0.994308 0.074538 85.095665 0.000000 0.000000 0.000000 1.000000
0.679079 -0.002545 0.734060 0.151601 0.730489 0.100928 -0.675426 -0.151947 -0.072369 0.994890 0.070397 84.792824 0.000000 0.000000 0.000000 1.000000
0.685343 -0.001484 0.728219 0.194627 0.724898 0.096804 -0.682020 -0.138292 -0.069483 0.995302 0.067420 84.480194 0.000000 0.000000 0.000000 1.000000
0.691900 -0.000427 0.721993 0.256546 0.718849 0.093639 -0.688831 -0.104141 -0.067312 0.995606 0.065096 84.181145 0.000000 0.000000 0.000000 1.000000</float_array>
        <technique_common>
          <accessor source="#mixamorig_Hips-Matrix-animation-output-transform-array" count="25" stride="16">
            <param type="float4x4"/>
          </accessor>
        </technique_common>
      </source>
      <source id="mixamorig_Hips-Interpolations">
        <Name_array id="mixamorig_Hips-Interpolations-array" count="25">
 LINEAR LINEAR LINEAR LINEAR LINEAR LINEAR LINEAR LINEAR LINEAR LINEAR LINEAR
LINEAR LINEAR LINEAR LINEAR LINEAR LINEAR LINEAR LINEAR LINEAR LINEAR LINEAR LINEAR
LINEAR LINEAR</Name_array>
        <technique_common>
          <accessor source="#mixamorig_Hips-Interpolations-array" count="25">
            <param type="name"/>
          </accessor>
        </technique_common>
      </source>
      <sampler id="mixamorig_Hips-Matrix-animation-transform">
        <input semantic="INPUT" source="#mixamorig_Hips-Matrix-animation-input"/>
        <input semantic="OUTPUT" source="#mixamorig_Hips-Matrix-animation-output-transform"/>
        <input semantic="INTERPOLATION" source="#mixamorig_Hips-Interpolations"/>
      </sampler>
      <channel source="#mixamorig_Hips-Matrix-animation-transform" target="mixamorig_Hips/matrix"/>
      <source id="mixamorig_Spine-Matrix-animation-input">
        <float_array id="mixamorig_Spine-Matrix-animation-input-array" count="25">

0.000000 0.033333 0.066667 0.100000 0.133333 0.166667 0.200000 0.233333 0.266667 0.300000 0.333333 0.366667 0.400000 0.433333 0.466667 0.500000
0.533333 0.566667 0.600000 0.633333 0.666667 0.700000 0.733333 0.766667 0.800000</float_array>
        <technique_common>
          <accessor source="#mixamorig_Spine-Matrix-animation-input-array" count="25">
            <param name="TIME" type="float"/>
          </accessor>
        </technique_common>
      </source>
      <source id="mixamorig_Spine-Matrix-animation-output-transform">
        <float_array id="mixamorig_Spine-Matrix-animation-output-transform-array" count="400">

0.991734 -0.015957 -0.127312 -0.000000 0.010836 0.999108 -0.040819 8.407700 0.127849 0.039102 0.991022 -1.041900 0.000000 0.000000 0.000000 1.000000
0.992357 -0.010186 -0.122981 0.000000 0.007541 0.999731 -0.021955 8.407700 0.123171 0.020860 0.992166 -1.041900 0.000000 0.000000 0.000000 1.000000
0.993016 0.000386 -0.117977 0.000000 0.000244 0.999986 0.005324 8.407700 0.117977 -0.005316 0.993002 -1.041900 0.000000 0.000000 0.000000 1.000000
0.994625 0.011582 -0.102890 0.000000 -0.008341 0.999457 0.031872 8.407700 0.103203 -0.030843 0.994182 -1.041900 0.000000 0.000000 0.000000 1.000000
0.997170 0.019877 -0.072504 -0.000000 -0.016258 0.998609 0.050164 8.407700 0.073400 -0.048843 0.996106 -1.041900 0.000000 0.000000 0.000000 1.000000
0.999090 0.025185 -0.034437 0.000000 -0.023173 0.998070 0.057605 8.407700 0.035821 -0.056755 0.997745 -1.041900 0.000000 0.000000 0.000000 1.000000
0.999564 0.029229 -0.004205 0.000000 -0.028957 0.998095 0.054473 8.407700 0.005789 -0.054327 0.998506 -1.041900 0.000000 0.000000 0.000000 1.000000
0.999415 0.033017 0.008881 -0.000000 -0.033363 0.998552 0.042199 8.407700 -0.007475 -0.042471 0.999070 -1.041900 0.000000 0.000000 0.000000 1.000000
0.999314 0.035674 0.009947 0.000000 -0.035919 0.999025 0.025661 8.407700 -0.009022 -0.026001 0.999621 -1.041900 0.000000 0.000000 0.000000 1.000000
0.999310 0.036117 0.008643 0.000000 -0.036211 0.999285 0.010894 8.407700 -0.008243 -0.011200 0.999903 -1.041900 0.000000 0.000000 0.000000 1.000000
0.999365 0.034751 0.007896 -0.000000 -0.034754 0.999396 0.000322 8.407700 -0.007880 -0.000596 0.999969 -1.041900 0.000000 0.000000 0.000000 1.000000
0.999452 0.032389 0.006880 -0.000000 -0.032340 0.999452 -0.007103 8.407700 -0.007106 0.006877 0.999951 -1.041900 0.000000 0.000000 0.000000 1.000000
0.999548 0.029829 0.003817 0.000000 -0.029775 0.999463 -0.013683 8.407700 -0.004223 0.013564 0.999899 -1.041900 0.000000 0.000000 0.000000 1.000000
0.999629 0.027192 -0.001835 0.000000 -0.027223 0.999426 -0.020177 8.407700 0.001286 0.020219 0.999795 -1.041900 0.000000 0.000000 0.000000 1.000000
0.999674 0.023775 -0.009288 -0.000000 -0.024006 0.999381 -0.025710 8.407700 0.008671 0.025925 0.999626 -1.041900 0.000000 0.000000 0.000000 1.000000
0.999665 0.018866 -0.017738 0.000000 -0.019389 0.999369 -0.029765 8.407700 0.017165 0.030099 0.999400 -1.041900 0.000000 0.000000 0.000000 1.000000
0.999546 0.012635 -0.027354 -0.000000 -0.013534 0.999366 -0.032922 8.407700 0.026921 0.033277 0.999084 -1.041900 0.000000 0.000000 0.000000 1.000000
0.999221 0.006053 -0.038989 0.000000 -0.007443 0.999338 -0.035608 8.407700 0.038748 0.035870 0.998605 -1.041900 0.000000 0.000000 0.000000 1.000000
0.998581 0.000121 -0.053246 -0.000000 -0.002109 0.999303 -0.037279 8.407700 0.053204 0.037338 0.997885 -1.041900 0.000000 0.000000 0.000000 1.000000
0.997551 -0.004692 -0.069792 0.000000 0.002086 0.999299 -0.037376 8.407700 0.069918 0.037138 0.996861 -1.041900 0.000000 0.000000 0.000000 1.000000
0.996149 -0.008525 -0.087258 0.000000 0.005357 0.999321 -0.036466 8.407700 0.087510 0.035858 0.995518 -1.041900 0.000000 0.000000 0.000000 1.000000
0.994561 -0.011661 -0.103505 0.000000 0.007982 0.999324 -0.035888 8.407700 0.103854 0.034867 0.993981 -1.041900 0.000000 0.000000 0.000000 1.000000
0.993120 -0.014097 -0.116252 -0.000000 0.009906 0.999283 -0.036544 8.407700 0.116683 0.035141 0.992547 -1.041900 0.000000 0.000000 0.000000 1.000000
0.992139 -0.015585 -0.124170 0.000000 0.010894 0.999204 -0.038370 8.407700 0.124669 0.036716 0.991519 -1.041900 0.000000 0.000000 0.000000 1.000000
0.991734 -0.015958 -0.127311 0.000000 0.010836 0.999108 -0.040819 8.407700 0.127849 0.039102 0.991023 -1.041900 0.000000 0.000000 0.000000 1.000000</float_array>
        <technique_common>
          <accessor source="#mixamorig_Spine-Matrix-animation-output-transform-array" count="25" stride="16">
            <param type="float4x4"/>
          </accessor>
        </technique_common>
      </source>
      <source id="mixamorig_Spine-Interpolations">
        <Name_array id="mixamorig_Spine-Interpolations-array" count="25">
 LINEAR LINEAR LINEAR LINEAR LINEAR LINEAR LINEAR LINEAR LINEAR LINEAR LINEAR
LINEAR LINEAR LINEAR LINEAR LINEAR LINEAR LINEAR LINEAR LINEAR LINEAR LINEAR LINEAR
LINEAR LINEAR</Name_array>
        <technique_common>
          <accessor source="#mixamorig_Spine-Interpolations-array" count="25">
            <param type="name"/>
          </accessor>
        </technique_common>
      </source>
      <sampler id="mixamorig_Spine-Matrix-animation-transform">
        <input semantic="INPUT" source="#mixamorig_Spine-Matrix-animation-input"/>
        <input semantic="OUTPUT" source="#mixamorig_Spine-Matrix-animation-output-transform"/>
        <input semantic="INTERPOLATION" source="#mixamorig_Spine-Interpolations"/>
      </sampler>
      <channel source="#mixamorig_Spine-Matrix-animation-transform" target="mixamorig_Spine/matrix"/>
      <source id="mixamorig_Spine1-Matrix-animation-input">
        <float_array id="mixamorig_Spine1-Matrix-animation-input-array" count="25">

0.000000 0.033333 0.066667 0.100000 0.133333 0.166667 0.200000 0.233333 0.266667 0.300000 0.333333 0.366667 0.400000 0.433333 0.466667 0.500000
0.533333 0.566667 0.600000 0.633333 0.666667 0.700000 0.733333 0.766667 0.800000</float_array>
        <technique_common>
          <accessor source="#mixamorig_Spine1-Matrix-animation-input-array" count="25">
            <param name="TIME" type="float"/>
          </accessor>
        </technique_common>
      </source>
      <source id="mixamorig_Spine1-Matrix-animation-output-transform">
        <float_array id="mixamorig_Spine1-Matrix-animation-output-transform-array" count="400">

0.999723 -0.013732 -0.019110 -0.000000 0.012995 0.999187 -0.038158 9.883800 0.019618 0.037899 0.999089 0.000000 0.000000 0.000000 0.000000 1.000000
0.999404 -0.020161 -0.028036 0.000000 0.018338 0.997793 -0.063823 9.883800 0.029261 0.063271 0.997567 0.000000 0.000000 0.000000 0.000000 1.000000
0.998884 -0.026892 -0.038838 0.000000 0.023277 0.995607 -0.090692 9.883800 0.041107 0.089687 0.995121 0.000000 0.000000 0.000000 0.000000 1.000000
0.998350 -0.034535 -0.045879 0.000000 0.028859 0.992464 -0.119092 9.883800 0.049646 0.117572 0.991823 0.000000 0.000000 0.000000 0.000000 1.000000
0.998081 -0.042356 -0.045172 0.000000 0.035211 0.988260 -0.148668 9.883800 0.050939 0.146792 0.987855 0.000000 0.000000 0.000000 0.000000 1.000000
0.998066 -0.048548 -0.038827 -0.000000 0.040950 0.983371 -0.176930 9.883800 0.046771 0.174998 0.983457 0.000000 0.000000 0.000000 0.000000 1.000000
0.998119 -0.051859 -0.032683 0.000000 0.044298 0.978754 -0.200195 9.883800 0.042370 0.198371 0.979211 -0.000000 0.000000 0.000000 0.000000 1.000000
0.998225 -0.051675 -0.029602 0.000000 0.044163 0.975796 -0.214176 9.883800 0.039953 0.212489 0.976346 -0.000000 0.000000 0.000000 0.000000 1.000000
0.998361 -0.049611 -0.028547 0.000000 0.042112 0.974437 -0.220680 9.883800 0.038766 0.219116 0.974928 0.000000 0.000000 0.000000 0.000000 1.000000
0.998478 -0.047822 -0.027470 0.000000 0.040490 0.973839 -0.223602 9.883800 0.037445 0.222149 0.974293 0.000000 0.000000 0.000000 0.000000 1.000000
0.998612 -0.046263 -0.025180 -0.000000 0.039533 0.974226 -0.222084 9.883800 0.034805 0.220780 0.974702 0.000000 0.000000 0.000000 0.000000 1.000000
0.998753 -0.044712 -0.022221 -0.000000 0.038842 0.975421 -0.216900 9.883800 0.031373 0.215766 0.975941 -0.000000 0.000000 0.000000 0.000000 1.000000
0.998889 -0.042860 -0.019569 0.000000 0.037823 0.977100 -0.209391 9.883800 0.028095 0.208418 0.977636 0.000000 0.000000 0.000000 0.000000 1.000000
0.999017 -0.040692 -0.017584 0.000000 0.036357 0.979085 -0.200179 9.883800 0.025362 0.199343 0.979602 -0.000000 0.000000 0.000000 0.000000 1.000000
0.999128 -0.038575 -0.015984 0.000000 0.034863 0.981338 -0.189106 9.883800 0.022980 0.188384 0.981827 -0.000000 0.000000 0.000000 0.000000 1.000000
0.999215 -0.036864 -0.014496 0.000000 0.033740 0.983785 -0.176149 9.883800 0.020754 0.175522 0.984257 0.000000 0.000000 0.000000 0.000000 1.000000
0.999280 -0.035524 -0.013333 0.000000 0.032903 0.986271 -0.161826 9.883800 0.018899 0.161270 0.986729 0.000000 0.000000 0.000000 0.000000 1.000000
0.999331 -0.034170 -0.013049 -0.000000 0.031891 0.988680 -0.146611 9.883800 0.017911 0.146097 0.989108 0.000000 0.000000 0.000000 0.000000 1.000000
0.999377 -0.032375 -0.014050 0.000000 0.030269 0.990983 -0.130521 9.883800 0.018149 0.130014 0.991346 -0.000000 0.000000 0.000000 0.000000 1.000000
0.999419 -0.029950 -0.016261 0.000000 0.027914 0.993140 -0.113552 9.883800 0.019550 0.113032 0.993399 -0.000000 0.000000 0.000000 0.000000 1.000000
0.999453 -0.027007 -0.019087 0.000000 0.025050 0.995041 -0.096256 9.883800 0.021592 0.095725 0.995174 0.000000 0.000000 0.000000 0.000000 1.000000
0.999484 -0.023798 -0.021568 0.000000 0.022012 0.996586 -0.079571 9.883800 0.023388 0.079056 0.996596 0.000000 0.000000 0.000000 0.000000 1.000000
0.999533 -0.020478 -0.022676 0.000000 0.018985 0.997756 -0.064213 9.883800 0.023940 0.063753 0.997679 -0.000000 0.000000 0.000000 0.000000 1.000000
0.999615 -0.017104 -0.021832 0.000000 0.015986 0.998601 -0.050411 9.883800 0.022664 0.050043 0.998490 0.000000 0.000000 0.000000 0.000000 1.000000
0.999723 -0.013732 -0.019110 0.000000 0.012995 0.999187 -0.038158 9.883800 0.019618 0.037899 0.999089 0.000000 0.000000 0.000000 0.000000 1.000000</float_array>
        <technique_common>
          <accessor source="#mixamorig_Spine1-Matrix-animation-output-transform-array" count="25" stride="16">
            <param type="float4x4"/>
          </accessor>
        </technique_common>
      </source>
      <source id="mixamorig_Spine1-Interpolations">
        <Name_array id="mixamorig_Spine1-Interpolations-array" count="25">
 LINEAR LINEAR LINEAR LINEAR LINEAR LINEAR LINEAR LINEAR LINEAR LINEAR LINEAR
LINEAR LINEAR LINEAR LINEAR LINEAR LINEAR LINEAR LINEAR LINEAR LINEAR LINEAR LINEAR
LINEAR LINEAR</Name_array>
        <technique_common>
          <accessor source="#mixamorig_Spine1-Interpolations-array" count="25">
            <param type="name"/>
          </accessor>
        </technique_common>
      </source>
      <sampler id="mixamorig_Spine1-Matrix-animation-transform">
        <input semantic="INPUT" source="#mixamorig_Spine1-Matrix-animation-input"/>
        <input semantic="OUTPUT" source="#mixamorig_Spine1-Matrix-animation-output-transform"/>
        <input semantic="INTERPOLATION" source="#mixamorig_Spine1-Interpolations"/>
      </sampler>
      <channel source="#mixamorig_Spine1-Matrix-animation-transform" target="mixamorig_Spine1/matrix"/>
      <source id="mixamorig_Spine2-Matrix-animation-input">
        <float_array id="mixamorig_Spine2-Matrix-animation-input-array" count="25">

0.000000 0.033333 0.066667 0.100000 0.133333 0.166667 0.200000 0.233333 0.266667 0.300000 0.333333 0.366667 0.400000 0.433333 0.466667 0.500000
0.533333 0.566667 0.600000 0.633333 0.666667 0.700000 0.733333 0.766667 0.800000</float_array>
        <technique_common>
          <accessor source="#mixamorig_Spine2-Matrix-animation-input-array" count="25">
            <param name="TIME" type="float"/>
          </accessor>
        </technique_common>
      </source>
      <source id="mixamorig_Spine2-Matrix-animation-output-transform">
        <float_array id="mixamorig_Spine2-Matrix-animation-output-transform-array" count="400">

0.999731 -0.013375 -0.018941 0.000000 0.012640 0.999182 -0.038423 11.295900 0.019439 0.038173 0.999082 0.000000 0.000000 0.000000 0.000000 1.000000
0.999413 -0.019853 -0.027910 0.000000 0.018033 0.997787 -0.063993 11.295900 0.029118 0.063453 0.997560 0.000000 0.000000 0.000000 0.000000 1.000000
0.998894 -0.026634 -0.038742 0.000000 0.023025 0.995604 -0.090787 11.295900 0.040989 0.089795 0.995116 -0.000000 0.000000 0.000000 0.000000 1.000000
0.998361 -0.034338 -0.045794 0.000000 0.028670 0.992463 -0.119141 11.295900 0.049540 0.117632 0.991821 -0.000000 0.000000 0.000000 0.000000 1.000000
0.998090 -0.042234 -0.045084 0.000000 0.035102 0.988260 -0.148693 11.295900 0.050835 0.146826 0.987855 0.000000 0.000000 0.000000 0.000000 1.000000
0.998073 -0.048501 -0.038716 0.000000 0.040922 0.983370 -0.176946 11.295900 0.046654 0.175020 0.983459 0.000000 0.000000 0.000000 0.000000 1.000000
0.998124 -0.051859 -0.032531 0.000000 0.044327 0.978750 -0.200209 11.295900 0.042223 0.198391 0.979213 0.000000 0.000000 0.000000 0.000000 1.000000
0.998231 -0.051679 -0.029401 0.000000 0.044209 0.975791 -0.214188 11.295900 0.039759 0.212510 0.976350 -0.000000 0.000000 0.000000 0.000000 1.000000
0.998368 -0.049597 -0.028306 0.000000 0.042151 0.974433 -0.220688 11.295900 0.038528 0.219135 0.974934 0.000000 0.000000 0.000000 0.000000 1.000000
0.998487 -0.047795 -0.027204 0.000000 0.040522 0.973837 -0.223605 11.295900 0.037180 0.222164 0.974300 0.000000 0.000000 0.000000 0.000000 1.000000
0.998621 -0.046228 -0.024900 0.000000 0.039561 0.974225 -0.222083 11.295900 0.034525 0.220791 0.974710 0.000000 0.000000 0.000000 0.000000 1.000000
0.998761 -0.044673 -0.021937 0.000000 0.038865 0.975421 -0.216897 11.295900 0.031087 0.215775 0.975948 0.000000 0.000000 0.000000 0.000000 1.000000
0.998897 -0.042814 -0.019284 0.000000 0.037838 0.977101 -0.209387 11.295900 0.027807 0.208426 0.977643 -0.000000 0.000000 0.000000 0.000000 1.000000
0.999024 -0.040633 -0.017303 -0.000000 0.036355 0.979085 -0.200177 11.295900 0.025075 0.199353 0.979607 0.000000 0.000000 0.000000 0.000000 1.000000
0.999135 -0.038500 -0.015713 0.000000 0.034841 0.981338 -0.189109 11.295900 0.022701 0.188398 0.981830 0.000000 0.000000 0.000000 0.000000 1.000000
0.999222 -0.036773 -0.014240 0.000000 0.033694 0.983784 -0.176162 11.295900 0.020487 0.175545 0.984258 0.000000 0.000000 0.000000 0.000000 1.000000
0.999287 -0.035414 -0.013098 -0.000000 0.032831 0.986269 -0.161850 11.295900 0.018650 0.161305 0.986728 0.000000 0.000000 0.000000 0.000000 1.000000
0.999338 -0.034035 -0.012837 0.000000 0.031788 0.988677 -0.146652 11.295900 0.017683 0.146147 0.989105 0.000000 0.000000 0.000000 0.000000 1.000000
0.999385 -0.032209 -0.013860 0.000000 0.030127 0.990979 -0.130584 11.295900 0.017941 0.130086 0.991340 -0.000000 0.000000 0.000000 0.000000 1.000000
0.999428 -0.029747 -0.016091 0.000000 0.027730 0.993135 -0.113641 11.295900 0.019361 0.113130 0.993392 0.000000 0.000000 0.000000 0.000000 1.000000
0.999462 -0.026765 -0.018933 0.000000 0.024821 0.995035 -0.096377 11.295900 0.021418 0.095855 0.995165 0.000000 0.000000 0.000000 0.000000 1.000000
0.999494 -0.023517 -0.021422 -0.000000 0.021739 0.996580 -0.079727 11.295900 0.023223 0.079221 0.996587 0.000000 0.000000 0.000000 0.000000 1.000000
0.999543 -0.020163 -0.022528 0.000000 0.018675 0.997749 -0.064405 11.295900 0.023776 0.063955 0.997669 0.000000 0.000000 0.000000 0.000000 1.000000
0.999625 -0.016763 -0.021675 -0.000000 0.015648 0.998594 -0.050641 11.295900 0.022494 0.050283 0.998482 -0.000000 0.000000 0.000000 0.000000 1.000000
0.999731 -0.013375 -0.018941 0.000000 0.012640 0.999182 -0.038423 11.295900 0.019439 0.038173 0.999082 0.000000 0.000000 0.000000 0.000000 1.000000</float_array>
        <technique_common>
          <accessor source="#mixamorig_Spine2-Matrix-animation-output-transform-array" count="25" stride="16">
            <param type="float4x4"/>
          </accessor>
        </technique_common>
      </source>
      <source id="mixamorig_Spine2-Interpolations">
        <Name_array id="mixamorig_Spine2-Interpolations-array" count="25">
 LINEAR LINEAR LINEAR LINEAR LINEAR LINEAR LINEAR LINEAR LINEAR LINEAR LINEAR
LINEAR LINEAR LINEAR LINEAR LINEAR LINEAR LINEAR LINEAR LINEAR LINEAR LINEAR LINEAR
LINEAR LINEAR</Name_array>
        <technique_common>
          <accessor source="#mixamorig_Spine2-Interpolations-array" count="25">
            <param type="name"/>
          </accessor>
        </technique_common>
      </source>
      <sampler id="mixamorig_Spine2-Matrix-animation-transform">
        <input semantic="INPUT" source="#mixamorig_Spine2-Matrix-animation-input"/>
        <input semantic="OUTPUT" source="#mixamorig_Spine2-Matrix-animation-output-transform"/>
        <input semantic="INTERPOLATION" source="#mixamorig_Spine2-Interpolations"/>
      </sampler>
      <channel source="#mixamorig_Spine2-Matrix-animation-transform" target="mixamorig_Spine2/matrix"/>
      <source id="mixamorig_Neck-Matrix-animation-input">
        <float_array id="mixamorig_Neck-Matrix-animation-input-array" count="25">

0.000000 0.033333 0.066667 0.100000 0.133333 0.166667 0.200000 0.233333 0.266667 0.300000 0.333333 0.366667 0.400000 0.433333 0.466667 0.500000
0.533333 0.566667 0.600000 0.633333 0.666667 0.700000 0.733333 0.766667 0.800000</float_array>
        <technique_common>
          <accessor source="#mixamorig_Neck-Matrix-animation-input-array" count="25">
            <param name="TIME" type="float"/>
          </accessor>
        </technique_common>
      </source>
      <source id="mixamorig_Neck-Matrix-animation-output-transform">
        <float_array id="mixamorig_Neck-Matrix-animation-output-transform-array" count="400">

0.970444 0.077035 -0.228700 0.000000 -0.106889 0.986863 -0.121149 12.707800 0.216363 0.142014 0.965929 0.000000 0.000000 0.000000 0.000000 1.000000
0.979589 0.051049 -0.194419 0.000000 -0.079609 0.986654 -0.142043 12.707800 0.184573 0.154622 0.970580 0.000000 0.000000 0.000000 0.000000 1.000000
0.988361 0.023237 -0.150339 0.000000 -0.047622 0.985854 -0.160700 12.707800 0.144478 0.165989 0.975486 0.000000 0.000000 0.000000 0.000000 1.000000
0.994496 0.003783 -0.104706 0.000000 -0.021194 0.985952 -0.165679 12.707800 0.102608 0.166986 0.980606 0.000000 0.000000 0.000000 0.000000 1.000000
0.997732 -0.004325 -0.067172 -0.000000 -0.006163 0.987873 -0.155144 12.707800 0.067028 0.155206 0.985606 0.000000 0.000000 0.000000 0.000000 1.000000
0.999087 -0.006172 -0.042268 0.000000 0.000227 0.990262 -0.139218 12.707800 0.042715 0.139081 0.989359 -0.000000 0.000000 0.000000 0.000000 1.000000
0.999563 -0.006635 -0.028817 -0.000000 0.002913 0.991856 -0.127328 12.707800 0.029427 0.127188 0.991442 0.000000 0.000000 0.000000 0.000000 1.000000
0.999640 -0.005790 -0.026194 0.000000 0.002600 0.992744 -0.120220 12.707800 0.026700 0.120108 0.992402 0.000000 0.000000 0.000000 0.000000 1.000000
0.999531 -0.003624 -0.030421 -0.000000 0.000054 0.993184 -0.116554 12.707800 0.030636 0.116498 0.992718 0.000000 0.000000 0.000000 0.000000 1.000000
0.999329 -0.000944 -0.036618 -0.000000 -0.003345 0.993140 -0.116885 12.707800 0.036477 0.116929 0.992470 0.000000 0.000000 0.000000 0.000000 1.000000
0.998983 0.002536 -0.045017 0.000000 -0.007971 0.992623 -0.120976 12.707800 0.044378 0.121212 0.991634 0.000000 0.000000 0.000000 0.000000 1.000000
0.998460 0.006025 -0.055157 0.000000 -0.013033 0.991742 -0.127586 12.707800 0.053933 0.128109 0.990293 0.000000 0.000000 0.000000 0.000000 1.000000
0.997747 0.008998 -0.066478 -0.000000 -0.017910 0.990723 -0.134714 12.707800 0.064650 0.135601 0.988652 0.000000 0.000000 0.000000 0.000000 1.000000
0.996825 0.011660 -0.078770 0.000000 -0.022718 0.989752 -0.140978 12.707800 0.076319 0.142320 0.986874 -0.000000 0.000000 0.000000 0.000000 1.000000
0.995633 0.014705 -0.092185 0.000000 -0.028117 0.988896 -0.145924 12.707800 0.089015 0.147879 0.984991 0.000000 0.000000 0.000000 0.000000 1.000000
0.994100 0.018916 -0.106805 -0.000000 -0.034840 0.988183 -0.149268 12.707800 0.102720 0.152108 0.983012 0.000000 0.000000 0.000000 0.000000 1.000000
0.992198 0.024657 -0.122212 -0.000000 -0.043080 0.987674 -0.150481 12.707800 0.116995 0.154571 0.981030 -0.000000 0.000000 0.000000 0.000000 1.000000
0.989988 0.031499 -0.137595 -0.000000 -0.052177 0.987404 -0.149368 12.707800 0.131157 0.155052 0.979161 0.000000 0.000000 0.000000 0.000000 1.000000
0.987596 0.038522 -0.152218 -0.000000 -0.061118 0.987294 -0.146682 12.707800 0.144633 0.154166 0.977402 0.000000 0.000000 0.000000 0.000000 1.000000
0.985134 0.045317 -0.165704 -0.000000 -0.069560 0.987193 -0.143565 12.707800 0.157076 0.152957 0.975670 0.000000 0.000000 0.000000 0.000000 1.000000
0.982619 0.052437 -0.178074 0.000000 -0.078118 0.987006 -0.140418 12.707800 0.168397 0.151888 0.973947 0.000000 0.000000 0.000000 0.000000 1.000000
0.979969 0.060288 -0.189807 0.000000 -0.087197 0.986757 -0.136775 12.707800 0.179047 0.150585 0.972248 0.000000 0.000000 0.000000 0.000000 1.000000
0.977070 0.067887 -0.201803 0.000000 -0.095850 0.986579 -0.132189 12.707800 0.190121 0.148501 0.970464 0.000000 0.000000 0.000000 0.000000 1.000000
0.973880 0.073673 -0.214777 -0.000000 -0.102603 0.986606 -0.126814 12.707800 0.202558 0.145539 0.968395 0.000000 0.000000 0.000000 0.000000 1.000000
0.970444 0.077035 -0.228700 -0.000000 -0.106889 0.986863 -0.121149 12.707800 0.216363 0.142014 0.965929 0.000000 0.000000 0.000000 0.000000 1.000000</float_array>
        <technique_common>
          <accessor source="#mixamorig_Neck-Matrix-animation-output-transform-array" count="25" stride="16">
            <param type="float4x4"/>
          </accessor>
        </technique_common>
      </source>
      <source id="mixamorig_Neck-Interpolations">
        <Name_array id="mixamorig_Neck-Interpolations-array" count="25">
 LINEAR LINEAR LINEAR LINEAR LINEAR LINEAR LINEAR LINEAR LINEAR LINEAR LINEAR
LINEAR LINEAR LINEAR LINEAR LINEAR LINEAR LINEAR LINEAR LINEAR LINEAR LINEAR LINEAR
LINEAR LINEAR</Name_array>
        <technique_common>
          <accessor source="#mixamorig_Neck-Interpolations-array" count="25">
            <param type="name"/>
          </accessor>
        </technique_common>
      </source>
      <sampler id="mixamorig_Neck-Matrix-animation-transform">
        <input semantic="INPUT" source="#mixamorig_Neck-Matrix-animation-input"/>
        <input semantic="OUTPUT" source="#mixamorig_Neck-Matrix-animation-output-transform"/>
        <input semantic="INTERPOLATION" source="#mixamorig_Neck-Interpolations"/>
      </sampler>
      <channel source="#mixamorig_Neck-Matrix-animation-transform" target="mixamorig_Neck/matrix"/>
      <source id="mixamorig_Head-Matrix-animation-input">
        <float_array id="mixamorig_Head-Matrix-animation-input-array" count="25">

0.000000 0.033333 0.066667 0.100000 0.133333 0.166667 0.200000 0.233333 0.266667 0.300000 0.333333 0.366667 0.400000 0.433333 0.466667 0.500000
0.533333 0.566667 0.600000 0.633333 0.666667 0.700000 0.733333 0.766667 0.800000</float_array>
        <technique_common>
          <accessor source="#mixamorig_Head-Matrix-animation-input-array" count="25">
            <param name="TIME" type="float"/>
          </accessor>
        </technique_common>
      </source>
      <source id="mixamorig_Head-Matrix-animation-output-transform">
        <float_array id="mixamorig_Head-Matrix-animation-output-transform-array" count="400">

0.936427 -0.067621 -0.344285 -0.000000 0.017903 0.989183 -0.145591 6.103100 0.350406 0.130172 0.927508 1.780100 0.000000 0.000000 0.000000 1.000000
0.933300 -0.092412 -0.347002 0.000000 0.016595 0.976387 -0.215392 6.103100 0.358713 0.195267 0.912796 1.780100 0.000000 0.000000 0.000000 1.000000
0.933546 -0.112876 -0.340222 -0.000000 0.021103 0.964787 -0.262184 6.103100 0.357836 0.237581 0.903055 1.780100 0.000000 0.000000 0.000000 1.000000
0.928471 -0.111633 -0.354231 0.000000 0.036446 0.976542 -0.212221 6.103100 0.369612 0.184131 0.910759 1.780100 0.000000 0.000000 0.000000 1.000000
0.911836 -0.086473 -0.401346 0.000000 0.066302 0.995751 -0.063907 6.103100 0.405167 0.031663 0.913694 1.780100 0.000000 0.000000 0.000000 1.000000
0.883636 -0.056352 -0.464771 0.000000 0.115085 0.988414 0.098960 6.103100 0.453809 -0.140933 0.879884 1.780100 0.000000 0.000000 0.000000 1.000000
0.851932 -0.045843 -0.521641 -0.000000 0.173203 0.964761 0.198085 6.103100 0.494178 -0.259105 0.829851 1.780100 0.000000 0.000000 0.000000 1.000000
0.827070 -0.059173 -0.558976 0.000000 0.221038 0.948566 0.226637 6.103100 0.516815 -0.311000 0.797610 1.780100 0.000000 0.000000 0.000000 1.000000
0.810384 -0.081791 -0.580162 -0.000000 0.252271 0.942429 0.219515 6.103100 0.528807 -0.324249 0.784363 1.780100 0.000000 0.000000 0.000000 1.000000
0.799011 -0.099108 -0.593093 0.000000 0.268262 0.941482 0.204077 6.103100 0.538160 -0.322164 0.778841 1.780100 0.000000 0.000000 0.000000 1.000000
0.794443 -0.106629 -0.597905 -0.000000 0.267605 0.945208 0.187003 6.103100 0.545204 -0.308566 0.779448 1.780100 0.000000 0.000000 0.000000 1.000000
0.795805 -0.107850 -0.595872 0.000000 0.255618 0.951874 0.169101 6.103100 0.548957 -0.286887 0.785074 1.780100 0.000000 0.000000 0.000000 1.000000
0.801467 -0.106607 -0.588461 -0.000000 0.238669 0.959245 0.151282 6.103100 0.548350 -0.261695 0.794247 1.780100 0.000000 0.000000 0.000000 1.000000
0.810479 -0.103319 -0.576584 0.000000 0.218621 0.966550 0.134108 6.103100 0.543442 -0.234745 0.805957 1.780100 0.000000 0.000000 0.000000 1.000000
0.821892 -0.096846 -0.561350 0.000000 0.194356 0.973985 0.116529 6.103100 0.535461 -0.204876 0.819333 1.780100 0.000000 0.000000 0.000000 1.000000
0.834042 -0.087824 -0.544666 0.000000 0.166917 0.981149 0.097394 6.103100 0.525845 -0.172144 0.832979 1.780100 0.000000 0.000000 0.000000 1.000000
0.845656 -0.078973 -0.527853 0.000000 0.140118 0.987153 0.076789 6.103100 0.515007 -0.138899 0.845858 1.780100 0.000000 0.000000 0.000000 1.000000
0.857106 -0.072593 -0.509999 0.000000 0.116378 0.991713 0.054424 6.103100 0.501821 -0.106000 0.858452 1.780100 0.000000 0.000000 0.000000 1.000000
0.869661 -0.068819 -0.488828 0.000000 0.094975 0.995061 0.028879 6.103100 0.484426 -0.071542 0.871902 1.780100 0.000000 0.000000 0.000000 1.000000
0.883654 -0.066245 -0.463430 0.000000 0.075048 0.997180 0.000557 6.103100 0.462086 -0.035272 0.886134 1.780100 0.000000 0.000000 0.000000 1.000000
0.897887 -0.063708 -0.435591 0.000000 0.057638 0.997968 -0.027149 6.103100 0.436436 -0.000730 0.899735 1.780100 0.000000 0.000000 0.000000 1.000000
0.910789 -0.061559 -0.408257 0.000000 0.043856 0.997653 -0.052591 6.103100 0.410536 0.029995 0.911351 1.780100 0.000000 0.000000 0.000000 1.000000
0.921550 -0.061210 -0.383403 0.000000 0.033214 0.996303 -0.079225 6.103100 0.386835 0.060275 0.920177 1.780100 0.000000 0.000000 0.000000 1.000000
0.930065 -0.063400 -0.361883 0.000000 0.024677 0.993554 -0.110643 6.103100 0.366565 0.093975 0.925634 1.780100 0.000000 0.000000 0.000000 1.000000
0.936427 -0.067621 -0.344285 -0.000000 0.017902 0.989183 -0.145593 6.103100 0.350406 0.130174 0.927508 1.780100 0.000000 0.000000 0.000000 1.000000</float_array>
        <technique_common>
          <accessor source="#mixamorig_Head-Matrix-animation-output-transform-array" count="25" stride="16">
            <param type="float4x4"/>
          </accessor>
        </technique_common>
      </source>
      <source id="mixamorig_Head-Interpolations">
        <Name_array id="mixamorig_Head-Interpolations-array" count="25">
 LINEAR LINEAR LINEAR LINEAR LINEAR LINEAR LINEAR LINEAR LINEAR LINEAR LINEAR
LINEAR LINEAR LINEAR LINEAR LINEAR LINEAR LINEAR LINEAR LINEAR LINEAR LINEAR LINEAR
LINEAR LINEAR</Name_array>
        <technique_common>
          <accessor source="#mixamorig_Head-Interpolations-array" count="25">
            <param type="name"/>
          </accessor>
        </technique_common>
      </source>
      <sampler id="mixamorig_Head-Matrix-animation-transform">
        <input semantic="INPUT" source="#mixamorig_Head-Matrix-animation-input"/>
        <input semantic="OUTPUT" source="#mixamorig_Head-Matrix-animation-output-transform"/>
