<?xml version="1.0" encoding="utf-8"?>
<COLLADA xmlns="http://www.collada.org/2005/11/COLLADASchema" version="1.4.1">
  <asset>
    <contributor>
      <author>Mixamo</author>
      <authoring_tool>COLLADA Mixamo exporter</authoring_tool>
      <comments/>
    </contributor>
    <created>2024-05-10T11:32:01Z</created>
    <modified>2024-05-10T11:32:01Z</modified>
    <revision/>
    <title/>
    <unit meter="0.010000"/>
    <up_axis>Y_UP</up_axis>
  </asset>
  <library_animations>
    <animation>
      <source id="Armature-Matrix-animation-input">
        <float_array id="Armature-Matrix-animation-input-array" count="26">

0.000000 0.033333 0.066667 0.100000 0.133333 0.166667 0.200000 0.233333 0.266667 0.300000 0.333333 0.366667 0.400000 0.433333 0.466667 0.500000
0.533333 0.566667 0.600000 0.633333 0.666667 0.700000 0.733333 0.766667 0.800000 0.833333</float_array>
        <technique_common>
          <accessor source="#Armature-Matrix-animation-input-array" count="26">
            <param name="TIME" type="float"/>
          </accessor>
        </technique_common>
      </source>
      <source id="Armature-Matrix-animation-output-transform">
        <float_array id="Armature-Matrix-animation-output-transform-array" count="416">

1.000000 0.000000 0.000000 0.000000 0.000000 0.000000 1.000000 0.000000 0.000000 -1.000000 0.000000 0.000000 0.000000 0.000000 0.000000 1.000000
1.000000 0.000000 0.000000 0.000000 0.000000 0.000000 1.000000 0.000000 0.000000 -1.000000 0.000000 0.000000 0.000000 0.000000 0.000000 1.000000
1.000000 0.000000 0.000000 0.000000 0.000000 0.000000 1.000000 0.000000 0.000000 -1.000000 0.000000 0.000000 0.000000 0.000000 0.000000 1.000000
1.000000 0.000000 0.000000 0.000000 0.000000 0.000000 1.000000 0.000000 0.000000 -1.000000 0.000000 0.000000 0.000000 0.000000 0.000000 1.000000
1.000000 0.000000 0.000000 0.000000 0.000000 0.000000 1.000000 0.000000 0.000000 -1.000000 0.000000 0.000000 0.000000 0.000000 0.000000 1.000000
1.000000 0.000000 0.000000 0.000000 0.000000 0.000000 1.000000 0.000000 0.000000 -1.000000 0.000000 0.000000 0.000000 0.000000 0.000000 1.000000
1.000000 0.000000 0.000000 0.000000 0.000000 0.000000 1.000000 0.000000 0.000000 -1.000000 0.000000 0.000000 0.000000 0.000000 0.000000 1.000000
1.000000 0.000000 0.000000 0.000000 0.000000 0.000000 1.000000 0.000000 0.000000 -1.000000 0.000000 0.000000 0.000000 0.000000 0.000000 1.000000
1.000000 0.000000 0.000000 0.000000 0.000000 0.000000 1.000000 0.000000 0.000000 -1.000000 0.000000 0.000000 0.000000 0.000000 0.000000 1.000000
1.000000 0.000000 0.000000 0.000000 0.000000 0.000000 1.000000 0.000000 0.000000 -1.000000 0.000000 0.000000 0.000000 0.000000 0.000000 1.000000
1.000000 0.000000 0.000000 0.000000 0.000000 0.000000 1.000000 0.000000 0.000000 -1.000000 0.000000 0.000000 0.000000 0.000000 0.000000 1.000000
1.000000 0.000000 0.000000 0.000000 0.000000 0.000000 1.000000 0.000000 0.000000 -1.000000 0.000000 0.000000 0.000000 0.000000 0.000000 1.000000
1.000000 0.000000 0.000000 0.000000 0.000000 0.000000 1.000000 0.000000 0.000000 -1.000000 0.000000 0.000000 0.000000 0.000000 0.000000 1.000000
1.000000 0.000000 0.000000 0.000000 0.000000 0.000000 1.000000 0.000000 0.000000 -1.000000 0.000000 0.000000 0.000000 0.000000 0.000000 1.000000
1.000000 0.000000 0.000000 0.000000 0.000000 0.000000 1.000000 0.000000 0.000000 -1.000000 0.000000 0.000000 0.000000 0.000000 0.000000 1.000000
1.000000 0.000000 0.000000 0.000000 0.000000 0.000000 1.000000 0.000000 0.000000 -1.000000 0.000000 0.000000 0.000000 0.000000 0.000000 1.000000
1.000000 0.000000 0.000000 0.000000 0.000000 0.000000 1.000000 0.000000 0.000000 -1.000000 0.000000 0.000000 0.000000 0.000000 0.000000 1.000000
1.000000 0.000000 0.000000 0.000000 0.000000 0.000000 1.000000 0.000000 0.000000 -1.000000 0.000000 0.000000 0.000000 0.000000 0.000000 1.000000
1.000000 0.000000 0.000000 0.000000 0.000000 0.000000 1.000000 0.000000 0.000000 -1.000000 0.000000 0.000000 0.000000 0.000000 0.000000 1.000000
1.000000 0.000000 0.000000 0.000000 0.000000 0.000000 1.000000 0.000000 0.000000 -1.000000 0.000000 0.000000 0.000000 0.000000 0.000000 1.000000
1.000000 0.000000 0.000000 0.000000 0.000000 0.000000 1.000000 0.000000 0.000000 -1.000000 0.000000 0.000000 0.000000 0.000000 0.000000 1.000000
1.000000 0.000000 0.000000 0.000000 0.000000 0.000000 1.000000 0.000000 0.000000 -1.000000 0.000000 0.000000 0.000000 0.000000 0.000000 1.000000
1.000000 0.000000 0.000000 0.000000 0.000000 0.000000 1.000000 0.000000 0.000000 -1.000000 0.000000 0.000000 0.000000 0.000000 0.000000 1.000000
1.000000 0.000000 0.000000 0.000000 0.000000 0.000000 1.000000 0.000000 0.000000 -1.000000 0.000000 0.000000 0.000000 0.000000 0.000000 1.000000
1.000000 0.000000 0.000000 0.000000 0.000000 0.000000 1.000000 0.000000 0.000000 -1.000000 0.000000 0.000000 0.000000 0.000000 0.000000 1.000000
1.000000 0.000000 0.000000 0.000000 0.000000 0.000000 1.000000 0.000000 0.000000 -1.000000 0.000000 0.000000 0.000000 0.000000 0.000000 1.000000</float_array>
        <technique_common>
          <accessor source="#Armature-Matrix-animation-output-transform-array" count="26" stride="16">
            <param type="float4x4"/>
          </accessor>
        </technique_common>
      </source>
      <source id="Armature-Interpolations">
        <Name_array id="Armature-Interpolations-array" count="26">
 LINEAR LINEAR LINEAR LINEAR LINEAR LINEAR LINEAR LINEAR LINEAR LINEAR LINEAR
LINEAR LINEAR LINEAR LINEAR LINEAR LINEAR LINEAR LINEAR LINEAR LINEAR LINEAR LINEAR
LINEAR LINEAR LINEAR</Name_array>
        <technique_common>
          <accessor source="#Armature-Interpolations-array" count="26">
            <param type="name"/>
          </accessor>
        </technique_common>
      </source>
      <sampler id="Armature-Matrix-animation-transform">
        <input semantic="INPUT" source="#Armature-Matrix-animation-input"/>
        <input semantic="OUTPUT" source="#Armature-Matrix-animation-output-transform"/>
        <input semantic="INTERPOLATION" source="#Armature-Interpolations"/>
      </sampler>
      <channel source="#Armature-Matrix-animation-transform" target="Armature/matrix"/>
      <source id="mixamorig_Hips-Matrix-animation-input">
        <float_array id="mixamorig_Hips-Matrix-animation-input-array" count="26">

0.000000 0.033333 0.066667 0.100000 0.133333 0.166667 0.200000 0.233333 0.266667 0.300000 0.333333 0.366667 0.400000 0.433333 0.466667 0.500000
0.533333 0.566667 0.600000 0.633333 0.666667 0.700000 0.733333 0.766667 0.800000 0.833333</float_array>
        <technique_common>
          <accessor source="#mixamorig_Hips-Matrix-animation-input-array" count="26">
            <param name="TIME" type="float"/>
          </accessor>
        </technique_common>
      </source>
      <source id="mixamorig_Hips-Matrix-animation-output-transform">
        <float_array id="mixamorig_Hips-Matrix-animation-output-transform-array" count="416">

0.691860 0.000122 -0.722031 -0.260087 -0.718845 0.093965 -0.688791 -0.098890 0.067761 0.995576 0.065098 84.184372 0.000000 0.000000 0.000000 1.000000
0.674183 0.002057 -0.738562 -0.082800 -0.735013 0.099819 -0.670665 -0.131137 0.072343 0.995004 0.068808 84.804459 0.000000 0.000000 0.000000 1.000000
0.635433 0.000275 -0.772156 0.234553 -0.767821 0.106035 -0.631828 -0.233028 0.081702 0.994362 0.067589 85.522827 0.000000 0.000000 0.000000 1.000000
0.570888 -0.002297 -0.821025 0.968389 -0.815676 0.112408 -0.567483 -0.214654 0.093593 0.993659 0.062299 86.395561 0.000000 0.000000 0.000000 1.000000
0.525781 0.003129 -0.850614 1.214211 -0.845095 0.115710 -0.521944 0.053538 0.096792 0.993278 0.063482 87.198677 0.000000 0.000000 0.000000 1.000000
0.502832 0.014477 -0.864263 1.300406 -0.859611 0.113305 -0.498227 0.444283 0.090713 0.993455 0.069418 87.852295 0.000000 0.000000 0.000000 1.000000
0.484834 0.024603 -0.874260 1.278614 -0.870876 0.105799 -0.479980 0.906101 0.080687 0.994083 0.072722 88.294945 0.000000 0.000000 0.000000 1.000000
0.471309 0.029948 -0.881460 1.223833 -0.879044 0.097266 -0.466713 1.339109 0.071759 0.994808 0.072168 88.471382 0.000000 0.000000 0.000000 1.000000
0.463621 0.032401 -0.885441 1.163489 -0.883448 0.093198 -0.459167 1.673724 0.067644 0.995120 0.071833 88.376099 0.000000 0.000000 0.000000 1.000000
0.463764 0.035059 -0.885265 1.071535 -0.883280 0.095935 -0.458925 1.892140 0.068838 0.994770 0.075458 88.254990 0.000000 0.000000 0.000000 1.000000
0.474206 0.036931 -0.879639 0.919644 -0.877471 0.101441 -0.468779 2.004188 0.071919 0.994156 0.080510 88.213898 0.000000 0.000000 0.000000 1.000000
0.493165 0.037039 -0.869147 0.718249 -0.866723 0.106708 -0.487242 2.014862 0.074697 0.993600 0.084727 88.247925 0.000000 0.000000 0.000000 1.000000
0.515664 0.035901 -0.856038 0.518084 -0.853273 0.111962 -0.509303 1.920485 0.077560 0.993064 0.088368 88.323318 0.000000 0.000000 0.000000 1.000000
0.537244 0.033722 -0.842752 0.365943 -0.839549 0.117090 -0.530516 1.738708 0.080788 0.992549 0.091217 88.400627 0.000000 0.000000 0.000000 1.000000
0.556007 0.030981 -0.830600 0.269550 -0.826953 0.121249 -0.549043 1.511171 0.083700 0.992139 0.093035 88.458847 0.000000 0.000000 0.000000 1.000000
0.571240 0.028444 -0.820290 0.227659 -0.816228 0.124827 -0.564083 1.270567 0.086350 0.991771 0.094522 88.494659 0.000000 0.000000 0.000000 1.000000
0.582725 0.026107 -0.812250 0.235060 -0.807784 0.128034 -0.575406 1.021031 0.088973 0.991426 0.095698 88.467300 0.000000 0.000000 0.000000 1.000000
0.592186 0.023521 -0.805458 0.264704 -0.800707 0.129394 -0.584915 0.754477 0.090464 0.991314 0.095459 88.280418 0.000000 0.000000 0.000000 1.000000
0.601244 0.020488 -0.798803 0.287353 -0.793922 0.128558 -0.594273 0.480506 0.090517 0.991490 0.093561 87.963448 0.000000 0.000000 0.000000 1.000000
0.611239 0.016503 -0.791274 0.287522 -0.786370 0.125708 -0.604830 0.234224 0.089488 0.991930 0.089815 87.536346 0.000000 0.000000 0.000000 1.000000
0.623101 0.012075 -0.782048 0.260023 -0.777247 0.121241 -0.617404 0.051481 0.087361 0.992550 0.084931 87.014648 0.000000 0.000000 0.000000 1.000000
0.637565 0.008637 -0.770348 0.202932 -0.765850 0.115586 -0.632546 -0.063174 0.083578 0.993260 0.080308 86.431686 0.000000 0.000000 0.000000 1.000000
0.653871 0.006379 -0.756579 0.116688 -0.752500 0.109515 -0.649423 -0.125684 0.078714 0.993965 0.076409 85.827797 0.000000 0.000000 0.000000 1.000000
0.669503 0.004163 -0.742798 0.003545 -0.739073 0.103904 -0.665564 -0.144068 0.074409 0.994579 0.072641 85.234093 0.000000 0.000000 0.000000 1.000000
0.682249 0.001811 -0.731118 -0.128774 -0.727664 0.098790 -0.678782 -0.127715 0.070998 0.995107 0.068717 84.676834 0.000000 0.000000 0.000000 1.000000
0.691860 0.000122 -0.722031 -0.260087 -0.718845 0.093965 -0.688791 -0.098890 0.067761 0.995576 0.065098 84.184372 0.000000 0.000000 0.000000 1.000000</float_array>
        <technique_common>
          <accessor source="#mixamorig_Hips-Matrix-animation-output-transform-array" count="26" stride="16">
            <param type="float4x4"/>
          </accessor>
        </technique_common>
      </source>
      <source id="mixamorig_Hips-Interpolations">
        <Name_array id="mixamorig_Hips-Interpolations-array" count="26">
 LINEAR LINEAR LINEAR LINEAR LINEAR LINEAR LINEAR LINEAR LINEAR LINEAR LINEAR
LINEAR LINEAR LINEAR LINEAR LINEAR LINEAR LINEAR LINEAR LINEAR LINEAR LINEAR LINEAR
LINEAR LINEAR LINEAR</Name_array>
        <technique_common>
          <accessor source="#mixamorig_Hips-Interpolations-array" count="26">
            <param type="name"/>
          </accessor>
        </technique_common>
      </source>
      <sampler id="mixamorig_Hips-Matrix-animation-transform">
        <input semantic="INPUT" source="#mixamorig_Hips-Matrix-animation-input"/>
        <input semantic="OUTPUT" source="#mixamorig_Hips-Matrix-animation-output-transform"/>
        <input semantic="INTERPOLATION" source="#mixamorig_Hips-Interpolations"/>
      </sampler>
      <channel source="#mixamorig_Hips-Matrix-animation-transform" target="mixamorig_Hips/matrix"/>
      <source id="mixamorig_Spine-Matrix-animation-input">
        <float_array id="mixamorig_Spine-Matrix-animation-input-array" count="26">

0.000000 0.033333 0.066667 0.100000 0.133333 0.166667 0.200000 0.233333 0.266667 0.300000 0.333333 0.366667 0.400000 0.433333 0.466667 0.500000
0.533333 0.566667 0.600000 0.633333 0.666667 0.700000 0.733333 0.766667 0.800000 0.833333</float_array>
        <technique_common>
          <accessor source="#mixamorig_Spine-Matrix-animation-input-array" count="26">
            <param name="TIME" type="float"/>
          </accessor>
        </technique_common>
      </source>
      <source id="mixamorig_Spine-Matrix-animation-output-transform">
        <float_array id="mixamorig_Spine-Matrix-animation-output-transform-array" count="416">

0.991722 0.016407 0.127348 0.000000 -0.011279 0.999100 -0.040881 8.407700 -0.127905 0.039107 0.991015 -1.041900 0.000000 0.000000 0.000000 1.000000
0.990288 0.004622 0.138958 0.000000 -0.000824 0.999625 -0.027371 8.407700 -0.139032 0.026991 0.989920 -1.041900 0.000000 0.000000 0.000000 1.000000
0.987430 -0.019050 0.156903 0.000000 0.021433 0.999679 -0.013509 8.407700 -0.156596 0.016702 0.987522 -1.041900 0.000000 0.000000 0.000000 1.000000
0.989520 -0.037809 0.139358 0.000000 0.041189 0.998921 -0.021455 8.407700 -0.138397 0.026970 0.990010 -1.041900 0.000000 0.000000 0.000000 1.000000
0.995878 -0.027029 0.086580 0.000000 0.031096 0.998458 -0.045980 8.407700 -0.085204 0.048482 0.995183 -1.041900 0.000000 0.000000 0.000000 1.000000
0.999300 -0.006048 0.036917 0.000000 0.008628 0.997500 -0.070134 8.407700 -0.036401 0.070403 0.996854 -1.041900 0.000000 0.000000 0.000000 1.000000
0.999956 0.009255 -0.001443 0.000000 -0.009345 0.996184 -0.086782 8.407700 0.000634 0.086791 0.996226 -1.041900 0.000000 0.000000 0.000000 1.000000
0.999494 0.019799 -0.024890 -0.000000 -0.022022 0.995471 -0.092477 8.407700 0.022947 0.092979 0.995404 -1.041900 0.000000 0.000000 0.000000 1.000000
0.999072 0.028613 -0.032208 0.000000 -0.031562 0.994967 -0.095100 8.407700 0.029325 0.096028 0.994947 -1.041900 0.000000 0.000000 0.000000 1.000000
0.998690 0.037717 -0.034573 0.000000 -0.040950 0.994330 -0.098141 8.407700 0.030675 0.099428 0.994572 -1.041900 0.000000 0.000000 0.000000 1.000000
0.998218 0.045590 -0.038503 0.000000 -0.049120 0.994134 -0.096362 8.407700 0.033884 0.098081 0.994601 -1.041900 0.000000 0.000000 0.000000 1.000000
0.997789 0.051758 -0.041694 0.000000 -0.055243 0.994649 -0.087301 8.407700 0.036953 0.089411 0.995309 -1.041900 0.000000 0.000000 0.000000 1.000000
0.997450 0.058703 -0.040598 0.000000 -0.061636 0.995261 -0.075213 8.407700 0.035990 0.077524 0.996341 -1.041900 0.000000 0.000000 0.000000 1.000000
0.997128 0.066950 -0.035394 -0.000000 -0.069120 0.995545 -0.064136 8.407700 0.030943 0.066398 0.997313 -1.041900 0.000000 0.000000 0.000000 1.000000
0.996862 0.073654 -0.029019 -0.000000 -0.075150 0.995689 -0.054360 8.407700 0.024890 0.056370 0.998100 -1.041900 0.000000 0.000000 0.000000 1.000000
0.996757 0.077139 -0.022925 0.000000 -0.078108 0.995935 -0.044864 8.407700 0.019371 0.046509 0.998730 -1.041900 0.000000 0.000000 0.000000 1.000000
0.996875 0.077807 -0.013620 -0.000000 -0.078257 0.996267 -0.036430 8.407700 0.010735 0.037382 0.999243 -1.041900 0.000000 0.000000 0.000000 1.000000
0.997129 0.075652 0.003170 0.000000 -0.075517 0.996656 -0.031200 8.407700 -0.005520 0.030871 0.999508 -1.041900 0.000000 0.000000 0.000000 1.000000
0.997168 0.070997 0.024818 0.000000 -0.070287 0.997123 -0.028378 8.407700 -0.026761 0.026554 0.999289 -1.041900 0.000000 0.000000 0.000000 1.000000
0.996821 0.064070 0.047358 0.000000 -0.062870 0.997673 -0.026392 8.407700 -0.048939 0.023331 0.998529 -1.041900 0.000000 0.000000 0.000000 1.000000
0.996159 0.054871 0.068240 -0.000000 -0.053234 0.998254 -0.025580 8.407700 -0.069525 0.021849 0.997341 -1.041900 0.000000 0.000000 0.000000 1.000000
0.995358 0.044207 0.085483 0.000000 -0.042024 0.998747 -0.027167 8.407700 -0.086577 0.023449 0.995969 -1.041900 0.000000 0.000000 0.000000 1.000000
0.994542 0.034073 0.098616 0.000000 -0.031159 0.999036 -0.030937 8.407700 -0.099575 0.027695 0.994645 -1.041900 0.000000 0.000000 0.000000 1.000000
0.993649 0.026183 0.109432 0.000000 -0.022455 0.999129 -0.035164 8.407700 -0.110258 0.032483 0.993372 -1.041900 0.000000 0.000000 0.000000 1.000000
0.992650 0.020691 0.119242 0.000000 -0.016205 0.999128 -0.038472 8.407700 -0.119934 0.036257 0.992120 -1.041900 0.000000 0.000000 0.000000 1.000000
0.991722 0.016407 0.127348 0.000000 -0.011279 0.999100 -0.040881 8.407700 -0.127905 0.039107 0.991015 -1.041900 0.000000 0.000000 0.000000 1.000000</float_array>
        <technique_common>
          <accessor source="#mixamorig_Spine-Matrix-animation-output-transform-array" count="26" stride="16">
            <param type="float4x4"/>
          </accessor>
        </technique_common>
      </source>
      <source id="mixamorig_Spine-Interpolations">
        <Name_array id="mixamorig_Spine-Interpolations-array" count="26">
 LINEAR LINEAR LINEAR LINEAR LINEAR LINEAR LINEAR LINEAR LINEAR LINEAR LINEAR
LINEAR LINEAR LINEAR LINEAR LINEAR LINEAR LINEAR LINEAR LINEAR LINEAR LINEAR LINEAR
LINEAR LINEAR LINEAR</Name_array>
        <technique_common>
          <accessor source="#mixamorig_Spine-Interpolations-array" count="26">
            <param type="name"/>
          </accessor>
        </technique_common>
      </source>
      <sampler id="mixamorig_Spine-Matrix-animation-transform">
        <input semantic="INPUT" source="#mixamorig_Spine-Matrix-animation-input"/>
        <input semantic="OUTPUT" source="#mixamorig_Spine-Matrix-animation-output-transform"/>
        <input semantic="INTERPOLATION" source="#mixamorig_Spine-Interpolations"/>
      </sampler>
      <channel source="#mixamorig_Spine-Matrix-animation-transform" target="mixamorig_Spine/matrix"/>
      <source id="mixamorig_Spine1-Matrix-animation-input">
        <float_array id="mixamorig_Spine1-Matrix-animation-input-array" count="26">

0.000000 0.033333 0.066667 0.100000 0.133333 0.166667 0.200000 0.233333 0.266667 0.300000 0.333333 0.366667 0.400000 0.433333 0.466667 0.500000
0.533333 0.566667 0.600000 0.633333 0.666667 0.700000 0.733333 0.766667 0.800000 0.833333</float_array>
        <technique_common>
          <accessor source="#mixamorig_Spine1-Matrix-animation-input-array" count="26">
            <param name="TIME" type="float"/>
          </accessor>
        </technique_common>
      </source>
      <source id="mixamorig_Spine1-Matrix-animation-output-transform">
        <float_array id="mixamorig_Spine1-Matrix-animation-output-transform-array" count="416">

0.999723 0.013732 0.019110 -0.000000 -0.012995 0.999187 -0.038158 9.883800 -0.019618 0.037899 0.999089 0.000000 0.000000 0.000000 0.000000 1.000000
0.999279 0.016011 0.034438 -0.000000 -0.013796 0.997879 -0.063622 9.883800 -0.035384 0.063101 0.997380 0.000000 0.000000 0.000000 0.000000 1.000000
0.998399 0.014016 0.054794 0.000000 -0.008852 0.995590 -0.093390 9.883800 -0.055861 0.092756 0.994121 0.000000 0.000000 0.000000 0.000000 1.000000
0.998124 0.014562 0.059464 0.000000 -0.006441 0.990886 -0.134552 9.883800 -0.060882 0.133916 0.989121 0.000000 0.000000 0.000000 0.000000 1.000000
0.998506 0.028465 0.046635 0.000000 -0.019536 0.983141 -0.181802 9.883800 -0.051024 0.180619 0.982229 0.000000 0.000000 0.000000 0.000000 1.000000
0.998393 0.045892 0.033234 0.000000 -0.037270 0.973674 -0.224876 9.883800 -0.042679 0.223276 0.973820 -0.000000 0.000000 0.000000 0.000000 1.000000
0.998025 0.058568 0.022729 0.000000 -0.050769 0.964992 -0.257319 9.883800 -0.037004 0.255657 0.966059 0.000000 0.000000 0.000000 0.000000 1.000000
0.997642 0.066746 0.016003 0.000000 -0.059803 0.959702 -0.274583 9.883800 -0.033685 0.272978 0.961430 0.000000 0.000000 0.000000 0.000000 1.000000
0.997337 0.071763 0.013022 -0.000000 -0.065291 0.958032 -0.279127 9.883800 -0.032507 0.277534 0.960166 0.000000 0.000000 0.000000 0.000000 1.000000
0.997028 0.076218 0.011233 0.000000 -0.070013 0.957227 -0.280740 9.883800 -0.032150 0.279119 0.959718 0.000000 0.000000 0.000000 0.000000 1.000000
0.996759 0.079956 0.008836 0.000000 -0.074290 0.957087 -0.280116 9.883800 -0.030854 0.278552 0.959926 0.000000 0.000000 0.000000 0.000000 1.000000
0.996528 0.082972 0.006942 -0.000000 -0.077840 0.957989 -0.276041 9.883800 -0.029554 0.274543 0.961121 0.000000 0.000000 0.000000 0.000000 1.000000
0.996210 0.086696 0.007001 0.000000 -0.081577 0.959234 -0.270585 9.883800 -0.030174 0.268988 0.962671 0.000000 0.000000 0.000000 0.000000 1.000000
0.995782 0.091320 0.008863 -0.000000 -0.085698 0.960256 -0.265638 9.883800 -0.032769 0.263758 0.964032 -0.000000 0.000000 0.000000 0.000000 1.000000
0.995386 0.095277 0.011359 0.000000 -0.089020 0.961161 -0.261236 9.883800 -0.035808 0.259020 0.965208 0.000000 0.000000 0.000000 0.000000 1.000000
0.995117 0.097709 0.013945 0.000000 -0.090874 0.962166 -0.256863 9.883800 -0.038515 0.254342 0.966347 -0.000000 0.000000 0.000000 0.000000 1.000000
0.994997 0.098359 0.017510 0.000000 -0.090869 0.963833 -0.250536 9.883800 -0.041519 0.247692 0.967949 0.000000 0.000000 0.000000 0.000000 1.000000
0.995132 0.095948 0.022511 0.000000 -0.087872 0.967243 -0.238157 9.883800 -0.044624 0.235020 0.970966 -0.000000 0.000000 0.000000 0.000000 1.000000
0.995510 0.090456 0.027895 0.000000 -0.082156 0.972028 -0.220029 9.883800 -0.047018 0.216749 0.975094 -0.000000 0.000000 0.000000 0.000000 1.000000
0.996112 0.082015 0.032168 0.000000 -0.074137 0.977630 -0.196831 9.883800 -0.047591 0.193681 0.979910 0.000000 0.000000 0.000000 0.000000 1.000000
0.996890 0.070874 0.034462 0.000000 -0.064026 0.983327 -0.170203 9.883800 -0.045950 0.167468 0.984806 0.000000 0.000000 0.000000 0.000000 1.000000
0.997739 0.057894 0.034121 0.000000 -0.052489 0.988435 -0.142270 9.883800 -0.041963 0.140157 0.989240 -0.000000 0.000000 0.000000 0.000000 1.000000
0.998512 0.044692 0.031243 0.000000 -0.040847 0.992593 -0.114416 9.883800 -0.036125 0.112970 0.992942 -0.000000 0.000000 0.000000 0.000000 1.000000
0.999096 0.032708 0.027156 0.000000 -0.030228 0.995733 -0.087191 9.883800 -0.029892 0.086292 0.995821 -0.000000 0.000000 0.000000 0.000000 1.000000
0.999482 0.022452 0.023050 -0.000000 -0.021003 0.997899 -0.061290 9.883800 -0.024377 0.060774 0.997854 0.000000 0.000000 0.000000 0.000000 1.000000
0.999723 0.013732 0.019110 -0.000000 -0.012995 0.999187 -0.038158 9.883800 -0.019618 0.037899 0.999089 0.000000 0.000000 0.000000 0.000000 1.000000</float_array>
        <technique_common>
          <accessor source="#mixamorig_Spine1-Matrix-animation-output-transform-array" count="26" stride="16">
            <param type="float4x4"/>
          </accessor>
        </technique_common>
      </source>
      <source id="mixamorig_Spine1-Interpolations">
        <Name_array id="mixamorig_Spine1-Interpolations-array" count="26">
 LINEAR LINEAR LINEAR LINEAR LINEAR LINEAR LINEAR LINEAR LINEAR LINEAR LINEAR
LINEAR LINEAR LINEAR LINEAR LINEAR LINEAR LINEAR LINEAR LINEAR LINEAR LINEAR LINEAR
LINEAR LINEAR LINEAR</Name_array>
        <technique_common>
          <accessor source="#mixamorig_Spine1-Interpolations-array" count="26">
            <param type="name"/>
          </accessor>
        </technique_common>
      </source>
      <sampler id="mixamorig_Spine1-Matrix-animation-transform">
        <input semantic="INPUT" source="#mixamorig_Spine1-Matrix-animation-input"/>
        <input semantic="OUTPUT" source="#mixamorig_Spine1-Matrix-animation-output-transform"/>
        <input semantic="INTERPOLATION" source="#mixamorig_Spine1-Interpolations"/>
      </sampler>
      <channel source="#mixamorig_Spine1-Matrix-animation-transform" target="mixamorig_Spine1/matrix"/>
      <source id="mixamorig_Spine2-Matrix-animation-input">
        <float_array id="mixamorig_Spine2-Matrix-animation-input-array" count="26">

0.000000 0.033333 0.066667 0.100000 0.133333 0.166667 0.200000 0.233333 0.266667 0.300000 0.333333 0.366667 0.400000 0.433333 0.466667 0.500000
0.533333 0.566667 0.600000 0.633333 0.666667 0.700000 0.733333 0.766667 0.800000 0.833333</float_array>
        <technique_common>
          <accessor source="#mixamorig_Spine2-Matrix-animation-input-array" count="26">
            <param name="TIME" type="float"/>
          </accessor>
        </technique_common>
      </source>
      <source id="mixamorig_Spine2-Matrix-animation-output-transform">
        <float_array id="mixamorig_Spine2-Matrix-animation-output-transform-array" count="416">

0.999731 0.013375 0.018940 0.000000 -0.012640 0.999182 -0.038423 11.295900 -0.019439 0.038173 0.999082 -0.000000 0.000000 0.000000 0.000000 1.000000
0.999289 0.015672 0.034304 -0.000000 -0.013460 0.997872 -0.063805 11.295900 -0.035231 0.063298 0.997373 0.000000 0.000000 0.000000 0.000000 1.000000
0.998408 0.013709 0.054721 -0.000000 -0.008548 0.995586 -0.093459 11.295900 -0.055760 0.092843 0.994118 0.000000 0.000000 0.000000 0.000000 1.000000
0.998127 0.014329 0.059471 0.000000 -0.006211 0.990893 -0.134510 11.295900 -0.060857 0.133889 0.989126 0.000000 0.000000 0.000000 0.000000 1.000000
0.998507 0.028333 0.046702 0.000000 -0.019398 0.983158 -0.181725 11.295900 -0.051064 0.180548 0.982240 0.000000 0.000000 0.000000 0.000000 1.000000
0.998391 0.045862 0.033336 0.000000 -0.037221 0.973692 -0.224809 11.295900 -0.042770 0.223207 0.973832 0.000000 0.000000 0.000000 0.000000 1.000000
0.998018 0.058632 0.022848 -0.000000 -0.050803 0.965004 -0.257268 11.295900 -0.037133 0.255598 0.966070 0.000000 0.000000 0.000000 0.000000 1.000000
0.997631 0.066872 0.016124 0.000000 -0.059893 0.959707 -0.274545 11.295900 -0.033834 0.272929 0.961439 0.000000 0.000000 0.000000 0.000000 1.000000
0.997325 0.071910 0.013136 0.000000 -0.065401 0.958033 -0.279096 11.295900 -0.032655 0.277490 0.960173 -0.000000 0.000000 0.000000 0.000000 1.000000
0.997015 0.076372 0.011337 0.000000 -0.070133 0.957226 -0.280713 11.295900 -0.032291 0.279080 0.959725 -0.000000 0.000000 0.000000 0.000000 1.000000
0.996745 0.080120 0.008929 -0.000000 -0.074423 0.957084 -0.280093 11.295900 -0.030987 0.278516 0.959931 0.000000 0.000000 0.000000 0.000000 1.000000
0.996513 0.083145 0.007023 0.000000 -0.077985 0.957983 -0.276021 11.295900 -0.029678 0.274510 0.961126 0.000000 0.000000 0.000000 0.000000 1.000000
0.996194 0.086871 0.007073 0.000000 -0.081727 0.959226 -0.270566 11.295900 -0.030289 0.268958 0.962676 0.000000 0.000000 0.000000 0.000000 1.000000
0.995766 0.091490 0.008931 -0.000000 -0.085844 0.960248 -0.265621 11.295900 -0.032877 0.263729 0.964036 0.000000 0.000000 0.000000 0.000000 1.000000
0.995370 0.095440 0.011423 -0.000000 -0.089161 0.961152 -0.261221 11.295900 -0.035910 0.258993 0.965211 0.000000 0.000000 0.000000 0.000000 1.000000
0.995101 0.097864 0.014002 0.000000 -0.091010 0.962156 -0.256850 11.295900 -0.038609 0.254318 0.966350 0.000000 0.000000 0.000000 0.000000 1.000000
0.994982 0.098500 0.017557 0.000000 -0.090995 0.963824 -0.250527 11.295900 -0.041598 0.247672 0.967951 0.000000 0.000000 0.000000 0.000000 1.000000
0.995121 0.096054 0.022545 0.000000 -0.087967 0.967236 -0.238151 11.295900 -0.044682 0.235006 0.970966 0.000000 0.000000 0.000000 0.000000 1.000000
0.995504 0.090512 0.027915 0.000000 -0.082207 0.972023 -0.220029 11.295900 -0.047049 0.216745 0.975094 -0.000000 0.000000 0.000000 0.000000 1.000000
0.996112 0.082017 0.032168 0.000000 -0.074138 0.977628 -0.196843 11.295900 -0.047593 0.193693 0.979907 0.000000 0.000000 0.000000 0.000000 1.000000
0.996894 0.070822 0.034438 0.000000 -0.063977 0.983325 -0.170233 11.295900 -0.045920 0.167502 0.984802 0.000000 0.000000 0.000000 0.000000 1.000000
0.997747 0.057791 0.034068 0.000000 -0.052392 0.988432 -0.142328 11.295900 -0.041899 0.140223 0.989233 0.000000 0.000000 0.000000 0.000000 1.000000
0.998522 0.044542 0.031156 -0.000000 -0.040704 0.992587 -0.114515 11.295900 -0.036026 0.113077 0.992933 -0.000000 0.000000 0.000000 0.000000 1.000000
0.999105 0.032524 0.027033 0.000000 -0.030051 0.995725 -0.087342 11.295900 -0.029758 0.086451 0.995812 0.000000 0.000000 0.000000 0.000000 1.000000
0.999491 0.022216 0.022897 0.000000 -0.020772 0.997891 -0.061498 11.295900 -0.024215 0.060991 0.997845 0.000000 0.000000 0.000000 0.000000 1.000000
0.999731 0.013375 0.018940 0.000000 -0.012640 0.999182 -0.038423 11.295900 -0.019439 0.038173 0.999082 -0.000000 0.000000 0.000000 0.000000 1.000000</float_array>
        <technique_common>
          <accessor source="#mixamorig_Spine2-Matrix-animation-output-transform-array" count="26" stride="16">
            <param type="float4x4"/>
          </accessor>
        </technique_common>
      </source>
      <source id="mixamorig_Spine2-Interpolations">
        <Name_array id="mixamorig_Spine2-Interpolations-array" count="26">
 LINEAR LINEAR LINEAR LINEAR LINEAR LINEAR LINEAR LINEAR LINEAR LINEAR LINEAR
LINEAR LINEAR LINEAR LINEAR LINEAR LINEAR LINEAR LINEAR LINEAR LINEAR LINEAR LINEAR
LINEAR LINEAR LINEAR</Name_array>
        <technique_common>
          <accessor source="#mixamorig_Spine2-Interpolations-array" count="26">
            <param type="name"/>
          </accessor>
        </technique_common>
      </source>
      <sampler id="mixamorig_Spine2-Matrix-animation-transform">
        <input semantic="INPUT" source="#mixamorig_Spine2-Matrix-animation-input"/>
        <input semantic="OUTPUT" source="#mixamorig_Spine2-Matrix-animation-output-transform"/>
        <input semantic="INTERPOLATION" source="#mixamorig_Spine2-Interpolations"/>
      </sampler>
      <channel source="#mixamorig_Spine2-Matrix-animation-transform" target="mixamorig_Spine2/matrix"/>
      <source id="mixamorig_Neck-Matrix-animation-input">
        <float_array id="mixamorig_Neck-Matrix-animation-input-array" count="26">

0.000000 0.033333 0.066667 0.100000 0.133333 0.166667 0.200000 0.233333 0.266667 0.300000 0.333333 0.366667 0.400000 0.433333 0.466667 0.500000
0.533333 0.566667 0.600000 0.633333 0.666667 0.700000 0.733333 0.766667 0.800000 0.833333</float_array>
        <technique_common>
          <accessor source="#mixamorig_Neck-Matrix-animation-input-array" count="26">
            <param name="TIME" type="float"/>
          </accessor>
        </technique_common>
      </source>
      <source id="mixamorig_Neck-Matrix-animation-output-transform">
        <float_array id="mixamorig_Neck-Matrix-animation-output-transform-array" count="416">

0.970444 -0.077035 0.228700 0.000000 0.106889 0.986863 -0.121149 12.707800 -0.216363 0.142014 0.965929 0.000000 0.000000 0.000000 0.000000 1.000000
0.979935 -0.054966 0.191587 0.000000 0.081566 0.987640 -0.133844 12.707800 -0.181862 0.146785 0.972307 0.000000 0.000000 0.000000 0.000000 1.000000
0.990226 -0.029032 0.136417 -0.000000 0.049204 0.987925 -0.146912 12.707800 -0.130504 0.152189 0.979698 0.000000 0.000000 0.000000 0.000000 1.000000
0.997197 -0.034861 0.066208 0.000000 0.045026 0.986274 -0.158861 12.707800 -0.059761 0.161397 0.985079 0.000000 0.000000 0.000000 0.000000 1.000000
0.996999 -0.076576 0.011323 0.000000 0.077373 0.981424 -0.175556 12.707800 0.002330 0.175905 0.984404 0.000000 0.000000 0.000000 0.000000 1.000000
0.992371 -0.120382 -0.026613 -0.000000 0.112621 0.972967 -0.201625 12.707800 0.050165 0.197089 0.979101 0.000000 0.000000 0.000000 0.000000 1.000000
0.988130 -0.145375 -0.049661 -0.000000 0.130165 0.963981 -0.231943 12.707800 0.081591 0.222725 0.971461 0.000000 0.000000 0.000000 0.000000 1.000000
0.987627 -0.147346 -0.053689 -0.000000 0.129208 0.958563 -0.253895 12.707800 0.088875 0.243817 0.965741 -0.000000 0.000000 0.000000 0.000000 1.000000
0.990021 -0.134422 -0.042304 0.000000 0.118992 0.958228 -0.260076 12.707800 0.075497 0.252446 0.964661 0.000000 0.000000 0.000000 0.000000 1.000000
0.993547 -0.110476 -0.025671 0.000000 0.100196 0.960996 -0.257773 12.707800 0.053148 0.253537 0.965864 0.000000 0.000000 0.000000 0.000000 1.000000
0.996709 -0.080521 -0.009387 0.000000 0.075452 0.963780 -0.255803 12.707800 0.029644 0.254253 0.966683 0.000000 0.000000 0.000000 0.000000 1.000000
0.998598 -0.052841 0.003219 0.000000 0.051905 0.965343 -0.255770 12.707800 0.010408 0.255579 0.966732 -0.000000 0.000000 0.000000 0.000000 1.000000
0.999394 -0.032906 0.011387 -0.000000 0.034721 0.966470 -0.254420 12.707800 -0.002633 0.254661 0.967027 0.000000 0.000000 0.000000 0.000000 1.000000
0.999645 -0.020915 0.016519 0.000000 0.024380 0.967988 -0.249810 12.707800 -0.010765 0.250124 0.968154 0.000000 0.000000 0.000000 0.000000 1.000000
0.999701 -0.013613 0.020324 0.000000 0.018152 0.969783 -0.243293 12.707800 -0.016398 0.243589 0.969740 0.000000 0.000000 0.000000 0.000000 1.000000
0.999682 -0.007634 0.024054 0.000000 0.013109 0.971550 -0.236472 12.707800 -0.021564 0.236712 0.971341 -0.000000 0.000000 0.000000 0.000000 1.000000
0.999563 -0.003067 0.029400 -0.000000 0.009710 0.973481 -0.228561 12.707800 -0.027919 0.228746 0.973086 0.000000 0.000000 0.000000 0.000000 1.000000
0.999219 -0.003244 0.039369 -0.000000 0.011772 0.975795 -0.218370 12.707800 -0.037707 0.218663 0.975072 0.000000 0.000000 0.000000 0.000000 1.000000
0.998540 -0.008631 0.053330 0.000000 0.019532 0.978054 -0.207433 12.707800 -0.050369 0.208172 0.976794 0.000000 0.000000 0.000000 0.000000 1.000000
0.997301 -0.017155 0.071386 -0.000000 0.030921 0.980023 -0.196464 12.707800 -0.066590 0.198141 0.977909 -0.000000 0.000000 0.000000 0.000000 1.000000
0.995257 -0.026320 0.093657 0.000000 0.043338 0.981857 -0.184605 12.707800 -0.087099 0.187788 0.978340 0.000000 0.000000 0.000000 0.000000 1.000000
0.992171 -0.035707 0.119671 0.000000 0.056054 0.983633 -0.171243 12.707800 -0.111597 0.176610 0.977934 0.000000 0.000000 0.000000 0.000000 1.000000
0.987900 -0.046036 0.148101 0.000000 0.069456 0.985140 -0.157083 12.707800 -0.138669 0.165468 0.976418 -0.000000 0.000000 0.000000 0.000000 1.000000
0.982566 -0.057091 0.176932 0.000000 0.083147 0.986144 -0.143547 12.707800 -0.166285 0.155756 0.973699 0.000000 0.000000 0.000000 0.000000 1.000000
0.976563 -0.067859 0.204253 -0.000000 0.096066 0.986649 -0.131513 12.707800 -0.192602 0.148053 0.970044 0.000000 0.000000 0.000000 0.000000 1.000000
0.970444 -0.077035 0.228700 0.000000 0.106889 0.986863 -0.121149 12.707800 -0.216363 0.142014 0.965929 0.000000 0.000000 0.000000 0.000000 1.000000</float_array>
        <technique_common>
          <accessor source="#mixamorig_Neck-Matrix-animation-output-transform-array" count="26" stride="16">
            <param type="float4x4"/>
          </accessor>
        </technique_common>
      </source>
      <source id="mixamorig_Neck-Interpolations">
        <Name_array id="mixamorig_Neck-Interpolations-array" count="26">
 LINEAR LINEAR LINEAR LINEAR LINEAR LINEAR LINEAR LINEAR LINEAR LINEAR LINEAR
LINEAR LINEAR LINEAR LINEAR LINEAR LINEAR LINEAR LINEAR LINEAR LINEAR LINEAR LINEAR
LINEAR LINEAR LINEAR</Name_array>
        <technique_common>
          <accessor source="#mixamorig_Neck-Interpolations-array" count="26">
            <param type="name"/>
          </accessor>
        </technique_common>
      </source>
      <sampler id="mixamorig_Neck-Matrix-animation-transform">
        <input semantic="INPUT" source="#mixamorig_Neck-Matrix-animation-input"/>
        <input semantic="OUTPUT" source="#mixamorig_Neck-Matrix-animation-output-transform"/>
        <input semantic="INTERPOLATION" source="#mixamorig_Neck-Interpolations"/>
      </sampler>
      <channel source="#mixamorig_Neck-Matrix-animation-transform" target="mixamorig_Neck/matrix"/>
      <source id="mixamorig_Head-Matrix-animation-input">
        <float_array id="mixamorig_Head-Matrix-animation-input-array" count="26">

0.000000 0.033333 0.066667 0.100000 0.133333 0.166667 0.200000 0.233333 0.266667 0.300000 0.333333 0.366667 0.400000 0.433333 0.466667 0.500000
0.533333 0.566667 0.600000 0.633333 0.666667 0.700000 0.733333 0.766667 0.800000 0.833333</float_array>
        <technique_common>
          <accessor source="#mixamorig_Head-Matrix-animation-input-array" count="26">
            <param name="TIME" type="float"/>
          </accessor>
        </technique_common>
      </source>
      <source id="mixamorig_Head-Matrix-animation-output-transform">
        <float_array id="mixamorig_Head-Matrix-animation-output-transform-array" count="416">

0.936427 0.067621 0.344285 0.000000 -0.017903 0.989183 -0.145591 6.103100 -0.350406 0.130172 0.927508 1.780100 0.000000 0.000000 0.000000 1.000000
0.931354 0.090856 0.352598 0.000000 -0.045637 0.989860 -0.134517 6.103100 -0.361244 0.109191 0.926056 1.780100 0.000000 0.000000 0.000000 1.000000
0.946915 0.105341 0.303734 -0.000000 -0.070435 0.989817 -0.123701 6.103100 -0.313672 0.095741 0.944692 1.780100 0.000000 0.000000 0.000000 1.000000
0.978800 0.055945 0.197030 -0.000000 -0.049976 0.998132 -0.035141 6.103100 -0.198628 0.024549 0.979768 1.780100 0.000000 0.000000 0.000000 1.000000
0.988594 -0.025764 0.148382 0.000000 0.010185 0.994440 0.104810 6.103100 -0.150257 -0.102104 0.983360 1.780100 0.000000 0.000000 0.000000 1.000000
0.985808 -0.120419 0.116968 0.000000 0.093538 0.972579 0.212935 6.103100 -0.139402 -0.198972 0.970040 1.780100 0.000000 0.000000 0.000000 1.000000
0.970286 -0.232750 0.066125 0.000000 0.208011 0.941989 0.263415 6.103100 -0.123599 -0.241833 0.962414 1.780100 0.000000 0.000000 0.000000 1.000000
0.944223 -0.325401 0.050571 0.000000 0.301785 0.916503 0.262581 6.103100 -0.131793 -0.232673 0.963584 1.780100 0.000000 0.000000 0.000000 1.000000
0.925037 -0.370046 0.085865 0.000000 0.340804 0.908260 0.242725 6.103100 -0.167807 -0.195266 0.966288 1.780100 0.000000 0.000000 0.000000 1.000000
0.917193 -0.368794 0.150823 -0.000000 0.329244 0.914690 0.234392 6.103100 -0.224399 -0.165325 0.960371 1.780100 0.000000 0.000000 0.000000 1.000000
0.914237 -0.342287 0.216820 0.000000 0.293223 0.928223 0.228961 6.103100 -0.279628 -0.145748 0.948981 1.780100 0.000000 0.000000 0.000000 1.000000
0.912463 -0.307726 0.269661 -0.000000 0.254353 0.942848 0.215274 6.103100 -0.320494 -0.127841 0.938584 1.780100 0.000000 0.000000 0.000000 1.000000
0.910414 -0.273379 0.310499 0.000000 0.218702 0.955139 0.199699 6.103100 -0.351163 -0.113902 0.929360 1.780100 0.000000 0.000000 0.000000 1.000000
0.907029 -0.239586 0.346261 -0.000000 0.182080 0.964652 0.190509 6.103100 -0.379665 -0.109750 0.918591 1.780100 0.000000 0.000000 0.000000 1.000000
0.901414 -0.202309 0.382785 0.000000 0.138507 0.972399 0.187764 6.103100 -0.410206 -0.116234 0.904555 1.780100 0.000000 0.000000 0.000000 1.000000
0.892162 -0.161759 0.421759 0.000000 0.089323 0.978422 0.186310 6.103100 -0.442796 -0.128546 0.887360 1.780100 0.000000 0.000000 0.000000 1.000000
0.881157 -0.122440 0.456695 0.000000 0.043526 0.982793 0.179508 6.103100 -0.470816 -0.138297 0.871325 1.780100 0.000000 0.000000 0.000000 1.000000
0.874659 -0.085073 0.477215 0.000000 0.007459 0.986724 0.162232 6.103100 -0.484681 -0.138338 0.863682 1.780100 0.000000 0.000000 0.000000 1.000000
0.873839 -0.047761 0.483865 0.000000 -0.021352 0.990434 0.136325 6.103100 -0.485747 -0.129458 0.864460 1.780100 0.000000 0.000000 0.000000 1.000000
0.877923 -0.012877 0.478629 0.000000 -0.041013 0.993942 0.101968 6.103100 -0.477043 -0.109150 0.872076 1.780100 0.000000 0.000000 0.000000 1.000000
0.886050 0.015970 0.463314 0.000000 -0.050078 0.996856 0.061410 6.103100 -0.460876 -0.077614 0.884064 1.780100 0.000000 0.000000 0.000000 1.000000
0.896289 0.038039 0.441835 0.000000 -0.051593 0.998493 0.018696 6.103100 -0.440458 -0.039552 0.896901 1.780100 0.000000 0.000000 0.000000 1.000000
0.906834 0.053741 0.418049 0.000000 -0.048399 0.998554 -0.023379 6.103100 -0.418701 0.000967 0.908124 1.780100 0.000000 0.000000 0.000000 1.000000
0.917306 0.062726 0.393212 0.000000 -0.040562 0.997097 -0.064434 6.103100 -0.396112 0.043157 0.917187 1.780100 0.000000 0.000000 0.000000 1.000000
0.927478 0.066187 0.367972 0.000000 -0.029053 0.993989 -0.105559 6.103100 -0.372747 0.087213 0.923826 1.780100 0.000000 0.000000 0.000000 1.000000
