<?xml version="1.0" encoding="utf-8"?>
<COLLADA xmlns="http://www.collada.org/2005/11/COLLADASchema" version="1.4.1">
  <asset>
    <contributor>
      <author>Mixamo</author>
      <authoring_tool>COLLADA Mixamo exporter</authoring_tool>
      <comments/>
    </contributor>
    <created>2024-05-10T11:41:06Z</created>
    <modified>2024-05-10T11:41:06Z</modified>
    <revision/>
    <title/>
    <unit meter="0.010000"/>
    <up_axis>Y_UP</up_axis>
  </asset>
  <library_animations>
    <animation>
      <source id="Armature-Matrix-animation-input">
        <float_array id="Armature-Matrix-animation-input-array" count="33">

0.000000 0.033333 0.066667 0.100000 0.133333 0.166667 0.200000 0.233333 0.266667 0.300000 0.333333 0.366667 0.400000 0.433333 0.466667 0.500000
0.533333 0.566667 0.600000 0.633333 0.666667 0.700000 0.733333 0.766667 0.800000 0.833333 0.866667 0.900000 0.933333 0.966667 1.000000 1.033333
1.066667</float_array>
        <technique_common>
          <accessor source="#Armature-Matrix-animation-input-array" count="33">
            <param name="TIME" type="float"/>
          </accessor>
        </technique_common>
      </source>
      <source id="Armature-Matrix-animation-output-transform">
        <float_array id="Armature-Matrix-animation-output-transform-array" count="528">

1.000000 0.000000 0.000000 0.000000 0.000000 0.000000 1.000000 0.000000 0.000000 -1.000000 0.000000 0.000000 0.000000 0.000000 0.000000 1.000000
1.000000 0.000000 0.000000 0.000000 0.000000 0.000000 1.000000 0.000000 0.000000 -1.000000 0.000000 0.000000 0.000000 0.000000 0.000000 1.000000
1.000000 0.000000 0.000000 0.000000 0.000000 0.000000 1.000000 0.000000 0.000000 -1.000000 0.000000 0.000000 0.000000 0.000000 0.000000 1.000000
1.000000 0.000000 0.000000 0.000000 0.000000 0.000000 1.000000 0.000000 0.000000 -1.000000 0.000000 0.000000 0.000000 0.000000 0.000000 1.000000
1.000000 0.000000 0.000000 0.000000 0.000000 0.000000 1.000000 0.000000 0.000000 -1.000000 0.000000 0.000000 0.000000 0.000000 0.000000 1.000000
1.000000 0.000000 0.000000 0.000000 0.000000 0.000000 1.000000 0.000000 0.000000 -1.000000 0.000000 0.000000 0.000000 0.000000 0.000000 1.000000
1.000000 0.000000 0.000000 0.000000 0.000000 0.000000 1.000000 0.000000 0.000000 -1.000000 0.000000 0.000000 0.000000 0.000000 0.000000 1.000000
1.000000 0.000000 0.000000 0.000000 0.000000 0.000000 1.000000 0.000000 0.000000 -1.000000 0.000000 0.000000 0.000000 0.000000 0.000000 1.000000
1.000000 0.000000 0.000000 0.000000 0.000000 0.000000 1.000000 0.000000 0.000000 -1.000000 0.000000 0.000000 0.000000 0.000000 0.000000 1.000000
1.000000 0.000000 0.000000 0.000000 0.000000 0.000000 1.000000 0.000000 0.000000 -1.000000 0.000000 0.000000 0.000000 0.000000 0.000000 1.000000
1.000000 0.000000 0.000000 0.000000 0.000000 0.000000 1.000000 0.000000 0.000000 -1.000000 0.000000 0.000000 0.000000 0.000000 0.000000 1.000000
1.000000 0.000000 0.000000 0.000000 0.000000 0.000000 1.000000 0.000000 0.000000 -1.000000 0.000000 0.000000 0.000000 0.000000 0.000000 1.000000
1.000000 0.000000 0.000000 0.000000 0.000000 0.000000 1.000000 0.000000 0.000000 -1.000000 0.000000 0.000000 0.000000 0.000000 0.000000 1.000000
1.000000 0.000000 0.000000 0.000000 0.000000 0.000000 1.000000 0.000000 0.000000 -1.000000 0.000000 0.000000 0.000000 0.000000 0.000000 1.000000
1.000000 0.000000 0.000000 0.000000 0.000000 0.000000 1.000000 0.000000 0.000000 -1.000000 0.000000 0.000000 0.000000 0.000000 0.000000 1.000000
1.000000 0.000000 0.000000 0.000000 0.000000 0.000000 1.000000 0.000000 0.000000 -1.000000 0.000000 0.000000 0.000000 0.000000 0.000000 1.000000
1.000000 0.000000 0.000000 0.000000 0.000000 0.000000 1.000000 0.000000 0.000000 -1.000000 0.000000 0.000000 0.000000 0.000000 0.000000 1.000000
1.000000 0.000000 0.000000 0.000000 0.000000 0.000000 1.000000 0.000000 0.000000 -1.000000 0.000000 0.000000 0.000000 0.000000 0.000000 1.000000
1.000000 0.000000 0.000000 0.000000 0.000000 0.000000 1.000000 0.000000 0.000000 -1.000000 0.000000 0.000000 0.000000 0.000000 0.000000 1.000000
1.000000 0.000000 0.000000 0.000000 0.000000 0.000000 1.000000 0.000000 0.000000 -1.000000 0.000000 0.000000 0.000000 0.000000 0.000000 1.000000
1.000000 0.000000 0.000000 0.000000 0.000000 0.000000 1.000000 0.000000 0.000000 -1.000000 0.000000 0.000000 0.000000 0.000000 0.000000 1.000000
1.000000 0.000000 0.000000 0.000000 0.000000 0.000000 1.000000 0.000000 0.000000 -1.000000 0.000000 0.000000 0.000000 0.000000 0.000000 1.000000
1.000000 0.000000 0.000000 0.000000 0.000000 0.000000 1.000000 0.000000 0.000000 -1.000000 0.000000 0.000000 0.000000 0.000000 0.000000 1.000000
1.000000 0.000000 0.000000 0.000000 0.000000 0.000000 1.000000 0.000000 0.000000 -1.000000 0.000000 0.000000 0.000000 0.000000 0.000000 1.000000
1.000000 0.000000 0.000000 0.000000 0.000000 0.000000 1.000000 0.000000 0.000000 -1.000000 0.000000 0.000000 0.000000 0.000000 0.000000 1.000000
1.000000 0.000000 0.000000 0.000000 0.000000 0.000000 1.000000 0.000000 0.000000 -1.000000 0.000000 0.000000 0.000000 0.000000 0.000000 1.000000
1.000000 0.000000 0.000000 0.000000 0.000000 0.000000 1.000000 0.000000 0.000000 -1.000000 0.000000 0.000000 0.000000 0.000000 0.000000 1.000000
1.000000 0.000000 0.000000 0.000000 0.000000 0.000000 1.000000 0.000000 0.000000 -1.000000 0.000000 0.000000 0.000000 0.000000 0.000000 1.000000
1.000000 0.000000 0.000000 0.000000 0.000000 0.000000 1.000000 0.000000 0.000000 -1.000000 0.000000 0.000000 0.000000 0.000000 0.000000 1.000000
1.000000 0.000000 0.000000 0.000000 0.000000 0.000000 1.000000 0.000000 0.000000 -1.000000 0.000000 0.000000 0.000000 0.000000 0.000000 1.000000
1.000000 0.000000 0.000000 0.000000 0.000000 0.000000 1.000000 0.000000 0.000000 -1.000000 0.000000 0.000000 0.000000 0.000000 0.000000 1.000000
1.000000 0.000000 0.000000 0.000000 0.000000 0.000000 1.000000 0.000000 0.000000 -1.000000 0.000000 0.000000 0.000000 0.000000 0.000000 1.000000
1.000000 0.000000 0.000000 0.000000 0.000000 0.000000 1.000000 0.000000 0.000000 -1.000000 0.000000 0.000000 0.000000 0.000000 0.000000 1.000000</float_array>
        <technique_common>
          <accessor source="#Armature-Matrix-animation-output-transform-array" count="33" stride="16">
            <param type="float4x4"/>
          </accessor>
        </technique_common>
      </source>
      <source id="Armature-Interpolations">
        <Name_array id="Armature-Interpolations-array" count="33">
 LINEAR LINEAR LINEAR LINEAR LINEAR LINEAR LINEAR LINEAR LINEAR LINEAR LINEAR
LINEAR LINEAR LINEAR LINEAR LINEAR LINEAR LINEAR LINEAR LINEAR LINEAR LINEAR LINEAR
LINEAR LINEAR LINEAR LINEAR LINEAR LINEAR LINEAR LINEAR LINEAR LINEAR</Name_array>
        <technique_common>
          <accessor source="#Armature-Interpolations-array" count="33">
            <param type="name"/>
          </accessor>
        </technique_common>
      </source>
      <sampler id="Armature-Matrix-animation-transform">
        <input semantic="INPUT" source="#Armature-Matrix-animation-input"/>
        <input semantic="OUTPUT" source="#Armature-Matrix-animation-output-transform"/>
        <input semantic="INTERPOLATION" source="#Armature-Interpolations"/>
      </sampler>
      <channel source="#Armature-Matrix-animation-transform" target="Armature/matrix"/>
      <source id="mixamorig_Hips-Matrix-animation-input">
        <float_array id="mixamorig_Hips-Matrix-animation-input-array" count="33">

0.000000 0.033333 0.066667 0.100000 0.133333 0.166667 0.200000 0.233333 0.266667 0.300000 0.333333 0.366667 0.400000 0.433333 0.466667 0.500000
0.533333 0.566667 0.600000 0.633333 0.666667 0.700000 0.733333 0.766667 0.800000 0.833333 0.866667 0.900000 0.933333 0.966667 1.000000 1.033333
1.066667</float_array>
        <technique_common>
          <accessor source="#mixamorig_Hips-Matrix-animation-input-array" count="33">
            <param name="TIME" type="float"/>
          </accessor>
        </technique_common>
      </source>
      <source id="mixamorig_Hips-Matrix-animation-output-transform">
        <float_array id="mixamorig_Hips-Matrix-animation-output-transform-array" count="528">

0.691860 0.000122 -0.722031 -0.260087 -0.718845 0.093964 -0.688791 -0.098889 0.067761 0.995576 0.065098 84.184372 0.000000 0.000000 0.000000 1.000000
0.816951 -0.002481 -0.576702 -1.354809 -0.573341 0.104393 -0.812639 0.324311 0.062220 0.994533 0.083861 84.634064 0.000000 0.000000 0.000000 1.000000
0.910268 -0.017165 -0.413663 -2.567055 -0.409290 0.113279 -0.905345 0.452262 0.062400 0.993415 0.096088 84.933662 0.000000 0.000000 0.000000 1.000000
0.963442 -0.043414 -0.264377 -3.415076 -0.258401 0.110089 -0.959744 0.501997 0.070772 0.992973 0.094846 84.875107 0.000000 0.000000 0.000000 1.000000
0.988753 -0.071290 -0.131470 -3.839084 -0.124198 0.098321 -0.987374 0.553879 0.083317 0.992598 0.088361 84.652763 0.000000 0.000000 0.000000 1.000000
0.995651 -0.093143 0.001758 -4.237075 0.009612 0.083947 -0.996424 0.553574 0.092662 0.992107 0.084478 84.445824 0.000000 0.000000 0.000000 1.000000
0.986349 -0.106246 0.125809 -4.964399 0.132934 0.062851 -0.989130 0.578360 0.097183 0.992352 0.076117 84.217957 0.000000 0.000000 0.000000 1.000000
0.968937 -0.111381 0.220806 -5.822398 0.225773 0.033998 -0.973586 0.769192 0.100932 0.993196 0.058089 83.882721 0.000000 0.000000 0.000000 1.000000
0.953949 -0.111322 0.278548 -6.463304 0.281183 0.008395 -0.959617 1.193786 0.104488 0.993749 0.039310 83.434090 0.000000 0.000000 0.000000 1.000000
0.948909 -0.108457 0.296324 -6.772255 0.297744 -0.003237 -0.954640 1.754040 0.104497 0.994096 0.029221 83.045395 0.000000 0.000000 0.000000 1.000000
0.955278 -0.103679 0.276939 -6.727859 0.278333 -0.001063 -0.960484 2.459425 0.099876 0.994610 0.027842 82.817627 0.000000 0.000000 0.000000 1.000000
0.968642 -0.095582 0.229340 -6.377065 0.231344 0.010294 -0.972818 3.323220 0.090623 0.995368 0.032084 82.692329 0.000000 0.000000 0.000000 1.000000
0.982898 -0.083003 0.164384 -5.803527 0.166995 0.025513 -0.985628 4.357868 0.077616 0.996223 0.038937 82.606056 0.000000 0.000000 0.000000 1.000000
0.993868 -0.067156 0.087838 -5.079013 0.090533 0.038192 -0.995161 5.536516 0.063477 0.997011 0.044038 82.568687 0.000000 0.000000 0.000000 1.000000
0.998693 -0.051081 -0.001890 -4.175635 0.000348 0.043785 -0.999041 6.770917 0.051114 0.997734 0.043746 82.646492 0.000000 0.000000 0.000000 1.000000
0.993448 -0.036866 -0.108180 -3.014021 -0.106607 0.042237 -0.993404 7.912716 0.041192 0.998427 0.038030 82.878891 0.000000 0.000000 0.000000 1.000000
0.973339 -0.025071 -0.227996 -1.625460 -0.226989 0.037588 -0.973172 8.797281 0.032968 0.998979 0.030895 83.246567 0.000000 0.000000 0.000000 1.000000
0.937628 -0.015518 -0.347295 -0.174267 -0.346653 0.033525 -0.937394 9.336814 0.026189 0.999317 0.026055 83.714035 0.000000 0.000000 0.000000 1.000000
0.892699 -0.009223 -0.450558 1.171326 -0.450098 0.031334 -0.892429 9.539437 0.022349 0.999466 0.023821 84.209694 0.000000 0.000000 0.000000 1.000000
0.845703 -0.005730 -0.533622 2.260197 -0.533225 0.030954 -0.845407 9.450297 0.021362 0.999504 0.023123 84.651436 0.000000 0.000000 0.000000 1.000000
0.799572 -0.003591 -0.600559 3.030550 -0.600162 0.032091 -0.799235 9.149908 0.022142 0.999479 0.023504 85.025711 0.000000 0.000000 0.000000 1.000000
0.758485 -0.002619 -0.651685 3.488151 -0.651231 0.034509 -0.758095 8.712288 0.024474 0.999401 0.024468 85.345932 0.000000 0.000000 0.000000 1.000000
0.727936 -0.002710 -0.685639 3.666628 -0.685050 0.038776 -0.727463 8.164043 0.028558 0.999244 0.026370 85.572372 0.000000 0.000000 0.000000 1.000000
0.707144 -0.002489 -0.707066 3.606376 -0.706252 0.045616 -0.706490 7.538157 0.034012 0.998956 0.030499 85.689720 0.000000 0.000000 0.000000 1.000000
0.691040 -0.001079 -0.722815 3.349636 -0.721693 0.054694 -0.690049 6.858183 0.040278 0.998503 0.037017 85.702995 0.000000 0.000000 0.000000 1.000000
0.678378 0.001003 -0.734712 2.955251 -0.733249 0.064009 -0.676940 6.113307 0.046349 0.997949 0.044158 85.621468 0.000000 0.000000 0.000000 1.000000
0.670854 0.003007 -0.741583 2.492343 -0.739844 0.071269 -0.668993 5.295332 0.050840 0.997453 0.050036 85.456116 0.000000 0.000000 0.000000 1.000000
0.668728 0.004439 -0.743494 1.998260 -0.741557 0.076351 -0.666531 4.425669 0.053808 0.997071 0.054350 85.239449 0.000000 0.000000 0.000000 1.000000
0.671808 0.004451 -0.740712 1.484595 -0.738543 0.080731 -0.669355 3.515814 0.056819 0.996726 0.057523 85.012077 0.000000 0.000000 0.000000 1.000000
0.678799 0.003057 -0.734318 0.982062 -0.731847 0.084887 -0.676161 2.567103 0.060267 0.996386 0.059859 84.791855 0.000000 0.000000 0.000000 1.000000
0.685610 0.001788 -0.727967 0.525432 -0.725220 0.088514 -0.682804 1.610081 0.063214 0.996073 0.061983 84.575043 0.000000 0.000000 0.000000 1.000000
0.689554 0.001140 -0.724234 0.115853 -0.721263 0.091576 -0.686581 0.702592 0.065539 0.995797 0.063969 84.366692 0.000000 0.000000 0.000000 1.000000
0.691860 0.000122 -0.722031 -0.260088 -0.718845 0.093964 -0.688791 -0.098890 0.067761 0.995576 0.065098 84.184387 0.000000 0.000000 0.000000 1.000000</float_array>
        <technique_common>
          <accessor source="#mixamorig_Hips-Matrix-animation-output-transform-array" count="33" stride="16">
            <param type="float4x4"/>
          </accessor>
        </technique_common>
      </source>
      <source id="mixamorig_Hips-Interpolations">
        <Name_array id="mixamorig_Hips-Interpolations-array" count="33">
 LINEAR LINEAR LINEAR LINEAR LINEAR LINEAR LINEAR LINEAR LINEAR LINEAR LINEAR
LINEAR LINEAR LINEAR LINEAR LINEAR LINEAR LINEAR LINEAR LINEAR LINEAR LINEAR LINEAR
LINEAR LINEAR LINEAR LINEAR LINEAR LINEAR LINEAR LINEAR LINEAR LINEAR</Name_array>
        <technique_common>
          <accessor source="#mixamorig_Hips-Interpolations-array" count="33">
            <param type="name"/>
          </accessor>
        </technique_common>
      </source>
      <sampler id="mixamorig_Hips-Matrix-animation-transform">
        <input semantic="INPUT" source="#mixamorig_Hips-Matrix-animation-input"/>
        <input semantic="OUTPUT" source="#mixamorig_Hips-Matrix-animation-output-transform"/>
        <input semantic="INTERPOLATION" source="#mixamorig_Hips-Interpolations"/>
      </sampler>
      <channel source="#mixamorig_Hips-Matrix-animation-transform" target="mixamorig_Hips/matrix"/>
      <source id="mixamorig_Spine-Matrix-animation-input">
        <float_array id="mixamorig_Spine-Matrix-animation-input-array" count="33">

0.000000 0.033333 0.066667 0.100000 0.133333 0.166667 0.200000 0.233333 0.266667 0.300000 0.333333 0.366667 0.400000 0.433333 0.466667 0.500000
0.533333 0.566667 0.600000 0.633333 0.666667 0.700000 0.733333 0.766667 0.800000 0.833333 0.866667 0.900000 0.933333 0.966667 1.000000 1.033333
1.066667</float_array>
        <technique_common>
          <accessor source="#mixamorig_Spine-Matrix-animation-input-array" count="33">
            <param name="TIME" type="float"/>
          </accessor>
        </technique_common>
      </source>
      <source id="mixamorig_Spine-Matrix-animation-output-transform">
        <float_array id="mixamorig_Spine-Matrix-animation-output-transform-array" count="528">

0.991722 0.016407 0.127348 0.000000 -0.011279 0.999100 -0.040881 8.407700 -0.127905 0.039107 0.991015 -1.041900 0.000000 0.000000 0.000000 1.000000
0.996275 0.028743 0.081296 -0.000000 -0.028641 0.999587 -0.002424 8.407700 -0.081332 0.000087 0.996687 -1.041900 0.000000 0.000000 0.000000 1.000000
0.990411 0.058655 0.125084 0.000000 -0.062800 0.997591 0.029455 8.407700 -0.123055 -0.037028 0.991709 -1.041900 0.000000 0.000000 0.000000 1.000000
0.960506 0.091196 0.262891 0.000000 -0.106950 0.993189 0.046221 8.407700 -0.256885 -0.072512 0.963718 -1.041900 0.000000 0.000000 0.000000 1.000000
0.893187 0.112996 0.435257 0.000000 -0.147474 0.987989 0.046141 8.407700 -0.424816 -0.105401 0.899123 -1.041900 0.000000 0.000000 0.000000 1.000000
0.822225 0.117533 0.556895 0.000000 -0.160040 0.986712 0.028044 8.407700 -0.546199 -0.112184 0.830110 -1.041900 0.000000 0.000000 0.000000 1.000000
0.790697 0.123133 0.599696 0.000000 -0.154315 0.988021 0.000597 8.407700 -0.592439 -0.093015 0.800227 -1.041900 0.000000 0.000000 0.000000 1.000000
0.791846 0.141337 0.594141 0.000000 -0.156844 0.987286 -0.025826 8.407700 -0.590237 -0.072738 0.803946 -1.041900 0.000000 0.000000 0.000000 1.000000
0.807601 0.158541 0.568019 0.000000 -0.161688 0.985803 -0.045263 8.407700 -0.567132 -0.055287 0.821770 -1.041900 0.000000 0.000000 0.000000 1.000000
0.828648 0.163991 0.535210 0.000000 -0.159548 0.985658 -0.054987 8.407700 -0.536551 -0.039827 0.842928 -1.041900 0.000000 0.000000 0.000000 1.000000
0.850615 0.162342 0.500099 0.000000 -0.154321 0.986335 -0.057700 8.407700 -0.502632 -0.028096 0.864044 -1.041900 0.000000 0.000000 0.000000 1.000000
0.873236 0.159187 0.460563 0.000000 -0.148148 0.987125 -0.060294 8.407700 -0.464231 -0.015581 0.885577 -1.041900 0.000000 0.000000 0.000000 1.000000
0.898721 0.154664 0.410341 -0.000000 -0.139638 0.987964 -0.066547 8.407700 -0.415694 0.002508 0.909501 -1.041900 0.000000 0.000000 0.000000 1.000000
0.927331 0.147162 0.344092 0.000000 -0.129319 0.988809 -0.074380 8.407700 -0.351188 0.024477 0.935985 -1.041900 0.000000 0.000000 0.000000 1.000000
0.952280 0.139728 0.271366 -0.000000 -0.122268 0.989243 -0.080301 8.407700 -0.279668 0.043289 0.959120 -1.041900 0.000000 0.000000 0.000000 1.000000
0.966078 0.139657 0.217232 0.000000 -0.123692 0.988630 -0.085499 8.407700 -0.226703 0.055729 0.972368 -1.041900 0.000000 0.000000 0.000000 1.000000
0.970082 0.147233 0.193038 0.000000 -0.131568 0.987059 -0.091675 8.407700 -0.204037 0.063534 0.976899 -1.041900 0.000000 0.000000 0.000000 1.000000
0.970763 0.153139 0.184845 0.000000 -0.137304 0.985895 -0.095699 8.407700 -0.196893 0.067521 0.978097 -1.041900 0.000000 0.000000 0.000000 1.000000
0.972334 0.153535 0.176047 -0.000000 -0.138204 0.985707 -0.096340 8.407700 -0.188323 0.069344 0.979656 -1.041900 0.000000 0.000000 0.000000 1.000000
0.974530 0.152548 0.164378 0.000000 -0.138148 0.985767 -0.095804 8.407700 -0.176653 0.070655 0.981734 -1.041900 0.000000 0.000000 0.000000 1.000000
0.976190 0.152180 0.154579 0.000000 -0.138748 0.985827 -0.094313 8.407700 -0.166741 0.070620 0.983469 -1.041900 0.000000 0.000000 0.000000 1.000000
0.978052 0.148617 0.146042 0.000000 -0.136271 0.986461 -0.091240 8.407700 -0.157624 0.069336 0.985062 -1.041900 0.000000 0.000000 0.000000 1.000000
0.981043 0.139422 0.134593 -0.000000 -0.128394 0.987861 -0.087443 8.407700 -0.145151 0.068504 0.987035 -1.041900 0.000000 0.000000 0.000000 1.000000
0.984305 0.127656 0.121850 -0.000000 -0.117832 0.989414 -0.084712 8.407700 -0.131374 0.069025 0.988927 -1.041900 0.000000 0.000000 0.000000 1.000000
0.986731 0.116186 0.113413 0.000000 -0.107129 0.990779 -0.082946 8.407700 -0.122004 0.069696 0.990080 -1.041900 0.000000 0.000000 0.000000 1.000000
0.988484 0.103164 0.110713 -0.000000 -0.094716 0.992361 -0.079043 8.407700 -0.118022 0.067647 0.990704 -1.041900 0.000000 0.000000 0.000000 1.000000
0.990072 0.086705 0.110635 -0.000000 -0.079094 0.994305 -0.071429 8.407700 -0.116198 0.061970 0.991291 -1.041900 0.000000 0.000000 0.000000 1.000000
0.991496 0.069231 0.110196 0.000000 -0.062588 0.996071 -0.062646 8.407700 -0.114101 0.055217 0.991934 -1.041900 0.000000 0.000000 0.000000 1.000000
0.992629 0.054011 0.108490 -0.000000 -0.048257 0.997321 -0.054977 8.407700 -0.111168 0.049336 0.992576 -1.041900 0.000000 0.000000 0.000000 1.000000
0.993355 0.041365 0.107399 0.000000 -0.036325 0.998164 -0.048469 8.407700 -0.109206 0.044245 0.993034 -1.041900 0.000000 0.000000 0.000000 1.000000
0.993436 0.030377 0.110286 0.000000 -0.025683 0.998713 -0.043735 8.407700 -0.111473 0.040616 0.992937 -1.041900 0.000000 0.000000 0.000000 1.000000
0.992803 0.021803 0.117755 0.000000 -0.017009 0.998991 -0.041570 8.407700 -0.118542 0.039268 0.992172 -1.041900 0.000000 0.000000 0.000000 1.000000
0.991722 0.016407 0.127348 0.000000 -0.011279 0.999100 -0.040881 8.407700 -0.127905 0.039107 0.991015 -1.041900 0.000000 0.000000 0.000000 1.000000</float_array>
        <technique_common>
          <accessor source="#mixamorig_Spine-Matrix-animation-output-transform-array" count="33" stride="16">
            <param type="float4x4"/>
          </accessor>
        </technique_common>
      </source>
      <source id="mixamorig_Spine-Interpolations">
        <Name_array id="mixamorig_Spine-Interpolations-array" count="33">
 LINEAR LINEAR LINEAR LINEAR LINEAR LINEAR LINEAR LINEAR LINEAR LINEAR LINEAR
LINEAR LINEAR LINEAR LINEAR LINEAR LINEAR LINEAR LINEAR LINEAR LINEAR LINEAR LINEAR
LINEAR LINEAR LINEAR LINEAR LINEAR LINEAR LINEAR LINEAR LINEAR LINEAR</Name_array>
        <technique_common>
          <accessor source="#mixamorig_Spine-Interpolations-array" count="33">
            <param type="name"/>
          </accessor>
        </technique_common>
      </source>
      <sampler id="mixamorig_Spine-Matrix-animation-transform">
        <input semantic="INPUT" source="#mixamorig_Spine-Matrix-animation-input"/>
        <input semantic="OUTPUT" source="#mixamorig_Spine-Matrix-animation-output-transform"/>
        <input semantic="INTERPOLATION" source="#mixamorig_Spine-Interpolations"/>
      </sampler>
      <channel source="#mixamorig_Spine-Matrix-animation-transform" target="mixamorig_Spine/matrix"/>
      <source id="mixamorig_Spine1-Matrix-animation-input">
        <float_array id="mixamorig_Spine1-Matrix-animation-input-array" count="33">

0.000000 0.033333 0.066667 0.100000 0.133333 0.166667 0.200000 0.233333 0.266667 0.300000 0.333333 0.366667 0.400000 0.433333 0.466667 0.500000
0.533333 0.566667 0.600000 0.633333 0.666667 0.700000 0.733333 0.766667 0.800000 0.833333 0.866667 0.900000 0.933333 0.966667 1.000000 1.033333
1.066667</float_array>
        <technique_common>
          <accessor source="#mixamorig_Spine1-Matrix-animation-input-array" count="33">
            <param name="TIME" type="float"/>
          </accessor>
        </technique_common>
      </source>
      <source id="mixamorig_Spine1-Matrix-animation-output-transform">
        <float_array id="mixamorig_Spine1-Matrix-animation-output-transform-array" count="528">

0.999723 0.013732 0.019110 0.000000 -0.012995 0.999187 -0.038158 9.883800 -0.019618 0.037899 0.999089 -0.000000 0.000000 0.000000 0.000000 1.000000
0.999467 0.031841 0.007258 0.000000 -0.031430 0.998200 -0.051087 9.883800 -0.008872 0.050831 0.998668 0.000000 0.000000 0.000000 0.000000 1.000000
0.997564 0.058056 0.038680 0.000000 -0.055103 0.995774 -0.073471 9.883800 -0.042782 0.071160 0.996547 0.000000 0.000000 0.000000 0.000000 1.000000
0.989417 0.089410 0.114283 0.000000 -0.077409 0.991406 -0.105459 9.883800 -0.122730 0.095497 0.987835 -0.000000 0.000000 0.000000 0.000000 1.000000
0.970710 0.120824 0.207664 -0.000000 -0.092378 0.985600 -0.141632 9.883800 -0.221786 0.118300 0.967893 -0.000000 0.000000 0.000000 0.000000 1.000000
0.949619 0.144269 0.278226 0.000000 -0.095096 0.978535 -0.182829 9.883800 -0.298630 0.147160 0.942955 0.000000 0.000000 0.000000 0.000000 1.000000
0.937947 0.161405 0.306925 0.000000 -0.093659 0.970093 -0.223935 9.883800 -0.333890 0.181293 0.925013 0.000000 0.000000 0.000000 0.000000 1.000000
0.935178 0.177711 0.306367 0.000000 -0.099211 0.961819 -0.255071 9.883800 -0.339999 0.208141 0.917103 0.000000 0.000000 0.000000 0.000000 1.000000
0.937787 0.187051 0.292520 0.000000 -0.105710 0.956301 -0.272606 9.883800 -0.330729 0.224724 0.916579 -0.000000 0.000000 0.000000 0.000000 1.000000
0.943245 0.186286 0.274932 0.000000 -0.106958 0.954155 -0.279551 9.883800 -0.314404 0.234279 0.919926 0.000000 0.000000 0.000000 0.000000 1.000000
0.949197 0.181739 0.256896 0.000000 -0.106004 0.953319 -0.282747 9.883800 -0.296290 0.241151 0.924153 0.000000 0.000000 0.000000 0.000000 1.000000
0.955333 0.176537 0.237009 0.000000 -0.105134 0.952528 -0.285721 9.883800 -0.276198 0.248041 0.928542 0.000000 0.000000 0.000000 0.000000 1.000000
0.962240 0.170364 0.212298 0.000000 -0.104361 0.951222 -0.290318 9.883800 -0.251403 0.257200 0.933084 0.000000 0.000000 0.000000 0.000000 1.000000
0.970092 0.162214 0.180578 0.000000 -0.104062 0.950011 -0.294365 9.883800 -0.219301 0.266770 0.938478 0.000000 0.000000 0.000000 0.000000 1.000000
0.977117 0.154366 0.146335 0.000000 -0.105832 0.949604 -0.295047 9.883800 -0.184506 0.272808 0.944210 0.000000 0.000000 0.000000 0.000000 1.000000
0.981064 0.151440 0.120748 0.000000 -0.110532 0.949693 -0.293028 9.883800 -0.159050 0.274133 0.948448 0.000000 0.000000 0.000000 0.000000 1.000000
0.982138 0.153392 0.108981 0.000000 -0.116163 0.949908 -0.290140 9.883800 -0.148027 0.272297 0.950759 0.000000 0.000000 0.000000 0.000000 1.000000
0.982337 0.154877 0.105014 0.000000 -0.119255 0.950638 -0.286472 9.883800 -0.144198 0.268889 0.952316 -0.000000 0.000000 0.000000 0.000000 1.000000
0.983019 0.153136 0.101112 0.000000 -0.119267 0.951920 -0.282176 9.883800 -0.139462 0.265325 0.954019 0.000000 0.000000 0.000000 0.000000 1.000000
0.984166 0.149513 0.095200 0.000000 -0.118187 0.953813 -0.276173 9.883800 -0.132095 0.260549 0.956381 -0.000000 0.000000 0.000000 0.000000 1.000000
0.985380 0.145240 0.089060 -0.000000 -0.116806 0.956465 -0.267451 9.883800 -0.124028 0.253139 0.959447 0.000000 0.000000 0.000000 0.000000 1.000000
0.986837 0.138940 0.082752 0.000000 -0.113722 0.960037 -0.255727 9.883800 -0.114976 0.242950 0.963201 0.000000 0.000000 0.000000 0.000000 1.000000
0.988779 0.129460 0.074538 -0.000000 -0.108065 0.964382 -0.241432 9.883800 -0.103139 0.230668 0.967551 -0.000000 0.000000 0.000000 0.000000 1.000000
0.990883 0.117960 0.065095 0.000000 -0.100561 0.969078 -0.225335 9.883800 -0.089663 0.216734 0.972104 -0.000000 0.000000 0.000000 0.000000 1.000000
0.992745 0.105881 0.056981 0.000000 -0.091951 0.973875 -0.207635 9.883800 -0.077477 0.200889 0.976545 0.000000 0.000000 0.000000 0.000000 1.000000
0.994366 0.092936 0.050985 0.000000 -0.081874 0.978851 -0.187475 9.883800 -0.067330 0.182244 0.980945 0.000000 0.000000 0.000000 0.000000 1.000000
0.995849 0.078691 0.045753 0.000000 -0.070179 0.983854 -0.164642 9.883800 -0.057971 0.160748 0.985292 0.000000 0.000000 0.000000 0.000000 1.000000
0.997129 0.064350 0.039915 0.000000 -0.058149 0.988339 -0.140732 9.883800 -0.048506 0.138007 0.989243 0.000000 0.000000 0.000000 0.000000 1.000000
0.998123 0.051498 0.033155 0.000000 -0.047290 0.991985 -0.117172 9.883800 -0.038924 0.115385 0.992558 0.000000 0.000000 0.000000 0.000000 1.000000
0.998834 0.040304 0.026574 -0.000000 -0.037632 0.994828 -0.094350 9.883800 -0.030239 0.093240 0.995184 0.000000 0.000000 0.000000 0.000000 1.000000
0.999306 0.030090 0.021960 0.000000 -0.028412 0.996919 -0.073106 9.883800 -0.024092 0.072431 0.997082 -0.000000 0.000000 0.000000 0.000000 1.000000
0.999582 0.021062 0.019785 0.000000 -0.019959 0.998319 -0.054413 9.883800 -0.020897 0.053995 0.998323 -0.000000 0.000000 0.000000 0.000000 1.000000
0.999723 0.013732 0.019110 0.000000 -0.012995 0.999187 -0.038158 9.883800 -0.019618 0.037899 0.999089 0.000000 0.000000 0.000000 0.000000 1.000000</float_array>
        <technique_common>
          <accessor source="#mixamorig_Spine1-Matrix-animation-output-transform-array" count="33" stride="16">
            <param type="float4x4"/>
          </accessor>
        </technique_common>
      </source>
      <source id="mixamorig_Spine1-Interpolations">
        <Name_array id="mixamorig_Spine1-Interpolations-array" count="33">
 LINEAR LINEAR LINEAR LINEAR LINEAR LINEAR LINEAR LINEAR LINEAR LINEAR LINEAR
LINEAR LINEAR LINEAR LINEAR LINEAR LINEAR LINEAR LINEAR LINEAR LINEAR LINEAR LINEAR
LINEAR LINEAR LINEAR LINEAR LINEAR LINEAR LINEAR LINEAR LINEAR LINEAR</Name_array>
        <technique_common>
          <accessor source="#mixamorig_Spine1-Interpolations-array" count="33">
            <param type="name"/>
          </accessor>
        </technique_common>
      </source>
      <sampler id="mixamorig_Spine1-Matrix-animation-transform">
        <input semantic="INPUT" source="#mixamorig_Spine1-Matrix-animation-input"/>
        <input semantic="OUTPUT" source="#mixamorig_Spine1-Matrix-animation-output-transform"/>
        <input semantic="INTERPOLATION" source="#mixamorig_Spine1-Interpolations"/>
      </sampler>
      <channel source="#mixamorig_Spine1-Matrix-animation-transform" target="mixamorig_Spine1/matrix"/>
      <source id="mixamorig_Spine2-Matrix-animation-input">
        <float_array id="mixamorig_Spine2-Matrix-animation-input-array" count="33">

0.000000 0.033333 0.066667 0.100000 0.133333 0.166667 0.200000 0.233333 0.266667 0.300000 0.333333 0.366667 0.400000 0.433333 0.466667 0.500000
0.533333 0.566667 0.600000 0.633333 0.666667 0.700000 0.733333 0.766667 0.800000 0.833333 0.866667 0.900000 0.933333 0.966667 1.000000 1.033333
1.066667</float_array>
        <technique_common>
          <accessor source="#mixamorig_Spine2-Matrix-animation-input-array" count="33">
            <param name="TIME" type="float"/>
          </accessor>
        </technique_common>
      </source>
      <source id="mixamorig_Spine2-Matrix-animation-output-transform">
        <float_array id="mixamorig_Spine2-Matrix-animation-output-transform-array" count="528">

0.999731 0.013375 0.018940 0.000000 -0.012640 0.999182 -0.038423 11.295900 -0.019439 0.038173 0.999082 0.000000 0.000000 0.000000 0.000000 1.000000
0.999475 0.031622 0.007108 0.000000 -0.031217 0.998200 -0.051198 11.295900 -0.008715 0.050949 0.998663 0.000000 0.000000 0.000000 0.000000 1.000000
0.997584 0.057715 0.038668 0.000000 -0.054753 0.995776 -0.073701 11.295900 -0.042758 0.071406 0.996530 -0.000000 0.000000 0.000000 0.000000 1.000000
0.989475 0.088292 0.114643 0.000000 -0.076193 0.991448 -0.105949 11.295900 -0.123017 0.096099 0.987741 -0.000000 0.000000 0.000000 0.000000 1.000000
0.970812 0.118238 0.208671 0.000000 -0.089609 0.985844 -0.141708 11.295900 -0.222473 0.118873 0.967665 0.000000 0.000000 0.000000 0.000000 1.000000
0.949723 0.140197 0.279949 0.000000 -0.091004 0.979148 -0.181622 11.295900 -0.299574 0.147015 0.942678 0.000000 0.000000 0.000000 0.000000 1.000000
0.938006 0.156550 0.309254 -0.000000 -0.088997 0.971061 -0.221629 11.295900 -0.335000 0.180367 0.924793 -0.000000 0.000000 0.000000 0.000000 1.000000
0.935212 0.172774 0.309076 -0.000000 -0.094433 0.962962 -0.252558 11.295900 -0.341264 0.207009 0.916890 0.000000 0.000000 0.000000 0.000000 1.000000
0.937836 0.182266 0.295369 0.000000 -0.100919 0.957447 -0.270390 11.295900 -0.332083 0.223774 0.916322 0.000000 0.000000 0.000000 0.000000 1.000000
0.943309 0.181694 0.277770 -0.000000 -0.102247 0.955239 -0.277604 11.295900 -0.315776 0.233465 0.919663 0.000000 0.000000 0.000000 0.000000 1.000000
0.949260 0.177444 0.259651 -0.000000 -0.101530 0.954324 -0.280993 11.295900 -0.297652 0.240373 0.923918 0.000000 0.000000 0.000000 0.000000 1.000000
0.955398 0.172605 0.239629 0.000000 -0.100965 0.953431 -0.284210 11.295900 -0.277526 0.247340 0.928333 -0.000000 0.000000 0.000000 0.000000 1.000000
0.962323 0.166878 0.214679 0.000000 -0.100570 0.951974 -0.289190 11.295900 -0.252628 0.256704 0.932889 -0.000000 0.000000 0.000000 0.000000 1.000000
0.970204 0.159369 0.182499 -0.000000 -0.100880 0.950540 -0.293764 11.295900 -0.220290 0.266601 0.938294 -0.000000 0.000000 0.000000 0.000000 1.000000
0.977248 0.152275 0.147643 -0.000000 -0.103451 0.949895 -0.294953 11.295900 -0.185160 0.272969 0.944036 0.000000 0.000000 0.000000 0.000000 1.000000
0.981192 0.149974 0.121533 0.000000 -0.108856 0.949819 -0.293247 11.295900 -0.159414 0.274502 0.948280 0.000000 0.000000 0.000000 0.000000 1.000000
0.982249 0.152355 0.109429 0.000000 -0.114981 0.949943 -0.290496 11.295900 -0.148210 0.272757 0.950599 0.000000 0.000000 0.000000 0.000000 1.000000
0.982425 0.154164 0.105235 0.000000 -0.118443 0.950616 -0.286880 11.295900 -0.144264 0.269374 0.952169 -0.000000 0.000000 0.000000 0.000000 1.000000
0.983081 0.152692 0.101174 0.000000 -0.118760 0.951861 -0.282589 11.295900 -0.139453 0.265792 0.953891 0.000000 0.000000 0.000000 0.000000 1.000000
0.984206 0.149261 0.095181 0.000000 -0.117895 0.953738 -0.276557 11.295900 -0.132057 0.260968 0.956272 0.000000 0.000000 0.000000 0.000000 1.000000
0.985406 0.145085 0.089021 -0.000000 -0.116621 0.956392 -0.267793 11.295900 -0.123992 0.253503 0.959355 0.000000 0.000000 0.000000 0.000000 1.000000
0.986858 0.138816 0.082710 -0.000000 -0.113576 0.959973 -0.256031 11.295900 -0.114941 0.243272 0.963124 0.000000 0.000000 0.000000 0.000000 1.000000
0.988801 0.129330 0.074480 0.000000 -0.107923 0.964329 -0.241708 11.295900 -0.103083 0.230963 0.967486 -0.000000 0.000000 0.000000 0.000000 1.000000
0.990904 0.117819 0.065027 0.000000 -0.100416 0.969036 -0.225577 11.295900 -0.089591 0.216996 0.972053 0.000000 0.000000 0.000000 0.000000 1.000000
0.992763 0.105732 0.056936 0.000000 -0.091798 0.973848 -0.207831 11.295900 -0.077421 0.201101 0.976506 0.000000 0.000000 0.000000 0.000000 1.000000
0.994382 0.092770 0.050972 0.000000 -0.081702 0.978837 -0.187627 11.295900 -0.067300 0.182408 0.980917 0.000000 0.000000 0.000000 0.000000 1.000000
0.995864 0.078496 0.045750 0.000000 -0.069979 0.983847 -0.164769 11.295900 -0.057945 0.160886 0.985271 0.000000 0.000000 0.000000 0.000000 1.000000
0.997144 0.064124 0.039895 0.000000 -0.057922 0.988334 -0.140855 11.295900 -0.048461 0.138142 0.989226 0.000000 0.000000 0.000000 0.000000 1.000000
0.998138 0.051244 0.033096 0.000000 -0.047038 0.991981 -0.117311 11.295900 -0.038842 0.115536 0.992544 0.000000 0.000000 0.000000 0.000000 1.000000
0.998848 0.040027 0.026469 0.000000 -0.037361 0.994822 -0.094519 11.295900 -0.030115 0.093421 0.995171 0.000000 0.000000 0.000000 0.000000 1.000000
0.999318 0.029792 0.021819 0.000000 -0.028120 0.996913 -0.073308 11.295900 -0.023936 0.072644 0.997071 0.000000 0.000000 0.000000 0.000000 1.000000
0.999592 0.020736 0.019624 0.000000 -0.019637 0.998313 -0.054646 11.295900 -0.020724 0.054239 0.998313 0.000000 0.000000 0.000000 0.000000 1.000000
0.999731 0.013375 0.018940 -0.000000 -0.012640 0.999182 -0.038423 11.295900 -0.019439 0.038173 0.999082 0.000000 0.000000 0.000000 0.000000 1.000000</float_array>
        <technique_common>
          <accessor source="#mixamorig_Spine2-Matrix-animation-output-transform-array" count="33" stride="16">
            <param type="float4x4"/>
          </accessor>
        </technique_common>
      </source>
      <source id="mixamorig_Spine2-Interpolations">
        <Name_array id="mixamorig_Spine2-Interpolations-array" count="33">
 LINEAR LINEAR LINEAR LINEAR LINEAR LINEAR LINEAR LINEAR LINEAR LINEAR LINEAR
LINEAR LINEAR LINEAR LINEAR LINEAR LINEAR LINEAR LINEAR LINEAR LINEAR LINEAR LINEAR
LINEAR LINEAR LINEAR LINEAR LINEAR LINEAR LINEAR LINEAR LINEAR LINEAR</Name_array>
        <technique_common>
          <accessor source="#mixamorig_Spine2-Interpolations-array" count="33">
            <param type="name"/>
          </accessor>
        </technique_common>
      </source>
      <sampler id="mixamorig_Spine2-Matrix-animation-transform">
        <input semantic="INPUT" source="#mixamorig_Spine2-Matrix-animation-input"/>
        <input semantic="OUTPUT" source="#mixamorig_Spine2-Matrix-animation-output-transform"/>
        <input semantic="INTERPOLATION" source="#mixamorig_Spine2-Interpolations"/>
      </sampler>
      <channel source="#mixamorig_Spine2-Matrix-animation-transform" target="mixamorig_Spine2/matrix"/>
      <source id="mixamorig_Neck-Matrix-animation-input">
        <float_array id="mixamorig_Neck-Matrix-animation-input-array" count="33">

0.000000 0.033333 0.066667 0.100000 0.133333 0.166667 0.200000 0.233333 0.266667 0.300000 0.333333 0.366667 0.400000 0.433333 0.466667 0.500000
0.533333 0.566667 0.600000 0.633333 0.666667 0.700000 0.733333 0.766667 0.800000 0.833333 0.866667 0.900000 0.933333 0.966667 1.000000 1.033333
1.066667</float_array>
        <technique_common>
          <accessor source="#mixamorig_Neck-Matrix-animation-input-array" count="33">
            <param name="TIME" type="float"/>
          </accessor>
        </technique_common>
      </source>
      <source id="mixamorig_Neck-Matrix-animation-output-transform">
        <float_array id="mixamorig_Neck-Matrix-animation-output-transform-array" count="528">

0.970444 -0.077035 0.228700 0.000000 0.106889 0.986863 -0.121149 12.707800 -0.216363 0.142014 0.965929 0.000000 0.000000 0.000000 0.000000 1.000000
0.978319 -0.066273 0.196212 0.000000 0.094137 0.986188 -0.136274 12.707800 -0.184471 0.151790 0.971046 -0.000000 0.000000 0.000000 0.000000 1.000000
0.987777 -0.062205 0.142922 0.000000 0.082663 0.986410 -0.141991 12.707800 -0.132147 0.152070 0.979496 0.000000 0.000000 0.000000 0.000000 1.000000
0.996447 -0.037683 0.075323 0.000000 0.048217 0.988499 -0.143333 12.707800 -0.069055 0.146456 0.986804 0.000000 0.000000 0.000000 0.000000 1.000000
0.999971 0.007410 0.001777 0.000000 -0.007021 0.986573 -0.163170 12.707800 -0.002962 0.163153 0.986596 0.000000 0.000000 0.000000 0.000000 1.000000
0.997327 0.044975 -0.057589 0.000000 -0.055236 0.979987 -0.191245 12.707800 0.047835 0.193915 0.979851 -0.000000 0.000000 0.000000 0.000000 1.000000
0.993610 0.067046 -0.090796 0.000000 -0.084348 0.975617 -0.202625 12.707800 0.074997 0.208988 0.975038 0.000000 0.000000 0.000000 0.000000 1.000000
0.990895 0.076800 -0.110587 0.000000 -0.098389 0.973727 -0.205366 12.707800 0.091910 0.214376 0.972417 -0.000000 0.000000 0.000000 0.000000 1.000000
0.989067 0.080248 -0.123722 -0.000000 -0.105530 0.971180 -0.213712 12.707800 0.103006 0.224431 0.969031 -0.000000 0.000000 0.000000 0.000000 1.000000
0.988222 0.080545 -0.130111 0.000000 -0.109246 0.966730 -0.231298 12.707800 0.107152 0.242788 0.964143 0.000000 0.000000 0.000000 0.000000 1.000000
0.988280 0.075660 -0.132581 0.000000 -0.107691 0.961120 -0.254266 12.707800 0.108189 0.265564 0.958004 0.000000 0.000000 0.000000 0.000000 1.000000
0.989471 0.064984 -0.129326 0.000000 -0.098383 0.957346 -0.271680 12.707800 0.106154 0.281543 0.953659 0.000000 0.000000 0.000000 0.000000 1.000000
0.991326 0.054733 -0.119488 0.000000 -0.086305 0.956764 -0.277768 12.707800 0.099119 0.285671 0.953188 0.000000 0.000000 0.000000 0.000000 1.000000
0.993351 0.053875 -0.101745 -0.000000 -0.080223 0.957783 -0.276072 12.707800 0.082576 0.282399 0.955736 0.000000 0.000000 0.000000 0.000000 1.000000
0.995137 0.059114 -0.078788 -0.000000 -0.078483 0.959207 -0.271592 12.707800 0.059519 0.276455 0.959182 0.000000 0.000000 0.000000 0.000000 1.000000
0.996704 0.055083 -0.059554 0.000000 -0.068971 0.961877 -0.264643 12.707800 0.042707 0.267878 0.962506 0.000000 0.000000 0.000000 0.000000 1.000000
0.998038 0.039748 -0.048384 0.000000 -0.050876 0.965203 -0.256505 12.707800 0.036505 0.258463 0.965331 0.000000 0.000000 0.000000 0.000000 1.000000
0.998816 0.026028 -0.041098 0.000000 -0.035554 0.967192 -0.251547 12.707800 0.033202 0.252710 0.966972 -0.000000 0.000000 0.000000 0.000000 1.000000
0.999293 0.018719 -0.032613 -0.000000 -0.026255 0.968214 -0.248740 12.707800 0.026921 0.249420 0.968021 0.000000 0.000000 0.000000 0.000000 1.000000
0.999737 0.011337 -0.019958 0.000000 -0.015863 0.969702 -0.243777 12.707800 0.016589 0.244029 0.969626 0.000000 0.000000 0.000000 0.000000 1.000000
0.999990 0.000520 -0.004410 -0.000000 -0.001550 0.971529 -0.236917 12.707800 0.004162 0.236922 0.971520 0.000000 0.000000 0.000000 0.000000 1.000000
0.999866 -0.010592 0.012520 0.000000 0.013184 0.973203 -0.229570 12.707800 -0.009753 0.229704 0.973212 0.000000 0.000000 0.000000 0.000000 1.000000
0.999309 -0.019718 0.031505 -0.000000 0.026211 0.974865 -0.221251 12.707800 -0.026351 0.221924 0.974708 0.000000 0.000000 0.000000 0.000000 1.000000
0.998217 -0.028303 0.052557 0.000000 0.038791 0.976774 -0.210732 12.707800 -0.045372 0.212395 0.976130 -0.000000 0.000000 0.000000 0.000000 1.000000
0.996516 -0.037676 0.074401 0.000000 0.051794 0.978820 -0.198061 12.707800 -0.065363 0.201224 0.977362 0.000000 0.000000 0.000000 0.000000 1.000000
