<?xml version="1.0" encoding="utf-8"?>
<COLLADA xmlns="http://www.collada.org/2005/11/COLLADASchema" version="1.4.1">
  <asset>
    <contributor>
      <author>Mixamo</author>
      <authoring_tool>COLLADA Mixamo exporter</authoring_tool>
      <comments/>
    </contributor>
    <created>2024-05-10T11:39:52Z</created>
    <modified>2024-05-10T11:39:52Z</modified>
    <revision/>
    <title/>
    <unit meter="0.010000"/>
    <up_axis>Y_UP</up_axis>
  </asset>
  <library_animations>
    <animation>
      <source id="Armature-Matrix-animation-input">
        <float_array id="Armature-Matrix-animation-input-array" count="29">

0.000000 0.033333 0.066667 0.100000 0.133333 0.166667 0.200000 0.233333 0.266667 0.300000 0.333333 0.366667 0.400000 0.433333 0.466667 0.500000
0.533333 0.566667 0.600000 0.633333 0.666667 0.700000 0.733333 0.766667 0.800000 0.833333 0.866667 0.900000 0.933333</float_array>
        <technique_common>
          <accessor source="#Armature-Matrix-animation-input-array" count="29">
            <param name="TIME" type="float"/>
          </accessor>
        </technique_common>
      </source>
      <source id="Armature-Matrix-animation-output-transform">
        <float_array id="Armature-Matrix-animation-output-transform-array" count="464">

1.000000 0.000000 0.000000 0.000000 0.000000 0.000000 1.000000 0.000000 0.000000 -1.000000 0.000000 0.000000 0.000000 0.000000 0.000000 1.000000
1.000000 0.000000 0.000000 0.000000 0.000000 0.000000 1.000000 0.000000 0.000000 -1.000000 0.000000 0.000000 0.000000 0.000000 0.000000 1.000000
1.000000 0.000000 0.000000 0.000000 0.000000 0.000000 1.000000 0.000000 0.000000 -1.000000 0.000000 0.000000 0.000000 0.000000 0.000000 1.000000
1.000000 0.000000 0.000000 0.000000 0.000000 0.000000 1.000000 0.000000 0.000000 -1.000000 0.000000 0.000000 0.000000 0.000000 0.000000 1.000000
1.000000 0.000000 0.000000 0.000000 0.000000 0.000000 1.000000 0.000000 0.000000 -1.000000 0.000000 0.000000 0.000000 0.000000 0.000000 1.000000
1.000000 0.000000 0.000000 0.000000 0.000000 0.000000 1.000000 0.000000 0.000000 -1.000000 0.000000 0.000000 0.000000 0.000000 0.000000 1.000000
1.000000 0.000000 0.000000 0.000000 0.000000 0.000000 1.000000 0.000000 0.000000 -1.000000 0.000000 0.000000 0.000000 0.000000 0.000000 1.000000
1.000000 0.000000 0.000000 0.000000 0.000000 0.000000 1.000000 0.000000 0.000000 -1.000000 0.000000 0.000000 0.000000 0.000000 0.000000 1.000000
1.000000 0.000000 0.000000 0.000000 0.000000 0.000000 1.000000 0.000000 0.000000 -1.000000 0.000000 0.000000 0.000000 0.000000 0.000000 1.000000
1.000000 0.000000 0.000000 0.000000 0.000000 0.000000 1.000000 0.000000 0.000000 -1.000000 0.000000 0.000000 0.000000 0.000000 0.000000 1.000000
1.000000 0.000000 0.000000 0.000000 0.000000 0.000000 1.000000 0.000000 0.000000 -1.000000 0.000000 0.000000 0.000000 0.000000 0.000000 1.000000
1.000000 0.000000 0.000000 0.000000 0.000000 0.000000 1.000000 0.000000 0.000000 -1.000000 0.000000 0.000000 0.000000 0.000000 0.000000 1.000000
1.000000 0.000000 0.000000 0.000000 0.000000 0.000000 1.000000 0.000000 0.000000 -1.000000 0.000000 0.000000 0.000000 0.000000 0.000000 1.000000
1.000000 0.000000 0.000000 0.000000 0.000000 0.000000 1.000000 0.000000 0.000000 -1.000000 0.000000 0.000000 0.000000 0.000000 0.000000 1.000000
1.000000 0.000000 0.000000 0.000000 0.000000 0.000000 1.000000 0.000000 0.000000 -1.000000 0.000000 0.000000 0.000000 0.000000 0.000000 1.000000
1.000000 0.000000 0.000000 0.000000 0.000000 0.000000 1.000000 0.000000 0.000000 -1.000000 0.000000 0.000000 0.000000 0.000000 0.000000 1.000000
1.000000 0.000000 0.000000 0.000000 0.000000 0.000000 1.000000 0.000000 0.000000 -1.000000 0.000000 0.000000 0.000000 0.000000 0.000000 1.000000
1.000000 0.000000 0.000000 0.000000 0.000000 0.000000 1.000000 0.000000 0.000000 -1.000000 0.000000 0.000000 0.000000 0.000000 0.000000 1.000000
1.000000 0.000000 0.000000 0.000000 0.000000 0.000000 1.000000 0.000000 0.000000 -1.000000 0.000000 0.000000 0.000000 0.000000 0.000000 1.000000
1.000000 0.000000 0.000000 0.000000 0.000000 0.000000 1.000000 0.000000 0.000000 -1.000000 0.000000 0.000000 0.000000 0.000000 0.000000 1.000000
1.000000 0.000000 0.000000 0.000000 0.000000 0.000000 1.000000 0.000000 0.000000 -1.000000 0.000000 0.000000 0.000000 0.000000 0.000000 1.000000
1.000000 0.000000 0.000000 0.000000 0.000000 0.000000 1.000000 0.000000 0.000000 -1.000000 0.000000 0.000000 0.000000 0.000000 0.000000 1.000000
1.000000 0.000000 0.000000 0.000000 0.000000 0.000000 1.000000 0.000000 0.000000 -1.000000 0.000000 0.000000 0.000000 0.000000 0.000000 1.000000
1.000000 0.000000 0.000000 0.000000 0.000000 0.000000 1.000000 0.000000 0.000000 -1.000000 0.000000 0.000000 0.000000 0.000000 0.000000 1.000000
1.000000 0.000000 0.000000 0.000000 0.000000 0.000000 1.000000 0.000000 0.000000 -1.000000 0.000000 0.000000 0.000000 0.000000 0.000000 1.000000
1.000000 0.000000 0.000000 0.000000 0.000000 0.000000 1.000000 0.000000 0.000000 -1.000000 0.000000 0.000000 0.000000 0.000000 0.000000 1.000000
1.000000 0.000000 0.000000 0.000000 0.000000 0.000000 1.000000 0.000000 0.000000 -1.000000 0.000000 0.000000 0.000000 0.000000 0.000000 1.000000
1.000000 0.000000 0.000000 0.000000 0.000000 0.000000 1.000000 0.000000 0.000000 -1.000000 0.000000 0.000000 0.000000 0.000000 0.000000 1.000000
1.000000 0.000000 0.000000 0.000000 0.000000 0.000000 1.000000 0.000000 0.000000 -1.000000 0.000000 0.000000 0.000000 0.000000 0.000000 1.000000</float_array>
        <technique_common>
          <accessor source="#Armature-Matrix-animation-output-transform-array" count="29" stride="16">
            <param type="float4x4"/>
          </accessor>
        </technique_common>
      </source>
      <source id="Armature-Interpolations">
        <Name_array id="Armature-Interpolations-array" count="29">
 LINEAR LINEAR LINEAR LINEAR LINEAR LINEAR LINEAR LINEAR LINEAR LINEAR LINEAR
LINEAR LINEAR LINEAR LINEAR LINEAR LINEAR LINEAR LINEAR LINEAR LINEAR LINEAR LINEAR
LINEAR LINEAR LINEAR LINEAR LINEAR LINEAR</Name_array>
        <technique_common>
          <accessor source="#Armature-Interpolations-array" count="29">
            <param type="name"/>
          </accessor>
        </technique_common>
      </source>
      <sampler id="Armature-Matrix-animation-transform">
        <input semantic="INPUT" source="#Armature-Matrix-animation-input"/>
        <input semantic="OUTPUT" source="#Armature-Matrix-animation-output-transform"/>
        <input semantic="INTERPOLATION" source="#Armature-Interpolations"/>
      </sampler>
      <channel source="#Armature-Matrix-animation-transform" target="Armature/matrix"/>
      <source id="mixamorig_Hips-Matrix-animation-input">
        <float_array id="mixamorig_Hips-Matrix-animation-input-array" count="29">

0.000000 0.033333 0.066667 0.100000 0.133333 0.166667 0.200000 0.233333 0.266667 0.300000 0.333333 0.366667 0.400000 0.433333 0.466667 0.500000
0.533333 0.566667 0.600000 0.633333 0.666667 0.700000 0.733333 0.766667 0.800000 0.833333 0.866667 0.900000 0.933333</float_array>
        <technique_common>
          <accessor source="#mixamorig_Hips-Matrix-animation-input-array" count="29">
            <param name="TIME" type="float"/>
          </accessor>
        </technique_common>
      </source>
      <source id="mixamorig_Hips-Matrix-animation-output-transform">
        <float_array id="mixamorig_Hips-Matrix-animation-output-transform-array" count="464">

0.691900 -0.000427 0.721993 0.256547 0.718849 0.093639 -0.688831 -0.104142 -0.067312 0.995606 0.065096 84.181145 0.000000 0.000000 0.000000 1.000000
0.680960 -0.000613 0.732320 0.359798 0.728109 0.107659 -0.676954 -0.012861 -0.078426 0.994188 0.073758 84.768616 0.000000 0.000000 0.000000 1.000000
0.679370 0.002114 0.733793 0.668157 0.724847 0.153766 -0.671531 -0.591237 -0.114252 0.988105 0.102932 85.570244 0.000000 0.000000 0.000000 1.000000
0.691222 -0.002212 0.722639 1.430693 0.705645 0.217684 -0.674299 -1.607447 -0.155815 0.976017 0.152029 86.521606 0.000000 0.000000 0.000000 1.000000
0.702656 -0.002611 0.711525 2.135673 0.683970 0.278096 -0.674424 -2.586723 -0.196112 0.960550 0.197192 87.296455 0.000000 0.000000 0.000000 1.000000
0.694424 0.005495 0.719545 2.723517 0.677264 0.332816 -0.656160 -3.331330 -0.243082 0.942976 0.227394 87.833771 0.000000 0.000000 0.000000 1.000000
0.672757 0.014293 0.739725 3.126966 0.685872 0.362879 -0.630792 -3.565880 -0.277446 0.931727 0.234326 87.933441 0.000000 0.000000 0.000000 1.000000
0.654450 0.015834 0.755939 3.201839 0.699648 0.366392 -0.613392 -3.255801 -0.286682 0.930326 0.228707 87.897736 0.000000 0.000000 0.000000 1.000000
0.639254 0.012736 0.768890 3.115532 0.711630 0.369137 -0.597762 -2.750455 -0.291439 0.929288 0.226909 87.768402 0.000000 0.000000 0.000000 1.000000
0.630659 0.010371 0.775991 2.989363 0.717919 0.371937 -0.588434 -2.096223 -0.294722 0.928200 0.227120 87.652214 0.000000 0.000000 0.000000 1.000000
0.633338 0.008165 0.773832 2.942419 0.719092 0.363325 -0.592370 -1.441822 -0.285989 0.931627 0.224236 87.591125 0.000000 0.000000 0.000000 1.000000
0.642417 0.004809 0.766340 2.900498 0.717745 0.346698 -0.603856 -0.789437 -0.268592 0.937965 0.219273 87.574684 0.000000 0.000000 0.000000 1.000000
0.655172 -0.000727 0.755479 2.866432 0.713270 0.330173 -0.618250 -0.141918 -0.248989 0.943920 0.216838 87.600235 0.000000 0.000000 0.000000 1.000000
0.669910 -0.006435 0.742415 2.853937 0.706132 0.314416 -0.634445 0.415474 -0.229344 0.949264 0.215174 87.685226 0.000000 0.000000 0.000000 1.000000
0.683588 -0.009355 0.729808 2.817981 0.698889 0.296614 -0.650826 0.887666 -0.210383 0.954952 0.209299 87.781525 0.000000 0.000000 0.000000 1.000000
0.693616 -0.011337 0.720256 2.753560 0.694273 0.277092 -0.664232 1.263262 -0.192047 0.960777 0.200066 87.842911 0.000000 0.000000 0.000000 1.000000
0.699400 -0.013844 0.714596 2.658362 0.692941 0.258125 -0.673205 1.524641 -0.175135 0.966012 0.190126 87.870552 0.000000 0.000000 0.000000 1.000000
0.701730 -0.017061 0.712238 2.518747 0.694499 0.239337 -0.678520 1.655707 -0.158889 0.970787 0.179799 87.788139 0.000000 0.000000 0.000000 1.000000
0.698918 -0.019088 0.714947 2.341167 0.700639 0.218973 -0.679084 1.656741 -0.143592 0.975544 0.166418 87.618973 0.000000 0.000000 0.000000 1.000000
0.690995 -0.018687 0.722618 2.167385 0.710769 0.199634 -0.674502 1.457166 -0.131655 0.979692 0.151228 87.410019 0.000000 0.000000 0.000000 1.000000
0.680825 -0.018128 0.732222 1.960921 0.721999 0.184855 -0.666743 1.116343 -0.123268 0.982599 0.138942 87.145012 0.000000 0.000000 0.000000 1.000000
0.671104 -0.018029 0.741144 1.674040 0.731994 0.174553 -0.658572 0.720721 -0.117495 0.984483 0.130341 86.844498 0.000000 0.000000 0.000000 1.000000
0.663573 -0.016950 0.747920 1.370141 0.739512 0.166017 -0.652350 0.342928 -0.113110 0.985977 0.122699 86.508713 0.000000 0.000000 0.000000 1.000000
0.660956 -0.014259 0.750289 1.084698 0.742728 0.155255 -0.651345 0.064885 -0.107199 0.987772 0.113207 86.120453 0.000000 0.000000 0.000000 1.000000
0.664572 -0.010427 0.747151 0.845267 0.740613 0.141908 -0.656776 -0.104076 -0.099179 0.989825 0.102031 85.698883 0.000000 0.000000 0.000000 1.000000
0.671993 -0.006617 0.740528 0.646562 0.734980 0.128452 -0.665811 -0.184006 -0.090717 0.991694 0.091182 85.262375 0.000000 0.000000 0.000000 1.000000
0.679797 -0.003573 0.733392 0.477097 0.728841 0.114629 -0.675020 -0.195563 -0.081656 0.993402 0.080528 84.855331 0.000000 0.000000 0.000000 1.000000
0.686626 -0.001699 0.727009 0.348067 0.723361 0.101682 -0.682942 -0.156596 -0.072763 0.994816 0.071046 84.496971 0.000000 0.000000 0.000000 1.000000
0.691900 -0.000428 0.721993 0.256543 0.718849 0.093639 -0.688831 -0.104147 -0.067312 0.995606 0.065096 84.181152 0.000000 0.000000 0.000000 1.000000</float_array>
        <technique_common>
          <accessor source="#mixamorig_Hips-Matrix-animation-output-transform-array" count="29" stride="16">
            <param type="float4x4"/>
          </accessor>
        </technique_common>
      </source>
      <source id="mixamorig_Hips-Interpolations">
        <Name_array id="mixamorig_Hips-Interpolations-array" count="29">
 LINEAR LINEAR LINEAR LINEAR LINEAR LINEAR LINEAR LINEAR LINEAR LINEAR LINEAR
LINEAR LINEAR LINEAR LINEAR LINEAR LINEAR LINEAR LINEAR LINEAR LINEAR LINEAR LINEAR
LINEAR LINEAR LINEAR LINEAR LINEAR LINEAR</Name_array>
        <technique_common>
          <accessor source="#mixamorig_Hips-Interpolations-array" count="29">
            <param type="name"/>
          </accessor>
        </technique_common>
      </source>
      <sampler id="mixamorig_Hips-Matrix-animation-transform">
        <input semantic="INPUT" source="#mixamorig_Hips-Matrix-animation-input"/>
        <input semantic="OUTPUT" source="#mixamorig_Hips-Matrix-animation-output-transform"/>
        <input semantic="INTERPOLATION" source="#mixamorig_Hips-Interpolations"/>
      </sampler>
      <channel source="#mixamorig_Hips-Matrix-animation-transform" target="mixamorig_Hips/matrix"/>
      <source id="mixamorig_Spine-Matrix-animation-input">
        <float_array id="mixamorig_Spine-Matrix-animation-input-array" count="29">

0.000000 0.033333 0.066667 0.100000 0.133333 0.166667 0.200000 0.233333 0.266667 0.300000 0.333333 0.366667 0.400000 0.433333 0.466667 0.500000
0.533333 0.566667 0.600000 0.633333 0.666667 0.700000 0.733333 0.766667 0.800000 0.833333 0.866667 0.900000 0.933333</float_array>
        <technique_common>
          <accessor source="#mixamorig_Spine-Matrix-animation-input-array" count="29">
            <param name="TIME" type="float"/>
          </accessor>
        </technique_common>
      </source>
      <source id="mixamorig_Spine-Matrix-animation-output-transform">
        <float_array id="mixamorig_Spine-Matrix-animation-output-transform-array" count="464">

0.991734 -0.015958 -0.127312 0.000000 0.010836 0.999108 -0.040819 8.407700 0.127850 0.039102 0.991022 -1.041900 0.000000 0.000000 0.000000 1.000000
0.992094 -0.016200 -0.124450 0.000000 0.013316 0.999624 -0.023976 8.407700 0.124792 0.022130 0.991936 -1.041900 0.000000 0.000000 0.000000 1.000000
0.992246 -0.009253 -0.123944 0.000000 0.010150 0.999927 0.006613 8.407700 0.123873 -0.007820 0.992267 -1.041900 0.000000 0.000000 0.000000 1.000000
0.992224 0.015174 -0.123535 0.000000 -0.008625 0.998537 0.053372 8.407700 0.124164 -0.051891 0.990904 -1.041900 0.000000 0.000000 0.000000 1.000000
0.992867 0.042698 -0.111322 0.000000 -0.031691 0.994599 0.098833 8.407700 0.114940 -0.094600 0.988858 -1.041900 0.000000 0.000000 0.000000 1.000000
0.994688 0.068985 -0.076395 0.000000 -0.059598 0.991105 0.118994 8.407700 0.083924 -0.113809 0.989952 -1.041900 0.000000 0.000000 0.000000 1.000000
0.995067 0.094634 -0.029765 -0.000000 -0.090569 0.989030 0.116692 8.407700 0.040481 -0.113421 0.992722 -1.041900 0.000000 0.000000 0.000000 1.000000
0.992630 0.121114 -0.004109 0.000000 -0.120149 0.988013 0.096929 8.407700 0.015800 -0.095721 0.995283 -1.041900 0.000000 0.000000 0.000000 1.000000
0.988694 0.149941 0.001682 0.000000 -0.149707 0.986395 0.067923 8.407700 0.008525 -0.067407 0.997689 -1.041900 0.000000 0.000000 0.000000 1.000000
0.985017 0.172203 0.009344 0.000000 -0.172445 0.984118 0.042133 8.407700 -0.001940 -0.043113 0.999068 -1.041900 0.000000 0.000000 0.000000 1.000000
0.983574 0.179114 0.022381 0.000000 -0.179711 0.983311 0.028358 8.407700 -0.016928 -0.031915 0.999347 -1.041900 0.000000 0.000000 0.000000 1.000000
0.983547 0.177393 0.034158 -0.000000 -0.178278 0.983665 0.024895 8.407700 -0.029184 -0.030575 0.999106 -1.041900 0.000000 0.000000 0.000000 1.000000
0.984000 0.173700 0.039654 0.000000 -0.174634 0.984400 0.021444 8.407700 -0.035311 -0.028026 0.998983 -1.041900 0.000000 0.000000 0.000000 1.000000
0.985273 0.167017 0.036634 0.000000 -0.167729 0.985682 0.017290 8.407700 -0.033222 -0.023180 0.999179 -1.041900 0.000000 0.000000 0.000000 1.000000
0.987594 0.154845 0.026106 0.000000 -0.155325 0.987708 0.017503 8.407700 -0.023075 -0.021340 0.999506 -1.041900 0.000000 0.000000 0.000000 1.000000
0.991280 0.131140 0.012914 0.000000 -0.131400 0.991087 0.021918 8.407700 -0.009925 -0.023424 0.999676 -1.041900 0.000000 0.000000 0.000000 1.000000
0.994803 0.101809 -0.001390 -0.000000 -0.101744 0.994503 0.024723 8.407700 0.003899 -0.024453 0.999693 -1.041900 0.000000 0.000000 0.000000 1.000000
0.996927 0.076008 -0.018953 0.000000 -0.075540 0.996847 0.024285 8.407700 0.020739 -0.022778 0.999525 -1.041900 0.000000 0.000000 0.000000 1.000000
0.997689 0.054211 -0.040970 0.000000 -0.053110 0.998210 0.027488 8.407700 0.042387 -0.025248 0.998782 -1.041900 0.000000 0.000000 0.000000 1.000000
0.997305 0.036721 -0.063511 0.000000 -0.034796 0.998909 0.031155 8.407700 0.064586 -0.028861 0.997495 -1.041900 0.000000 0.000000 0.000000 1.000000
0.996646 0.020273 -0.079284 0.000000 -0.018139 0.999456 0.027543 8.407700 0.079799 -0.026012 0.996471 -1.041900 0.000000 0.000000 0.000000 1.000000
0.995624 0.005950 -0.093258 0.000000 -0.004267 0.999825 0.018237 8.407700 0.093351 -0.017759 0.995475 -1.041900 0.000000 0.000000 0.000000 1.000000
0.994204 -0.005093 -0.107392 0.000000 0.005790 0.999964 0.006178 8.407700 0.107356 -0.006764 0.994198 -1.041900 0.000000 0.000000 0.000000 1.000000
0.993307 -0.011619 -0.114920 0.000000 0.011031 0.999923 -0.005748 8.407700 0.114978 0.004441 0.993358 -1.041900 0.000000 0.000000 0.000000 1.000000
0.993268 -0.014996 -0.114865 0.000000 0.013320 0.999794 -0.015345 8.407700 0.115071 0.013712 0.993263 -1.041900 0.000000 0.000000 0.000000 1.000000
0.993430 -0.017010 -0.113169 -0.000000 0.014491 0.999629 -0.023044 8.407700 0.113519 0.021253 0.993308 -1.041900 0.000000 0.000000 0.000000 1.000000
0.993233 -0.016346 -0.114984 0.000000 0.013068 0.999488 -0.029206 8.407700 0.115402 0.027506 0.992938 -1.041900 0.000000 0.000000 0.000000 1.000000
0.992648 -0.015736 -0.120013 -0.000000 0.011543 0.999301 -0.035558 8.407700 0.120489 0.033911 0.992135 -1.041900 0.000000 0.000000 0.000000 1.000000
0.991734 -0.015957 -0.127311 0.000000 0.010836 0.999108 -0.040819 8.407700 0.127849 0.039102 0.991023 -1.041900 0.000000 0.000000 0.000000 1.000000</float_array>
        <technique_common>
          <accessor source="#mixamorig_Spine-Matrix-animation-output-transform-array" count="29" stride="16">
            <param type="float4x4"/>
          </accessor>
        </technique_common>
      </source>
      <source id="mixamorig_Spine-Interpolations">
        <Name_array id="mixamorig_Spine-Interpolations-array" count="29">
 LINEAR LINEAR LINEAR LINEAR LINEAR LINEAR LINEAR LINEAR LINEAR LINEAR LINEAR
LINEAR LINEAR LINEAR LINEAR LINEAR LINEAR LINEAR LINEAR LINEAR LINEAR LINEAR LINEAR
LINEAR LINEAR LINEAR LINEAR LINEAR LINEAR</Name_array>
        <technique_common>
          <accessor source="#mixamorig_Spine-Interpolations-array" count="29">
            <param type="name"/>
          </accessor>
        </technique_common>
      </source>
      <sampler id="mixamorig_Spine-Matrix-animation-transform">
        <input semantic="INPUT" source="#mixamorig_Spine-Matrix-animation-input"/>
        <input semantic="OUTPUT" source="#mixamorig_Spine-Matrix-animation-output-transform"/>
        <input semantic="INTERPOLATION" source="#mixamorig_Spine-Interpolations"/>
      </sampler>
      <channel source="#mixamorig_Spine-Matrix-animation-transform" target="mixamorig_Spine/matrix"/>
      <source id="mixamorig_Spine1-Matrix-animation-input">
        <float_array id="mixamorig_Spine1-Matrix-animation-input-array" count="29">

0.000000 0.033333 0.066667 0.100000 0.133333 0.166667 0.200000 0.233333 0.266667 0.300000 0.333333 0.366667 0.400000 0.433333 0.466667 0.500000
0.533333 0.566667 0.600000 0.633333 0.666667 0.700000 0.733333 0.766667 0.800000 0.833333 0.866667 0.900000 0.933333</float_array>
        <technique_common>
          <accessor source="#mixamorig_Spine1-Matrix-animation-input-array" count="29">
            <param name="TIME" type="float"/>
          </accessor>
        </technique_common>
      </source>
      <source id="mixamorig_Spine1-Matrix-animation-output-transform">
        <float_array id="mixamorig_Spine1-Matrix-animation-output-transform-array" count="464">

0.999723 -0.013732 -0.019110 0.000000 0.012995 0.999187 -0.038158 9.883800 0.019618 0.037899 0.999089 -0.000000 0.000000 0.000000 0.000000 1.000000
0.999341 -0.022414 -0.028553 -0.000000 0.020555 0.997750 -0.063816 9.883800 0.029919 0.063187 0.997553 0.000000 0.000000 0.000000 0.000000 1.000000
0.998695 -0.030379 -0.041065 0.000000 0.026657 0.995735 -0.088329 9.883800 0.043573 0.087119 0.995245 0.000000 0.000000 0.000000 0.000000 1.000000
0.997960 -0.032068 -0.055213 -0.000000 0.026059 0.993991 -0.106311 9.883800 0.058290 0.104655 0.992799 0.000000 0.000000 0.000000 0.000000 1.000000
0.997432 -0.031561 -0.064297 0.000000 0.023592 0.992355 -0.121138 9.883800 0.067629 0.119310 0.990551 -0.000000 0.000000 0.000000 0.000000 1.000000
0.997739 -0.027368 -0.061384 0.000000 0.018438 0.989754 -0.141585 9.883800 0.064630 0.140133 0.988021 -0.000000 0.000000 0.000000 0.000000 1.000000
0.998565 -0.018804 -0.050134 0.000000 0.010349 0.986431 -0.163848 9.883800 0.052535 0.163094 0.985211 -0.000000 0.000000 0.000000 0.000000 1.000000
0.999009 -0.006887 -0.043964 0.000000 -0.001245 0.983240 -0.182314 9.883800 0.044483 0.182188 0.982257 0.000000 0.000000 0.000000 0.000000 1.000000
0.999026 0.007819 -0.043417 0.000000 -0.016212 0.980372 -0.196491 9.883800 0.041028 0.197004 0.979544 -0.000000 0.000000 0.000000 0.000000 1.000000
0.998962 0.019475 -0.041186 0.000000 -0.027660 0.977604 -0.208628 9.883800 0.036200 0.209550 0.977128 0.000000 0.000000 0.000000 0.000000 1.000000
0.999104 0.023122 -0.035439 0.000000 -0.030224 0.976096 -0.215230 9.883800 0.029616 0.216109 0.975920 0.000000 0.000000 0.000000 0.000000 1.000000
0.999310 0.022127 -0.029831 -0.000000 -0.028084 0.975758 -0.217043 9.883800 0.024305 0.217731 0.975706 0.000000 0.000000 0.000000 0.000000 1.000000
0.999436 0.019947 -0.027019 0.000000 -0.025392 0.975355 -0.219178 9.883800 0.021981 0.219740 0.975311 0.000000 0.000000 0.000000 0.000000 1.000000
0.999483 0.015880 -0.027945 0.000000 -0.021698 0.974776 -0.222130 9.883800 0.023713 0.222622 0.974616 -0.000000 0.000000 0.000000 0.000000 1.000000
0.999450 0.008652 -0.032015 0.000000 -0.015591 0.974615 -0.223344 9.883800 0.029270 0.223721 0.974214 0.000000 0.000000 0.000000 0.000000 1.000000
0.999328 -0.004496 -0.036370 0.000000 -0.003725 0.974847 -0.222844 9.883800 0.036457 0.222830 0.974175 -0.000000 0.000000 0.000000 0.000000 1.000000
0.999002 -0.019786 -0.040053 0.000000 0.010428 0.975089 -0.221571 9.883800 0.043440 0.220932 0.974321 0.000000 0.000000 0.000000 0.000000 1.000000
0.998535 -0.031762 -0.043802 -0.000000 0.021522 0.975926 -0.217038 9.883800 0.049641 0.215778 0.975180 0.000000 0.000000 0.000000 0.000000 1.000000
0.998011 -0.040168 -0.048591 -0.000000 0.029343 0.978134 -0.205897 9.883800 0.055799 0.204062 0.977367 0.000000 0.000000 0.000000 0.000000 1.000000
0.997592 -0.044855 -0.052892 0.000000 0.034023 0.981127 -0.190350 9.883800 0.060432 0.188092 0.980290 -0.000000 0.000000 0.000000 0.000000 1.000000
0.997446 -0.047603 -0.053251 0.000000 0.037606 0.983833 -0.175093 9.883800 0.060725 0.172643 0.983111 0.000000 0.000000 0.000000 0.000000 1.000000
0.997456 -0.048368 -0.052369 0.000000 0.039422 0.986315 -0.160090 9.883800 0.059395 0.157618 0.985712 0.000000 0.000000 0.000000 0.000000 1.000000
0.997575 -0.046870 -0.051446 -0.000000 0.038998 0.988724 -0.144581 9.883800 0.057643 0.142224 0.988155 0.000000 0.000000 0.000000 0.000000 1.000000
0.997954 -0.042855 -0.047446 -0.000000 0.036484 0.991123 -0.127845 9.883800 0.052503 0.125853 0.990659 0.000000 0.000000 0.000000 0.000000 1.000000
0.998506 -0.037324 -0.039919 0.000000 0.032759 0.993453 -0.109444 9.883800 0.043743 0.107972 0.993191 -0.000000 0.000000 0.000000 0.000000 1.000000
0.998999 -0.031480 -0.031773 0.000000 0.028499 0.995508 -0.090284 9.883800 0.034472 0.089288 0.995409 0.000000 0.000000 0.000000 0.000000 1.000000
0.999363 -0.024842 -0.025608 -0.000000 0.022962 0.997192 -0.071285 9.883800 0.027307 0.070652 0.997127 -0.000000 0.000000 0.000000 0.000000 1.000000
0.999593 -0.018774 -0.021459 0.000000 0.017594 0.998390 -0.053916 9.883800 0.022437 0.053516 0.998315 -0.000000 0.000000 0.000000 0.000000 1.000000
0.999723 -0.013732 -0.019110 -0.000000 0.012995 0.999187 -0.038158 9.883800 0.019618 0.037899 0.999089 0.000000 0.000000 0.000000 0.000000 1.000000</float_array>
        <technique_common>
          <accessor source="#mixamorig_Spine1-Matrix-animation-output-transform-array" count="29" stride="16">
            <param type="float4x4"/>
          </accessor>
        </technique_common>
      </source>
      <source id="mixamorig_Spine1-Interpolations">
        <Name_array id="mixamorig_Spine1-Interpolations-array" count="29">
 LINEAR LINEAR LINEAR LINEAR LINEAR LINEAR LINEAR LINEAR LINEAR LINEAR LINEAR
LINEAR LINEAR LINEAR LINEAR LINEAR LINEAR LINEAR LINEAR LINEAR LINEAR LINEAR LINEAR
LINEAR LINEAR LINEAR LINEAR LINEAR LINEAR</Name_array>
        <technique_common>
          <accessor source="#mixamorig_Spine1-Interpolations-array" count="29">
            <param type="name"/>
          </accessor>
        </technique_common>
      </source>
      <sampler id="mixamorig_Spine1-Matrix-animation-transform">
        <input semantic="INPUT" source="#mixamorig_Spine1-Matrix-animation-input"/>
        <input semantic="OUTPUT" source="#mixamorig_Spine1-Matrix-animation-output-transform"/>
        <input semantic="INTERPOLATION" source="#mixamorig_Spine1-Interpolations"/>
      </sampler>
      <channel source="#mixamorig_Spine1-Matrix-animation-transform" target="mixamorig_Spine1/matrix"/>
      <source id="mixamorig_Spine2-Matrix-animation-input">
        <float_array id="mixamorig_Spine2-Matrix-animation-input-array" count="29">

0.000000 0.033333 0.066667 0.100000 0.133333 0.166667 0.200000 0.233333 0.266667 0.300000 0.333333 0.366667 0.400000 0.433333 0.466667 0.500000
0.533333 0.566667 0.600000 0.633333 0.666667 0.700000 0.733333 0.766667 0.800000 0.833333 0.866667 0.900000 0.933333</float_array>
        <technique_common>
          <accessor source="#mixamorig_Spine2-Matrix-animation-input-array" count="29">
            <param name="TIME" type="float"/>
          </accessor>
        </technique_common>
      </source>
      <source id="mixamorig_Spine2-Matrix-animation-output-transform">
        <float_array id="mixamorig_Spine2-Matrix-animation-output-transform-array" count="464">

0.999731 -0.013375 -0.018941 0.000000 0.012640 0.999182 -0.038423 11.295900 0.019439 0.038173 0.999082 0.000000 0.000000 0.000000 0.000000 1.000000
0.999351 -0.022100 -0.028446 0.000000 0.020243 0.997745 -0.063992 11.295900 0.029796 0.063374 0.997545 -0.000000 0.000000 0.000000 0.000000 1.000000
0.998706 -0.030101 -0.040996 -0.000000 0.026381 0.995732 -0.088437 11.295900 0.043483 0.087241 0.995238 0.000000 0.000000 0.000000 0.000000 1.000000
0.997969 -0.031849 -0.055173 -0.000000 0.025841 0.993991 -0.106370 11.295900 0.058230 0.104728 0.992795 -0.000000 0.000000 0.000000 0.000000 1.000000
0.997432 -0.031477 -0.064327 0.000000 0.023504 0.992357 -0.121144 11.295900 0.067648 0.119321 0.990548 0.000000 0.000000 0.000000 0.000000 1.000000
0.997733 -0.027424 -0.061458 0.000000 0.018487 0.989761 -0.141531 11.295900 0.064710 0.140074 0.988024 0.000000 0.000000 0.000000 0.000000 1.000000
0.998561 -0.018928 -0.050170 -0.000000 0.010471 0.986445 -0.163757 11.295900 0.052590 0.162996 0.985224 -0.000000 0.000000 0.000000 0.000000 1.000000
0.999011 -0.007003 -0.043898 0.000000 -0.001114 0.983260 -0.182206 11.295900 0.044439 0.182075 0.982280 0.000000 0.000000 0.000000 0.000000 1.000000
0.999035 0.007747 -0.043221 -0.000000 -0.016098 0.980398 -0.196370 11.295900 0.040852 0.196877 0.979577 0.000000 0.000000 0.000000 0.000000 1.000000
0.998976 0.019439 -0.040857 0.000000 -0.027551 0.977633 -0.208505 11.295900 0.035890 0.209417 0.977168 -0.000000 0.000000 0.000000 0.000000 1.000000
0.999120 0.023094 -0.035002 0.000000 -0.030098 0.976124 -0.215120 11.295900 0.029199 0.215984 0.975960 0.000000 0.000000 0.000000 0.000000 1.000000
0.999326 0.022089 -0.029326 -0.000000 -0.027936 0.975784 -0.216944 11.295900 0.023824 0.217617 0.975743 0.000000 0.000000 0.000000 0.000000 1.000000
0.999452 0.019914 -0.026457 -0.000000 -0.025234 0.975379 -0.219087 11.295900 0.021442 0.219635 0.975347 0.000000 0.000000 0.000000 0.000000 1.000000
0.999500 0.015876 -0.027336 -0.000000 -0.021557 0.974797 -0.222050 11.295900 0.023122 0.222528 0.974652 -0.000000 0.000000 0.000000 0.000000 1.000000
0.999469 0.008690 -0.031401 0.000000 -0.015489 0.974631 -0.223279 11.295900 0.028664 0.223647 0.974249 -0.000000 0.000000 0.000000 0.000000 1.000000
0.999349 -0.004416 -0.035798 -0.000000 -0.003674 0.974857 -0.222803 11.295900 0.035882 0.222790 0.974206 -0.000000 0.000000 0.000000 0.000000 1.000000
0.999024 -0.019667 -0.039547 0.000000 0.010425 0.975091 -0.221560 11.295900 0.042919 0.220931 0.974345 0.000000 0.000000 0.000000 0.000000 1.000000
0.998560 -0.031599 -0.043363 -0.000000 0.021457 0.975923 -0.217057 11.295900 0.049178 0.215814 0.975195 0.000000 0.000000 0.000000 0.000000 1.000000
0.998035 -0.039970 -0.048248 -0.000000 0.029218 0.978129 -0.205938 11.295900 0.055425 0.204123 0.977375 0.000000 0.000000 0.000000 0.000000 1.000000
0.997615 -0.044633 -0.052648 0.000000 0.033846 0.981122 -0.190404 11.295900 0.060152 0.188168 0.980293 -0.000000 0.000000 0.000000 0.000000 1.000000
0.997467 -0.047363 -0.053067 0.000000 0.037396 0.983830 -0.175158 11.295900 0.060505 0.172730 0.983109 0.000000 0.000000 0.000000 0.000000 1.000000
0.997476 -0.048102 -0.052221 0.000000 0.039178 0.986312 -0.160170 11.295900 0.059211 0.157720 0.985707 -0.000000 0.000000 0.000000 0.000000 1.000000
0.997596 -0.046572 -0.051321 0.000000 0.038714 0.988721 -0.144678 11.295900 0.057480 0.142343 0.988147 -0.000000 0.000000 0.000000 0.000000 1.000000
0.997974 -0.042537 -0.047321 0.000000 0.036178 0.991119 -0.127962 11.295900 0.052344 0.125991 0.990649 0.000000 0.000000 0.000000 0.000000 1.000000
0.998523 -0.037008 -0.039787 -0.000000 0.032453 0.993448 -0.109580 11.295900 0.043582 0.108127 0.993181 -0.000000 0.000000 0.000000 0.000000 1.000000
0.999013 -0.031170 -0.031633 0.000000 0.028197 0.995502 -0.090443 11.295900 0.034310 0.089462 0.995399 0.000000 0.000000 0.000000 0.000000 1.000000
0.999375 -0.024527 -0.025460 0.000000 0.022652 0.997185 -0.071474 11.295900 0.027141 0.070852 0.997117 0.000000 0.000000 0.000000 0.000000 1.000000
0.999603 -0.018442 -0.021300 -0.000000 0.017266 0.998384 -0.054140 11.295900 0.022265 0.053751 0.998306 0.000000 0.000000 0.000000 0.000000 1.000000
0.999731 -0.013375 -0.018941 0.000000 0.012640 0.999182 -0.038423 11.295900 0.019439 0.038173 0.999082 0.000000 0.000000 0.000000 0.000000 1.000000</float_array>
        <technique_common>
          <accessor source="#mixamorig_Spine2-Matrix-animation-output-transform-array" count="29" stride="16">
            <param type="float4x4"/>
          </accessor>
        </technique_common>
      </source>
      <source id="mixamorig_Spine2-Interpolations">
        <Name_array id="mixamorig_Spine2-Interpolations-array" count="29">
 LINEAR LINEAR LINEAR LINEAR LINEAR LINEAR LINEAR LINEAR LINEAR LINEAR LINEAR
LINEAR LINEAR LINEAR LINEAR LINEAR LINEAR LINEAR LINEAR LINEAR LINEAR LINEAR LINEAR
LINEAR LINEAR LINEAR LINEAR LINEAR LINEAR</Name_array>
        <technique_common>
          <accessor source="#mixamorig_Spine2-Interpolations-array" count="29">
            <param type="name"/>
          </accessor>
        </technique_common>
      </source>
      <sampler id="mixamorig_Spine2-Matrix-animation-transform">
        <input semantic="INPUT" source="#mixamorig_Spine2-Matrix-animation-input"/>
        <input semantic="OUTPUT" source="#mixamorig_Spine2-Matrix-animation-output-transform"/>
        <input semantic="INTERPOLATION" source="#mixamorig_Spine2-Interpolations"/>
      </sampler>
      <channel source="#mixamorig_Spine2-Matrix-animation-transform" target="mixamorig_Spine2/matrix"/>
      <source id="mixamorig_Neck-Matrix-animation-input">
        <float_array id="mixamorig_Neck-Matrix-animation-input-array" count="29">

0.000000 0.033333 0.066667 0.100000 0.133333 0.166667 0.200000 0.233333 0.266667 0.300000 0.333333 0.366667 0.400000 0.433333 0.466667 0.500000
0.533333 0.566667 0.600000 0.633333 0.666667 0.700000 0.733333 0.766667 0.800000 0.833333 0.866667 0.900000 0.933333</float_array>
        <technique_common>
          <accessor source="#mixamorig_Neck-Matrix-animation-input-array" count="29">
            <param name="TIME" type="float"/>
          </accessor>
        </technique_common>
      </source>
      <source id="mixamorig_Neck-Matrix-animation-output-transform">
        <float_array id="mixamorig_Neck-Matrix-animation-output-transform-array" count="464">

0.970444 0.077035 -0.228700 0.000000 -0.106889 0.986863 -0.121149 12.707800 0.216363 0.142014 0.965929 0.000000 0.000000 0.000000 0.000000 1.000000
0.979353 0.056180 -0.194195 0.000000 -0.084774 0.986198 -0.142223 12.707800 0.183525 0.155750 0.970598 0.000000 0.000000 0.000000 0.000000 1.000000
0.987743 0.018767 -0.154956 0.000000 -0.044970 0.984868 -0.167373 12.707800 0.149470 0.172290 0.973640 0.000000 0.000000 0.000000 0.000000 1.000000
0.993920 -0.019181 -0.108423 0.000000 -0.002636 0.980283 -0.197583 12.707800 0.110075 0.196668 0.974272 0.000000 0.000000 0.000000 0.000000 1.000000
0.996862 -0.040170 -0.068210 0.000000 0.026518 0.981350 -0.190389 12.707800 0.074586 0.187983 0.979336 0.000000 0.000000 0.000000 0.000000 1.000000
0.998739 -0.028979 -0.040991 0.000000 0.023103 0.990276 -0.137183 12.707800 0.044568 0.136063 0.989697 0.000000 0.000000 0.000000 0.000000 1.000000
0.999662 0.017026 -0.019651 0.000000 -0.018780 0.995509 -0.092788 12.707800 0.017983 0.093126 0.995492 -0.000000 0.000000 0.000000 0.000000 1.000000
0.998822 0.047407 -0.010359 0.000000 -0.048070 0.995829 -0.077553 12.707800 0.006640 0.077959 0.996934 0.000000 0.000000 0.000000 0.000000 1.000000
0.998339 0.056834 -0.009402 0.000000 -0.057415 0.994970 -0.082084 12.707800 0.004690 0.082488 0.996581 0.000000 0.000000 0.000000 0.000000 1.000000
0.999162 0.039848 -0.009317 0.000000 -0.040580 0.994174 -0.099855 12.707800 0.005283 0.100150 0.994958 0.000000 0.000000 0.000000 0.000000 1.000000
0.999706 0.022718 -0.008525 0.000000 -0.023583 0.992374 -0.120987 12.707800 0.005712 0.121153 0.992617 0.000000 0.000000 0.000000 0.000000 1.000000
0.999759 0.020611 -0.007523 0.000000 -0.021475 0.989483 -0.143046 12.707800 0.004495 0.143173 0.989687 0.000000 0.000000 0.000000 0.000000 1.000000
0.999905 0.012523 -0.005831 0.000000 -0.013289 0.987286 -0.158394 12.707800 0.003773 0.158457 0.987359 0.000000 0.000000 0.000000 0.000000 1.000000
0.999995 -0.001516 -0.002623 0.000000 0.001066 0.986499 -0.163764 12.707800 0.002836 0.163760 0.986496 0.000000 0.000000 0.000000 0.000000 1.000000
0.999897 -0.014268 0.001250 0.000000 0.014278 0.986025 -0.165987 12.707800 0.001136 0.165987 0.986127 0.000000 0.000000 0.000000 0.000000 1.000000
0.999860 -0.016321 0.003817 -0.000000 0.016735 0.984861 -0.172535 12.707800 -0.000943 0.172574 0.984996 -0.000000 0.000000 0.000000 0.000000 1.000000
0.999852 -0.017133 0.001531 0.000000 0.017130 0.983697 -0.179018 12.707800 0.001561 0.179018 0.983845 -0.000000 0.000000 0.000000 0.000000 1.000000
0.999721 -0.022405 -0.007533 0.000000 0.020703 0.983748 -0.178360 12.707800 0.011407 0.178154 0.983937 0.000000 0.000000 0.000000 0.000000 1.000000
0.999582 -0.021684 -0.019122 -0.000000 0.017935 0.983843 -0.178133 12.707800 0.022676 0.177715 0.983821 -0.000000 0.000000 0.000000 0.000000 1.000000
0.999346 -0.015579 -0.032618 -0.000000 0.009442 0.983536 -0.180467 12.707800 0.034892 0.180041 0.983040 0.000000 0.000000 0.000000 0.000000 1.000000
0.998698 -0.005519 -0.050707 -0.000000 -0.003705 0.983655 -0.180026 12.707800 0.050871 0.179979 0.982354 0.000000 0.000000 0.000000 0.000000 1.000000
0.997490 0.006306 -0.070525 0.000000 -0.018759 0.983969 -0.177353 12.707800 0.068276 0.178231 0.981617 0.000000 0.000000 0.000000 0.000000 1.000000
0.995655 0.018168 -0.091326 0.000000 -0.033751 0.984498 -0.172116 12.707800 0.086784 0.174450 0.980834 0.000000 0.000000 0.000000 0.000000 1.000000
0.992888 0.028651 -0.115556 0.000000 -0.047550 0.985269 -0.164266 12.707800 0.109147 0.168593 0.979624 0.000000 0.000000 0.000000 0.000000 1.000000
0.989091 0.039130 -0.142012 0.000000 -0.061412 0.985832 -0.156088 12.707800 0.133892 0.163107 0.977481 -0.000000 0.000000 0.000000 0.000000 1.000000
0.984520 0.050153 -0.167942 0.000000 -0.075565 0.986018 -0.148523 12.707800 0.158144 0.158915 0.974544 0.000000 0.000000 0.000000 0.000000 1.000000
0.979684 0.059387 -0.191553 0.000000 -0.087167 0.986304 -0.140025 12.707800 0.180614 0.153878 0.971442 0.000000 0.000000 0.000000 0.000000 1.000000
0.974856 0.068292 -0.212111 0.000000 -0.097396 0.986727 -0.129941 12.707800 0.200422 0.147332 0.968568 0.000000 0.000000 0.000000 0.000000 1.000000
0.970444 0.077035 -0.228700 -0.000000 -0.106889 0.986863 -0.121149 12.707800 0.216363 0.142014 0.965929 0.000000 0.000000 0.000000 0.000000 1.000000</float_array>
        <technique_common>
          <accessor source="#mixamorig_Neck-Matrix-animation-output-transform-array" count="29" stride="16">
            <param type="float4x4"/>
          </accessor>
        </technique_common>
      </source>
      <source id="mixamorig_Neck-Interpolations">
        <Name_array id="mixamorig_Neck-Interpolations-array" count="29">
 LINEAR LINEAR LINEAR LINEAR LINEAR LINEAR LINEAR LINEAR LINEAR LINEAR LINEAR
LINEAR LINEAR LINEAR LINEAR LINEAR LINEAR LINEAR LINEAR LINEAR LINEAR LINEAR LINEAR
LINEAR LINEAR LINEAR LINEAR LINEAR LINEAR</Name_array>
        <technique_common>
          <accessor source="#mixamorig_Neck-Interpolations-array" count="29">
            <param type="name"/>
          </accessor>
        </technique_common>
      </source>
      <sampler id="mixamorig_Neck-Matrix-animation-transform">
        <input semantic="INPUT" source="#mixamorig_Neck-Matrix-animation-input"/>
        <input semantic="OUTPUT" source="#mixamorig_Neck-Matrix-animation-output-transform"/>
        <input semantic="INTERPOLATION" source="#mixamorig_Neck-Interpolations"/>
      </sampler>
      <channel source="#mixamorig_Neck-Matrix-animation-transform" target="mixamorig_Neck/matrix"/>
      <source id="mixamorig_Head-Matrix-animation-input">
        <float_array id="mixamorig_Head-Matrix-animation-input-array" count="29">

0.000000 0.033333 0.066667 0.100000 0.133333 0.166667 0.200000 0.233333 0.266667 0.300000 0.333333 0.366667 0.400000 0.433333 0.466667 0.500000
0.533333 0.566667 0.600000 0.633333 0.666667 0.700000 0.733333 0.766667 0.800000 0.833333 0.866667 0.900000 0.933333</float_array>
        <technique_common>
          <accessor source="#mixamorig_Head-Matrix-animation-input-array" count="29">
            <param name="TIME" type="float"/>
          </accessor>
        </technique_common>
      </source>
      <source id="mixamorig_Head-Matrix-animation-output-transform">
        <float_array id="mixamorig_Head-Matrix-animation-output-transform-array" count="464">

0.936427 -0.067621 -0.344285 0.000000 0.017902 0.989183 -0.145591 6.103100 0.350406 0.130172 0.927508 1.780100 0.000000 0.000000 0.000000 1.000000
0.928300 -0.079385 -0.363260 0.000000 0.024297 0.987807 -0.153779 6.103100 0.371039 0.133926 0.918909 1.780100 0.000000 0.000000 0.000000 1.000000
0.930042 -0.103703 -0.352516 0.000000 0.010797 0.966648 -0.255881 6.103100 0.367295 0.234174 0.900143 1.780100 0.000000 0.000000 0.000000 1.000000
0.927574 -0.136408 -0.347851 0.000000 0.026212 0.952440 -0.303598 6.103100 0.372720 0.272492 0.887033 1.780100 0.000000 0.000000 0.000000 1.000000
0.907267 -0.158645 -0.389484 -0.000000 0.076426 0.972895 -0.218253 6.103100 0.413551 0.168247 0.894801 1.780100 0.000000 0.000000 0.000000 1.000000
