<?xml version="1.0" encoding="utf-8"?>
<COLLADA xmlns="http://www.collada.org/2005/11/COLLADASchema" version="1.4.1">
  <asset>
    <contributor>
      <author>Mixamo</author>
      <authoring_tool>COLLADA Mixamo exporter</authoring_tool>
      <comments/>
    </contributor>
    <created>2024-06-27T09:42:11Z</created>
    <modified>2024-06-27T09:42:11Z</modified>
    <revision/>
    <title/>
    <unit meter="0.010000"/>
    <up_axis>Y_UP</up_axis>
  </asset>
  <library_animations>
    <animation>
      <source id="mixamorig7_Hips-Matrix-animation-input">
        <float_array id="mixamorig7_Hips-Matrix-animation-input-array" count="91">

0.000000 0.033333 0.066667 0.100000 0.133333 0.166667 0.200000 0.233333 0.266667 0.300000 0.333333 0.366667 0.400000 0.433333 0.466667 0.500000
0.533333 0.566667 0.600000 0.633333 0.666667 0.700000 0.733333 0.766667 0.800000 0.833333 0.866667 0.900000 0.933333 0.966667 1.000000 1.033333
1.066667 1.100000 1.133333 1.166667 1.200000 1.233333 1.266667 1.300000 1.333333 1.366667 1.400000 1.433333 1.466667 1.500000 1.533333 1.566667
1.600000 1.633333 1.666667 1.700000 1.733333 1.766667 1.800000 1.833333 1.866667 1.900000 1.933333 1.966667 2.000000 2.033333 2.066667 2.100000
2.133333 2.166667 2.200000 2.233333 2.266667 2.300000 2.333333 2.366667 2.400000 2.433333 2.466667 2.500000 2.533333 2.566667 2.600000 2.633333
2.666667 2.700000 2.733333 2.766667 2.800000 2.833333 2.866667 2.900000 2.933333 2.966667 3.000000</float_array>
        <technique_common>
          <accessor source="#mixamorig7_Hips-Matrix-animation-input-array" count="91">
            <param name="TIME" type="float"/>
          </accessor>
        </technique_common>
      </source>
      <source id="mixamorig7_Hips-Matrix-animation-output-transform">
        <float_array id="mixamorig7_Hips-Matrix-animation-output-transform-array" count="1456">

0.994148 0.057997 -0.091136 0.288689 -0.052157 0.996508 0.065206 97.242561 0.094599 -0.060071 0.993701 -1.049869 0.000000 0.000000 0.000000 1.000000
0.994148 0.057975 -0.091154 0.290329 -0.052164 0.996528 0.064885 97.243866 0.094599 -0.059750 0.993721 -1.048739 0.000000 0.000000 0.000000 1.000000
0.994127 0.058044 -0.091333 0.293537 -0.052245 0.996539 0.064653 97.245834 0.094770 -0.059502 0.993719 -1.045523 0.000000 0.000000 0.000000 1.000000
0.994099 0.058111 -0.091595 0.298542 -0.052314 0.996547 0.064478 97.248108 0.095026 -0.059306 0.993707 -1.041115 0.000000 0.000000 0.000000 1.000000
0.994056 0.058213 -0.092004 0.304732 -0.052400 0.996548 0.064386 97.250786 0.095435 -0.059182 0.993675 -1.036528 0.000000 0.000000 0.000000 1.000000
0.993987 0.058344 -0.092655 0.311698 -0.052497 0.996547 0.064335 97.253838 0.096088 -0.059084 0.993618 -1.032584 0.000000 0.000000 0.000000 1.000000
0.993901 0.058484 -0.093486 0.319645 -0.052596 0.996546 0.064261 97.256691 0.096921 -0.058952 0.993545 -1.029937 0.000000 0.000000 0.000000 1.000000
0.993812 0.058624 -0.094346 0.328474 -0.052696 0.996548 0.064145 97.258095 0.097781 -0.058777 0.993471 -1.028753 0.000000 0.000000 0.000000 1.000000
0.993722 0.058794 -0.095184 0.337848 -0.052822 0.996545 0.064089 97.258148 0.098623 -0.058658 0.993395 -1.028624 0.000000 0.000000 0.000000 1.000000
0.993627 0.059000 -0.096041 0.348000 -0.052979 0.996537 0.064081 97.259308 0.099489 -0.058584 0.993313 -1.028832 0.000000 0.000000 0.000000 1.000000
0.993529 0.059234 -0.096905 0.359413 -0.053170 0.996532 0.064009 97.262932 0.100361 -0.058442 0.993233 -1.029515 0.000000 0.000000 0.000000 1.000000
0.993433 0.059452 -0.097757 0.371884 -0.053362 0.996537 0.063771 97.267197 0.101210 -0.058136 0.993165 -1.031165 0.000000 0.000000 0.000000 1.000000
0.993340 0.059631 -0.098589 0.384402 -0.053525 0.996548 0.063460 97.269073 0.102032 -0.057760 0.993103 -1.034039 0.000000 0.000000 0.000000 1.000000
0.993253 0.059809 -0.099353 0.396373 -0.053687 0.996557 0.063188 97.268738 0.102790 -0.057428 0.993044 -1.038095 0.000000 0.000000 0.000000 1.000000
0.993171 0.060034 -0.100038 0.407199 -0.053893 0.996557 0.062999 97.268028 0.103475 -0.057178 0.992987 -1.043107 0.000000 0.000000 0.000000 1.000000
0.993087 0.060322 -0.100692 0.415878 -0.054159 0.996552 0.062863 97.267853 0.104137 -0.056975 0.992930 -1.049222 0.000000 0.000000 0.000000 1.000000
0.993008 0.060638 -0.101285 0.422015 -0.054461 0.996547 0.062680 97.267326 0.104736 -0.056725 0.992881 -1.056759 0.000000 0.000000 0.000000 1.000000
0.992947 0.060919 -0.101711 0.426654 -0.054753 0.996551 0.062360 97.266068 0.105159 -0.056351 0.992858 -1.064990 0.000000 0.000000 0.000000 1.000000
0.992904 0.061146 -0.101991 0.431273 -0.055008 0.996562 0.061947 97.264900 0.105429 -0.055897 0.992855 -1.072464 0.000000 0.000000 0.000000 1.000000
0.992863 0.061364 -0.102266 0.436401 -0.055251 0.996572 0.061574 97.264824 0.105694 -0.055485 0.992850 -1.078886 0.000000 0.000000 0.000000 1.000000
0.992817 0.061601 -0.102564 0.441234 -0.055501 0.996575 0.061301 97.265869 0.105989 -0.055168 0.992836 -1.085048 0.000000 0.000000 0.000000 1.000000
0.992782 0.061814 -0.102772 0.444834 -0.055733 0.996579 0.061021 97.267097 0.106192 -0.054853 0.992832 -1.090709 0.000000 0.000000 0.000000 1.000000
0.992764 0.061954 -0.102863 0.447416 -0.055916 0.996596 0.060586 97.267670 0.106267 -0.054396 0.992849 -1.094774 0.000000 0.000000 0.000000 1.000000
0.992744 0.062047 -0.103006 0.450271 -0.056060 0.996621 0.060035 97.267937 0.106383 -0.053824 0.992867 -1.096394 0.000000 0.000000 0.000000 1.000000
0.992703 0.062149 -0.103340 0.454282 -0.056195 0.996642 0.059559 97.270004 0.106694 -0.053318 0.992861 -1.094856 0.000000 0.000000 0.000000 1.000000
0.992657 0.062202 -0.103749 0.459272 -0.056260 0.996656 0.059251 97.273590 0.107087 -0.052979 0.992837 -1.090123 0.000000 0.000000 0.000000 1.000000
0.992625 0.062180 -0.104065 0.464898 -0.056240 0.996668 0.059070 97.277122 0.107391 -0.052782 0.992815 -1.083458 0.000000 0.000000 0.000000 1.000000
0.992613 0.062048 -0.104254 0.470488 -0.056103 0.996678 0.059030 97.276817 0.107571 -0.052745 0.992797 -1.077197 0.000000 0.000000 0.000000 1.000000
0.992618 0.061888 -0.104303 0.475250 -0.055935 0.996686 0.059067 97.274055 0.107613 -0.052797 0.992790 -1.072063 0.000000 0.000000 0.000000 1.000000
0.992628 0.061749 -0.104294 0.478359 -0.055774 0.996683 0.059269 97.272049 0.107608 -0.053015 0.992779 -1.066372 0.000000 0.000000 0.000000 1.000000
0.992634 0.061632 -0.104301 0.478886 -0.055623 0.996673 0.059569 97.271866 0.107625 -0.053328 0.992760 -1.057341 0.000000 0.000000 0.000000 1.000000
0.992628 0.061547 -0.104413 0.476925 -0.055488 0.996656 0.059978 97.272484 0.107755 -0.053742 0.992724 -1.044743 0.000000 0.000000 0.000000 1.000000
0.992608 0.061496 -0.104632 0.473741 -0.055371 0.996633 0.060473 97.272293 0.107999 -0.054232 0.992671 -1.031382 0.000000 0.000000 0.000000 1.000000
0.992597 0.061454 -0.104756 0.470869 -0.055268 0.996608 0.060970 97.271286 0.108147 -0.054729 0.992627 -1.019889 0.000000 0.000000 0.000000 1.000000
0.992602 0.061401 -0.104748 0.468394 -0.055163 0.996585 0.061445 97.270050 0.108163 -0.055212 0.992599 -1.011055 0.000000 0.000000 0.000000 1.000000
0.992618 0.061318 -0.104638 0.465761 -0.055032 0.996561 0.061943 97.268295 0.108076 -0.055727 0.992579 -1.005085 0.000000 0.000000 0.000000 1.000000
0.992658 0.061176 -0.104344 0.462633 -0.054846 0.996537 0.062496 97.266083 0.107806 -0.056315 0.992576 -1.001701 0.000000 0.000000 0.000000 1.000000
0.992728 0.060959 -0.103804 0.459075 -0.054598 0.996515 0.063058 97.263794 0.107286 -0.056932 0.992597 -0.999964 0.000000 0.000000 0.000000 1.000000
0.992826 0.060646 -0.103051 0.455502 -0.054273 0.996501 0.063558 97.262123 0.106545 -0.057509 0.992643 -0.999307 0.000000 0.000000 0.000000 1.000000
0.992942 0.060247 -0.102163 0.452293 -0.053880 0.996496 0.063971 97.260788 0.105659 -0.058015 0.992709 -1.000693 0.000000 0.000000 0.000000 1.000000
0.993072 0.059829 -0.101136 0.448805 -0.053486 0.996496 0.064304 97.258606 0.104629 -0.058449 0.992792 -1.005227 0.000000 0.000000 0.000000 1.000000
0.993217 0.059462 -0.099922 0.443047 -0.053163 0.996497 0.064563 97.254456 0.103411 -0.058813 0.992898 -1.012019 0.000000 0.000000 0.000000 1.000000
0.993371 0.059141 -0.098571 0.434347 -0.052899 0.996496 0.064782 97.248741 0.102057 -0.059138 0.993019 -1.019495 0.000000 0.000000 0.000000 1.000000
0.993523 0.058819 -0.097223 0.423681 -0.052632 0.996495 0.065027 97.242966 0.100707 -0.059488 0.993136 -1.026918 0.000000 0.000000 0.000000 1.000000
0.993662 0.058492 -0.095991 0.411230 -0.052349 0.996491 0.065311 97.238174 0.099475 -0.059872 0.993237 -1.034026 0.000000 0.000000 0.000000 1.000000
0.993784 0.058186 -0.094912 0.396219 -0.052083 0.996488 0.065566 97.234062 0.098394 -0.060215 0.993324 -1.040196 0.000000 0.000000 0.000000 1.000000
0.993888 0.057906 -0.093989 0.378946 -0.051840 0.996489 0.065748 97.230095 0.097466 -0.060474 0.993400 -1.044439 0.000000 0.000000 0.000000 1.000000
0.993971 0.057656 -0.093256 0.361663 -0.051620 0.996491 0.065886 97.227112 0.096728 -0.060675 0.993460 -1.047590 0.000000 0.000000 0.000000 1.000000
0.994033 0.057446 -0.092728 0.344199 -0.051431 0.996493 0.066007 97.225876 0.096195 -0.060844 0.993501 -1.050460 0.000000 0.000000 0.000000 1.000000
0.994076 0.057287 -0.092363 0.326244 -0.051292 0.996498 0.066032 97.225357 0.095822 -0.060904 0.993534 -1.053980 0.000000 0.000000 0.000000 1.000000
0.994108 0.057169 -0.092091 0.309364 -0.051195 0.996507 0.065981 97.224762 0.095542 -0.060877 0.993562 -1.058335 0.000000 0.000000 0.000000 1.000000
0.994128 0.057061 -0.091947 0.295598 -0.051117 0.996526 0.065749 97.224648 0.095379 -0.060663 0.993591 -1.062302 0.000000 0.000000 0.000000 1.000000
0.994126 0.056955 -0.092032 0.284855 -0.051032 0.996549 0.065470 97.225250 0.095443 -0.060389 0.993601 -1.064873 0.000000 0.000000 0.000000 1.000000
0.994098 0.056859 -0.092388 0.276704 -0.050938 0.996569 0.065230 97.226837 0.095780 -0.060139 0.993584 -1.065503 0.000000 0.000000 0.000000 1.000000
0.994054 0.056776 -0.092911 0.271766 -0.050842 0.996587 0.065035 97.229317 0.096287 -0.059924 0.993548 -1.064491 0.000000 0.000000 0.000000 1.000000
0.994009 0.056682 -0.093450 0.270154 -0.050732 0.996604 0.064859 97.232315 0.096809 -0.059729 0.993509 -1.063033 0.000000 0.000000 0.000000 1.000000
0.993965 0.056630 -0.093948 0.270910 -0.050667 0.996618 0.064688 97.235291 0.097294 -0.059538 0.993473 -1.062236 0.000000 0.000000 0.000000 1.000000
0.993919 0.056599 -0.094450 0.273377 -0.050621 0.996631 0.064534 97.237862 0.097785 -0.059360 0.993436 -1.061995 0.000000 0.000000 0.000000 1.000000
0.993868 0.056581 -0.095000 0.278124 -0.050582 0.996641 0.064410 97.239998 0.098325 -0.059210 0.993391 -1.061872 0.000000 0.000000 0.000000 1.000000
0.993808 0.056582 -0.095621 0.285066 -0.050557 0.996649 0.064300 97.241913 0.098938 -0.059067 0.993339 -1.062262 0.000000 0.000000 0.000000 1.000000
0.993740 0.056604 -0.096314 0.293214 -0.050548 0.996657 0.064192 97.243729 0.099626 -0.058921 0.993279 -1.063661 0.000000 0.000000 0.000000 1.000000
0.993671 0.056646 -0.097006 0.301704 -0.050560 0.996663 0.064084 97.245033 0.100312 -0.058773 0.993219 -1.065944 0.000000 0.000000 0.000000 1.000000
0.993610 0.056703 -0.097594 0.310182 -0.050594 0.996668 0.063970 97.245949 0.100896 -0.058623 0.993168 -1.068602 0.000000 0.000000 0.000000 1.000000
0.993555 0.056782 -0.098104 0.319477 -0.050655 0.996672 0.063860 97.247307 0.101404 -0.058479 0.993125 -1.071636 0.000000 0.000000 0.000000 1.000000
0.993492 0.056951 -0.098646 0.331285 -0.050800 0.996670 0.063781 97.249290 0.101950 -0.058355 0.993076 -1.076164 0.000000 0.000000 0.000000 1.000000
0.993428 0.057139 -0.099174 0.345391 -0.050958 0.996662 0.063778 97.251663 0.102487 -0.058305 0.993024 -1.082271 0.000000 0.000000 0.000000 1.000000
0.993382 0.057359 -0.099507 0.360258 -0.051157 0.996650 0.063803 97.254280 0.102833 -0.058290 0.992989 -1.087994 0.000000 0.000000 0.000000 1.000000
0.993359 0.057611 -0.099598 0.374734 -0.051400 0.996636 0.063841 97.256409 0.102941 -0.058298 0.992978 -1.092923 0.000000 0.000000 0.000000 1.000000
0.993343 0.057868 -0.099600 0.389381 -0.051650 0.996618 0.063909 97.257408 0.102961 -0.058340 0.992973 -1.099080 0.000000 0.000000 0.000000 1.000000
0.993334 0.058103 -0.099556 0.404497 -0.051884 0.996603 0.063962 97.257919 0.102935 -0.058370 0.992974 -1.107524 0.000000 0.000000 0.000000 1.000000
0.993332 0.058322 -0.099445 0.418943 -0.052104 0.996588 0.064017 97.258186 0.102839 -0.058409 0.992982 -1.117004 0.000000 0.000000 0.000000 1.000000
0.993353 0.058531 -0.099117 0.430961 -0.052325 0.996571 0.064094 97.257645 0.102528 -0.058482 0.993009 -1.125494 0.000000 0.000000 0.000000 1.000000
0.993396 0.058720 -0.098568 0.440715 -0.052531 0.996550 0.064255 97.255608 0.102001 -0.058653 0.993054 -1.132817 0.000000 0.000000 0.000000 1.000000
0.993451 0.058869 -0.097929 0.449847 -0.052693 0.996526 0.064498 97.252472 0.101385 -0.058915 0.993101 -1.140618 0.000000 0.000000 0.000000 1.000000
0.993509 0.058980 -0.097266 0.458169 -0.052815 0.996501 0.064780 97.248817 0.100747 -0.059223 0.993148 -1.149805 0.000000 0.000000 0.000000 1.000000
0.993574 0.059069 -0.096545 0.463635 -0.052922 0.996479 0.065033 97.244865 0.100047 -0.059505 0.993202 -1.159356 0.000000 0.000000 0.000000 1.000000
0.993647 0.059141 -0.095749 0.465062 -0.053024 0.996461 0.065224 97.240639 0.099267 -0.059733 0.993266 -1.168060 0.000000 0.000000 0.000000 1.000000
0.993731 0.059146 -0.094875 0.461956 -0.053069 0.996451 0.065339 97.236328 0.098403 -0.059894 0.993343 -1.174871 0.000000 0.000000 0.000000 1.000000
0.993823 0.059124 -0.093919 0.454820 -0.053108 0.996451 0.065314 97.233368 0.097448 -0.059923 0.993435 -1.178541 0.000000 0.000000 0.000000 1.000000
0.993914 0.059092 -0.092967 0.445760 -0.053144 0.996455 0.065213 97.233315 0.096491 -0.059875 0.993531 -1.179184 0.000000 0.000000 0.000000 1.000000
0.993990 0.059051 -0.092179 0.436014 -0.053171 0.996468 0.064996 97.235199 0.095692 -0.059704 0.993619 -1.177427 0.000000 0.000000 0.000000 1.000000
0.994040 0.059007 -0.091667 0.426020 -0.053176 0.996480 0.064803 97.236961 0.095168 -0.059542 0.993679 -1.173370 0.000000 0.000000 0.000000 1.000000
0.994066 0.058962 -0.091417 0.416243 -0.053154 0.996487 0.064718 97.238060 0.094912 -0.059475 0.993707 -1.166785 0.000000 0.000000 0.000000 1.000000
0.994078 0.058905 -0.091316 0.406017 -0.053103 0.996490 0.064711 97.238525 0.094808 -0.059478 0.993717 -1.158001 0.000000 0.000000 0.000000 1.000000
0.994093 0.058787 -0.091234 0.392916 -0.052986 0.996493 0.064759 97.238449 0.094721 -0.059543 0.993722 -1.147275 0.000000 0.000000 0.000000 1.000000
0.994112 0.058658 -0.091107 0.375228 -0.052859 0.996496 0.064819 97.238342 0.094590 -0.059621 0.993729 -1.134335 0.000000 0.000000 0.000000 1.000000
0.994136 0.058559 -0.090914 0.354652 -0.052766 0.996498 0.064872 97.238022 0.094394 -0.059694 0.993744 -1.119724 0.000000 0.000000 0.000000 1.000000
0.994153 0.058445 -0.090797 0.335070 -0.052653 0.996500 0.064930 97.237701 0.094274 -0.059770 0.993750 -1.104319 0.000000 0.000000 0.000000 1.000000
0.994163 0.058271 -0.090798 0.318426 -0.052472 0.996505 0.064999 97.238052 0.094268 -0.059855 0.993746 -1.087944 0.000000 0.000000 0.000000 1.000000
0.994163 0.058077 -0.090923 0.303465 -0.052261 0.996510 0.065094 97.239899 0.094386 -0.059962 0.993728 -1.069635 0.000000 0.000000 0.000000 1.000000
0.994151 0.057893 -0.091170 0.288567 -0.052057 0.996517 0.065141 97.242676 0.094623 -0.060014 0.993703 -1.049746 0.000000 0.000000 0.000000 1.000000</float_array>
        <technique_common>
          <accessor source="#mixamorig7_Hips-Matrix-animation-output-transform-array" count="91" stride="16">
            <param type="float4x4"/>
          </accessor>
        </technique_common>
      </source>
      <source id="mixamorig7_Hips-Interpolations">
        <Name_array id="mixamorig7_Hips-Interpolations-array" count="91">
 LINEAR LINEAR LINEAR LINEAR LINEAR LINEAR LINEAR LINEAR LINEAR LINEAR LINEAR
LINEAR LINEAR LINEAR LINEAR LINEAR LINEAR LINEAR LINEAR LINEAR LINEAR LINEAR LINEAR
LINEAR LINEAR LINEAR LINEAR LINEAR LINEAR LINEAR LINEAR LINEAR LINEAR LINEAR LINEAR
LINEAR LINEAR LINEAR LINEAR LINEAR LINEAR LINEAR LINEAR LINEAR LINEAR LINEAR LINEAR
LINEAR LINEAR LINEAR LINEAR LINEAR LINEAR LINEAR LINEAR LINEAR LINEAR LINEAR LINEAR
LINEAR LINEAR LINEAR LINEAR LINEAR LINEAR LINEAR LINEAR LINEAR LINEAR LINEAR LINEAR
LINEAR LINEAR LINEAR LINEAR LINEAR LINEAR LINEAR LINEAR LINEAR LINEAR LINEAR LINEAR
LINEAR LINEAR LINEAR LINEAR LINEAR LINEAR LINEAR LINEAR</Name_array>
        <technique_common>
          <accessor source="#mixamorig7_Hips-Interpolations-array" count="91">
            <param type="name"/>
          </accessor>
        </technique_common>
      </source>
      <sampler id="mixamorig7_Hips-Matrix-animation-transform">
        <input semantic="INPUT" source="#mixamorig7_Hips-Matrix-animation-input"/>
        <input semantic="OUTPUT" source="#mixamorig7_Hips-Matrix-animation-output-transform"/>
        <input semantic="INTERPOLATION" source="#mixamorig7_Hips-Interpolations"/>
      </sampler>
      <channel source="#mixamorig7_Hips-Matrix-animation-transform" target="mixamorig7_Hips/matrix"/>
      <source id="mixamorig7_Spine-Matrix-animation-input">
        <float_array id="mixamorig7_Spine-Matrix-animation-input-array" count="91">

0.000000 0.033333 0.066667 0.100000 0.133333 0.166667 0.200000 0.233333 0.266667 0.300000 0.333333 0.366667 0.400000 0.433333 0.466667 0.500000
0.533333 0.566667 0.600000 0.633333 0.666667 0.700000 0.733333 0.766667 0.800000 0.833333 0.866667 0.900000 0.933333 0.966667 1.000000 1.033333
1.066667 1.100000 1.133333 1.166667 1.200000 1.233333 1.266667 1.300000 1.333333 1.366667 1.400000 1.433333 1.466667 1.500000 1.533333 1.566667
1.600000 1.633333 1.666667 1.700000 1.733333 1.766667 1.800000 1.833333 1.866667 1.900000 1.933333 1.966667 2.000000 2.033333 2.066667 2.100000
2.133333 2.166667 2.200000 2.233333 2.266667 2.300000 2.333333 2.366667 2.400000 2.433333 2.466667 2.500000 2.533333 2.566667 2.600000 2.633333
2.666667 2.700000 2.733333 2.766667 2.800000 2.833333 2.866667 2.900000 2.933333 2.966667 3.000000</float_array>
        <technique_common>
          <accessor source="#mixamorig7_Spine-Matrix-animation-input-array" count="91">
            <param name="TIME" type="float"/>
          </accessor>
        </technique_common>
      </source>
      <source id="mixamorig7_Spine-Matrix-animation-output-transform">
        <float_array id="mixamorig7_Spine-Matrix-animation-output-transform-array" count="1456">

0.998843 -0.041566 0.024188 0.000000 0.041537 0.999136 0.001699 10.737200 -0.024237 -0.000692 0.999706 -0.638600 0.000000 0.000000 0.000000 1.000000
0.998843 -0.041572 0.024187 0.000000 0.041543 0.999135 0.001699 10.737200 -0.024237 -0.000692 0.999706 -0.638600 0.000000 0.000000 0.000000 1.000000
0.998848 -0.041588 0.023942 0.000000 0.041555 0.999134 0.001891 10.737200 -0.023999 -0.000894 0.999712 -0.638600 0.000000 0.000000 0.000000 1.000000
0.998863 -0.041430 0.023599 0.000000 0.041391 0.999141 0.002163 10.737200 -0.023668 -0.001184 0.999719 -0.638600 0.000000 0.000000 0.000000 1.000000
0.998880 -0.041246 0.023190 0.000000 0.041199 0.999148 0.002494 10.737200 -0.023273 -0.001536 0.999728 -0.638600 0.000000 0.000000 0.000000 1.000000
0.998897 -0.041060 0.022769 0.000000 0.041006 0.999155 0.002845 10.737200 -0.022867 -0.001908 0.999737 -0.638600 0.000000 0.000000 0.000000 1.000000
0.998913 -0.040891 0.022373 0.000000 0.040830 0.999161 0.003192 10.737200 -0.022485 -0.002275 0.999745 -0.638600 0.000000 0.000000 0.000000 1.000000
0.998928 -0.040737 0.021977 0.000000 0.040670 0.999166 0.003519 10.737200 -0.022102 -0.002621 0.999752 -0.638600 0.000000 0.000000 0.000000 1.000000
0.998943 -0.040596 0.021566 0.000000 0.040523 0.999171 0.003806 10.737200 -0.021703 -0.002928 0.999760 -0.638600 0.000000 0.000000 0.000000 1.000000
0.998956 -0.040460 0.021203 -0.000000 0.040382 0.999176 0.004081 10.737200 -0.021350 -0.003220 0.999767 -0.638600 0.000000 0.000000 0.000000 1.000000
0.998967 -0.040319 0.020937 0.000000 0.040236 0.999181 0.004375 10.737200 -0.021096 -0.003528 0.999771 -0.638600 0.000000 0.000000 0.000000 1.000000
0.998977 -0.040174 0.020741 0.000000 0.040086 0.999185 0.004657 10.737200 -0.020911 -0.003821 0.999774 -0.638600 0.000000 0.000000 0.000000 1.000000
0.998987 -0.040038 0.020537 0.000000 0.039945 0.999190 0.004918 10.737200 -0.020718 -0.004093 0.999777 -0.638600 0.000000 0.000000 0.000000 1.000000
0.998997 -0.039910 0.020284 -0.000000 0.039814 0.999194 0.005117 10.737200 -0.020472 -0.004304 0.999781 -0.638600 0.000000 0.000000 0.000000 1.000000
0.999007 -0.039776 0.020086 -0.000000 0.039679 0.999199 0.005195 10.737200 -0.020277 -0.004393 0.999785 -0.638600 0.000000 0.000000 0.000000 1.000000
0.999013 -0.039642 0.020015 0.000000 0.039545 0.999204 0.005218 10.737200 -0.020206 -0.004422 0.999786 -0.638600 0.000000 0.000000 0.000000 1.000000
0.999019 -0.039520 0.019999 0.000000 0.039423 0.999209 0.005237 10.737200 -0.020190 -0.004443 0.999786 -0.638600 0.000000 0.000000 0.000000 1.000000
0.999022 -0.039419 0.020005 0.000000 0.039321 0.999213 0.005281 10.737200 -0.020198 -0.004489 0.999786 -0.638600 0.000000 0.000000 0.000000 1.000000
0.999026 -0.039303 0.020035 -0.000000 0.039203 0.999217 0.005371 10.737200 -0.020231 -0.004581 0.999785 -0.638600 0.000000 0.000000 0.000000 1.000000
0.999031 -0.039154 0.020094 -0.000000 0.039052 0.999222 0.005430 10.737200 -0.020291 -0.004640 0.999783 -0.638600 0.000000 0.000000 0.000000 1.000000
0.999034 -0.039058 0.020136 0.000000 0.038956 0.999226 0.005431 10.737200 -0.020333 -0.004641 0.999782 -0.638600 0.000000 0.000000 0.000000 1.000000
0.999035 -0.039021 0.020145 0.000000 0.038919 0.999228 0.005419 10.737200 -0.020341 -0.004630 0.999782 -0.638600 0.000000 0.000000 0.000000 1.000000
0.999036 -0.038992 0.020161 0.000000 0.038891 0.999229 0.005419 10.737200 -0.020357 -0.004630 0.999782 -0.638600 0.000000 0.000000 0.000000 1.000000
0.999035 -0.038974 0.020233 0.000000 0.038871 0.999229 0.005456 10.737200 -0.020430 -0.004664 0.999780 -0.638600 0.000000 0.000000 0.000000 1.000000
0.999031 -0.038984 0.020413 0.000000 0.038878 0.999228 0.005602 10.737200 -0.020616 -0.004803 0.999776 -0.638600 0.000000 0.000000 0.000000 1.000000
0.999025 -0.039013 0.020681 0.000000 0.038899 0.999226 0.005871 10.737200 -0.020894 -0.005061 0.999769 -0.638600 0.000000 0.000000 0.000000 1.000000
0.999017 -0.039050 0.020988 0.000000 0.038929 0.999223 0.006167 10.737200 -0.021212 -0.005344 0.999761 -0.638600 0.000000 0.000000 0.000000 1.000000
0.999010 -0.039066 0.021282 -0.000000 0.038938 0.999221 0.006418 10.737200 -0.021516 -0.005583 0.999753 -0.638600 0.000000 0.000000 0.000000 1.000000
0.999005 -0.039079 0.021490 0.000000 0.038945 0.999219 0.006618 10.737200 -0.021732 -0.005774 0.999747 -0.638600 0.000000 0.000000 0.000000 1.000000
0.999001 -0.039111 0.021603 0.000000 0.038973 0.999217 0.006774 10.737200 -0.021851 -0.005925 0.999744 -0.638600 0.000000 0.000000 0.000000 1.000000
0.998996 -0.039186 0.021731 0.000000 0.039044 0.999214 0.006912 10.737200 -0.021985 -0.006057 0.999740 -0.638600 0.000000 0.000000 0.000000 1.000000
0.998985 -0.039303 0.022001 0.000000 0.039156 0.999208 0.007080 10.737200 -0.022262 -0.006211 0.999733 -0.638600 0.000000 0.000000 0.000000 1.000000
0.998971 -0.039434 0.022407 -0.000000 0.039280 0.999202 0.007288 10.737200 -0.022676 -0.006400 0.999722 -0.638600 0.000000 0.000000 0.000000 1.000000
0.998955 -0.039588 0.022843 0.000000 0.039426 0.999194 0.007511 10.737200 -0.023122 -0.006603 0.999711 -0.638600 0.000000 0.000000 0.000000 1.000000
0.998938 -0.039781 0.023253 0.000000 0.039612 0.999186 0.007696 10.737200 -0.023540 -0.006767 0.999700 -0.638600 0.000000 0.000000 0.000000 1.000000
0.998919 -0.040016 0.023664 0.000000 0.039842 0.999176 0.007797 10.737200 -0.023957 -0.006846 0.999690 -0.638600 0.000000 0.000000 0.000000 1.000000
0.998897 -0.040289 0.024096 0.000000 0.040111 0.999164 0.007854 10.737200 -0.024393 -0.006879 0.999679 -0.638600 0.000000 0.000000 0.000000 1.000000
0.998876 -0.040567 0.024510 0.000000 0.040385 0.999153 0.007886 10.737200 -0.024809 -0.006887 0.999668 -0.638600 0.000000 0.000000 0.000000 1.000000
0.998858 -0.040802 0.024855 -0.000000 0.040618 0.999144 0.007885 10.737200 -0.025155 -0.006867 0.999660 -0.638600 0.000000 0.000000 0.000000 1.000000
0.998844 -0.040983 0.025116 0.000000 0.040797 0.999137 0.007859 10.737200 -0.025416 -0.006825 0.999654 -0.638600 0.000000 0.000000 0.000000 1.000000
0.998832 -0.041151 0.025307 0.000000 0.040966 0.999130 0.007766 10.737200 -0.025605 -0.006720 0.999650 -0.638600 0.000000 0.000000 0.000000 1.000000
0.998820 -0.041365 0.025458 0.000000 0.041185 0.999123 0.007566 10.737200 -0.025748 -0.006508 0.999647 -0.638600 0.000000 0.000000 0.000000 1.000000
0.998804 -0.041644 0.025626 -0.000000 0.041470 0.999113 0.007275 10.737200 -0.025906 -0.006203 0.999645 -0.638600 0.000000 0.000000 0.000000 1.000000
0.998784 -0.041948 0.025886 -0.000000 0.041782 0.999103 0.006924 10.737200 -0.026154 -0.005834 0.999641 -0.638600 0.000000 0.000000 0.000000 1.000000
0.998763 -0.042232 0.026264 0.000000 0.042073 0.999093 0.006566 10.737200 -0.026517 -0.005453 0.999633 -0.638600 0.000000 0.000000 0.000000 1.000000
0.998741 -0.042475 0.026698 0.000000 0.042323 0.999084 0.006250 10.737200 -0.026939 -0.005112 0.999624 -0.638600 0.000000 0.000000 0.000000 1.000000
0.998722 -0.042669 0.027089 -0.000000 0.042522 0.999078 0.005976 10.737200 -0.027319 -0.004817 0.999615 -0.638600 0.000000 0.000000 0.000000 1.000000
0.998708 -0.042817 0.027375 -0.000000 0.042676 0.999073 0.005710 10.737200 -0.027594 -0.004535 0.999609 -0.638600 0.000000 0.000000 0.000000 1.000000
0.998697 -0.042950 0.027577 -0.000000 0.042817 0.999068 0.005418 10.737200 -0.027784 -0.004230 0.999605 -0.638600 0.000000 0.000000 0.000000 1.000000
0.998685 -0.043103 0.027745 0.000000 0.042978 0.999063 0.005103 10.737200 -0.027939 -0.003904 0.999602 -0.638600 0.000000 0.000000 0.000000 1.000000
0.998673 -0.043280 0.027917 -0.000000 0.043163 0.999057 0.004800 10.737200 -0.028099 -0.003589 0.999599 -0.638600 0.000000 0.000000 0.000000 1.000000
0.998661 -0.043419 0.028107 -0.000000 0.043308 0.999051 0.004549 10.737200 -0.028278 -0.003326 0.999595 -0.638600 0.000000 0.000000 0.000000 1.000000
0.998655 -0.043465 0.028268 0.000000 0.043359 0.999050 0.004364 10.737200 -0.028430 -0.003132 0.999591 -0.638600 0.000000 0.000000 0.000000 1.000000
0.998654 -0.043456 0.028333 0.000000 0.043353 0.999051 0.004222 10.737200 -0.028490 -0.002988 0.999590 -0.638600 0.000000 0.000000 0.000000 1.000000
0.998656 -0.043428 0.028298 0.000000 0.043330 0.999052 0.004099 10.737200 -0.028449 -0.002868 0.999591 -0.638600 0.000000 0.000000 0.000000 1.000000
0.998663 -0.043395 0.028089 0.000000 0.043300 0.999054 0.003975 10.737200 -0.028235 -0.002754 0.999598 -0.638600 0.000000 0.000000 0.000000 1.000000
0.998675 -0.043359 0.027715 0.000000 0.043269 0.999056 0.003842 10.737200 -0.027856 -0.002638 0.999608 -0.638600 0.000000 0.000000 0.000000 1.000000
0.998688 -0.043333 0.027298 0.000000 0.043247 0.999058 0.003706 10.737200 -0.027433 -0.002521 0.999620 -0.638600 0.000000 0.000000 0.000000 1.000000
0.998699 -0.043313 0.026928 0.000000 0.043232 0.999059 0.003571 10.737200 -0.027057 -0.002402 0.999631 -0.638600 0.000000 0.000000 0.000000 1.000000
0.998708 -0.043292 0.026628 0.000000 0.043216 0.999060 0.003437 10.737200 -0.026752 -0.002282 0.999640 -0.638600 0.000000 0.000000 0.000000 1.000000
0.998716 -0.043267 0.026350 -0.000000 0.043195 0.999061 0.003302 10.737200 -0.026468 -0.002160 0.999647 -0.638600 0.000000 0.000000 0.000000 1.000000
0.998726 -0.043232 0.026012 -0.000000 0.043164 0.999063 0.003163 10.737200 -0.026124 -0.002036 0.999657 -0.638600 0.000000 0.000000 0.000000 1.000000
0.998740 -0.043168 0.025587 0.000000 0.043105 0.999066 0.003018 10.737200 -0.025693 -0.001911 0.999668 -0.638600 0.000000 0.000000 0.000000 1.000000
0.998756 -0.043061 0.025143 0.000000 0.043002 0.999071 0.002869 10.737200 -0.025243 -0.001784 0.999680 -0.638600 0.000000 0.000000 0.000000 1.000000
0.998770 -0.042946 0.024800 0.000000 0.042892 0.999076 0.002730 10.737200 -0.024894 -0.001663 0.999689 -0.638600 0.000000 0.000000 0.000000 1.000000
0.998779 -0.042847 0.024594 0.000000 0.042796 0.999080 0.002607 10.737200 -0.024683 -0.001551 0.999694 -0.638600 0.000000 0.000000 0.000000 1.000000
0.998786 -0.042752 0.024451 0.000000 0.042704 0.999085 0.002494 10.737200 -0.024535 -0.001447 0.999698 -0.638600 0.000000 0.000000 0.000000 1.000000
0.998793 -0.042655 0.024367 0.000000 0.042609 0.999089 0.002386 10.737200 -0.024447 -0.001345 0.999700 -0.638600 0.000000 0.000000 0.000000 1.000000
0.998798 -0.042554 0.024335 0.000000 0.042511 0.999093 0.002278 10.737200 -0.024409 -0.001241 0.999701 -0.638600 0.000000 0.000000 0.000000 1.000000
0.998802 -0.042452 0.024329 -0.000000 0.042411 0.999098 0.002168 10.737200 -0.024399 -0.001133 0.999702 -0.638600 0.000000 0.000000 0.000000 1.000000
0.998806 -0.042351 0.024351 0.000000 0.042314 0.999102 0.002050 10.737200 -0.024416 -0.001017 0.999701 -0.638600 0.000000 0.000000 0.000000 1.000000
0.998808 -0.042258 0.024422 0.000000 0.042224 0.999106 0.001921 10.737200 -0.024481 -0.000887 0.999700 -0.638600 0.000000 0.000000 0.000000 1.000000
0.998808 -0.042174 0.024594 0.000000 0.042143 0.999110 0.001784 10.737200 -0.024647 -0.000746 0.999696 -0.638600 0.000000 0.000000 0.000000 1.000000
0.998804 -0.042102 0.024854 0.000000 0.042075 0.999113 0.001622 10.737200 -0.024900 -0.000574 0.999690 -0.638600 0.000000 0.000000 0.000000 1.000000
0.998800 -0.042049 0.025110 0.000000 0.042027 0.999116 0.001393 10.737200 -0.025146 -0.000336 0.999684 -0.638600 0.000000 0.000000 0.000000 1.000000
0.998798 -0.042003 0.025251 -0.000000 0.041988 0.999117 0.001123 10.737200 -0.025276 -0.000061 0.999681 -0.638600 0.000000 0.000000 0.000000 1.000000
0.998799 -0.041957 0.025284 0.000000 0.041949 0.999119 0.000859 10.737200 -0.025298 0.000203 0.999680 -0.638600 0.000000 0.000000 0.000000 1.000000
0.998802 -0.041905 0.025275 0.000000 0.041902 0.999122 0.000655 10.737200 -0.025281 0.000405 0.999680 -0.638600 0.000000 0.000000 0.000000 1.000000
0.998805 -0.041855 0.025244 -0.000000 0.041854 0.999124 0.000552 10.737200 -0.025245 0.000505 0.999681 -0.638600 0.000000 0.000000 0.000000 1.000000
0.998807 -0.041816 0.025215 -0.000000 0.041816 0.999125 0.000520 10.737200 -0.025214 0.000535 0.999682 -0.638600 0.000000 0.000000 0.000000 1.000000
0.998809 -0.041785 0.025209 0.000000 0.041785 0.999126 0.000517 10.737200 -0.025209 0.000537 0.999682 -0.638600 0.000000 0.000000 0.000000 1.000000
0.998808 -0.041771 0.025269 -0.000000 0.041771 0.999127 0.000535 10.737200 -0.025270 0.000521 0.999681 -0.638600 0.000000 0.000000 0.000000 1.000000
0.998803 -0.041774 0.025454 -0.000000 0.041773 0.999127 0.000560 10.737200 -0.025456 0.000504 0.999676 -0.638600 0.000000 0.000000 0.000000 1.000000
0.998797 -0.041773 0.025671 0.000000 0.041771 0.999127 0.000593 10.737200 -0.025673 0.000480 0.999670 -0.638600 0.000000 0.000000 0.000000 1.000000
0.998796 -0.041770 0.025716 -0.000000 0.041767 0.999127 0.000641 10.737200 -0.025721 0.000434 0.999669 -0.638600 0.000000 0.000000 0.000000 1.000000
0.998802 -0.041769 0.025476 -0.000000 0.041765 0.999127 0.000692 10.737200 -0.025483 0.000373 0.999675 -0.638600 0.000000 0.000000 0.000000 1.000000
0.998813 -0.041767 0.025044 0.000000 0.041761 0.999127 0.000769 10.737200 -0.025054 0.000278 0.999686 -0.638600 0.000000 0.000000 0.000000 1.000000
0.998824 -0.041763 0.024641 0.000000 0.041753 0.999128 0.000914 10.737200 -0.024658 0.000116 0.999696 -0.638600 0.000000 0.000000 0.000000 1.000000
0.998830 -0.041761 0.024396 -0.000000 0.041746 0.999128 0.001124 10.737200 -0.024421 -0.000104 0.999702 -0.638600 0.000000 0.000000 0.000000 1.000000
0.998833 -0.041764 0.024255 0.000000 0.041743 0.999127 0.001386 10.737200 -0.024291 -0.000372 0.999705 -0.638600 0.000000 0.000000 0.000000 1.000000
0.998833 -0.041771 0.024242 0.000000 0.041742 0.999127 0.001693 10.737200 -0.024291 -0.000679 0.999705 -0.638600 0.000000 0.000000 0.000000 1.000000</float_array>
        <technique_common>
          <accessor source="#mixamorig7_Spine-Matrix-animation-output-transform-array" count="91" stride="16">
            <param type="float4x4"/>
          </accessor>
        </technique_common>
      </source>
      <source id="mixamorig7_Spine-Interpolations">
        <Name_array id="mixamorig7_Spine-Interpolations-array" count="91">
 LINEAR LINEAR LINEAR LINEAR LINEAR LINEAR LINEAR LINEAR LINEAR LINEAR LINEAR
LINEAR LINEAR LINEAR LINEAR LINEAR LINEAR LINEAR LINEAR LINEAR LINEAR LINEAR LINEAR
LINEAR LINEAR LINEAR LINEAR LINEAR LINEAR LINEAR LINEAR LINEAR LINEAR LINEAR LINEAR
LINEAR LINEAR LINEAR LINEAR LINEAR LINEAR LINEAR LINEAR LINEAR LINEAR LINEAR LINEAR
LINEAR LINEAR LINEAR LINEAR LINEAR LINEAR LINEAR LINEAR LINEAR LINEAR LINEAR LINEAR
LINEAR LINEAR LINEAR LINEAR LINEAR LINEAR LINEAR LINEAR LINEAR LINEAR LINEAR LINEAR
LINEAR LINEAR LINEAR LINEAR LINEAR LINEAR LINEAR LINEAR LINEAR LINEAR LINEAR LINEAR
LINEAR LINEAR LINEAR LINEAR LINEAR LINEAR LINEAR LINEAR</Name_array>
        <technique_common>
          <accessor source="#mixamorig7_Spine-Interpolations-array" count="91">
            <param type="name"/>
          </accessor>
        </technique_common>
      </source>
      <sampler id="mixamorig7_Spine-Matrix-animation-transform">
        <input semantic="INPUT" source="#mixamorig7_Spine-Matrix-animation-input"/>
        <input semantic="OUTPUT" source="#mixamorig7_Spine-Matrix-animation-output-transform"/>
        <input semantic="INTERPOLATION" source="#mixamorig7_Spine-Interpolations"/>
      </sampler>
      <channel source="#mixamorig7_Spine-Matrix-animation-transform" target="mixamorig7_Spine/matrix"/>
      <source id="mixamorig7_Spine1-Matrix-animation-input">
        <float_array id="mixamorig7_Spine1-Matrix-animation-input-array" count="91">

0.000000 0.033333 0.066667 0.100000 0.133333 0.166667 0.200000 0.233333 0.266667 0.300000 0.333333 0.366667 0.400000 0.433333 0.466667 0.500000
0.533333 0.566667 0.600000 0.633333 0.666667 0.700000 0.733333 0.766667 0.800000 0.833333 0.866667 0.900000 0.933333 0.966667 1.000000 1.033333
1.066667 1.100000 1.133333 1.166667 1.200000 1.233333 1.266667 1.300000 1.333333 1.366667 1.400000 1.433333 1.466667 1.500000 1.533333 1.566667
1.600000 1.633333 1.666667 1.700000 1.733333 1.766667 1.800000 1.833333 1.866667 1.900000 1.933333 1.966667 2.000000 2.033333 2.066667 2.100000
2.133333 2.166667 2.200000 2.233333 2.266667 2.300000 2.333333 2.366667 2.400000 2.433333 2.466667 2.500000 2.533333 2.566667 2.600000 2.633333
2.666667 2.700000 2.733333 2.766667 2.800000 2.833333 2.866667 2.900000 2.933333 2.966667 3.000000</float_array>
        <technique_common>
          <accessor source="#mixamorig7_Spine1-Matrix-animation-input-array" count="91">
            <param name="TIME" type="float"/>
          </accessor>
        </technique_common>
      </source>
      <source id="mixamorig7_Spine1-Matrix-animation-output-transform">
        <float_array id="mixamorig7_Spine1-Matrix-animation-output-transform-array" count="1456">

0.999620 -0.027250 0.004039 0.000000 0.027325 0.999428 -0.019925 12.548900 -0.003494 0.020027 0.999793 0.000000 0.000000 0.000000 0.000000 1.000000
0.999620 -0.027250 0.004039 -0.000000 0.027325 0.999428 -0.019925 12.548900 -0.003494 0.020027 0.999793 0.000000 0.000000 0.000000 0.000000 1.000000
0.999620 -0.027250 0.004037 -0.000000 0.027325 0.999430 -0.019850 12.548900 -0.003494 0.019952 0.999795 0.000000 0.000000 0.000000 0.000000 1.000000
0.999620 -0.027251 0.004030 0.000000 0.027325 0.999435 -0.019596 12.548900 -0.003494 0.019699 0.999800 -0.000000 0.000000 0.000000 0.000000 1.000000
0.999621 -0.027246 0.003860 0.000000 0.027315 0.999442 -0.019220 12.548900 -0.003335 0.019318 0.999808 0.000000 0.000000 0.000000 0.000000 1.000000
0.999622 -0.027241 0.003685 0.000000 0.027306 0.999451 -0.018770 12.548900 -0.003172 0.018864 0.999817 -0.000000 0.000000 0.000000 0.000000 1.000000
0.999623 -0.027237 0.003517 0.000000 0.027297 0.999461 -0.018260 12.548900 -0.003018 0.018349 0.999827 -0.000000 0.000000 0.000000 0.000000 1.000000
0.999624 -0.027232 0.003348 0.000000 0.027288 0.999471 -0.017700 12.548900 -0.002864 0.017785 0.999838 0.000000 0.000000 0.000000 0.000000 1.000000
0.999624 -0.027228 0.003170 0.000000 0.027278 0.999482 -0.017097 12.548900 -0.002703 0.017177 0.999849 0.000000 0.000000 0.000000 0.000000 1.000000
0.999625 -0.027224 0.003014 0.000000 0.027270 0.999493 -0.016439 12.548900 -0.002565 0.016515 0.999860 -0.000000 0.000000 0.000000 0.000000 1.000000
0.999625 -0.027222 0.002897 -0.000000 0.027264 0.999504 -0.015733 12.548900 -0.002468 0.015806 0.999872 0.000000 0.000000 0.000000 0.000000 1.000000
0.999626 -0.027221 0.002802 -0.000000 0.027260 0.999516 -0.014986 12.548900 -0.002392 0.015057 0.999884 0.000000 0.000000 0.000000 0.000000 1.000000
0.999626 -0.027220 0.002730 -0.000000 0.027257 0.999528 -0.014204 12.548900 -0.002342 0.014273 0.999895 0.000000 0.000000 0.000000 0.000000 1.000000
0.999626 -0.027221 0.002678 0.000000 0.027255 0.999539 -0.013392 12.548900 -0.002312 0.013460 0.999907 0.000000 0.000000 0.000000 0.000000 1.000000
0.999626 -0.027222 0.002634 -0.000000 0.027253 0.999549 -0.012583 12.548900 -0.002290 0.012650 0.999917 -0.000000 0.000000 0.000000 0.000000 1.000000
0.999626 -0.027224 0.002597 0.000000 0.027253 0.999559 -0.011782 12.548900 -0.002275 0.011849 0.999927 0.000000 0.000000 0.000000 0.000000 1.000000
0.999626 -0.027225 0.002565 0.000000 0.027252 0.999569 -0.010945 12.548900 -0.002266 0.011011 0.999937 0.000000 0.000000 0.000000 0.000000 1.000000
0.999626 -0.027228 0.002536 -0.000000 0.027252 0.999578 -0.010052 12.548900 -0.002261 0.010118 0.999946 0.000000 0.000000 0.000000 0.000000 1.000000
0.999626 -0.027242 0.002508 -0.000000 0.027263 0.999587 -0.009123 12.548900 -0.002259 0.009188 0.999955 0.000000 0.000000 0.000000 0.000000 1.000000
0.999625 -0.027274 0.002481 -0.000000 0.027294 0.999594 -0.008188 12.548900 -0.002257 0.008252 0.999963 -0.000000 0.000000 0.000000 0.000000 1.000000
0.999624 -0.027311 0.002452 -0.000000 0.027328 0.999600 -0.007262 12.548900 -0.002253 0.007326 0.999971 0.000000 0.000000 0.000000 0.000000 1.000000
0.999623 -0.027350 0.002431 0.000000 0.027365 0.999605 -0.006349 12.548900 -0.002257 0.006413 0.999977 -0.000000 0.000000 0.000000 0.000000 1.000000
0.999622 -0.027392 0.002439 0.000000 0.027405 0.999610 -0.005419 12.548900 -0.002290 0.005483 0.999982 0.000000 0.000000 0.000000 0.000000 1.000000
0.999620 -0.027441 0.002463 -0.000000 0.027451 0.999613 -0.004434 12.548900 -0.002340 0.004500 0.999987 -0.000000 0.000000 0.000000 0.000000 1.000000
0.999619 -0.027504 0.002502 0.000000 0.027512 0.999616 -0.003420 12.548900 -0.002407 0.003488 0.999991 0.000000 0.000000 0.000000 0.000000 1.000000
0.999616 -0.027574 0.002581 0.000000 0.027581 0.999617 -0.002398 12.548900 -0.002514 0.002469 0.999994 0.000000 0.000000 0.000000 0.000000 1.000000
0.999614 -0.027643 0.002694 -0.000000 0.027647 0.999617 -0.001376 12.548900 -0.002655 0.001450 0.999995 0.000000 0.000000 0.000000 0.000000 1.000000
0.999612 -0.027711 0.002800 0.000000 0.027712 0.999616 -0.000368 12.548900 -0.002789 0.000445 0.999996 0.000000 0.000000 0.000000 0.000000 1.000000
0.999610 -0.027782 0.002867 0.000000 0.027780 0.999614 0.000614 12.548900 -0.002883 -0.000534 0.999996 0.000000 0.000000 0.000000 0.000000 1.000000
0.999607 -0.027866 0.002904 0.000000 0.027862 0.999611 0.001558 12.548900 -0.002946 -0.001476 0.999995 0.000000 0.000000 0.000000 0.000000 1.000000
0.999605 -0.027963 0.002949 0.000000 0.027956 0.999606 0.002474 12.548900 -0.003017 -0.002390 0.999993 0.000000 0.000000 0.000000 0.000000 1.000000
0.999602 -0.028062 0.003035 0.000000 0.028052 0.999601 0.003368 12.548900 -0.003128 -0.003281 0.999990 0.000000 0.000000 0.000000 0.000000 1.000000
