<?xml version="1.0" encoding="utf-8"?>
<COLLADA xmlns="http://www.collada.org/2005/11/COLLADASchema" version="1.4.1">
  <asset>
    <contributor>
      <author>Mixamo</author>
      <authoring_tool>COLLADA Mixamo exporter</authoring_tool>
      <comments/>
    </contributor>
    <created>2024-07-03T21:52:09Z</created>
    <modified>2024-07-03T21:52:09Z</modified>
    <revision/>
    <title/>
    <unit meter="0.010000"/>
    <up_axis>Y_UP</up_axis>
  </asset>
  <library_animations>
    <animation>
      <source id="mixamorig7_Hips-Matrix-animation-input">
        <float_array id="mixamorig7_Hips-Matrix-animation-input-array" count="100">

0.000000 0.033333 0.066667 0.100000 0.133333 0.166667 0.200000 0.233333 0.266667 0.300000 0.333333 0.366667 0.400000 0.433333 0.466667 0.500000
0.533333 0.566667 0.600000 0.633333 0.666667 0.700000 0.733333 0.766667 0.800000 0.833333 0.866667 0.900000 0.933333 0.966667 1.000000 1.033333
1.066667 1.100000 1.133333 1.166667 1.200000 1.233333 1.266667 1.300000 1.333333 1.366667 1.400000 1.433333 1.466667 1.500000 1.533333 1.566667
1.600000 1.633333 1.666667 1.700000 1.733333 1.766667 1.800000 1.833333 1.866667 1.900000 1.933333 1.966667 2.000000 2.033333 2.066667 2.100000
2.133333 2.166667 2.200000 2.233333 2.266667 2.300000 2.333333 2.366667 2.400000 2.433333 2.466667 2.500000 2.533333 2.566667 2.600000 2.633333
2.666667 2.700000 2.733333 2.766667 2.800000 2.833333 2.866667 2.900000 2.933333 2.966667 3.000000 3.033333 3.066667 3.100000 3.133333 3.166667
3.200000 3.233333 3.266667 3.300000</float_array>
        <technique_common>
          <accessor source="#mixamorig7_Hips-Matrix-animation-input-array" count="100">
            <param name="TIME" type="float"/>
          </accessor>
        </technique_common>
      </source>
      <source id="mixamorig7_Hips-Matrix-animation-output-transform">
        <float_array id="mixamorig7_Hips-Matrix-animation-output-transform-array" count="1600">

0.592724 -0.027122 0.804949 -9.655097 -0.104114 0.988467 0.109969 88.592445 -0.798648 -0.148988 0.583065 -7.502610 0.000000 0.000000 0.000000 1.000000
0.596273 -0.031470 0.802164 -9.578660 -0.102791 0.988013 0.115168 88.495361 -0.796173 -0.151127 0.585891 -7.730612 0.000000 0.000000 0.000000 1.000000
0.598967 -0.034267 0.800040 -9.516875 -0.101064 0.987860 0.117975 88.635712 -0.794370 -0.151519 0.588233 -7.790723 0.000000 0.000000 0.000000 1.000000
0.600848 -0.035861 0.798558 -9.498744 -0.099679 0.987834 0.119362 88.967186 -0.793124 -0.151318 0.589964 -7.681512 0.000000 0.000000 0.000000 1.000000
0.602032 -0.037225 0.797604 -9.533058 -0.097135 0.988079 0.119432 89.401939 -0.792542 -0.149378 0.591239 -7.414345 0.000000 0.000000 0.000000 1.000000
0.602769 -0.037815 0.797019 -9.633247 -0.095232 0.988327 0.118913 89.836334 -0.792213 -0.147579 0.592132 -7.032315 0.000000 0.000000 0.000000 1.000000
0.602688 -0.037897 0.797077 -9.793152 -0.092994 0.988730 0.117324 90.159485 -0.792540 -0.144833 0.592372 -6.608404 0.000000 0.000000 0.000000 1.000000
0.602433 -0.037893 0.797269 -10.035823 -0.090887 0.989119 0.115688 90.320503 -0.792978 -0.142156 0.592434 -6.158436 0.000000 0.000000 0.000000 1.000000
0.601822 -0.037053 0.797770 -10.353131 -0.090085 0.989398 0.113912 90.236526 -0.793533 -0.140422 0.592104 -5.768348 0.000000 0.000000 0.000000 1.000000
0.600379 -0.035832 0.798912 -10.711834 -0.091559 0.989347 0.113179 89.900826 -0.794457 -0.141099 0.590702 -5.431141 0.000000 0.000000 0.000000 1.000000
0.598030 -0.035811 0.800673 -11.056567 -0.093667 0.989033 0.114196 89.399918 -0.795981 -0.143289 0.588117 -5.109212 0.000000 0.000000 0.000000 1.000000
0.595414 -0.035713 0.802625 -11.354502 -0.097308 0.988451 0.116168 88.868446 -0.797505 -0.147270 0.585062 -4.817966 0.000000 0.000000 0.000000 1.000000
0.592577 -0.034694 0.804766 -11.583344 -0.100746 0.988035 0.116778 88.398987 -0.799189 -0.150277 0.581991 -4.547732 0.000000 0.000000 0.000000 1.000000
0.590690 -0.033473 0.806204 -11.698826 -0.104370 0.987576 0.117473 88.131706 -0.800120 -0.153533 0.579858 -4.351156 0.000000 0.000000 0.000000 1.000000
0.589591 -0.033744 0.806996 -11.698454 -0.106400 0.987175 0.119014 88.125046 -0.800663 -0.156034 0.578440 -4.234057 0.000000 0.000000 0.000000 1.000000
0.588822 -0.034299 0.807534 -11.606569 -0.105257 0.987337 0.118684 88.376862 -0.801380 -0.154883 0.577756 -4.219263 0.000000 0.000000 0.000000 1.000000
0.588662 -0.034676 0.807635 -11.452244 -0.103795 0.987568 0.118055 88.772026 -0.801688 -0.153323 0.577744 -4.299351 0.000000 0.000000 0.000000 1.000000
0.589315 -0.034666 0.807159 -11.248880 -0.102222 0.987850 0.117059 89.208878 -0.801410 -0.151494 0.578611 -4.480014 0.000000 0.000000 0.000000 1.000000
0.591318 -0.033370 0.805748 -11.000422 -0.102357 0.987957 0.116033 89.561546 -0.799916 -0.151087 0.580781 -4.727818 0.000000 0.000000 0.000000 1.000000
0.591748 -0.031847 0.805494 -10.748328 -0.102373 0.988160 0.114277 89.763733 -0.799596 -0.150084 0.581482 -5.102159 0.000000 0.000000 0.000000 1.000000
0.591882 -0.029893 0.805470 -10.520847 -0.101463 0.988600 0.111247 89.743279 -0.799613 -0.147570 0.582102 -5.599715 0.000000 0.000000 0.000000 1.000000
0.593330 -0.027806 0.804479 -10.344276 -0.099931 0.989127 0.107891 89.497589 -0.798732 -0.144408 0.584100 -6.168072 0.000000 0.000000 0.000000 1.000000
0.596081 -0.027098 0.802467 -10.169704 -0.099022 0.989320 0.106962 89.079666 -0.796795 -0.143219 0.587032 -6.777780 0.000000 0.000000 0.000000 1.000000
0.600054 -0.028281 0.799459 -10.000499 -0.099460 0.988983 0.109638 88.643097 -0.793752 -0.145303 0.590631 -7.305157 0.000000 0.000000 0.000000 1.000000
0.603634 -0.030829 0.796666 -9.838656 -0.098687 0.988678 0.113034 88.288086 -0.791130 -0.146851 0.593757 -7.750728 0.000000 0.000000 0.000000 1.000000
0.607385 -0.033912 0.793683 -9.686961 -0.096596 0.988522 0.116160 88.156746 -0.788513 -0.147221 0.597138 -8.023371 0.000000 0.000000 0.000000 1.000000
0.610791 -0.035862 0.790979 -9.555616 -0.093690 0.988682 0.117173 88.268913 -0.786229 -0.145675 0.600518 -8.100005 0.000000 0.000000 0.000000 1.000000
0.612832 -0.036229 0.789383 -9.476488 -0.093231 0.988657 0.117753 88.595390 -0.784695 -0.145758 0.602502 -8.009547 0.000000 0.000000 0.000000 1.000000
0.613257 -0.034103 0.789147 -9.476879 -0.095048 0.988622 0.116586 89.020027 -0.784144 -0.146504 0.603038 -7.763354 0.000000 0.000000 0.000000 1.000000
0.610399 -0.031851 0.791454 -9.556330 -0.096485 0.988761 0.114204 89.465919 -0.786196 -0.146073 0.600465 -7.400649 0.000000 0.000000 0.000000 1.000000
0.604532 -0.029524 0.796034 -9.711151 -0.098770 0.988823 0.111683 89.832878 -0.790434 -0.146140 0.594859 -6.952746 0.000000 0.000000 0.000000 1.000000
0.597207 -0.027989 0.801599 -9.925698 -0.101250 0.988766 0.109958 90.054214 -0.795671 -0.146830 0.587664 -6.484516 0.000000 0.000000 0.000000 1.000000
0.589367 -0.026686 0.807425 -10.197895 -0.103436 0.988736 0.108180 90.085373 -0.801216 -0.147275 0.579968 -6.036321 0.000000 0.000000 0.000000 1.000000
0.582123 -0.025564 0.812698 -10.484284 -0.106423 0.988512 0.107324 89.873436 -0.806106 -0.148966 0.572715 -5.653511 0.000000 0.000000 0.000000 1.000000
0.575439 -0.025151 0.817458 -10.759648 -0.109319 0.988192 0.107357 89.476181 -0.810506 -0.151141 0.565895 -5.291635 0.000000 0.000000 0.000000 1.000000
0.568065 -0.026596 0.822554 -11.025439 -0.112631 0.987561 0.109716 88.969467 -0.815240 -0.154971 0.558003 -4.978155 0.000000 0.000000 0.000000 1.000000
0.560221 -0.028224 0.827862 -11.257670 -0.115503 0.986994 0.111811 88.455200 -0.820251 -0.158259 0.549675 -4.732497 0.000000 0.000000 0.000000 1.000000
0.552613 -0.029773 0.832906 -11.421332 -0.119764 0.986153 0.114712 88.033783 -0.824788 -0.163143 0.541395 -4.496947 0.000000 0.000000 0.000000 1.000000
0.545700 -0.030984 0.837408 -11.480413 -0.123422 0.985446 0.116889 87.858421 -0.828842 -0.167141 0.533934 -4.300952 0.000000 0.000000 0.000000 1.000000
0.539545 -0.031897 0.841352 -11.412251 -0.126623 0.984843 0.118538 87.964279 -0.832381 -0.170491 0.527328 -4.175120 0.000000 0.000000 0.000000 1.000000
0.534593 -0.031859 0.844509 -11.245964 -0.127716 0.984767 0.117997 88.318306 -0.835404 -0.170938 0.522380 -4.122850 0.000000 0.000000 0.000000 1.000000
0.532521 -0.031884 0.845816 -11.015124 -0.126586 0.985051 0.116831 88.778122 -0.836897 -0.169284 0.520525 -4.166313 0.000000 0.000000 0.000000 1.000000
0.531757 -0.030865 0.846334 -10.733156 -0.124313 0.985666 0.114053 89.239594 -0.837723 -0.165859 0.520298 -4.326427 0.000000 0.000000 0.000000 1.000000
0.531865 -0.029355 0.846320 -10.439711 -0.122108 0.986296 0.110949 89.599083 -0.837980 -0.162352 0.520991 -4.571686 0.000000 0.000000 0.000000 1.000000
0.533430 -0.028230 0.845373 -10.142077 -0.120282 0.986754 0.108850 89.803795 -0.837248 -0.159747 0.522969 -4.917442 0.000000 0.000000 0.000000 1.000000
0.535439 -0.026105 0.844170 -9.888611 -0.118610 0.987292 0.105762 89.797234 -0.836204 -0.156756 0.525539 -5.342810 0.000000 0.000000 0.000000 1.000000
0.539114 -0.024851 0.841866 -9.685510 -0.117912 0.987494 0.104658 89.569168 -0.833938 -0.155689 0.529441 -5.813070 0.000000 0.000000 0.000000 1.000000
0.545700 -0.026054 0.837576 -9.498269 -0.117523 0.987259 0.107279 89.190002 -0.829699 -0.156976 0.535685 -6.302888 0.000000 0.000000 0.000000 1.000000
0.553609 -0.028963 0.832273 -9.344193 -0.117782 0.986626 0.112681 88.781075 -0.824405 -0.160408 0.542794 -6.748757 0.000000 0.000000 0.000000 1.000000
0.560555 -0.032708 0.827471 -9.202495 -0.116403 0.986187 0.117837 88.429657 -0.819896 -0.162374 0.549005 -7.098384 0.000000 0.000000 0.000000 1.000000
0.565164 -0.036137 0.824187 -9.096442 -0.112770 0.986279 0.120572 88.247284 -0.817235 -0.161086 0.553334 -7.306442 0.000000 0.000000 0.000000 1.000000
0.568250 -0.037528 0.822000 -9.020465 -0.109419 0.986642 0.120686 88.281738 -0.815548 -0.158522 0.556553 -7.338028 0.000000 0.000000 0.000000 1.000000
0.571293 -0.037149 0.819905 -8.982442 -0.108650 0.986760 0.120414 88.523499 -0.813523 -0.157874 0.559693 -7.177773 0.000000 0.000000 0.000000 1.000000
0.572320 -0.035307 0.819270 -9.014487 -0.108295 0.987068 0.118191 88.889175 -0.812848 -0.156366 0.561095 -6.906292 0.000000 0.000000 0.000000 1.000000
0.569985 -0.032652 0.821006 -9.122750 -0.107537 0.987651 0.113937 89.303909 -0.814588 -0.153231 0.559435 -6.546120 0.000000 0.000000 0.000000 1.000000
0.565876 -0.030193 0.823937 -9.296690 -0.107746 0.988051 0.110207 89.678650 -0.817420 -0.151140 0.555861 -6.132021 0.000000 0.000000 0.000000 1.000000
0.562888 -0.028164 0.826053 -9.527784 -0.107980 0.988348 0.107276 89.933388 -0.819449 -0.149582 0.553289 -5.702737 0.000000 0.000000 0.000000 1.000000
0.562353 -0.026590 0.826469 -9.800031 -0.107791 0.988597 0.105151 90.036758 -0.819841 -0.148218 0.553075 -5.272515 0.000000 0.000000 0.000000 1.000000
0.563859 -0.025060 0.825491 -10.087909 -0.107937 0.988730 0.103743 89.935715 -0.818787 -0.147598 0.554799 -4.912534 0.000000 0.000000 0.000000 1.000000
0.566317 -0.024390 0.823827 -10.373998 -0.108501 0.988656 0.103856 89.647530 -0.817015 -0.148202 0.557246 -4.604333 0.000000 0.000000 0.000000 1.000000
0.569548 -0.025766 0.821554 -10.639476 -0.108380 0.988428 0.106134 89.246353 -0.814782 -0.149488 0.560164 -4.326332 0.000000 0.000000 0.000000 1.000000
0.571312 -0.028234 0.820247 -10.883206 -0.107125 0.988293 0.108632 88.832848 -0.813711 -0.149932 0.561600 -4.106326 0.000000 0.000000 0.000000 1.000000
0.571022 -0.030695 0.820361 -11.101681 -0.106754 0.988039 0.111277 88.472542 -0.813964 -0.151119 0.560915 -3.916458 0.000000 0.000000 0.000000 1.000000
0.569762 -0.031328 0.821212 -11.217610 -0.109402 0.987488 0.113575 88.290306 -0.814495 -0.154553 0.559206 -3.749463 0.000000 0.000000 0.000000 1.000000
0.567913 -0.031716 0.822477 -11.236974 -0.111412 0.987099 0.114993 88.339394 -0.815513 -0.156940 0.557053 -3.630932 0.000000 0.000000 0.000000 1.000000
0.566586 -0.031594 0.823397 -11.179259 -0.110934 0.987243 0.114216 88.602379 -0.816501 -0.156056 0.555853 -3.573314 0.000000 0.000000 0.000000 1.000000
0.566152 -0.030464 0.823738 -11.054686 -0.111839 0.987237 0.113378 88.978432 -0.816679 -0.156315 0.555519 -3.573118 0.000000 0.000000 0.000000 1.000000
0.564539 -0.027937 0.824933 -10.880123 -0.111837 0.987622 0.109982 89.388283 -0.817794 -0.154347 0.554427 -3.683535 0.000000 0.000000 0.000000 1.000000
0.563700 -0.024573 0.825614 -10.681993 -0.111520 0.988141 0.105552 89.727486 -0.818417 -0.151572 0.554274 -3.893286 0.000000 0.000000 0.000000 1.000000
0.562905 -0.021889 0.826232 -10.468554 -0.111262 0.988544 0.101991 89.949211 -0.818998 -0.149340 0.554021 -4.210557 0.000000 0.000000 0.000000 1.000000
0.563209 -0.019117 0.826093 -10.274717 -0.111466 0.988837 0.098878 89.988846 -0.818762 -0.147771 0.554791 -4.654840 0.000000 0.000000 0.000000 1.000000
0.564485 -0.017932 0.825249 -10.111998 -0.111664 0.988915 0.097869 89.819702 -0.817856 -0.147396 0.556225 -5.184559 0.000000 0.000000 0.000000 1.000000
0.566442 -0.018356 0.823897 -9.973225 -0.110531 0.989027 0.098027 89.461243 -0.816655 -0.146592 0.558198 -5.807432 0.000000 0.000000 0.000000 1.000000
0.569298 -0.020196 0.821883 -9.839961 -0.110632 0.988723 0.100928 89.033981 -0.814654 -0.148385 0.560644 -6.393085 0.000000 0.000000 0.000000 1.000000
0.572205 -0.023410 0.819776 -9.708923 -0.111105 0.988164 0.105770 88.611511 -0.812549 -0.151603 0.562832 -6.908053 0.000000 0.000000 0.000000 1.000000
0.574320 -0.027992 0.818152 -9.592846 -0.110433 0.987631 0.111311 88.334526 -0.811148 -0.154279 0.564124 -7.291211 0.000000 0.000000 0.000000 1.000000
0.575248 -0.030972 0.817393 -9.492221 -0.109112 0.987447 0.114205 88.298691 -0.810669 -0.154883 0.564647 -7.481143 0.000000 0.000000 0.000000 1.000000
0.574498 -0.031946 0.817883 -9.436695 -0.107776 0.987585 0.114278 88.522987 -0.811380 -0.153800 0.563923 -7.490954 0.000000 0.000000 0.000000 1.000000
0.573115 -0.030947 0.818890 -9.452720 -0.107575 0.987798 0.112619 88.916794 -0.812383 -0.152635 0.562793 -7.351274 0.000000 0.000000 0.000000 1.000000
0.570444 -0.027563 0.820874 -9.574713 -0.106541 0.988509 0.107229 89.379326 -0.814397 -0.148626 0.560953 -7.103920 0.000000 0.000000 0.000000 1.000000
0.566252 -0.022777 0.823918 -9.778565 -0.105373 0.989415 0.099772 89.800301 -0.817469 -0.143315 0.557858 -6.768385 0.000000 0.000000 0.000000 1.000000
0.561547 -0.018298 0.827243 -10.057398 -0.104149 0.990241 0.092602 90.072586 -0.820864 -0.138157 0.554161 -6.402277 0.000000 0.000000 0.000000 1.000000
0.556890 -0.014230 0.830464 -10.412482 -0.103473 0.990876 0.086365 90.121979 -0.824116 -0.134026 0.550336 -6.046842 0.000000 0.000000 0.000000 1.000000
0.553617 -0.011274 0.832695 -10.794019 -0.103365 0.991246 0.082142 89.907562 -0.826331 -0.131547 0.547606 -5.774847 0.000000 0.000000 0.000000 1.000000
0.552402 -0.010098 0.833517 -11.169898 -0.102962 0.991443 0.080249 89.493469 -0.827195 -0.130150 0.546635 -5.557374 0.000000 0.000000 0.000000 1.000000
0.554543 -0.011180 0.832080 -11.494275 -0.103015 0.991296 0.081973 89.007904 -0.825754 -0.131175 0.548565 -5.365167 0.000000 0.000000 0.000000 1.000000
0.558313 -0.012013 0.829544 -11.741418 -0.105269 0.990787 0.085198 88.568901 -0.822925 -0.134892 0.551905 -5.186048 0.000000 0.000000 0.000000 1.000000
0.562671 -0.013175 0.826576 -11.889398 -0.108754 0.990003 0.089811 88.265305 -0.819496 -0.140428 0.555613 -5.026354 0.000000 0.000000 0.000000 1.000000
0.567127 -0.014038 0.823511 -11.894893 -0.111082 0.989416 0.093364 88.232674 -0.816105 -0.144426 0.559565 -4.900956 0.000000 0.000000 0.000000 1.000000
0.570631 -0.014341 0.821082 -11.764530 -0.112247 0.989101 0.095284 88.481087 -0.813499 -0.146537 0.562802 -4.817103 0.000000 0.000000 0.000000 1.000000
0.571711 -0.014065 0.820334 -11.549685 -0.112880 0.988996 0.095626 88.908661 -0.812653 -0.147270 0.563833 -4.780886 0.000000 0.000000 0.000000 1.000000
0.572228 -0.013632 0.819982 -11.289516 -0.112663 0.989075 0.095066 89.365776 -0.812319 -0.146781 0.564440 -4.821009 0.000000 0.000000 0.000000 1.000000
0.574529 -0.012432 0.818390 -10.991098 -0.110989 0.989466 0.092947 89.776001 -0.810924 -0.144233 0.567097 -4.957769 0.000000 0.000000 0.000000 1.000000
0.579426 -0.010880 0.814952 -10.670100 -0.110893 0.989560 0.092056 90.042938 -0.807446 -0.143712 0.572170 -5.151222 0.000000 0.000000 0.000000 1.000000
0.581410 -0.010333 0.813545 -10.380498 -0.107476 0.990181 0.089385 90.117020 -0.806481 -0.139406 0.574591 -5.525728 0.000000 0.000000 0.000000 1.000000
0.585494 -0.011372 0.810597 -10.133727 -0.104902 0.990432 0.089665 89.919144 -0.803861 -0.137531 0.578699 -5.974301 0.000000 0.000000 0.000000 1.000000
0.590194 -0.014078 0.807139 -9.950152 -0.103620 0.990256 0.093041 89.520325 -0.800584 -0.138547 0.582984 -6.470186 0.000000 0.000000 0.000000 1.000000
0.593055 -0.018154 0.804957 -9.812548 -0.104119 0.989622 0.099029 89.036179 -0.798401 -0.142541 0.585010 -6.956841 0.000000 0.000000 0.000000 1.000000
0.593604 -0.022650 0.804438 -9.729842 -0.105149 0.988852 0.105434 88.685265 -0.797858 -0.147172 0.584605 -7.319789 0.000000 0.000000 0.000000 1.000000
0.592726 -0.027126 0.804947 -9.655727 -0.104106 0.988468 0.109970 88.593056 -0.798648 -0.148982 0.583066 -7.503012 0.000000 0.000000 0.000000 1.000000</float_array>
        <technique_common>
          <accessor source="#mixamorig7_Hips-Matrix-animation-output-transform-array" count="100" stride="16">
            <param type="float4x4"/>
          </accessor>
        </technique_common>
      </source>
      <source id="mixamorig7_Hips-Interpolations">
        <Name_array id="mixamorig7_Hips-Interpolations-array" count="100">
 LINEAR LINEAR LINEAR LINEAR LINEAR LINEAR LINEAR LINEAR LINEAR LINEAR LINEAR
LINEAR LINEAR LINEAR LINEAR LINEAR LINEAR LINEAR LINEAR LINEAR LINEAR LINEAR LINEAR
LINEAR LINEAR LINEAR LINEAR LINEAR LINEAR LINEAR LINEAR LINEAR LINEAR LINEAR LINEAR
LINEAR LINEAR LINEAR LINEAR LINEAR LINEAR LINEAR LINEAR LINEAR LINEAR LINEAR LINEAR
LINEAR LINEAR LINEAR LINEAR LINEAR LINEAR LINEAR LINEAR LINEAR LINEAR LINEAR LINEAR
LINEAR LINEAR LINEAR LINEAR LINEAR LINEAR LINEAR LINEAR LINEAR LINEAR LINEAR LINEAR
LINEAR LINEAR LINEAR LINEAR LINEAR LINEAR LINEAR LINEAR LINEAR LINEAR LINEAR LINEAR
LINEAR LINEAR LINEAR LINEAR LINEAR LINEAR LINEAR LINEAR LINEAR LINEAR LINEAR LINEAR
LINEAR LINEAR LINEAR LINEAR LINEAR</Name_array>
        <technique_common>
          <accessor source="#mixamorig7_Hips-Interpolations-array" count="100">
            <param type="name"/>
          </accessor>
        </technique_common>
      </source>
      <sampler id="mixamorig7_Hips-Matrix-animation-transform">
        <input semantic="INPUT" source="#mixamorig7_Hips-Matrix-animation-input"/>
        <input semantic="OUTPUT" source="#mixamorig7_Hips-Matrix-animation-output-transform"/>
        <input semantic="INTERPOLATION" source="#mixamorig7_Hips-Interpolations"/>
      </sampler>
      <channel source="#mixamorig7_Hips-Matrix-animation-transform" target="mixamorig7_Hips/matrix"/>
      <source id="mixamorig7_Spine-Matrix-animation-input">
        <float_array id="mixamorig7_Spine-Matrix-animation-input-array" count="100">

0.000000 0.033333 0.066667 0.100000 0.133333 0.166667 0.200000 0.233333 0.266667 0.300000 0.333333 0.366667 0.400000 0.433333 0.466667 0.500000
0.533333 0.566667 0.600000 0.633333 0.666667 0.700000 0.733333 0.766667 0.800000 0.833333 0.866667 0.900000 0.933333 0.966667 1.000000 1.033333
1.066667 1.100000 1.133333 1.166667 1.200000 1.233333 1.266667 1.300000 1.333333 1.366667 1.400000 1.433333 1.466667 1.500000 1.533333 1.566667
1.600000 1.633333 1.666667 1.700000 1.733333 1.766667 1.800000 1.833333 1.866667 1.900000 1.933333 1.966667 2.000000 2.033333 2.066667 2.100000
2.133333 2.166667 2.200000 2.233333 2.266667 2.300000 2.333333 2.366667 2.400000 2.433333 2.466667 2.500000 2.533333 2.566667 2.600000 2.633333
2.666667 2.700000 2.733333 2.766667 2.800000 2.833333 2.866667 2.900000 2.933333 2.966667 3.000000 3.033333 3.066667 3.100000 3.133333 3.166667
3.200000 3.233333 3.266667 3.300000</float_array>
        <technique_common>
          <accessor source="#mixamorig7_Spine-Matrix-animation-input-array" count="100">
            <param name="TIME" type="float"/>
          </accessor>
        </technique_common>
      </source>
      <source id="mixamorig7_Spine-Matrix-animation-output-transform">
        <float_array id="mixamorig7_Spine-Matrix-animation-output-transform-array" count="1600">

0.998959 -0.041695 -0.018484 0.000000 0.040570 0.997519 -0.057535 10.737200 0.020837 0.056725 0.998172 -0.638600 0.000000 0.000000 0.000000 1.000000
0.999099 -0.040475 -0.012804 -0.000000 0.039632 0.997390 -0.060346 10.737200 0.015213 0.059784 0.998095 -0.638600 0.000000 0.000000 0.000000 1.000000
0.999140 -0.040198 -0.010145 0.000000 0.039535 0.997493 -0.058690 10.737200 0.012479 0.058238 0.998225 -0.638600 0.000000 0.000000 0.000000 1.000000
0.999106 -0.040778 -0.011195 -0.000000 0.040108 0.997697 -0.054707 10.737200 0.013400 0.054210 0.998440 -0.638600 0.000000 0.000000 0.000000 1.000000
0.999052 -0.040778 -0.015210 0.000000 0.039990 0.998002 -0.048918 10.737200 0.017175 0.048264 0.998687 -0.638600 0.000000 0.000000 0.000000 1.000000
0.998920 -0.041539 -0.020835 0.000000 0.040604 0.998229 -0.043469 10.737200 0.022604 0.042576 0.998838 -0.638600 0.000000 0.000000 0.000000 1.000000
0.998709 -0.042435 -0.027923 -0.000000 0.041339 0.998394 -0.038725 10.737200 0.029522 0.037521 0.998860 -0.638600 0.000000 0.000000 0.000000 1.000000
0.998439 -0.043656 -0.034849 -0.000000 0.042382 0.998435 -0.036498 10.737200 0.036388 0.034964 0.998726 -0.638600 0.000000 0.000000 0.000000 1.000000
0.998112 -0.046315 -0.040350 0.000000 0.044789 0.998276 -0.037942 10.737200 0.042038 0.036063 0.998465 -0.638600 0.000000 0.000000 0.000000 1.000000
0.997676 -0.050685 -0.045543 -0.000000 0.048722 0.997876 -0.043237 10.737200 0.047637 0.040918 0.998026 -0.638600 0.000000 0.000000 0.000000 1.000000
0.997266 -0.053898 -0.050549 0.000000 0.051385 0.997438 -0.049768 10.737200 0.053101 0.047035 0.997481 -0.638600 0.000000 0.000000 0.000000 1.000000
0.996835 -0.057061 -0.055356 -0.000000 0.053962 0.996975 -0.055942 10.737200 0.058381 0.052777 0.996898 -0.638600 0.000000 0.000000 0.000000 1.000000
0.996528 -0.059017 -0.058733 0.000000 0.055576 0.996734 -0.058584 10.737200 0.061999 0.055117 0.996553 -0.638600 0.000000 0.000000 0.000000 1.000000
0.996336 -0.061571 -0.059354 0.000000 0.057999 0.996504 -0.060137 10.737200 0.062849 0.056474 0.996424 -0.638600 0.000000 0.000000 0.000000 1.000000
0.996348 -0.062644 -0.058017 -0.000000 0.059113 0.996403 -0.060712 10.737200 0.061611 0.057061 0.996468 -0.638600 0.000000 0.000000 0.000000 1.000000
0.996595 -0.060866 -0.055612 0.000000 0.057658 0.996675 -0.057572 10.737200 0.058931 0.054169 0.996791 -0.638600 0.000000 0.000000 0.000000 1.000000
0.996858 -0.058327 -0.053587 -0.000000 0.055450 0.997017 -0.053685 10.737200 0.056558 0.050544 0.997119 -0.638600 0.000000 0.000000 0.000000 1.000000
0.997197 -0.054855 -0.050874 0.000000 0.052347 0.997407 -0.049391 10.737200 0.053451 0.046589 0.997483 -0.638600 0.000000 0.000000 0.000000 1.000000
0.997541 -0.052643 -0.046266 0.000000 0.050528 0.997674 -0.045757 10.737200 0.048568 0.043306 0.997881 -0.638600 0.000000 0.000000 0.000000 1.000000
0.997835 -0.050338 -0.042325 0.000000 0.048504 0.997884 -0.043293 10.737200 0.044415 0.041146 0.998165 -0.638600 0.000000 0.000000 0.000000 1.000000
0.998170 -0.047424 -0.037520 0.000000 0.045844 0.998069 -0.041909 10.737200 0.039435 0.040112 0.998417 -0.638600 0.000000 0.000000 0.000000 1.000000
0.998526 -0.043667 -0.032241 0.000000 0.042269 0.998187 -0.042855 10.737200 0.034054 0.041430 0.998561 -0.638600 0.000000 0.000000 0.000000 1.000000
0.998856 -0.040112 -0.026018 0.000000 0.038853 0.998129 -0.047203 10.737200 0.027862 0.046138 0.998546 -0.638600 0.000000 0.000000 0.000000 1.000000
0.999120 -0.037673 -0.018426 -0.000000 0.036633 0.997876 -0.053857 10.737200 0.020416 0.053134 0.998379 -0.638600 0.000000 0.000000 0.000000 1.000000
0.999286 -0.034827 -0.014632 -0.000000 0.033918 0.997723 -0.058304 10.737200 0.016630 0.057766 0.998192 -0.638600 0.000000 0.000000 0.000000 1.000000
0.999467 -0.030745 -0.011014 0.000000 0.030041 0.997794 -0.059209 10.737200 0.012810 0.058846 0.998185 -0.638600 0.000000 0.000000 0.000000 1.000000
0.999612 -0.026535 -0.008472 -0.000000 0.026039 0.998192 -0.054166 10.737200 0.009894 0.053925 0.998496 -0.638600 0.000000 0.000000 0.000000 1.000000
0.999655 -0.024990 -0.008119 0.000000 0.024576 0.998565 -0.047586 10.737200 0.009296 0.047370 0.998834 -0.638600 0.000000 0.000000 0.000000 1.000000
0.999628 -0.025379 -0.010017 0.000000 0.024961 0.998895 -0.039827 10.737200 0.011017 0.039562 0.999156 -0.638600 0.000000 0.000000 0.000000 1.000000
0.999594 -0.024889 -0.013898 0.000000 0.024443 0.999208 -0.031384 10.737200 0.014669 0.031031 0.999411 -0.638600 0.000000 0.000000 0.000000 1.000000
0.999519 -0.024801 -0.018627 0.000000 0.024348 0.999412 -0.024161 10.737200 0.019215 0.023696 0.999535 -0.638600 0.000000 0.000000 0.000000 1.000000
0.999441 -0.024531 -0.022727 -0.000000 0.024084 0.999515 -0.019731 10.737200 0.023200 0.019173 0.999547 -0.638600 0.000000 0.000000 0.000000 1.000000
0.999362 -0.024479 -0.026019 0.000000 0.024021 0.999553 -0.017785 10.737200 0.026442 0.017149 0.999503 -0.638600 0.000000 0.000000 0.000000 1.000000
0.999272 -0.026428 -0.027531 0.000000 0.025887 0.999469 -0.019810 10.737200 0.028040 0.019083 0.999425 -0.638600 0.000000 0.000000 0.000000 1.000000
0.999229 -0.028608 -0.026898 0.000000 0.027965 0.999321 -0.024009 10.737200 0.027567 0.023238 0.999350 -0.638600 0.000000 0.000000 0.000000 1.000000
0.999233 -0.030555 -0.024480 0.000000 0.029782 0.999065 -0.031325 10.737200 0.025414 0.030572 0.999209 -0.638600 0.000000 0.000000 0.000000 1.000000
0.999256 -0.032067 -0.021407 0.000000 0.031235 0.998785 -0.038122 10.737200 0.022603 0.037425 0.999044 -0.638600 0.000000 0.000000 0.000000 1.000000
0.999242 -0.034613 -0.017800 0.000000 0.033805 0.998466 -0.043855 10.737200 0.019291 0.043220 0.998879 -0.638600 0.000000 0.000000 0.000000 1.000000
0.999209 -0.036818 -0.015052 -0.000000 0.036090 0.998288 -0.046025 10.737200 0.016721 0.045446 0.998827 -0.638600 0.000000 0.000000 0.000000 1.000000
0.999134 -0.039245 -0.013846 -0.000000 0.038582 0.998229 -0.045274 10.737200 0.015599 0.044700 0.998879 -0.638600 0.000000 0.000000 0.000000 1.000000
0.999095 -0.039975 -0.014515 0.000000 0.039364 0.998417 -0.040183 10.737200 0.016098 0.039575 0.999087 -0.638600 0.000000 0.000000 0.000000 1.000000
0.999129 -0.039360 -0.013848 -0.000000 0.038869 0.998662 -0.034099 10.737200 0.015172 0.033531 0.999323 -0.638600 0.000000 0.000000 0.000000 1.000000
0.999193 -0.038136 -0.012572 -0.000000 0.037786 0.998920 -0.027049 10.737200 0.013590 0.026552 0.999555 -0.638600 0.000000 0.000000 0.000000 1.000000
0.999247 -0.036959 -0.011782 -0.000000 0.036706 0.999105 -0.021037 10.737200 0.012549 0.020589 0.999709 -0.638600 0.000000 0.000000 0.000000 1.000000
0.999274 -0.036224 -0.011766 0.000000 0.036009 0.999189 -0.017999 10.737200 0.012408 0.017562 0.999769 -0.638600 0.000000 0.000000 0.000000 1.000000
0.999285 -0.035458 -0.013116 0.000000 0.035237 0.999240 -0.016646 10.737200 0.013696 0.016172 0.999775 -0.638600 0.000000 0.000000 0.000000 1.000000
0.999280 -0.035303 -0.013899 -0.000000 0.035021 0.999186 -0.020013 10.737200 0.014594 0.019512 0.999703 -0.638600 0.000000 0.000000 0.000000 1.000000
0.999335 -0.034616 -0.011482 0.000000 0.034281 0.999014 -0.028216 10.737200 0.012448 0.027803 0.999536 -0.638600 0.000000 0.000000 0.000000 1.000000
0.999387 -0.034165 -0.007700 0.000000 0.033841 0.998669 -0.038922 10.737200 0.009020 0.038638 0.999213 -0.638600 0.000000 0.000000 0.000000 1.000000
0.999465 -0.032340 -0.004833 -0.000000 0.032075 0.998361 -0.047399 10.737200 0.006358 0.047218 0.998864 -0.638600 0.000000 0.000000 0.000000 1.000000
0.999590 -0.028429 -0.003522 -0.000000 0.028215 0.998324 -0.050523 10.737200 0.004952 0.050402 0.998717 -0.638600 0.000000 0.000000 0.000000 1.000000
0.999689 -0.024930 -0.000473 0.000000 0.024878 0.998500 -0.048773 10.737200 0.001688 0.048746 0.998810 -0.638600 0.000000 0.000000 0.000000 1.000000
0.999712 -0.023846 0.002744 0.000000 0.023945 0.998711 -0.044747 10.737200 -0.001674 0.044800 0.998995 -0.638600 0.000000 0.000000 0.000000 1.000000
0.999711 -0.023724 0.003965 -0.000000 0.023860 0.998966 -0.038704 10.737200 -0.003042 0.038787 0.999243 -0.638600 0.000000 0.000000 0.000000 1.000000
0.999716 -0.023789 0.001550 0.000000 0.023826 0.999227 -0.031266 10.737200 -0.000805 0.031294 0.999510 -0.638600 0.000000 0.000000 0.000000 1.000000
0.999678 -0.025136 -0.003537 0.000000 0.025038 0.999360 -0.025552 10.737200 0.004177 0.025455 0.999667 -0.638600 0.000000 0.000000 0.000000 1.000000
0.999618 -0.026323 -0.008443 0.000000 0.026138 0.999430 -0.021344 10.737200 0.009000 0.021115 0.999737 -0.638600 0.000000 0.000000 0.000000 1.000000
0.999541 -0.027554 -0.012591 0.000000 0.027316 0.999452 -0.018703 10.737200 0.013100 0.018350 0.999746 -0.638600 0.000000 0.000000 0.000000 1.000000
0.999438 -0.030000 -0.014942 0.000000 0.029720 0.999384 -0.018641 10.737200 0.015493 0.018187 0.999715 -0.638600 0.000000 0.000000 0.000000 1.000000
0.999324 -0.033134 -0.015898 -0.000000 0.032784 0.999224 -0.021813 10.737200 0.016608 0.021277 0.999636 -0.638600 0.000000 0.000000 0.000000 1.000000
0.999280 -0.034902 -0.014861 0.000000 0.034486 0.999029 -0.027405 10.737200 0.015803 0.026873 0.999514 -0.638600 0.000000 0.000000 0.000000 1.000000
0.999276 -0.034902 -0.015126 -0.000000 0.034391 0.998868 -0.032852 10.737200 0.016255 0.032308 0.999346 -0.638600 0.000000 0.000000 0.000000 1.000000
0.999238 -0.035205 -0.016846 0.000000 0.034553 0.998698 -0.037528 10.737200 0.018146 0.036917 0.999154 -0.638600 0.000000 0.000000 0.000000 1.000000
0.999093 -0.038205 -0.018827 0.000000 0.037431 0.998503 -0.039879 10.737200 0.020322 0.039138 0.999027 -0.638600 0.000000 0.000000 0.000000 1.000000
0.998945 -0.040926 -0.020823 0.000000 0.040085 0.998423 -0.039297 10.737200 0.022399 0.038421 0.999011 -0.638600 0.000000 0.000000 0.000000 1.000000
0.998958 -0.040011 -0.021947 0.000000 0.039256 0.998657 -0.033803 10.737200 0.023270 0.032906 0.999188 -0.638600 0.000000 0.000000 0.000000 1.000000
0.998931 -0.040662 -0.021984 0.000000 0.040039 0.998803 -0.028093 10.737200 0.023100 0.027183 0.999364 -0.638600 0.000000 0.000000 0.000000 1.000000
0.998910 -0.040845 -0.022615 0.000000 0.040386 0.998977 -0.020356 10.737200 0.023423 0.019421 0.999537 -0.638600 0.000000 0.000000 0.000000 1.000000
0.998932 -0.040811 -0.021685 0.000000 0.040533 0.999092 -0.013095 10.737200 0.022200 0.012202 0.999679 -0.638600 0.000000 0.000000 0.000000 1.000000
0.998944 -0.040497 -0.021691 0.000000 0.040315 0.999149 -0.008747 10.737200 0.022027 0.007863 0.999726 -0.638600 0.000000 0.000000 0.000000 1.000000
0.998946 -0.040474 -0.021652 0.000000 0.040310 0.999155 -0.007979 10.737200 0.021957 0.007098 0.999734 -0.638600 0.000000 0.000000 0.000000 1.000000
0.998985 -0.039959 -0.020771 0.000000 0.039711 0.999137 -0.012205 10.737200 0.021241 0.011368 0.999710 -0.638600 0.000000 0.000000 0.000000 1.000000
0.999119 -0.038143 -0.017515 0.000000 0.037783 0.999077 -0.020443 10.737200 0.018279 0.019763 0.999638 -0.638600 0.000000 0.000000 0.000000 1.000000
0.999227 -0.036970 -0.013379 0.000000 0.036531 0.998830 -0.031674 10.737200 0.014534 0.031161 0.999409 -0.638600 0.000000 0.000000 0.000000 1.000000
0.999319 -0.035657 -0.009545 0.000000 0.035209 0.998431 -0.043533 10.737200 0.011082 0.043168 0.999006 -0.638600 0.000000 0.000000 0.000000 1.000000
0.999419 -0.033382 -0.006949 0.000000 0.032965 0.998032 -0.053348 10.737200 0.008716 0.053088 0.998552 -0.638600 0.000000 0.000000 0.000000 1.000000
0.999498 -0.031220 -0.005358 -0.000000 0.030865 0.997901 -0.056923 10.737200 0.007123 0.056729 0.998364 -0.638600 0.000000 0.000000 0.000000 1.000000
0.999542 -0.029838 -0.005084 -0.000000 0.029510 0.998020 -0.055541 10.737200 0.006732 0.055366 0.998443 -0.638600 0.000000 0.000000 0.000000 1.000000
0.999529 -0.030327 -0.004761 0.000000 0.030038 0.998188 -0.052133 10.737200 0.006333 0.051966 0.998629 -0.638600 0.000000 0.000000 0.000000 1.000000
0.999503 -0.031039 -0.005559 -0.000000 0.030750 0.998459 -0.046196 10.737200 0.006984 0.046002 0.998917 -0.638600 0.000000 0.000000 0.000000 1.000000
0.999447 -0.032273 -0.007978 -0.000000 0.031931 0.998697 -0.039813 10.737200 0.009252 0.039536 0.999175 -0.638600 0.000000 0.000000 0.000000 1.000000
0.999363 -0.033807 -0.011429 0.000000 0.033378 0.998800 -0.035849 10.737200 0.012627 0.035445 0.999292 -0.638600 0.000000 0.000000 0.000000 1.000000
0.999179 -0.037353 -0.015709 -0.000000 0.036771 0.998682 -0.035810 10.737200 0.017026 0.035203 0.999235 -0.638600 0.000000 0.000000 0.000000 1.000000
0.998923 -0.042023 -0.019670 0.000000 0.041213 0.998352 -0.039925 10.737200 0.021316 0.039072 0.999009 -0.638600 0.000000 0.000000 0.000000 1.000000
0.998657 -0.046542 -0.022745 0.000000 0.045429 0.997851 -0.047227 10.737200 0.024894 0.046130 0.998625 -0.638600 0.000000 0.000000 0.000000 1.000000
0.998544 -0.049297 -0.021914 0.000000 0.047987 0.997235 -0.056747 10.737200 0.024651 0.055613 0.998148 -0.638600 0.000000 0.000000 0.000000 1.000000
0.998419 -0.052325 -0.020542 0.000000 0.050890 0.996582 -0.065073 10.737200 0.023877 0.063924 0.997669 -0.638600 0.000000 0.000000 0.000000 1.000000
0.998242 -0.055903 -0.019678 0.000000 0.054364 0.995951 -0.071599 10.737200 0.023601 0.070403 0.997239 -0.638600 0.000000 0.000000 0.000000 1.000000
0.998105 -0.058319 -0.019628 -0.000000 0.056747 0.995727 -0.072855 10.737200 0.023793 0.071604 0.997149 -0.638600 0.000000 0.000000 0.000000 1.000000
0.997965 -0.059969 -0.021679 0.000000 0.058353 0.995926 -0.068751 10.737200 0.025714 0.067346 0.997398 -0.638600 0.000000 0.000000 0.000000 1.000000
0.997894 -0.059685 -0.025383 0.000000 0.058082 0.996518 -0.059812 10.737200 0.028864 0.058212 0.997887 -0.638600 0.000000 0.000000 0.000000 1.000000
0.997890 -0.058519 -0.028133 0.000000 0.057074 0.997134 -0.049670 10.737200 0.030959 0.047959 0.998369 -0.638600 0.000000 0.000000 0.000000 1.000000
0.998023 -0.056168 -0.028214 0.000000 0.055064 0.997741 -0.038488 10.737200 0.030312 0.036858 0.998861 -0.638600 0.000000 0.000000 0.000000 1.000000
0.998145 -0.055557 -0.024883 0.000000 0.054789 0.998031 -0.030538 10.737200 0.026530 0.029118 0.999224 -0.638600 0.000000 0.000000 0.000000 1.000000
0.998313 -0.052473 -0.024843 0.000000 0.051879 0.998366 -0.023962 10.737200 0.026060 0.022633 0.999404 -0.638600 0.000000 0.000000 0.000000 1.000000
0.998506 -0.049513 -0.023123 0.000000 0.048960 0.998515 -0.023888 10.737200 0.024271 0.022721 0.999447 -0.638600 0.000000 0.000000 0.000000 1.000000
0.998688 -0.047183 -0.019914 0.000000 0.046565 0.998451 -0.030443 10.737200 0.021320 0.029476 0.999338 -0.638600 0.000000 0.000000 0.000000 1.000000
0.998799 -0.045504 -0.018178 0.000000 0.044720 0.998140 -0.041422 10.737200 0.020029 0.040559 0.998976 -0.638600 0.000000 0.000000 0.000000 1.000000
0.998868 -0.044087 -0.017850 0.000000 0.043107 0.997717 -0.051989 10.737200 0.020101 0.051161 0.998488 -0.638600 0.000000 0.000000 0.000000 1.000000
0.998960 -0.041687 -0.018480 0.000000 0.040563 0.997519 -0.057535 10.737200 0.020833 0.056726 0.998172 -0.638600 0.000000 0.000000 0.000000 1.000000</float_array>
        <technique_common>
          <accessor source="#mixamorig7_Spine-Matrix-animation-output-transform-array" count="100" stride="16">
            <param type="float4x4"/>
          </accessor>
        </technique_common>
      </source>
      <source id="mixamorig7_Spine-Interpolations">
        <Name_array id="mixamorig7_Spine-Interpolations-array" count="100">
 LINEAR LINEAR LINEAR LINEAR LINEAR LINEAR LINEAR LINEAR LINEAR LINEAR LINEAR
LINEAR LINEAR LINEAR LINEAR LINEAR LINEAR LINEAR LINEAR LINEAR LINEAR LINEAR LINEAR
LINEAR LINEAR LINEAR LINEAR LINEAR LINEAR LINEAR LINEAR LINEAR LINEAR LINEAR LINEAR
LINEAR LINEAR LINEAR LINEAR LINEAR LINEAR LINEAR LINEAR LINEAR LINEAR LINEAR LINEAR
LINEAR LINEAR LINEAR LINEAR LINEAR LINEAR LINEAR LINEAR LINEAR LINEAR LINEAR LINEAR
LINEAR LINEAR LINEAR LINEAR LINEAR LINEAR LINEAR LINEAR LINEAR LINEAR LINEAR LINEAR
LINEAR LINEAR LINEAR LINEAR LINEAR LINEAR LINEAR LINEAR LINEAR LINEAR LINEAR LINEAR
LINEAR LINEAR LINEAR LINEAR LINEAR LINEAR LINEAR LINEAR LINEAR LINEAR LINEAR LINEAR
LINEAR LINEAR LINEAR LINEAR LINEAR</Name_array>
        <technique_common>
          <accessor source="#mixamorig7_Spine-Interpolations-array" count="100">
            <param type="name"/>
          </accessor>
        </technique_common>
      </source>
      <sampler id="mixamorig7_Spine-Matrix-animation-transform">
        <input semantic="INPUT" source="#mixamorig7_Spine-Matrix-animation-input"/>
        <input semantic="OUTPUT" source="#mixamorig7_Spine-Matrix-animation-output-transform"/>
        <input semantic="INTERPOLATION" source="#mixamorig7_Spine-Interpolations"/>
      </sampler>
      <channel source="#mixamorig7_Spine-Matrix-animation-transform" target="mixamorig7_Spine/matrix"/>
      <source id="mixamorig7_Spine1-Matrix-animation-input">
        <float_array id="mixamorig7_Spine1-Matrix-animation-input-array" count="100">

0.000000 0.033333 0.066667 0.100000 0.133333 0.166667 0.200000 0.233333 0.266667 0.300000 0.333333 0.366667 0.400000 0.433333 0.466667 0.500000
0.533333 0.566667 0.600000 0.633333 0.666667 0.700000 0.733333 0.766667 0.800000 0.833333 0.866667 0.900000 0.933333 0.966667 1.000000 1.033333
1.066667 1.100000 1.133333 1.166667 1.200000 1.233333 1.266667 1.300000 1.333333 1.366667 1.400000 1.433333 1.466667 1.500000 1.533333 1.566667
1.600000 1.633333 1.666667 1.700000 1.733333 1.766667 1.800000 1.833333 1.866667 1.900000 1.933333 1.966667 2.000000 2.033333 2.066667 2.100000
2.133333 2.166667 2.200000 2.233333 2.266667 2.300000 2.333333 2.366667 2.400000 2.433333 2.466667 2.500000 2.533333 2.566667 2.600000 2.633333
2.666667 2.700000 2.733333 2.766667 2.800000 2.833333 2.866667 2.900000 2.933333 2.966667 3.000000 3.033333 3.066667 3.100000 3.133333 3.166667
3.200000 3.233333 3.266667 3.300000</float_array>
        <technique_common>
          <accessor source="#mixamorig7_Spine1-Matrix-animation-input-array" count="100">
            <param name="TIME" type="float"/>
          </accessor>
        </technique_common>
      </source>
      <source id="mixamorig7_Spine1-Matrix-animation-output-transform">
        <float_array id="mixamorig7_Spine1-Matrix-animation-output-transform-array" count="1600">

0.995410 -0.090301 -0.031697 0.000000 0.080524 0.969250 -0.232529 12.548900 0.051720 0.228909 0.972073 0.000000 0.000000 0.000000 0.000000 1.000000
0.995443 -0.090477 -0.030134 0.000000 0.080993 0.968932 -0.233688 12.548900 0.050341 0.230182 0.971845 0.000000 0.000000 0.000000 0.000000 1.000000
0.995444 -0.090712 -0.029365 0.000000 0.081400 0.968902 -0.233674 12.548900 0.049648 0.230219 0.971871 -0.000000 0.000000 0.000000 0.000000 1.000000
0.995418 -0.090925 -0.029587 0.000000 0.081592 0.969049 -0.232994 12.548900 0.049856 0.229512 0.972028 -0.000000 0.000000 0.000000 0.000000 1.000000
0.995408 -0.090677 -0.030678 -0.000000 0.081169 0.969405 -0.231660 12.548900 0.050746 0.228106 0.972313 0.000000 0.000000 0.000000 0.000000 1.000000
0.995378 -0.090473 -0.032213 0.000000 0.080702 0.969813 -0.230107 12.548900 0.052059 0.226444 0.972632 0.000000 0.000000 0.000000 0.000000 1.000000
0.995349 -0.090060 -0.034188 -0.000000 0.079933 0.970223 -0.228644 12.548900 0.053762 0.224848 0.972910 0.000000 0.000000 0.000000 0.000000 1.000000
0.995323 -0.089579 -0.036149 -0.000000 0.079081 0.970531 -0.227630 12.548900 0.055475 0.223707 0.973076 0.000000 0.000000 0.000000 0.000000 1.000000
0.995304 -0.089138 -0.037727 0.000000 0.078327 0.970713 -0.227113 12.548900 0.056867 0.223091 0.973137 0.000000 0.000000 0.000000 0.000000 1.000000
0.995245 -0.089190 -0.039156 0.000000 0.078041 0.970671 -0.227391 12.548900 0.058289 0.223254 0.973016 0.000000 0.000000 0.000000 0.000000 1.000000
