<?xml version="1.0" encoding="utf-8"?>
<COLLADA xmlns="http://www.collada.org/2005/11/COLLADASchema" version="1.4.1">
  <asset>
    <contributor>
      <author>Mixamo</author>
      <authoring_tool>COLLADA Mixamo exporter</authoring_tool>
      <comments/>
    </contributor>
    <created>2024-07-03T20:57:28Z</created>
    <modified>2024-07-03T20:57:28Z</modified>
    <revision/>
    <title/>
    <unit meter="0.010000"/>
    <up_axis>Y_UP</up_axis>
  </asset>
  <library_animations>
    <animation>
      <source id="mixamorig7_Hips-Matrix-animation-input">
        <float_array id="mixamorig7_Hips-Matrix-animation-input-array" count="100">

0.000000 0.033333 0.066667 0.100000 0.133333 0.166667 0.200000 0.233333 0.266667 0.300000 0.333333 0.366667 0.400000 0.433333 0.466667 0.500000
0.533333 0.566667 0.600000 0.633333 0.666667 0.700000 0.733333 0.766667 0.800000 0.833333 0.866667 0.900000 0.933333 0.966667 1.000000 1.033333
1.066667 1.100000 1.133333 1.166667 1.200000 1.233333 1.266667 1.300000 1.333333 1.366667 1.400000 1.433333 1.466667 1.500000 1.533333 1.566667
1.600000 1.633333 1.666667 1.700000 1.733333 1.766667 1.800000 1.833333 1.866667 1.900000 1.933333 1.966667 2.000000 2.033333 2.066667 2.100000
2.133333 2.166667 2.200000 2.233333 2.266667 2.300000 2.333333 2.366667 2.400000 2.433333 2.466667 2.500000 2.533333 2.566667 2.600000 2.633333
2.666667 2.700000 2.733333 2.766667 2.800000 2.833333 2.866667 2.900000 2.933333 2.966667 3.000000 3.033333 3.066667 3.100000 3.133333 3.166667
3.200000 3.233333 3.266667 3.300000</float_array>
        <technique_common>
          <accessor source="#mixamorig7_Hips-Matrix-animation-input-array" count="100">
            <param name="TIME" type="float"/>
          </accessor>
        </technique_common>
      </source>
      <source id="mixamorig7_Hips-Matrix-animation-output-transform">
        <float_array id="mixamorig7_Hips-Matrix-animation-output-transform-array" count="1600">

0.592599 0.024689 -0.805119 9.573216 0.108199 0.988032 0.109936 88.569244 0.798198 -0.152261 0.582835 -7.625424 0.000000 0.000000 0.000000 1.000000
0.596150 0.029012 -0.802349 9.496625 0.106894 0.987582 0.115133 88.470741 0.795726 -0.154403 0.585645 -7.854082 0.000000 0.000000 0.000000 1.000000
0.598845 0.031830 -0.800232 9.436010 0.105116 0.987442 0.117940 88.610039 0.793936 -0.154745 0.587979 -7.912587 0.000000 0.000000 0.000000 1.000000
0.600728 0.033484 -0.798752 9.420188 0.103623 0.987433 0.119326 88.941429 0.792710 -0.154452 0.589708 -7.799841 0.000000 0.000000 0.000000 1.000000
0.601914 0.034928 -0.797797 9.457467 0.100939 0.987702 0.119399 89.377113 0.792156 -0.152397 0.590986 -7.528162 0.000000 0.000000 0.000000 1.000000
0.602652 0.035602 -0.797209 9.560682 0.098894 0.987971 0.118881 89.813232 0.791852 -0.150483 0.591882 -7.141761 0.000000 0.000000 0.000000 1.000000
0.602575 0.035747 -0.797261 9.722834 0.096554 0.988392 0.117293 90.139259 0.792200 -0.147657 0.592129 -6.714719 0.000000 0.000000 0.000000 1.000000
0.602323 0.035767 -0.797451 9.966515 0.094409 0.988792 0.115658 90.304268 0.792650 -0.144949 0.592196 -6.263608 0.000000 0.000000 0.000000 1.000000
0.601715 0.034896 -0.797948 10.282946 0.093662 0.989069 0.113882 90.224876 0.793200 -0.143262 0.591869 -5.875189 0.000000 0.000000 0.000000 1.000000
0.600271 0.033597 -0.799091 10.639087 0.095272 0.989000 0.113149 89.894386 0.794102 -0.144051 0.590467 -5.542208 0.000000 0.000000 0.000000 1.000000
0.597916 0.033474 -0.800859 10.980187 0.097562 0.988660 0.114163 89.399086 0.795599 -0.146393 0.587870 -5.226081 0.000000 0.000000 0.000000 1.000000
0.595291 0.033281 -0.802821 11.274446 0.101379 0.988046 0.116132 88.872574 0.797089 -0.150522 0.584801 -4.940490 0.000000 0.000000 0.000000 1.000000
0.592444 0.032186 -0.804968 11.500190 0.104962 0.987601 0.116738 88.407089 0.798745 -0.153652 0.581720 -4.674964 0.000000 0.000000 0.000000 1.000000
0.590546 0.030927 -0.806411 11.613906 0.108660 0.987119 0.117431 88.142220 0.799655 -0.156973 0.579579 -4.480931 0.000000 0.000000 0.000000 1.000000
0.589441 0.031205 -0.807208 11.613378 0.110687 0.986709 0.118970 88.136185 0.800192 -0.159473 0.578153 -4.363739 0.000000 0.000000 0.000000 1.000000
0.588675 0.031806 -0.807744 11.522902 0.109471 0.986884 0.118642 88.386948 0.800923 -0.158266 0.577472 -4.346482 0.000000 0.000000 0.000000 1.000000
0.588519 0.032258 -0.807840 11.371083 0.107886 0.987134 0.118013 88.779739 0.801253 -0.156608 0.577467 -4.422579 0.000000 0.000000 0.000000 1.000000
0.589177 0.032329 -0.807357 11.170593 0.106171 0.987438 0.117020 89.213043 0.800998 -0.154664 0.578343 -4.598784 0.000000 0.000000 0.000000 1.000000
0.591180 0.031099 -0.805940 10.924679 0.106183 0.987558 0.115996 89.561531 0.799519 -0.154152 0.580522 -4.842791 0.000000 0.000000 0.000000 1.000000
0.591612 0.029620 -0.805678 10.674041 0.106123 0.987769 0.114241 89.758949 0.799208 -0.153087 0.581233 -5.214769 0.000000 0.000000 0.000000 1.000000
0.591753 0.027664 -0.805644 10.446409 0.105214 0.988211 0.111213 89.733658 0.799224 -0.150576 0.581867 -5.712355 0.000000 0.000000 0.000000 1.000000
0.593211 0.025523 -0.804643 10.268020 0.103764 0.988736 0.107861 89.483513 0.798332 -0.147477 0.583880 -6.283227 0.000000 0.000000 0.000000 1.000000
0.595969 0.024724 -0.802627 10.090570 0.102985 0.988918 0.106932 89.061897 0.796376 -0.146386 0.586818 -6.896980 0.000000 0.000000 0.000000 1.000000
0.599944 0.025816 -0.799625 9.918659 0.103549 0.988567 0.109607 88.622284 0.793313 -0.148559 0.590411 -7.428372 0.000000 0.000000 0.000000 1.000000
0.603527 0.028293 -0.796841 9.754815 0.102869 0.988255 0.113002 88.264824 0.790679 -0.150170 0.593528 -7.876978 0.000000 0.000000 0.000000 1.000000
0.607281 0.031343 -0.793868 9.602650 0.100809 0.988105 0.116127 88.131424 0.788065 -0.150551 0.596898 -8.150702 0.000000 0.000000 0.000000 1.000000
0.610690 0.033304 -0.791169 9.472294 0.097865 0.988282 0.117141 88.242279 0.785799 -0.148964 0.600274 -8.226043 0.000000 0.000000 0.000000 1.000000
0.612727 0.033727 -0.789574 9.395384 0.097301 0.988268 0.117721 88.568031 0.784282 -0.148957 0.602257 -8.132158 0.000000 0.000000 0.000000 1.000000
0.613144 0.031682 -0.789335 9.398661 0.098983 0.988240 0.116555 88.992996 0.783745 -0.149595 0.602798 -7.881664 0.000000 0.000000 0.000000 1.000000
0.610280 0.029529 -0.791635 9.481055 0.100277 0.988387 0.114173 89.440224 0.785813 -0.149060 0.600232 -7.514466 0.000000 0.000000 0.000000 1.000000
0.604408 0.027297 -0.796207 9.638294 0.102442 0.988453 0.111652 89.809784 0.790061 -0.149049 0.594632 -7.062797 0.000000 0.000000 0.000000 1.000000
0.597079 0.025828 -0.801767 9.854181 0.104856 0.988393 0.109926 90.034653 0.795300 -0.149704 0.587441 -6.592462 0.000000 0.000000 0.000000 1.000000
0.589236 0.024550 -0.807588 10.126231 0.107045 0.988355 0.108148 90.070107 0.800838 -0.150174 0.579747 -6.144357 0.000000 0.000000 0.000000 1.000000
0.581989 0.023402 -0.812860 10.410784 0.110119 0.988111 0.107290 89.863083 0.805707 -0.151953 0.572492 -5.764212 0.000000 0.000000 0.000000 1.000000
0.575297 0.022930 -0.817623 10.683120 0.113158 0.987764 0.107321 89.471359 0.810080 -0.154262 0.565663 -5.406937 0.000000 0.000000 0.000000 1.000000
0.567914 0.024307 -0.822729 10.945222 0.116638 0.987100 0.109677 88.970047 0.814782 -0.158248 0.557753 -5.098834 0.000000 0.000000 0.000000 1.000000
0.560065 0.025876 -0.828045 11.173843 0.119668 0.986503 0.111768 88.460228 0.819760 -0.161688 0.549409 -4.858274 0.000000 0.000000 0.000000 1.000000
0.552445 0.027391 -0.833099 11.334659 0.124047 0.985629 0.114664 88.042412 0.824267 -0.166688 0.541109 -4.626511 0.000000 0.000000 0.000000 1.000000
0.545522 0.028604 -0.837608 11.392448 0.127754 0.984900 0.116838 87.869019 0.828302 -0.170745 0.533630 -4.431859 0.000000 0.000000 0.000000 1.000000
0.539358 0.029562 -0.841558 11.324779 0.130922 0.984287 0.118484 87.974998 0.831837 -0.174083 0.527013 -4.304729 0.000000 0.000000 0.000000 1.000000
0.534402 0.029601 -0.844712 11.160616 0.131910 0.984220 0.117942 88.327515 0.834874 -0.174455 0.522064 -4.248857 0.000000 0.000000 0.000000 1.000000
0.532332 0.029713 -0.846014 10.932697 0.130638 0.984529 0.116778 88.784317 0.836395 -0.172686 0.520214 -4.287691 0.000000 0.000000 0.000000 1.000000
0.531575 0.028777 -0.846522 10.653790 0.128215 0.985172 0.114003 89.241653 0.837251 -0.169138 0.520003 -4.443089 0.000000 0.000000 0.000000 1.000000
0.531688 0.027334 -0.846499 10.362887 0.125887 0.985826 0.110902 89.596504 0.837532 -0.165528 0.520711 -4.684483 0.000000 0.000000 0.000000 1.000000
0.533258 0.026244 -0.845545 10.066822 0.123985 0.986301 0.108806 89.796494 0.836817 -0.162857 0.522699 -5.027833 0.000000 0.000000 0.000000 1.000000
0.535272 0.024110 -0.844335 9.813321 0.122314 0.986845 0.105721 89.785484 0.835777 -0.159864 0.525282 -5.453211 0.000000 0.000000 0.000000 1.000000
0.538947 0.022800 -0.842031 9.608599 0.121694 0.987039 0.104618 89.553596 0.833502 -0.158854 0.529187 -5.925819 0.000000 0.000000 0.000000 1.000000
0.545531 0.023912 -0.837750 9.418897 0.121427 0.986791 0.107237 89.171471 0.829248 -0.160226 0.535421 -6.419412 0.000000 0.000000 0.000000 1.000000
0.553436 0.026725 -0.832463 9.262417 0.121804 0.986142 0.112636 88.760513 0.823937 -0.163734 0.542511 -6.869145 0.000000 0.000000 0.000000 1.000000
0.560381 0.030388 -0.827677 9.118742 0.120522 0.985698 0.117790 88.407394 0.819419 -0.165761 0.548704 -7.222011 0.000000 0.000000 0.000000 1.000000
0.564996 0.033768 -0.824403 9.011811 0.116944 0.985798 0.120525 88.223663 0.816764 -0.164505 0.553022 -7.431870 0.000000 0.000000 0.000000 1.000000
0.568086 0.035153 -0.822218 8.936241 0.113583 0.986177 0.120639 88.257507 0.815093 -0.161924 0.556241 -7.463108 0.000000 0.000000 0.000000 1.000000
0.571127 0.034804 -0.820124 8.899954 0.112742 0.986307 0.120368 88.499489 0.813083 -0.161208 0.559382 -7.300486 0.000000 0.000000 0.000000 1.000000
0.572154 0.033024 -0.819481 8.934408 0.112273 0.986629 0.118147 88.866074 0.812425 -0.159604 0.560796 -7.025370 0.000000 0.000000 0.000000 1.000000
0.569824 0.030452 -0.821202 9.045321 0.111383 0.987229 0.113896 89.282516 0.814183 -0.156369 0.559155 -6.660999 0.000000 0.000000 0.000000 1.000000
0.565717 0.028079 -0.824121 9.221731 0.111470 0.987642 0.110169 89.659760 0.817030 -0.154189 0.555596 -6.243124 0.000000 0.000000 0.000000 1.000000
0.562732 0.026104 -0.826227 9.454502 0.111625 0.987947 0.107239 89.918167 0.819068 -0.152574 0.553036 -5.811361 0.000000 0.000000 0.000000 1.000000
0.562198 0.024544 -0.826639 9.727355 0.111415 0.988199 0.105115 90.026001 0.819464 -0.151195 0.552829 -5.380464 0.000000 0.000000 0.000000 1.000000
0.563703 0.022979 -0.825658 10.014400 0.111611 0.988326 0.103707 89.929779 0.818402 -0.150612 0.554557 -5.022037 0.000000 0.000000 0.000000 1.000000
0.566155 0.022238 -0.823999 10.298446 0.112283 0.988238 0.103818 89.646591 0.816616 -0.151299 0.556999 -4.717395 0.000000 0.000000 0.000000 1.000000
0.569381 0.023523 -0.821737 10.561275 0.112300 0.987994 0.106094 89.250458 0.814367 -0.152689 0.559904 -4.443852 0.000000 0.000000 0.000000 1.000000
0.571146 0.025905 -0.820440 10.802191 0.111183 0.987849 0.108590 88.840797 0.813284 -0.153240 0.561326 -4.228250 0.000000 0.000000 0.000000 1.000000
0.570856 0.028301 -0.820563 11.018199 0.110929 0.987584 0.111233 88.483620 0.813522 -0.154522 0.560628 -4.041931 0.000000 0.000000 0.000000 1.000000
0.569587 0.028908 -0.821422 11.132947 0.113631 0.987015 0.113529 88.303368 0.814038 -0.158003 0.558906 -3.876567 0.000000 0.000000 0.000000 1.000000
0.567732 0.029312 -0.822691 11.152597 0.115627 0.986619 0.114945 88.353111 0.815052 -0.160383 0.556746 -3.757422 0.000000 0.000000 0.000000 1.000000
0.566407 0.029239 -0.823607 11.096474 0.115073 0.986774 0.114169 88.615311 0.816052 -0.159441 0.555551 -3.697163 0.000000 0.000000 0.000000 1.000000
0.565971 0.028178 -0.823943 10.974321 0.115859 0.986779 0.113331 88.989395 0.816243 -0.159603 0.555224 -3.693171 0.000000 0.000000 0.000000 1.000000
0.564363 0.025732 -0.825126 10.802397 0.115725 0.987178 0.109938 89.396126 0.817375 -0.157533 0.554149 -3.799453 0.000000 0.000000 0.000000 1.000000
0.563528 0.022438 -0.825792 10.606634 0.115290 0.987712 0.105512 89.731850 0.818013 -0.154664 0.554016 -4.005624 0.000000 0.000000 0.000000 1.000000
0.562737 0.019802 -0.826399 10.394800 0.114951 0.988125 0.101953 89.949554 0.818604 -0.152368 0.553779 -4.320471 0.000000 0.000000 0.000000 1.000000
0.563045 0.017037 -0.826250 10.201186 0.115139 0.988420 0.098842 89.984383 0.818366 -0.150786 0.554563 -4.764407 0.000000 0.000000 0.000000 1.000000
0.564325 0.015815 -0.825401 10.037171 0.115394 0.988490 0.097835 89.810684 0.817448 -0.150457 0.556004 -5.295954 0.000000 0.000000 0.000000 1.000000
0.566290 0.016165 -0.824047 9.895869 0.114377 0.988592 0.097993 89.448296 0.816231 -0.149745 0.557981 -5.922420 0.000000 0.000000 0.000000 1.000000
0.569150 0.017919 -0.822039 9.759777 0.114610 0.988274 0.100894 89.017769 0.814207 -0.151637 0.560422 -6.512167 0.000000 0.000000 0.000000 1.000000
0.572059 0.021055 -0.819942 9.626163 0.115198 0.987699 0.105734 88.592522 0.812083 -0.154941 0.562597 -7.030926 0.000000 0.000000 0.000000 1.000000
0.574175 0.025590 -0.818332 9.508693 0.114594 0.987161 0.111273 88.313354 0.810673 -0.157666 0.563871 -7.416401 0.000000 0.000000 0.000000 1.000000
0.575105 0.028566 -0.817580 9.408192 0.113275 0.986983 0.114165 88.275909 0.810199 -0.158268 0.564383 -7.606378 0.000000 0.000000 0.000000 1.000000
0.574359 0.029584 -0.818069 9.354209 0.111867 0.987135 0.114239 88.499161 0.810924 -0.157129 0.563661 -7.613719 0.000000 0.000000 0.000000 1.000000
0.572981 0.028665 -0.819067 9.372868 0.111538 0.987362 0.112582 88.892525 0.811944 -0.155865 0.562542 -7.469839 0.000000 0.000000 0.000000 1.000000
0.570317 0.025375 -0.821033 9.497869 0.110357 0.988094 0.107197 89.355629 0.813978 -0.151743 0.560726 -7.217710 0.000000 0.000000 0.000000 1.000000
0.566133 0.020681 -0.824054 9.704415 0.109056 0.989019 0.099744 89.778160 0.817068 -0.146337 0.557661 -6.878018 0.000000 0.000000 0.000000 1.000000
0.561438 0.016262 -0.827359 9.984823 0.107756 0.989858 0.092578 90.053383 0.820473 -0.141129 0.553991 -6.509481 0.000000 0.000000 0.000000 1.000000
0.556789 0.012203 -0.830564 10.339728 0.107089 0.990493 0.086343 90.106911 0.823722 -0.137019 0.550189 -6.154244 0.000000 0.000000 0.000000 1.000000
0.553523 0.009202 -0.832783 10.719240 0.107082 0.990853 0.082123 89.897240 0.825921 -0.134632 0.547475 -5.885284 0.000000 0.000000 0.000000 1.000000
0.552315 0.007942 -0.833598 11.091947 0.106838 0.991034 0.080230 89.488350 0.826761 -0.133372 0.546514 -5.672841 0.000000 0.000000 0.000000 1.000000
0.554459 0.008921 -0.832163 11.413020 0.107059 0.990869 0.081954 89.007538 0.825296 -0.134530 0.548441 -5.486108 0.000000 0.000000 0.000000 1.000000
0.558223 0.009660 -0.829635 11.657345 0.109451 0.990336 0.085175 88.572258 0.822440 -0.138352 0.551771 -5.311524 0.000000 0.000000 0.000000 1.000000
0.562570 0.010754 -0.826680 11.803565 0.113023 0.989527 0.089786 88.271271 0.818988 -0.143944 0.555463 -5.154687 0.000000 0.000000 0.000000 1.000000
0.567014 0.011594 -0.823627 11.809031 0.115357 0.988929 0.093336 88.239700 0.815590 -0.147934 0.559399 -5.029529 0.000000 0.000000 0.000000 1.000000
0.570507 0.011926 -0.821206 11.680337 0.116446 0.988619 0.095255 88.487198 0.812996 -0.149970 0.562625 -4.943222 0.000000 0.000000 0.000000 1.000000
0.571580 0.011724 -0.820463 11.468303 0.116946 0.988527 0.095596 88.912430 0.812170 -0.150590 0.563651 -4.902700 0.000000 0.000000 0.000000 1.000000
0.572091 0.011376 -0.820111 11.211254 0.116577 0.988624 0.095035 89.366386 0.811863 -0.149975 0.564257 -4.937980 0.000000 0.000000 0.000000 1.000000
0.574393 0.010251 -0.818515 10.915853 0.114759 0.989038 0.092919 89.772934 0.810495 -0.147304 0.566921 -5.070252 0.000000 0.000000 0.000000 1.000000
0.579285 0.008741 -0.815078 10.597040 0.114561 0.989144 0.092028 90.035744 0.807035 -0.146686 0.571995 -5.260655 0.000000 0.000000 0.000000 1.000000
0.581276 0.008205 -0.813665 10.308040 0.111114 0.989782 0.089360 90.105316 0.806085 -0.142352 0.574425 -5.634223 0.000000 0.000000 0.000000 1.000000
0.585363 0.009190 -0.810719 10.059877 0.108606 0.990035 0.089640 89.903473 0.803464 -0.140521 0.578532 -6.084918 0.000000 0.000000 0.000000 1.000000
0.590066 0.011803 -0.807269 9.873652 0.107454 0.989849 0.093015 89.501785 0.800172 -0.141629 0.582808 -6.584798 0.000000 0.000000 0.000000 1.000000
0.592927 0.015783 -0.805101 9.733067 0.108096 0.989199 0.099001 89.015869 0.797968 -0.145729 0.584817 -7.075892 0.000000 0.000000 0.000000 1.000000
0.593475 0.020221 -0.804598 9.648496 0.109220 0.988414 0.105402 88.663727 0.797407 -0.150432 0.584390 -7.441875 0.000000 0.000000 0.000000 1.000000
0.592598 0.024691 -0.805120 9.574129 0.108195 0.988032 0.109936 88.570236 0.798199 -0.152258 0.582835 -7.625740 0.000000 0.000000 0.000000 1.000000</float_array>
        <technique_common>
          <accessor source="#mixamorig7_Hips-Matrix-animation-output-transform-array" count="100" stride="16">
            <param type="float4x4"/>
          </accessor>
        </technique_common>
      </source>
      <source id="mixamorig7_Hips-Interpolations">
        <Name_array id="mixamorig7_Hips-Interpolations-array" count="100">
 LINEAR LINEAR LINEAR LINEAR LINEAR LINEAR LINEAR LINEAR LINEAR LINEAR LINEAR
LINEAR LINEAR LINEAR LINEAR LINEAR LINEAR LINEAR LINEAR LINEAR LINEAR LINEAR LINEAR
LINEAR LINEAR LINEAR LINEAR LINEAR LINEAR LINEAR LINEAR LINEAR LINEAR LINEAR LINEAR
LINEAR LINEAR LINEAR LINEAR LINEAR LINEAR LINEAR LINEAR LINEAR LINEAR LINEAR LINEAR
LINEAR LINEAR LINEAR LINEAR LINEAR LINEAR LINEAR LINEAR LINEAR LINEAR LINEAR LINEAR
LINEAR LINEAR LINEAR LINEAR LINEAR LINEAR LINEAR LINEAR LINEAR LINEAR LINEAR LINEAR
LINEAR LINEAR LINEAR LINEAR LINEAR LINEAR LINEAR LINEAR LINEAR LINEAR LINEAR LINEAR
LINEAR LINEAR LINEAR LINEAR LINEAR LINEAR LINEAR LINEAR LINEAR LINEAR LINEAR LINEAR
LINEAR LINEAR LINEAR LINEAR LINEAR</Name_array>
        <technique_common>
          <accessor source="#mixamorig7_Hips-Interpolations-array" count="100">
            <param type="name"/>
          </accessor>
        </technique_common>
      </source>
      <sampler id="mixamorig7_Hips-Matrix-animation-transform">
        <input semantic="INPUT" source="#mixamorig7_Hips-Matrix-animation-input"/>
        <input semantic="OUTPUT" source="#mixamorig7_Hips-Matrix-animation-output-transform"/>
        <input semantic="INTERPOLATION" source="#mixamorig7_Hips-Interpolations"/>
      </sampler>
      <channel source="#mixamorig7_Hips-Matrix-animation-transform" target="mixamorig7_Hips/matrix"/>
      <source id="mixamorig7_Spine-Matrix-animation-input">
        <float_array id="mixamorig7_Spine-Matrix-animation-input-array" count="100">

0.000000 0.033333 0.066667 0.100000 0.133333 0.166667 0.200000 0.233333 0.266667 0.300000 0.333333 0.366667 0.400000 0.433333 0.466667 0.500000
0.533333 0.566667 0.600000 0.633333 0.666667 0.700000 0.733333 0.766667 0.800000 0.833333 0.866667 0.900000 0.933333 0.966667 1.000000 1.033333
1.066667 1.100000 1.133333 1.166667 1.200000 1.233333 1.266667 1.300000 1.333333 1.366667 1.400000 1.433333 1.466667 1.500000 1.533333 1.566667
1.600000 1.633333 1.666667 1.700000 1.733333 1.766667 1.800000 1.833333 1.866667 1.900000 1.933333 1.966667 2.000000 2.033333 2.066667 2.100000
2.133333 2.166667 2.200000 2.233333 2.266667 2.300000 2.333333 2.366667 2.400000 2.433333 2.466667 2.500000 2.533333 2.566667 2.600000 2.633333
2.666667 2.700000 2.733333 2.766667 2.800000 2.833333 2.866667 2.900000 2.933333 2.966667 3.000000 3.033333 3.066667 3.100000 3.133333 3.166667
3.200000 3.233333 3.266667 3.300000</float_array>
        <technique_common>
          <accessor source="#mixamorig7_Spine-Matrix-animation-input-array" count="100">
            <param name="TIME" type="float"/>
          </accessor>
        </technique_common>
      </source>
      <source id="mixamorig7_Spine-Matrix-animation-output-transform">
        <float_array id="mixamorig7_Spine-Matrix-animation-output-transform-array" count="1600">

0.998779 0.045802 0.018533 0.000000 -0.044667 0.997340 -0.057609 10.737200 -0.021123 0.056710 0.998167 -0.638600 0.000000 0.000000 0.000000 1.000000
0.998922 0.044600 0.012865 0.000000 -0.043746 0.997215 -0.060396 10.737200 -0.015523 0.059768 0.998092 -0.638600 0.000000 0.000000 0.000000 1.000000
0.998967 0.044270 0.010227 0.000000 -0.043596 0.997322 -0.058729 10.737200 -0.012800 0.058222 0.998222 -0.638600 0.000000 0.000000 0.000000 1.000000
0.998935 0.044741 0.011301 -0.000000 -0.044059 0.997528 -0.054750 10.737200 -0.013723 0.054194 0.998436 -0.638600 0.000000 0.000000 0.000000 1.000000
0.998887 0.044597 0.015343 -0.000000 -0.043798 0.997839 -0.048974 10.737200 -0.017494 0.048248 0.998682 -0.638600 0.000000 0.000000 0.000000 1.000000
0.998757 0.045215 0.020989 0.000000 -0.044269 0.998070 -0.043543 10.737200 -0.022918 0.042560 0.998831 -0.638600 0.000000 0.000000 0.000000 1.000000
0.998546 0.046005 0.028093 0.000000 -0.044899 0.998237 -0.038824 10.737200 -0.029829 0.037506 0.998851 -0.638600 0.000000 0.000000 0.000000 1.000000
0.998272 0.047186 0.035022 0.000000 -0.045901 0.998275 -0.036619 10.737200 -0.036689 0.034948 0.998715 -0.638600 0.000000 0.000000 0.000000 1.000000
0.997932 0.049902 0.040510 -0.000000 -0.048364 0.998103 -0.038084 10.737200 -0.042333 0.036046 0.998453 -0.638600 0.000000 0.000000 0.000000 1.000000
0.997473 0.054408 0.045679 0.000000 -0.052432 0.997681 -0.043404 10.737200 -0.047935 0.040899 0.998013 -0.638600 0.000000 0.000000 0.000000 1.000000
0.997041 0.057806 0.050664 0.000000 -0.055277 0.997220 -0.049962 10.737200 -0.053412 0.047014 0.997465 -0.638600 0.000000 0.000000 0.000000 1.000000
0.996587 0.061146 0.055456 0.000000 -0.058030 0.996734 -0.056164 10.737200 -0.058709 0.052754 0.996880 -0.638600 0.000000 0.000000 0.000000 1.000000
0.996263 0.063248 0.058826 -0.000000 -0.059788 0.996476 -0.058828 10.737200 -0.062340 0.055091 0.996533 -0.638600 0.000000 0.000000 0.000000 1.000000
0.996056 0.065878 0.059443 0.000000 -0.062286 0.996230 -0.060388 10.737200 -0.063197 0.056447 0.996403 -0.638600 0.000000 0.000000 0.000000 1.000000
0.996063 0.066949 0.058114 0.000000 -0.063397 0.996125 -0.060957 10.737200 -0.061970 0.057032 0.996447 -0.638600 0.000000 0.000000 0.000000 1.000000
0.996322 0.065097 0.055724 -0.000000 -0.061870 0.996409 -0.057802 10.737200 -0.059287 0.054142 0.996772 -0.638600 0.000000 0.000000 0.000000 1.000000
0.996603 0.062434 0.053711 -0.000000 -0.059539 0.996770 -0.053900 10.737200 -0.056902 0.050519 0.997101 -0.638600 0.000000 0.000000 0.000000 1.000000
0.996964 0.058820 0.051013 -0.000000 -0.056295 0.997182 -0.049589 10.737200 -0.053786 0.046566 0.997466 -0.638600 0.000000 0.000000 0.000000 1.000000
0.997324 0.056483 0.046414 0.000000 -0.054353 0.997465 -0.045930 10.737200 -0.048891 0.043285 0.997866 -0.638600 0.000000 0.000000 0.000000 1.000000
0.997632 0.054101 0.042472 0.000000 -0.052255 0.997688 -0.043449 10.737200 -0.044724 0.041126 0.998152 -0.638600 0.000000 0.000000 0.000000 1.000000
0.997979 0.051191 0.037656 0.000000 -0.049599 0.997884 -0.042047 10.737200 -0.039728 0.040094 0.998406 -0.638600 0.000000 0.000000 0.000000 1.000000
0.998346 0.047516 0.032352 0.000000 -0.046108 0.998012 -0.042977 10.737200 -0.034330 0.041414 0.998552 -0.638600 0.000000 0.000000 0.000000 1.000000
0.998686 0.044094 0.026098 -0.000000 -0.042826 0.997962 -0.047304 10.737200 -0.028131 0.046124 0.998540 -0.638600 0.000000 0.000000 0.000000 1.000000
0.998956 0.041783 0.018479 -0.000000 -0.040734 0.997714 -0.053930 10.737200 -0.020690 0.053121 0.998374 -0.638600 0.000000 0.000000 0.000000 1.000000
0.999130 0.039031 0.014677 -0.000000 -0.038113 0.997568 -0.058362 10.737200 -0.016919 0.057752 0.998188 -0.638600 0.000000 0.000000 0.000000 1.000000
0.999327 0.034979 0.011069 -0.000000 -0.034264 0.997655 -0.059253 10.737200 -0.013116 0.058833 0.998182 -0.638600 0.000000 0.000000 0.000000 1.000000
0.999491 0.030731 0.008557 0.000000 -0.030223 0.998073 -0.054200 10.737200 -0.010206 0.053914 0.998493 -0.638600 0.000000 0.000000 0.000000 1.000000
0.999543 0.029079 0.008240 -0.000000 -0.028655 0.998455 -0.047618 10.737200 -0.009612 0.047360 0.998832 -0.638600 0.000000 0.000000 0.000000 1.000000
0.999518 0.029331 0.010168 -0.000000 -0.028904 0.998787 -0.039865 10.737200 -0.011325 0.039552 0.999153 -0.638600 0.000000 0.000000 0.000000 1.000000
0.999489 0.028697 0.014077 0.000000 -0.028244 0.999107 -0.031435 10.737200 -0.014966 0.031021 0.999407 -0.638600 0.000000 0.000000 0.000000 1.000000
0.999417 0.028487 0.018824 0.000000 -0.028028 0.999313 -0.024228 10.737200 -0.019501 0.023686 0.999529 -0.638600 0.000000 0.000000 0.000000 1.000000
0.999341 0.028150 0.022937 -0.000000 -0.027698 0.999420 -0.019812 10.737200 -0.023481 0.019163 0.999541 -0.638600 0.000000 0.000000 0.000000 1.000000
0.999261 0.028103 0.026229 0.000000 -0.027639 0.999458 -0.017877 10.737200 -0.026717 0.017139 0.999496 -0.638600 0.000000 0.000000 0.000000 1.000000
0.999161 0.030140 0.027734 0.000000 -0.029593 0.999364 -0.019909 10.737200 -0.028317 0.019072 0.999417 -0.638600 0.000000 0.000000 0.000000 1.000000
0.999106 0.032466 0.027092 0.000000 -0.031816 0.999203 -0.024109 10.737200 -0.027854 0.023226 0.999342 -0.638600 0.000000 0.000000 0.000000 1.000000
0.999097 0.034584 0.024662 0.000000 -0.033803 0.998935 -0.031419 10.737200 -0.025723 0.030557 0.999202 -0.638600 0.000000 0.000000 0.000000 1.000000
0.999110 0.036258 0.021574 0.000000 -0.035416 0.998642 -0.038206 10.737200 -0.022930 0.037408 0.999037 -0.638600 0.000000 0.000000 0.000000 1.000000
0.999081 0.038925 0.017961 -0.000000 -0.038105 0.998308 -0.043927 10.737200 -0.019640 0.043202 0.998873 -0.638600 0.000000 0.000000 0.000000 1.000000
0.999036 0.041181 0.015219 -0.000000 -0.040441 0.998119 -0.046086 10.737200 -0.017088 0.045426 0.998822 -0.638600 0.000000 0.000000 0.000000 1.000000
0.998952 0.043575 0.014030 0.000000 -0.042899 0.998051 -0.045328 10.737200 -0.015978 0.044679 0.998874 -0.638600 0.000000 0.000000 0.000000 1.000000
0.998914 0.044198 0.014724 0.000000 -0.043575 0.998239 -0.040239 10.737200 -0.016476 0.039554 0.999082 -0.638600 0.000000 0.000000 0.000000 1.000000
0.998957 0.043436 0.014079 -0.000000 -0.042935 0.998494 -0.034150 10.737200 -0.015542 0.033510 0.999318 -0.638600 0.000000 0.000000 0.000000 1.000000
0.999033 0.042060 0.012820 0.000000 -0.041701 0.998763 -0.027094 10.737200 -0.013944 0.026533 0.999551 -0.638600 0.000000 0.000000 0.000000 1.000000
0.999097 0.040757 0.012038 0.000000 -0.040497 0.998957 -0.021078 10.737200 -0.012885 0.020571 0.999705 -0.638600 0.000000 0.000000 0.000000 1.000000
0.999130 0.039944 0.012022 0.000000 -0.039723 0.999048 -0.018039 10.737200 -0.012731 0.017546 0.999765 -0.638600 0.000000 0.000000 0.000000 1.000000
0.999143 0.039179 0.013363 0.000000 -0.038954 0.999102 -0.016692 10.737200 -0.014005 0.016157 0.999771 -0.638600 0.000000 0.000000 0.000000 1.000000
0.999135 0.039104 0.014126 0.000000 -0.038817 0.999045 -0.020063 10.737200 -0.014897 0.019497 0.999699 -0.638600 0.000000 0.000000 0.000000 1.000000
0.999189 0.038541 0.011689 0.000000 -0.038198 0.998871 -0.028258 10.737200 -0.012765 0.027788 0.999532 -0.638600 0.000000 0.000000 0.000000 1.000000
0.999239 0.038212 0.007885 -0.000000 -0.037877 0.998523 -0.038950 10.737200 -0.009361 0.038622 0.999210 -0.638600 0.000000 0.000000 0.000000 1.000000
0.999322 0.036485 0.005005 0.000000 -0.036207 0.998219 -0.047416 10.737200 -0.006726 0.047202 0.998863 -0.638600 0.000000 0.000000 0.000000 1.000000
0.999461 0.032628 0.003692 0.000000 -0.032400 0.998197 -0.050534 10.737200 -0.005334 0.050387 0.998716 -0.638600 0.000000 0.000000 0.000000 1.000000
0.999576 0.029118 0.000654 0.000000 -0.029051 0.998387 -0.048772 10.737200 -0.002073 0.048732 0.998810 -0.638600 0.000000 0.000000 0.000000 1.000000
0.999606 0.027959 -0.002546 0.000000 -0.028045 0.998605 -0.044733 10.737200 0.001292 0.044787 0.998996 -0.638600 0.000000 0.000000 0.000000 1.000000
0.999609 0.027721 -0.003749 0.000000 -0.027845 0.998863 -0.038686 10.737200 0.002673 0.038775 0.999244 -0.638600 0.000000 0.000000 0.000000 1.000000
0.999617 0.027653 -0.001325 0.000000 -0.027681 0.999128 -0.031258 10.737200 0.000460 0.031283 0.999510 -0.638600 0.000000 0.000000 0.000000 1.000000
0.999576 0.028876 0.003765 0.000000 -0.028770 0.999259 -0.025563 10.737200 -0.004501 0.025444 0.999666 -0.638600 0.000000 0.000000 0.000000 1.000000
0.999513 0.029983 0.008675 0.000000 -0.029792 0.999328 -0.021372 10.737200 -0.009310 0.021103 0.999734 -0.638600 0.000000 0.000000 0.000000 1.000000
0.999431 0.031192 0.012823 0.000000 -0.030949 0.999345 -0.018745 10.737200 -0.013399 0.018338 0.999742 -0.638600 0.000000 0.000000 0.000000 1.000000
0.999317 0.033688 0.015173 0.000000 -0.033403 0.999267 -0.018693 10.737200 -0.015791 0.018174 0.999710 -0.638600 0.000000 0.000000 0.000000 1.000000
0.999188 0.036931 0.016119 0.000000 -0.036575 0.999092 -0.021870 10.737200 -0.016912 0.021263 0.999631 -0.638600 0.000000 0.000000 0.000000 1.000000
0.999132 0.038839 0.015075 -0.000000 -0.038415 0.998885 -0.027459 10.737200 -0.016125 0.026856 0.999509 -0.638600 0.000000 0.000000 0.000000 1.000000
0.999123 0.038978 0.015328 0.000000 -0.038457 0.998718 -0.032909 10.737200 -0.016591 0.032291 0.999341 -0.638600 0.000000 0.000000 0.000000 1.000000
0.999078 0.039398 0.017044 0.000000 -0.038736 0.998542 -0.037594 10.737200 -0.018500 0.036899 0.999148 -0.638600 0.000000 0.000000 0.000000 1.000000
0.998917 0.042454 0.019024 0.000000 -0.041668 0.998332 -0.039954 10.737200 -0.020689 0.039118 0.999020 -0.638600 0.000000 0.000000 0.000000 1.000000
0.998758 0.045160 0.021034 0.000000 -0.044307 0.998242 -0.039380 10.737200 -0.022775 0.038399 0.999003 -0.638600 0.000000 0.000000 0.000000 1.000000
0.998778 0.044167 0.022178 -0.000000 -0.043401 0.998483 -0.033890 10.737200 -0.023641 0.032886 0.999179 -0.638600 0.000000 0.000000 0.000000 1.000000
0.998753 0.044698 0.022234 -0.000000 -0.044065 0.998631 -0.028177 10.737200 -0.023463 0.027162 0.999356 -0.638600 0.000000 0.000000 0.000000 1.000000
0.998736 0.044746 0.022876 -0.000000 -0.044281 0.998810 -0.020440 10.737200 -0.023763 0.019401 0.999529 -0.638600 0.000000 0.000000 0.000000 1.000000
0.998764 0.044593 0.021952 -0.000000 -0.044311 0.998931 -0.013173 10.737200 -0.022516 0.012184 0.999672 -0.638600 0.000000 0.000000 0.000000 1.000000
0.998782 0.044198 0.021954 0.000000 -0.044013 0.998992 -0.008823 10.737200 -0.022321 0.007846 0.999720 -0.638600 0.000000 0.000000 0.000000 1.000000
0.998784 0.044160 0.021901 0.000000 -0.043993 0.998999 -0.008055 10.737200 -0.022235 0.007082 0.999728 -0.638600 0.000000 0.000000 0.000000 1.000000
0.998824 0.043704 0.020993 0.000000 -0.043453 0.998980 -0.012280 10.737200 -0.021508 0.011353 0.999704 -0.638600 0.000000 0.000000 0.000000 1.000000
0.998960 0.042008 0.017702 0.000000 -0.041643 0.998922 -0.020508 10.737200 -0.018544 0.019749 0.999633 -0.638600 0.000000 0.000000 0.000000 1.000000
0.999069 0.040969 0.013525 -0.000000 -0.040523 0.998675 -0.031724 10.737200 -0.014807 0.031147 0.999405 -0.638600 0.000000 0.000000 0.000000 1.000000
0.999162 0.039774 0.009655 0.000000 -0.039318 0.998276 -0.043570 10.737200 -0.011372 0.043153 0.999004 -0.638600 0.000000 0.000000 0.000000 1.000000
0.999269 0.037568 0.007039 0.000000 -0.037140 0.997884 -0.053374 10.737200 -0.009030 0.053074 0.998550 -0.638600 0.000000 0.000000 0.000000 1.000000
0.999358 0.035408 0.005444 -0.000000 -0.035041 0.997762 -0.056943 10.737200 -0.007448 0.056716 0.998363 -0.638600 0.000000 0.000000 0.000000 1.000000
0.999410 0.033954 0.005179 0.000000 -0.033614 0.997889 -0.055560 10.737200 -0.007054 0.055353 0.998442 -0.638600 0.000000 0.000000 0.000000 1.000000
0.999399 0.034314 0.004863 -0.000000 -0.034014 0.998060 -0.052150 10.737200 -0.006643 0.051953 0.998627 -0.638600 0.000000 0.000000 0.000000 1.000000
0.999376 0.034876 0.005661 0.000000 -0.034578 0.998333 -0.046215 10.737200 -0.007263 0.045990 0.998915 -0.638600 0.000000 0.000000 0.000000 1.000000
0.999320 0.035976 0.008071 0.000000 -0.035628 0.998571 -0.039840 10.737200 -0.009492 0.039525 0.999173 -0.638600 0.000000 0.000000 0.000000 1.000000
0.999233 0.037433 0.011506 0.000000 -0.036998 0.998671 -0.035888 10.737200 -0.012834 0.035435 0.999290 -0.638600 0.000000 0.000000 0.000000 1.000000
0.999035 0.040989 0.015758 -0.000000 -0.040403 0.998540 -0.035864 10.737200 -0.017205 0.035193 0.999232 -0.638600 0.000000 0.000000 0.000000 1.000000
0.998759 0.045761 0.019677 0.000000 -0.044946 0.998188 -0.039996 10.737200 -0.021472 0.039061 0.999006 -0.638600 0.000000 0.000000 0.000000 1.000000
0.998469 0.050439 0.022706 0.000000 -0.049322 0.997662 -0.047312 10.737200 -0.025039 0.046119 0.998622 -0.638600 0.000000 0.000000 0.000000 1.000000
0.998337 0.053361 0.021834 0.000000 -0.052048 0.997026 -0.056832 10.737200 -0.024802 0.055601 0.998145 -0.638600 0.000000 0.000000 0.000000 1.000000
0.998192 0.056529 0.020432 0.000000 -0.055091 0.996353 -0.065154 10.737200 -0.024041 0.063911 0.997666 -0.638600 0.000000 0.000000 0.000000 1.000000
0.997995 0.060194 0.019553 0.000000 -0.058652 0.995702 -0.071678 10.737200 -0.023784 0.070388 0.997236 -0.638600 0.000000 0.000000 0.000000 1.000000
0.997847 0.062617 0.019517 0.000000 -0.061041 0.995467 -0.072935 10.737200 -0.023996 0.071586 0.997146 -0.638600 0.000000 0.000000 0.000000 1.000000
0.997704 0.064190 0.021607 0.000000 -0.062568 0.995664 -0.068838 10.737200 -0.025932 0.067328 0.997394 -0.638600 0.000000 0.000000 0.000000 1.000000
0.997642 0.063774 0.025362 0.000000 -0.062163 0.996266 -0.059911 10.737200 -0.029088 0.058193 0.997881 -0.638600 0.000000 0.000000 0.000000 1.000000
0.997650 0.062455 0.028162 0.000000 -0.061002 0.996896 -0.049776 10.737200 -0.031183 0.047941 0.998363 -0.638600 0.000000 0.000000 0.000000 1.000000
0.997800 0.059957 0.028287 0.000000 -0.058846 0.997521 -0.038591 10.737200 -0.030530 0.036841 0.998855 -0.638600 0.000000 0.000000 0.000000 1.000000
0.997931 0.059243 0.024986 -0.000000 -0.058470 0.997819 -0.030627 10.737200 -0.026746 0.029102 0.999219 -0.638600 0.000000 0.000000 0.000000 1.000000
0.998112 0.056127 0.024963 0.000000 -0.055529 0.998167 -0.024050 10.737200 -0.026267 0.022619 0.999399 -0.638600 0.000000 0.000000 0.000000 1.000000
0.998312 0.053234 0.023241 -0.000000 -0.052677 0.998324 -0.023972 10.737200 -0.024478 0.022707 0.999442 -0.638600 0.000000 0.000000 0.000000 1.000000
0.998496 0.051036 0.020018 0.000000 -0.050412 0.998262 -0.030517 10.737200 -0.021540 0.029462 0.999334 -0.638600 0.000000 0.000000 0.000000 1.000000
0.998607 0.049501 0.018255 0.000000 -0.048710 0.997951 -0.041492 10.737200 -0.020272 0.040545 0.998972 -0.638600 0.000000 0.000000 0.000000 1.000000
0.998678 0.048180 0.017908 0.000000 -0.047191 0.997528 -0.052059 10.737200 -0.020372 0.051145 0.998483 -0.638600 0.000000 0.000000 0.000000 1.000000
0.998779 0.045799 0.018534 0.000000 -0.044664 0.997340 -0.057608 10.737200 -0.021123 0.056710 0.998167 -0.638600 0.000000 0.000000 0.000000 1.000000</float_array>
        <technique_common>
          <accessor source="#mixamorig7_Spine-Matrix-animation-output-transform-array" count="100" stride="16">
            <param type="float4x4"/>
          </accessor>
        </technique_common>
      </source>
      <source id="mixamorig7_Spine-Interpolations">
        <Name_array id="mixamorig7_Spine-Interpolations-array" count="100">
 LINEAR LINEAR LINEAR LINEAR LINEAR LINEAR LINEAR LINEAR LINEAR LINEAR LINEAR
LINEAR LINEAR LINEAR LINEAR LINEAR LINEAR LINEAR LINEAR LINEAR LINEAR LINEAR LINEAR
LINEAR LINEAR LINEAR LINEAR LINEAR LINEAR LINEAR LINEAR LINEAR LINEAR LINEAR LINEAR
LINEAR LINEAR LINEAR LINEAR LINEAR LINEAR LINEAR LINEAR LINEAR LINEAR LINEAR LINEAR
LINEAR LINEAR LINEAR LINEAR LINEAR LINEAR LINEAR LINEAR LINEAR LINEAR LINEAR LINEAR
LINEAR LINEAR LINEAR LINEAR LINEAR LINEAR LINEAR LINEAR LINEAR LINEAR LINEAR LINEAR
LINEAR LINEAR LINEAR LINEAR LINEAR LINEAR LINEAR LINEAR LINEAR LINEAR LINEAR LINEAR
LINEAR LINEAR LINEAR LINEAR LINEAR LINEAR LINEAR LINEAR LINEAR LINEAR LINEAR LINEAR
LINEAR LINEAR LINEAR LINEAR LINEAR</Name_array>
        <technique_common>
          <accessor source="#mixamorig7_Spine-Interpolations-array" count="100">
            <param type="name"/>
          </accessor>
        </technique_common>
      </source>
      <sampler id="mixamorig7_Spine-Matrix-animation-transform">
        <input semantic="INPUT" source="#mixamorig7_Spine-Matrix-animation-input"/>
        <input semantic="OUTPUT" source="#mixamorig7_Spine-Matrix-animation-output-transform"/>
        <input semantic="INTERPOLATION" source="#mixamorig7_Spine-Interpolations"/>
      </sampler>
      <channel source="#mixamorig7_Spine-Matrix-animation-transform" target="mixamorig7_Spine/matrix"/>
      <source id="mixamorig7_Spine1-Matrix-animation-input">
        <float_array id="mixamorig7_Spine1-Matrix-animation-input-array" count="100">

0.000000 0.033333 0.066667 0.100000 0.133333 0.166667 0.200000 0.233333 0.266667 0.300000 0.333333 0.366667 0.400000 0.433333 0.466667 0.500000
0.533333 0.566667 0.600000 0.633333 0.666667 0.700000 0.733333 0.766667 0.800000 0.833333 0.866667 0.900000 0.933333 0.966667 1.000000 1.033333
1.066667 1.100000 1.133333 1.166667 1.200000 1.233333 1.266667 1.300000 1.333333 1.366667 1.400000 1.433333 1.466667 1.500000 1.533333 1.566667
1.600000 1.633333 1.666667 1.700000 1.733333 1.766667 1.800000 1.833333 1.866667 1.900000 1.933333 1.966667 2.000000 2.033333 2.066667 2.100000
2.133333 2.166667 2.200000 2.233333 2.266667 2.300000 2.333333 2.366667 2.400000 2.433333 2.466667 2.500000 2.533333 2.566667 2.600000 2.633333
2.666667 2.700000 2.733333 2.766667 2.800000 2.833333 2.866667 2.900000 2.933333 2.966667 3.000000 3.033333 3.066667 3.100000 3.133333 3.166667
3.200000 3.233333 3.266667 3.300000</float_array>
        <technique_common>
          <accessor source="#mixamorig7_Spine1-Matrix-animation-input-array" count="100">
            <param name="TIME" type="float"/>
          </accessor>
        </technique_common>
      </source>
      <source id="mixamorig7_Spine1-Matrix-animation-output-transform">
        <float_array id="mixamorig7_Spine1-Matrix-animation-output-transform-array" count="1600">

0.995410 0.090301 0.031697 -0.000000 -0.080524 0.969250 -0.232529 12.548900 -0.051720 0.228909 0.972073 0.000000 0.000000 0.000000 0.000000 1.000000
0.995443 0.090477 0.030134 -0.000000 -0.080993 0.968932 -0.233688 12.548900 -0.050341 0.230182 0.971845 0.000000 0.000000 0.000000 0.000000 1.000000
0.995444 0.090712 0.029364 -0.000000 -0.081400 0.968902 -0.233674 12.548900 -0.049648 0.230219 0.971871 0.000000 0.000000 0.000000 0.000000 1.000000
0.995418 0.090925 0.029586 0.000000 -0.081592 0.969049 -0.232994 12.548900 -0.049856 0.229512 0.972028 0.000000 0.000000 0.000000 0.000000 1.000000
0.995408 0.090677 0.030678 0.000000 -0.081169 0.969405 -0.231660 12.548900 -0.050746 0.228106 0.972313 -0.000000 0.000000 0.000000 0.000000 1.000000
0.995378 0.090473 0.032213 0.000000 -0.080702 0.969813 -0.230107 12.548900 -0.052059 0.226444 0.972632 -0.000000 0.000000 0.000000 0.000000 1.000000
0.995349 0.090060 0.034188 0.000000 -0.079933 0.970223 -0.228644 12.548900 -0.053762 0.224848 0.972910 0.000000 0.000000 0.000000 0.000000 1.000000
0.995323 0.089579 0.036149 0.000000 -0.079081 0.970531 -0.227630 12.548900 -0.055475 0.223707 0.973076 0.000000 0.000000 0.000000 0.000000 1.000000
0.995304 0.089139 0.037727 0.000000 -0.078327 0.970713 -0.227113 12.548900 -0.056867 0.223091 0.973137 0.000000 0.000000 0.000000 0.000000 1.000000
0.995245 0.089190 0.039156 -0.000000 -0.078041 0.970671 -0.227391 12.548900 -0.058289 0.223254 0.973016 0.000000 0.000000 0.000000 0.000000 1.000000
0.995154 0.089600 0.040497 0.000000 -0.078071 0.970397 -0.228548 12.548900 -0.059776 0.224279 0.972690 -0.000000 0.000000 0.000000 0.000000 1.000000
0.995054 0.090129 0.041773 0.000000 -0.078215 0.970069 -0.229888 12.548900 -0.061242 0.225484 0.972320 0.000000 0.000000 0.000000 0.000000 1.000000
