<?xml version="1.0" encoding="utf-8"?>
<COLLADA xmlns="http://www.collada.org/2005/11/COLLADASchema" version="1.4.1">
  <asset>
    <contributor>
      <author>Mixamo</author>
      <authoring_tool>COLLADA Mixamo exporter</authoring_tool>
      <comments/>
    </contributor>
    <created>2024-07-03T21:53:17Z</created>
    <modified>2024-07-03T21:53:17Z</modified>
    <revision/>
    <title/>
    <unit meter="0.010000"/>
    <up_axis>Y_UP</up_axis>
  </asset>
  <library_animations>
    <animation>
      <source id="mixamorig_Hips-Matrix-animation-input">
        <float_array id="mixamorig_Hips-Matrix-animation-input-array" count="90">

0.000000 0.033333 0.066667 0.100000 0.133333 0.166667 0.200000 0.233333 0.266667 0.300000 0.333333 0.366667 0.400000 0.433333 0.466667 0.500000
0.533333 0.566667 0.600000 0.633333 0.666667 0.700000 0.733333 0.766667 0.800000 0.833333 0.866667 0.900000 0.933333 0.966667 1.000000 1.033333
1.066667 1.100000 1.133333 1.166667 1.200000 1.233333 1.266667 1.300000 1.333333 1.366667 1.400000 1.433333 1.466667 1.500000 1.533333 1.566667
1.600000 1.633333 1.666667 1.700000 1.733333 1.766667 1.800000 1.833333 1.866667 1.900000 1.933333 1.966667 2.000000 2.033333 2.066667 2.100000
2.133333 2.166667 2.200000 2.233333 2.266667 2.300000 2.333333 2.366667 2.400000 2.433333 2.466667 2.500000 2.533333 2.566667 2.600000 2.633333
2.666667 2.700000 2.733333 2.766667 2.800000 2.833333 2.866667 2.900000 2.933333 2.966667</float_array>
        <technique_common>
          <accessor source="#mixamorig_Hips-Matrix-animation-input-array" count="90">
            <param name="TIME" type="float"/>
          </accessor>
        </technique_common>
      </source>
      <source id="mixamorig_Hips-Matrix-animation-output-transform">
        <float_array id="mixamorig_Hips-Matrix-animation-output-transform-array" count="1440">

0.592691 -0.026011 0.805010 -9.222440 -0.105965 0.988273 0.109949 89.883827 -0.798429 -0.150468 0.582984 -7.219421 0.000000 0.000000 0.000000 1.000000
0.596571 -0.030803 0.801969 -9.136357 -0.104415 0.987791 0.115614 89.793335 -0.795739 -0.152710 0.586071 -7.463877 0.000000 0.000000 0.000000 1.000000
0.599247 -0.033613 0.799858 -9.075487 -0.102381 0.987697 0.118210 89.985657 -0.793990 -0.152728 0.588433 -7.497105 0.000000 0.000000 0.000000 1.000000
0.601233 -0.035197 0.798298 -9.071307 -0.100833 0.987702 0.119489 90.395714 -0.792686 -0.152336 0.590290 -7.310733 0.000000 0.000000 0.000000 1.000000
0.602451 -0.036525 0.797320 -9.133025 -0.097850 0.988037 0.119197 90.876213 -0.792135 -0.149828 0.591670 -6.957439 0.000000 0.000000 0.000000 1.000000
0.602752 -0.036747 0.797082 -9.287786 -0.095556 0.988426 0.117828 91.308594 -0.792186 -0.147187 0.592265 -6.488225 0.000000 0.000000 0.000000 1.000000
0.602394 -0.037051 0.797339 -9.522232 -0.093113 0.988840 0.116297 91.565048 -0.792750 -0.144299 0.592221 -5.981754 0.000000 0.000000 0.000000 1.000000
0.601949 -0.036229 0.797712 -9.856680 -0.091839 0.989201 0.114227 91.553871 -0.793236 -0.142020 0.592121 -5.525197 0.000000 0.000000 0.000000 1.000000
0.600531 -0.034723 0.798847 -10.260941 -0.093360 0.989179 0.113179 91.230949 -0.794133 -0.142548 0.590791 -5.138168 0.000000 0.000000 0.000000 1.000000
0.597963 -0.034524 0.800780 -10.648848 -0.095839 0.988825 0.114197 90.697433 -0.795773 -0.145031 0.587972 -4.779291 0.000000 0.000000 0.000000 1.000000
0.595043 -0.034260 0.802963 -10.978818 -0.099967 0.988177 0.116243 90.125961 -0.797453 -0.149439 0.584583 -4.452957 0.000000 0.000000 0.000000 1.000000
0.592080 -0.032770 0.805213 -11.218157 -0.103983 0.987714 0.116658 89.648697 -0.799143 -0.152799 0.581398 -4.166765 0.000000 0.000000 0.000000 1.000000
0.590119 -0.031902 0.806686 -11.309519 -0.108232 0.987072 0.118212 89.435303 -0.800028 -0.157068 0.579037 -3.966471 0.000000 0.000000 0.000000 1.000000
0.588962 -0.032514 0.807506 -11.264956 -0.108432 0.986977 0.118826 89.549759 -0.800853 -0.157544 0.577766 -3.881888 0.000000 0.000000 0.000000 1.000000
0.588422 -0.033095 0.807876 -11.119164 -0.106757 0.987235 0.118199 89.923836 -0.801475 -0.155797 0.577378 -3.916752 0.000000 0.000000 0.000000 1.000000
0.588867 -0.033499 0.807536 -10.908996 -0.104811 0.987539 0.117396 90.400986 -0.801406 -0.153769 0.578018 -4.076991 0.000000 0.000000 0.000000 1.000000
0.591849 -0.032262 0.805403 -10.634640 -0.105163 0.987567 0.116838 90.804405 -0.799159 -0.153849 0.581098 -4.320014 0.000000 0.000000 0.000000 1.000000
0.591751 -0.030834 0.805531 -10.354080 -0.104435 0.987915 0.114535 91.048714 -0.799327 -0.151901 0.581380 -4.734827 0.000000 0.000000 0.000000 1.000000
0.591855 -0.028702 0.805533 -10.097518 -0.103358 0.988413 0.111159 91.027718 -0.799390 -0.149049 0.582031 -5.291197 0.000000 0.000000 0.000000 1.000000
0.593709 -0.026407 0.804247 -9.900253 -0.101735 0.988978 0.107575 90.735245 -0.798223 -0.145689 0.584478 -5.939271 0.000000 0.000000 0.000000 1.000000
0.596765 -0.026067 0.801992 -9.708879 -0.100703 0.989137 0.107084 90.259262 -0.796072 -0.144667 0.587658 -6.622126 0.000000 0.000000 0.000000 1.000000
0.601182 -0.027942 0.798624 -9.517853 -0.101011 0.988715 0.110631 89.785049 -0.792702 -0.147180 0.591575 -7.205380 0.000000 0.000000 0.000000 1.000000
0.605467 -0.031142 0.795261 -9.339877 -0.099451 0.988442 0.114423 89.494324 -0.789632 -0.148369 0.595372 -7.623903 0.000000 0.000000 0.000000 1.000000
0.609705 -0.034400 0.791882 -9.173447 -0.097028 0.988305 0.117640 89.490097 -0.786667 -0.148560 0.599236 -7.812011 0.000000 0.000000 0.000000 1.000000
0.612394 -0.035359 0.789761 -9.062177 -0.094503 0.988561 0.117539 89.770683 -0.784884 -0.146615 0.602048 -7.771915 0.000000 0.000000 0.000000 1.000000
0.613649 -0.033486 0.788869 -9.042872 -0.096342 0.988460 0.116901 90.214043 -0.783679 -0.147737 0.603341 -7.529015 0.000000 0.000000 0.000000 1.000000
0.610761 -0.031017 0.791207 -9.120256 -0.097981 0.988592 0.114390 90.707764 -0.785730 -0.147388 0.600754 -7.130672 0.000000 0.000000 0.000000 1.000000
0.604274 -0.028439 0.796269 -9.292184 -0.100506 0.988660 0.111582 91.112106 -0.790412 -0.147456 0.594563 -6.628204 0.000000 0.000000 0.000000 1.000000
0.596081 -0.026745 0.802479 -9.537646 -0.103249 0.988594 0.109641 91.340652 -0.796258 -0.148210 0.586521 -6.102227 0.000000 0.000000 0.000000 1.000000
0.587450 -0.025362 0.808863 -9.847770 -0.105741 0.988534 0.107792 91.330376 -0.802322 -0.148853 0.578033 -5.618200 0.000000 0.000000 0.000000 1.000000
0.579505 -0.023932 0.814617 -10.171398 -0.109442 0.988230 0.106887 91.023857 -0.807587 -0.151095 0.570064 -5.194551 0.000000 0.000000 0.000000 1.000000
0.572614 -0.024268 0.819466 -10.464221 -0.113500 0.987590 0.108557 90.548553 -0.811930 -0.155171 0.562753 -4.812075 0.000000 0.000000 0.000000 1.000000
0.564030 -0.026254 0.825337 -10.741422 -0.117460 0.986780 0.111661 89.977058 -0.817357 -0.159925 0.553490 -4.490131 0.000000 0.000000 0.000000 1.000000
0.555154 -0.028338 0.831264 -10.960274 -0.120953 0.986045 0.114392 89.465034 -0.822906 -0.164049 0.543980 -4.250921 0.000000 0.000000 0.000000 1.000000
0.546857 -0.029422 0.836709 -11.052567 -0.125321 0.985246 0.116553 89.211174 -0.827794 -0.168595 0.535101 -4.016680 0.000000 0.000000 0.000000 1.000000
0.539806 -0.030574 0.841234 -10.988794 -0.129006 0.984531 0.118563 89.290855 -0.831845 -0.172525 0.527512 -3.865361 0.000000 0.000000 0.000000 1.000000
0.534274 -0.030583 0.844758 -10.800223 -0.130142 0.984455 0.117950 89.671494 -0.835233 -0.172956 0.521989 -3.805709 0.000000 0.000000 0.000000 1.000000
0.532191 -0.030631 0.846070 -10.532743 -0.128526 0.984840 0.116500 90.173599 -0.836812 -0.170742 0.520186 -3.867243 0.000000 0.000000 0.000000 1.000000
0.531535 -0.029374 0.846527 -10.211537 -0.125701 0.985597 0.113128 90.656128 -0.837657 -0.166541 0.520187 -4.068443 0.000000 0.000000 0.000000 1.000000
0.532151 -0.028080 0.846183 -9.870993 -0.123363 0.986212 0.110308 90.997726 -0.837614 -0.163088 0.521350 -4.382030 0.000000 0.000000 0.000000 1.000000
0.534602 -0.026283 0.844695 -9.562710 -0.121206 0.986798 0.107416 91.119606 -0.836367 -0.159807 0.524358 -4.807473 0.000000 0.000000 0.000000 1.000000
0.537382 -0.024092 0.842995 -9.305193 -0.120006 0.987235 0.104714 90.966721 -0.834757 -0.157436 0.527631 -5.326536 0.000000 0.000000 0.000000 1.000000
0.543331 -0.024321 0.839166 -9.089693 -0.119184 0.987221 0.105780 90.593033 -0.831015 -0.157489 0.533489 -5.878661 0.000000 0.000000 0.000000 1.000000
0.552448 -0.027273 0.833101 -8.911261 -0.119908 0.986469 0.111807 90.149796 -0.824878 -0.161663 0.541702 -6.391306 0.000000 0.000000 0.000000 1.000000
0.560344 -0.031447 0.827663 -8.748800 -0.118610 0.985933 0.117762 89.750015 -0.819724 -0.164156 0.548731 -6.802388 0.000000 0.000000 0.000000 1.000000
0.565479 -0.035257 0.824009 -8.627999 -0.114557 0.986044 0.120806 89.551155 -0.816768 -0.162709 0.553548 -7.035609 0.000000 0.000000 0.000000 1.000000
0.568657 -0.036554 0.821762 -8.549442 -0.110853 0.986494 0.120591 89.614189 -0.815071 -0.159670 0.556924 -7.046796 0.000000 0.000000 0.000000 1.000000
0.572460 -0.035711 0.819155 -8.519325 -0.111007 0.986477 0.120582 89.916344 -0.812384 -0.159960 0.560755 -6.813979 0.000000 0.000000 0.000000 1.000000
0.571847 -0.033277 0.819685 -8.594915 -0.109792 0.987084 0.116668 90.347305 -0.812980 -0.156711 0.560807 -6.472936 0.000000 0.000000 0.000000 1.000000
0.567916 -0.030355 0.822526 -8.748625 -0.109249 0.987698 0.111883 90.779625 -0.815804 -0.153400 0.557613 -6.047726 0.000000 0.000000 0.000000 1.000000
0.563689 -0.027736 0.825521 -8.986388 -0.109762 0.988057 0.108145 91.127876 -0.818662 -0.151571 0.553913 -5.558506 0.000000 0.000000 0.000000 1.000000
0.561970 -0.025994 0.826749 -9.282955 -0.109606 0.988352 0.105578 91.304031 -0.819864 -0.149948 0.552575 -5.067960 0.000000 0.000000 0.000000 1.000000
0.563354 -0.024173 0.825862 -9.602839 -0.109618 0.988549 0.103710 91.246742 -0.818912 -0.148954 0.554253 -4.647496 0.000000 0.000000 0.000000 1.000000
0.566100 -0.023209 0.824010 -9.929409 -0.110543 0.988438 0.103784 90.953484 -0.816891 -0.149840 0.556989 -4.292549 0.000000 0.000000 0.000000 1.000000
0.569696 -0.024666 0.821485 -10.229218 -0.110567 0.988162 0.106349 90.521538 -0.814384 -0.151416 0.560225 -3.979263 0.000000 0.000000 0.000000 1.000000
0.571387 -0.027367 0.820224 -10.500520 -0.109178 0.988026 0.109022 90.078751 -0.813386 -0.151844 0.561557 -3.739652 0.000000 0.000000 0.000000 1.000000
0.570915 -0.029497 0.820479 -10.727762 -0.109222 0.987743 0.111510 89.729477 -0.813712 -0.153277 0.560696 -3.531678 0.000000 0.000000 0.000000 1.000000
0.568882 -0.030056 0.821870 -10.813960 -0.113502 0.986900 0.114655 89.616432 -0.814549 -0.158509 0.558019 -3.355556 0.000000 0.000000 0.000000 1.000000
0.567032 -0.030200 0.823142 -10.795912 -0.113659 0.986899 0.114504 89.784660 -0.815816 -0.158485 0.556171 -3.257031 0.000000 0.000000 0.000000 1.000000
0.566489 -0.029684 0.823535 -10.679368 -0.114121 0.986896 0.114073 90.159203 -0.816129 -0.158604 0.555678 -3.219834 0.000000 0.000000 0.000000 1.000000
0.564807 -0.027475 0.824765 -10.501135 -0.114131 0.987240 0.111045 90.601089 -0.817292 -0.156850 0.554465 -3.305767 0.000000 0.000000 0.000000 1.000000
0.563799 -0.023671 0.825573 -10.285350 -0.113668 0.987853 0.105949 90.981819 -0.818053 -0.153575 0.554260 -3.519360 0.000000 0.000000 0.000000 1.000000
0.562819 -0.020850 0.826317 -10.045243 -0.113273 0.988305 0.102090 91.232887 -0.818782 -0.151058 0.553876 -3.865739 0.000000 0.000000 0.000000 1.000000
0.563187 -0.017832 0.826137 -9.828966 -0.113424 0.988636 0.098662 91.264496 -0.818508 -0.149269 0.554764 -4.370850 0.000000 0.000000 0.000000 1.000000
0.564777 -0.016711 0.825074 -9.652204 -0.113577 0.988707 0.097771 91.045792 -0.817391 -0.148928 0.556501 -4.983337 0.000000 0.000000 0.000000 1.000000
0.567046 -0.017725 0.823495 -9.501381 -0.112058 0.988813 0.098444 90.622314 -0.816028 -0.148101 0.558717 -5.690645 0.000000 0.000000 0.000000 1.000000
0.570662 -0.020227 0.820936 -9.346216 -0.113180 0.988219 0.103024 90.135437 -0.813348 -0.151705 0.561650 -6.338288 0.000000 0.000000 0.000000 1.000000
0.573449 -0.024849 0.818865 -9.205772 -0.112688 0.987646 0.108886 89.740921 -0.811454 -0.154717 0.563564 -6.847717 0.000000 0.000000 0.000000 1.000000
0.575423 -0.029192 0.817335 -9.075121 -0.111643 0.987204 0.113859 89.582039 -0.810200 -0.156767 0.564800 -7.159348 0.000000 0.000000 0.000000 1.000000
0.574820 -0.030986 0.817693 -8.996250 -0.109758 0.987333 0.114573 89.744278 -0.810885 -0.155607 0.564138 -7.228272 0.000000 0.000000 0.000000 1.000000
0.573389 -0.030291 0.818723 -8.997312 -0.109341 0.987547 0.113114 90.142693 -0.811954 -0.154378 0.562937 -7.098667 0.000000 0.000000 0.000000 1.000000
0.570479 -0.026690 0.820879 -9.128675 -0.108246 0.988310 0.107361 90.643700 -0.814148 -0.150104 0.560921 -6.826382 0.000000 0.000000 0.000000 1.000000
0.565780 -0.021369 0.824279 -9.364673 -0.106888 0.989329 0.099015 91.095703 -0.817599 -0.144126 0.557459 -6.447541 0.000000 0.000000 0.000000 1.000000
0.560513 -0.016524 0.827980 -9.690972 -0.105616 0.990211 0.091260 91.360031 -0.821383 -0.138600 0.553281 -6.038485 0.000000 0.000000 0.000000 1.000000
0.555607 -0.012088 0.831357 -10.107334 -0.105054 0.990860 0.084615 91.340988 -0.824782 -0.134350 0.549259 -5.666131 0.000000 0.000000 0.000000 1.000000
0.552700 -0.009289 0.833328 -10.545524 -0.105162 0.991167 0.080797 91.012398 -0.826719 -0.132291 0.546841 -5.390600 0.000000 0.000000 0.000000 1.000000
0.553327 -0.009047 0.832915 -10.942080 -0.104893 0.991224 0.080450 90.521439 -0.826333 -0.131882 0.547522 -5.167066 0.000000 0.000000 0.000000 1.000000
0.556714 -0.010485 0.830638 -11.261991 -0.106380 0.990788 0.083805 90.005051 -0.823864 -0.135019 0.550470 -4.954206 0.000000 0.000000 0.000000 1.000000
0.561484 -0.011607 0.827406 -11.468225 -0.110332 0.989924 0.088758 89.624207 -0.820099 -0.141126 0.554545 -4.762258 0.000000 0.000000 0.000000 1.000000
0.566565 -0.012581 0.823921 -11.505311 -0.113306 0.989196 0.093019 89.535843 -0.816190 -0.146056 0.559019 -4.609051 0.000000 0.000000 0.000000 1.000000
0.570549 -0.012989 0.821161 -11.368662 -0.114586 0.988836 0.095256 89.790298 -0.813231 -0.148442 0.562691 -4.504811 0.000000 0.000000 0.000000 1.000000
0.571679 -0.012763 0.820378 -11.123444 -0.115162 0.988733 0.095632 90.260269 -0.812355 -0.149147 0.563768 -4.462797 0.000000 0.000000 0.000000 1.000000
0.572330 -0.012362 0.819930 -10.824988 -0.114506 0.988885 0.094837 90.753021 -0.811989 -0.148165 0.564553 -4.521098 0.000000 0.000000 0.000000 1.000000
0.575427 -0.010842 0.817782 -10.485077 -0.112283 0.989397 0.092124 91.160088 -0.810109 -0.144833 0.568108 -4.695220 0.000000 0.000000 0.000000 1.000000
0.579283 -0.009553 0.815071 -10.131932 -0.110467 0.989786 0.090111 91.375092 -0.807607 -0.142238 0.572311 -4.996820 0.000000 0.000000 0.000000 1.000000
0.583267 -0.009377 0.812227 -9.827149 -0.107764 0.990201 0.088818 91.310776 -0.805101 -0.139333 0.576541 -5.440260 0.000000 0.000000 0.000000 1.000000
0.588767 -0.011785 0.808217 -9.585629 -0.105489 0.990222 0.091285 90.940392 -0.801389 -0.139004 0.581767 -5.999220 0.000000 0.000000 0.000000 1.000000
0.592668 -0.016087 0.805286 -9.415422 -0.105622 0.989614 0.097504 90.419716 -0.798492 -0.142844 0.584813 -6.561811 0.000000 0.000000 0.000000 1.000000
0.593618 -0.020954 0.804474 -9.310970 -0.107070 0.988717 0.104759 90.004173 -0.797592 -0.148322 0.584677 -6.998830 0.000000 0.000000 0.000000 1.000000
0.592692 -0.026009 0.805009 -9.222654 -0.105967 0.988272 0.109949 89.885841 -0.798428 -0.150470 0.582985 -7.219785 0.000000 0.000000 0.000000 1.000000</float_array>
        <technique_common>
          <accessor source="#mixamorig_Hips-Matrix-animation-output-transform-array" count="90" stride="16">
            <param type="float4x4"/>
          </accessor>
        </technique_common>
      </source>
      <source id="mixamorig_Hips-Interpolations">
        <Name_array id="mixamorig_Hips-Interpolations-array" count="90">
 LINEAR LINEAR LINEAR LINEAR LINEAR LINEAR LINEAR LINEAR LINEAR LINEAR LINEAR
LINEAR LINEAR LINEAR LINEAR LINEAR LINEAR LINEAR LINEAR LINEAR LINEAR LINEAR LINEAR
LINEAR LINEAR LINEAR LINEAR LINEAR LINEAR LINEAR LINEAR LINEAR LINEAR LINEAR LINEAR
LINEAR LINEAR LINEAR LINEAR LINEAR LINEAR LINEAR LINEAR LINEAR LINEAR LINEAR LINEAR
LINEAR LINEAR LINEAR LINEAR LINEAR LINEAR LINEAR LINEAR LINEAR LINEAR LINEAR LINEAR
LINEAR LINEAR LINEAR LINEAR LINEAR LINEAR LINEAR LINEAR LINEAR LINEAR LINEAR LINEAR
LINEAR LINEAR LINEAR LINEAR LINEAR LINEAR LINEAR LINEAR LINEAR LINEAR LINEAR LINEAR
LINEAR LINEAR LINEAR LINEAR LINEAR LINEAR LINEAR</Name_array>
        <technique_common>
          <accessor source="#mixamorig_Hips-Interpolations-array" count="90">
            <param type="name"/>
          </accessor>
        </technique_common>
      </source>
      <sampler id="mixamorig_Hips-Matrix-animation-transform">
        <input semantic="INPUT" source="#mixamorig_Hips-Matrix-animation-input"/>
        <input semantic="OUTPUT" source="#mixamorig_Hips-Matrix-animation-output-transform"/>
        <input semantic="INTERPOLATION" source="#mixamorig_Hips-Interpolations"/>
      </sampler>
      <channel source="#mixamorig_Hips-Matrix-animation-transform" target="mixamorig_Hips/matrix"/>
      <source id="mixamorig_Spine-Matrix-animation-input">
        <float_array id="mixamorig_Spine-Matrix-animation-input-array" count="90">

0.000000 0.033333 0.066667 0.100000 0.133333 0.166667 0.200000 0.233333 0.266667 0.300000 0.333333 0.366667 0.400000 0.433333 0.466667 0.500000
0.533333 0.566667 0.600000 0.633333 0.666667 0.700000 0.733333 0.766667 0.800000 0.833333 0.866667 0.900000 0.933333 0.966667 1.000000 1.033333
1.066667 1.100000 1.133333 1.166667 1.200000 1.233333 1.266667 1.300000 1.333333 1.366667 1.400000 1.433333 1.466667 1.500000 1.533333 1.566667
1.600000 1.633333 1.666667 1.700000 1.733333 1.766667 1.800000 1.833333 1.866667 1.900000 1.933333 1.966667 2.000000 2.033333 2.066667 2.100000
2.133333 2.166667 2.200000 2.233333 2.266667 2.300000 2.333333 2.366667 2.400000 2.433333 2.466667 2.500000 2.533333 2.566667 2.600000 2.633333
2.666667 2.700000 2.733333 2.766667 2.800000 2.833333 2.866667 2.900000 2.933333 2.966667</float_array>
        <technique_common>
          <accessor source="#mixamorig_Spine-Matrix-animation-input-array" count="90">
            <param name="TIME" type="float"/>
          </accessor>
        </technique_common>
      </source>
      <source id="mixamorig_Spine-Matrix-animation-output-transform">
        <float_array id="mixamorig_Spine-Matrix-animation-output-transform-array" count="1440">

0.998880 -0.042445 -0.020906 0.000000 0.042430 0.999099 -0.001192 9.933500 0.020938 0.000304 0.999781 -1.156000 0.000000 0.000000 0.000000 1.000000
0.999033 -0.041413 -0.014735 0.000000 0.041356 0.999136 -0.004153 9.933500 0.014894 0.003540 0.999883 -1.156000 0.000000 0.000000 0.000000 1.000000
0.999067 -0.041320 -0.012524 0.000000 0.041304 0.999145 -0.001569 9.933500 0.012578 0.001050 0.999920 -1.156000 0.000000 0.000000 0.000000 1.000000
0.999010 -0.041938 -0.014806 0.000000 0.041995 0.999112 0.003508 9.933500 0.014645 -0.004126 0.999884 -1.156000 0.000000 0.000000 0.000000 1.000000
0.998932 -0.041633 -0.020015 0.000000 0.041841 0.999074 0.010048 9.933500 0.019578 -0.010875 0.999749 -1.156000 0.000000 0.000000 0.000000 1.000000
0.998748 -0.042102 -0.027009 0.000000 0.042541 0.998969 0.015867 9.933500 0.026313 -0.016996 0.999509 -1.156000 0.000000 0.000000 0.000000 1.000000
0.998441 -0.042913 -0.035680 0.000000 0.043627 0.998858 0.019494 9.933500 0.034803 -0.021020 0.999173 -1.156000 0.000000 0.000000 0.000000 1.000000
0.998102 -0.045020 -0.042018 -0.000000 0.045858 0.998764 0.019194 9.933500 0.041102 -0.021084 0.998932 -1.156000 0.000000 0.000000 0.000000 1.000000
0.997608 -0.049701 -0.048033 0.000000 0.050406 0.998636 0.013592 9.933500 0.047292 -0.015980 0.998753 -1.156000 0.000000 0.000000 0.000000 1.000000
0.997141 -0.053140 -0.053728 0.000000 0.053560 0.998544 0.006396 9.933500 0.053310 -0.009256 0.998535 -1.156000 0.000000 0.000000 0.000000 1.000000
0.996650 -0.056379 -0.059242 0.000000 0.056466 0.998405 -0.000210 9.933500 0.059159 -0.003136 0.998244 -1.156000 0.000000 0.000000 0.000000 1.000000
0.996327 -0.058531 -0.062509 0.000000 0.058475 0.998285 -0.002716 9.933500 0.062561 -0.000949 0.998041 -1.156000 0.000000 0.000000 0.000000 1.000000
0.996121 -0.061687 -0.062753 0.000000 0.061505 0.998095 -0.004816 9.933500 0.062930 0.000937 0.998017 -1.156000 0.000000 0.000000 0.000000 1.000000
0.996273 -0.061158 -0.060823 0.000000 0.061067 0.998128 -0.003350 9.933500 0.060914 -0.000376 0.998143 -1.156000 0.000000 0.000000 0.000000 1.000000
0.996581 -0.058741 -0.058108 0.000000 0.058890 0.998264 0.000867 9.933500 0.057956 -0.004286 0.998310 -1.156000 0.000000 0.000000 0.000000 1.000000
0.996966 -0.054988 -0.055086 0.000000 0.055375 0.998450 0.005520 9.933500 0.054698 -0.008554 0.998466 -1.156000 0.000000 0.000000 0.000000 1.000000
0.997372 -0.053081 -0.049311 0.000000 0.053612 0.998516 0.009517 9.933500 0.048733 -0.012135 0.998738 -1.156000 0.000000 0.000000 0.000000 1.000000
0.997700 -0.050084 -0.045674 0.000000 0.050716 0.998631 0.012783 9.933500 0.044971 -0.015070 0.998875 -1.156000 0.000000 0.000000 0.000000 1.000000
0.998083 -0.047091 -0.040168 -0.000000 0.047703 0.998758 0.014414 9.933500 0.039440 -0.016302 0.999089 -1.156000 0.000000 0.000000 0.000000 1.000000
0.998493 -0.043295 -0.033727 0.000000 0.043760 0.998955 0.013155 9.933500 0.033122 -0.014611 0.999345 -1.156000 0.000000 0.000000 0.000000 1.000000
0.998858 -0.039705 -0.026569 0.000000 0.039922 0.999173 0.007664 9.933500 0.026243 -0.008716 0.999618 -1.156000 0.000000 0.000000 0.000000 1.000000
0.999120 -0.037412 -0.018956 0.000000 0.037429 0.999299 0.000551 9.933500 0.018922 -0.001260 0.999820 -1.156000 0.000000 0.000000 0.000000 1.000000
0.999319 -0.033894 -0.014581 -0.000000 0.033854 0.999422 -0.002941 9.933500 0.014673 0.002446 0.999889 -1.156000 0.000000 0.000000 0.000000 1.000000
0.999508 -0.029500 -0.010675 0.000000 0.029488 0.999564 -0.001240 9.933500 0.010707 0.000925 0.999942 -1.156000 0.000000 0.000000 0.000000 1.000000
0.999614 -0.026167 -0.009301 0.000000 0.026233 0.999631 0.007011 9.933500 0.009114 -0.007252 0.999932 -1.156000 0.000000 0.000000 0.000000 1.000000
0.999592 -0.026423 -0.010867 0.000000 0.026584 0.999534 0.014999 9.933500 0.010466 -0.015281 0.999828 -1.156000 0.000000 0.000000 0.000000 1.000000
0.999556 -0.025765 -0.014973 0.000000 0.026126 0.999360 0.024418 9.933500 0.014334 -0.024798 0.999590 -1.156000 0.000000 0.000000 0.000000 1.000000
0.999473 -0.025357 -0.020276 0.000000 0.026007 0.999134 0.032467 9.933500 0.019435 -0.032978 0.999267 -1.156000 0.000000 0.000000 0.000000 1.000000
0.999385 -0.024773 -0.024820 0.000000 0.025688 0.998975 0.037258 9.933500 0.023871 -0.037872 0.998997 -1.156000 0.000000 0.000000 0.000000 1.000000
0.999297 -0.024854 -0.028075 0.000000 0.025931 0.998916 0.038664 9.933500 0.027084 -0.039364 0.998858 -1.156000 0.000000 0.000000 0.000000 1.000000
0.999186 -0.027648 -0.029388 0.000000 0.028686 0.998959 0.035474 9.933500 0.028377 -0.036288 0.998938 -1.156000 0.000000 0.000000 0.000000 1.000000
0.999163 -0.030567 -0.027181 -0.000000 0.031352 0.999089 0.028940 9.933500 0.026271 -0.029768 0.999212 -1.156000 0.000000 0.000000 0.000000 1.000000
0.999162 -0.033076 -0.024123 0.000000 0.033568 0.999230 0.020302 9.933500 0.023433 -0.021094 0.999503 -1.156000 0.000000 0.000000 0.000000 1.000000
0.999168 -0.035265 -0.020485 0.000000 0.035538 0.999282 0.013101 9.933500 0.020008 -0.013818 0.999704 -1.156000 0.000000 0.000000 0.000000 1.000000
0.999123 -0.037978 -0.017613 0.000000 0.038164 0.999218 0.010314 9.933500 0.017208 -0.010978 0.999792 -1.156000 0.000000 0.000000 0.000000 1.000000
0.999035 -0.040812 -0.016243 -0.000000 0.040990 0.999102 0.010747 9.933500 0.015790 -0.011403 0.999810 -1.156000 0.000000 0.000000 0.000000 1.000000
0.998993 -0.041499 -0.017049 0.000000 0.041779 0.998992 0.016413 9.933500 0.016351 -0.017109 0.999720 -1.156000 0.000000 0.000000 0.000000 1.000000
0.999046 -0.040573 -0.016138 -0.000000 0.040944 0.998889 0.023320 9.933500 0.015174 -0.023958 0.999598 -1.156000 0.000000 0.000000 0.000000 1.000000
0.999128 -0.039061 -0.014740 0.000000 0.039505 0.998733 0.031177 9.933500 0.013504 -0.031732 0.999405 -1.156000 0.000000 0.000000 0.000000 1.000000
0.999186 -0.037837 -0.014004 0.000000 0.038328 0.998593 0.036658 9.933500 0.012597 -0.037165 0.999230 -1.156000 0.000000 0.000000 0.000000 1.000000
0.999219 -0.036925 -0.014074 0.000000 0.037453 0.998524 0.039343 9.933500 0.012600 -0.039839 0.999127 -1.156000 0.000000 0.000000 0.000000 1.000000
0.999209 -0.036430 -0.015967 0.000000 0.037019 0.998579 0.038337 9.933500 0.014548 -0.038898 0.999137 -1.156000 0.000000 0.000000 0.000000 1.000000
0.999248 -0.035702 -0.015098 -0.000000 0.036162 0.998853 0.031378 9.933500 0.013960 -0.031901 0.999394 -1.156000 0.000000 0.000000 0.000000 1.000000
0.999305 -0.035849 -0.010221 -0.000000 0.036040 0.999168 0.019103 9.933500 0.009528 -0.019458 0.999765 -1.156000 0.000000 0.000000 0.000000 1.000000
0.999391 -0.034202 -0.006896 0.000000 0.034265 0.999371 0.009181 9.933500 0.006578 -0.009412 0.999934 -1.156000 0.000000 0.000000 0.000000 1.000000
0.999539 -0.029930 -0.005186 0.000000 0.029960 0.999535 0.005713 9.933500 0.005012 -0.005865 0.999970 -1.156000 0.000000 0.000000 0.000000 1.000000
0.999652 -0.026311 -0.001689 0.000000 0.026324 0.999620 0.008155 9.933500 0.001474 -0.008197 0.999965 -1.156000 0.000000 0.000000 0.000000 1.000000
0.999656 -0.026113 0.002447 0.000000 0.026080 0.999579 0.012724 9.933500 -0.002778 -0.012655 0.999916 -1.156000 0.000000 0.000000 0.000000 1.000000
0.999669 -0.025649 0.002004 0.000000 0.025603 0.999460 0.020607 9.933500 -0.002532 -0.020549 0.999786 -1.156000 0.000000 0.000000 0.000000 1.000000
0.999661 -0.025932 -0.002437 0.000000 0.025990 0.999261 0.028323 9.933500 0.001701 -0.028377 0.999596 -1.156000 0.000000 0.000000 0.000000 1.000000
0.999594 -0.027289 -0.008157 0.000000 0.027549 0.999051 0.033739 9.933500 0.007229 -0.033950 0.999397 -1.156000 0.000000 0.000000 0.000000 1.000000
0.999511 -0.028140 -0.013658 0.000000 0.028632 0.998895 0.037279 9.933500 0.012593 -0.037652 0.999212 -1.156000 0.000000 0.000000 0.000000 1.000000
0.999400 -0.030372 -0.016652 0.000000 0.030990 0.998790 0.038195 9.933500 0.015472 -0.038689 0.999132 -1.156000 0.000000 0.000000 0.000000 1.000000
0.999256 -0.034115 -0.018008 0.000000 0.034726 0.998792 0.034758 9.933500 0.016801 -0.035357 0.999234 -1.156000 0.000000 0.000000 0.000000 1.000000
0.999197 -0.036293 -0.016969 -0.000000 0.036767 0.998917 0.028498 9.933500 0.015916 -0.029099 0.999450 -1.156000 0.000000 0.000000 0.000000 1.000000
0.999191 -0.036237 -0.017465 -0.000000 0.036627 0.999074 0.022583 9.933500 0.016630 -0.023204 0.999592 -1.156000 0.000000 0.000000 0.000000 1.000000
0.999136 -0.036790 -0.019329 -0.000000 0.037145 0.999142 0.018338 9.933500 0.018637 -0.019040 0.999645 -1.156000 0.000000 0.000000 0.000000 1.000000
0.998903 -0.041217 -0.022209 0.000000 0.041573 0.999010 0.015815 9.933500 0.021535 -0.016721 0.999628 -1.156000 0.000000 0.000000 0.000000 1.000000
0.998851 -0.041490 -0.023965 0.000000 0.041967 0.998923 0.019765 9.933500 0.023119 -0.020748 0.999517 -1.156000 0.000000 0.000000 0.000000 1.000000
0.998829 -0.041785 -0.024369 0.000000 0.042411 0.998768 0.025783 9.933500 0.023261 -0.026786 0.999371 -1.156000 0.000000 0.000000 0.000000 1.000000
0.998814 -0.041684 -0.025158 0.000000 0.042527 0.998518 0.033958 9.933500 0.023706 -0.034987 0.999107 -1.156000 0.000000 0.000000 0.000000 1.000000
0.998835 -0.041741 -0.024212 0.000000 0.042745 0.998179 0.042552 9.933500 0.022392 -0.043537 0.998801 -1.156000 0.000000 0.000000 0.000000 1.000000
0.998857 -0.041220 -0.024202 0.000000 0.042335 0.997973 0.047521 9.933500 0.022194 -0.048491 0.998577 -1.156000 0.000000 0.000000 0.000000 1.000000
0.998863 -0.041119 -0.024141 -0.000000 0.042248 0.997939 0.048291 9.933500 0.022105 -0.049256 0.998542 -1.156000 0.000000 0.000000 0.000000 1.000000
0.998916 -0.040525 -0.022886 0.000000 0.041481 0.998215 0.042960 9.933500 0.021104 -0.043863 0.998815 -1.156000 0.000000 0.000000 0.000000 1.000000
0.999093 -0.038374 -0.018461 0.000000 0.038966 0.998700 0.032860 9.933500 0.017176 -0.033549 0.999289 -1.156000 0.000000 0.000000 0.000000 1.000000
0.999183 -0.037967 -0.013834 0.000000 0.038229 0.999085 0.019164 9.933500 0.013094 -0.019678 0.999721 -1.156000 0.000000 0.000000 0.000000 1.000000
0.999310 -0.035761 -0.010019 0.000000 0.035832 0.999333 0.007001 9.933500 0.009762 -0.007355 0.999925 -1.156000 0.000000 0.000000 0.000000 1.000000
0.999410 -0.033581 -0.007160 0.000000 0.033579 0.999436 -0.000298 9.933500 0.007166 0.000058 0.999974 -1.156000 0.000000 0.000000 0.000000 1.000000
0.999484 -0.031380 -0.006901 -0.000000 0.031381 0.999507 0.000042 9.933500 0.006896 -0.000259 0.999976 -1.156000 0.000000 0.000000 0.000000 1.000000
0.999479 -0.031600 -0.006559 -0.000000 0.031624 0.999493 0.003629 9.933500 0.006441 -0.003835 0.999972 -1.156000 0.000000 0.000000 0.000000 1.000000
0.999449 -0.032345 -0.007385 0.000000 0.032418 0.999424 0.010069 9.933500 0.007055 -0.010302 0.999922 -1.156000 0.000000 0.000000 0.000000 1.000000
0.999386 -0.033542 -0.010169 0.000000 0.033713 0.999284 0.017179 9.933500 0.009585 -0.017511 0.999801 -1.156000 0.000000 0.000000 0.000000 1.000000
0.999285 -0.035022 -0.014239 0.000000 0.035318 0.999153 0.021117 9.933500 0.013488 -0.021605 0.999676 -1.156000 0.000000 0.000000 0.000000 1.000000
0.999041 -0.039344 -0.019223 -0.000000 0.039727 0.999011 0.019958 9.933500 0.018419 -0.020703 0.999616 -1.156000 0.000000 0.000000 0.000000 1.000000
0.998711 -0.044851 -0.023762 -0.000000 0.045183 0.998886 0.013644 9.933500 0.023123 -0.014700 0.999625 -1.156000 0.000000 0.000000 0.000000 1.000000
0.998502 -0.048701 -0.024951 -0.000000 0.048826 0.998797 0.004443 9.933500 0.024705 -0.005655 0.999679 -1.156000 0.000000 0.000000 0.000000 1.000000
0.998350 -0.052105 -0.024140 0.000000 0.051974 0.998630 -0.006033 9.933500 0.024422 0.004768 0.999690 -1.156000 0.000000 0.000000 0.000000 1.000000
0.998150 -0.056282 -0.022976 0.000000 0.055961 0.998329 -0.014399 9.933500 0.023748 0.013086 0.999632 -1.156000 0.000000 0.000000 0.000000 1.000000
0.997978 -0.059351 -0.022756 -0.000000 0.058973 0.998116 -0.016936 9.933500 0.023718 0.015560 0.999598 -1.156000 0.000000 0.000000 0.000000 1.000000
0.997822 -0.061013 -0.025079 -0.000000 0.060712 0.998076 -0.012595 9.933500 0.025799 0.011045 0.999606 -1.156000 0.000000 0.000000 0.000000 1.000000
0.997749 -0.060335 -0.029251 0.000000 0.060285 0.998178 -0.002586 9.933500 0.029354 0.000817 0.999569 -1.156000 0.000000 0.000000 0.000000 1.000000
0.997770 -0.058452 -0.032220 -0.000000 0.058766 0.998232 0.008892 9.933500 0.031643 -0.010766 0.999441 -1.156000 0.000000 0.000000 0.000000 1.000000
0.997962 -0.055728 -0.031072 -0.000000 0.056399 0.998184 0.021152 9.933500 0.029837 -0.022861 0.999293 -1.156000 0.000000 0.000000 0.000000 1.000000
0.998113 -0.054086 -0.029082 0.000000 0.054947 0.998049 0.029644 9.933500 0.027422 -0.031186 0.999137 -1.156000 0.000000 0.000000 0.000000 1.000000
0.998309 -0.051203 -0.027521 0.000000 0.052120 0.998072 0.033704 9.933500 0.025742 -0.035082 0.999053 -1.156000 0.000000 0.000000 0.000000 1.000000
0.998548 -0.048436 -0.023564 0.000000 0.049113 0.998370 0.029071 9.933500 0.022117 -0.030186 0.999300 -1.156000 0.000000 0.000000 0.000000 1.000000
0.998695 -0.046491 -0.021155 0.000000 0.046866 0.998747 0.017562 9.933500 0.020312 -0.018531 0.999622 -1.156000 0.000000 0.000000 0.000000 1.000000
0.998773 -0.045133 -0.020394 -0.000000 0.045249 0.998962 0.005255 9.933500 0.020136 -0.006171 0.999778 -1.156000 0.000000 0.000000 0.000000 1.000000
0.998880 -0.042447 -0.020905 0.000000 0.042432 0.999099 -0.001192 9.933500 0.020936 0.000304 0.999781 -1.156000 0.000000 0.000000 0.000000 1.000000</float_array>
        <technique_common>
          <accessor source="#mixamorig_Spine-Matrix-animation-output-transform-array" count="90" stride="16">
            <param type="float4x4"/>
          </accessor>
        </technique_common>
      </source>
      <source id="mixamorig_Spine-Interpolations">
        <Name_array id="mixamorig_Spine-Interpolations-array" count="90">
 LINEAR LINEAR LINEAR LINEAR LINEAR LINEAR LINEAR LINEAR LINEAR LINEAR LINEAR
LINEAR LINEAR LINEAR LINEAR LINEAR LINEAR LINEAR LINEAR LINEAR LINEAR LINEAR LINEAR
LINEAR LINEAR LINEAR LINEAR LINEAR LINEAR LINEAR LINEAR LINEAR LINEAR LINEAR LINEAR
LINEAR LINEAR LINEAR LINEAR LINEAR LINEAR LINEAR LINEAR LINEAR LINEAR LINEAR LINEAR
LINEAR LINEAR LINEAR LINEAR LINEAR LINEAR LINEAR LINEAR LINEAR LINEAR LINEAR LINEAR
LINEAR LINEAR LINEAR LINEAR LINEAR LINEAR LINEAR LINEAR LINEAR LINEAR LINEAR LINEAR
LINEAR LINEAR LINEAR LINEAR LINEAR LINEAR LINEAR LINEAR LINEAR LINEAR LINEAR LINEAR
LINEAR LINEAR LINEAR LINEAR LINEAR LINEAR LINEAR</Name_array>
        <technique_common>
          <accessor source="#mixamorig_Spine-Interpolations-array" count="90">
            <param type="name"/>
          </accessor>
        </technique_common>
      </source>
      <sampler id="mixamorig_Spine-Matrix-animation-transform">
        <input semantic="INPUT" source="#mixamorig_Spine-Matrix-animation-input"/>
        <input semantic="OUTPUT" source="#mixamorig_Spine-Matrix-animation-output-transform"/>
        <input semantic="INTERPOLATION" source="#mixamorig_Spine-Interpolations"/>
      </sampler>
      <channel source="#mixamorig_Spine-Matrix-animation-transform" target="mixamorig_Spine/matrix"/>
      <source id="mixamorig_Spine1-Matrix-animation-input">
        <float_array id="mixamorig_Spine1-Matrix-animation-input-array" count="90">

0.000000 0.033333 0.066667 0.100000 0.133333 0.166667 0.200000 0.233333 0.266667 0.300000 0.333333 0.366667 0.400000 0.433333 0.466667 0.500000
0.533333 0.566667 0.600000 0.633333 0.666667 0.700000 0.733333 0.766667 0.800000 0.833333 0.866667 0.900000 0.933333 0.966667 1.000000 1.033333
1.066667 1.100000 1.133333 1.166667 1.200000 1.233333 1.266667 1.300000 1.333333 1.366667 1.400000 1.433333 1.466667 1.500000 1.533333 1.566667
1.600000 1.633333 1.666667 1.700000 1.733333 1.766667 1.800000 1.833333 1.866667 1.900000 1.933333 1.966667 2.000000 2.033333 2.066667 2.100000
2.133333 2.166667 2.200000 2.233333 2.266667 2.300000 2.333333 2.366667 2.400000 2.433333 2.466667 2.500000 2.533333 2.566667 2.600000 2.633333
2.666667 2.700000 2.733333 2.766667 2.800000 2.833333 2.866667 2.900000 2.933333 2.966667</float_array>
        <technique_common>
          <accessor source="#mixamorig_Spine1-Matrix-animation-input-array" count="90">
            <param name="TIME" type="float"/>
          </accessor>
        </technique_common>
      </source>
      <source id="mixamorig_Spine1-Matrix-animation-output-transform">
        <float_array id="mixamorig_Spine1-Matrix-animation-output-transform-array" count="1440">

0.995410 -0.088369 -0.036742 0.000000 0.077477 0.969463 -0.232676 11.667300 0.056181 0.228761 0.971860 -0.000000 0.000000 0.000000 0.000000 1.000000
0.995444 -0.088666 -0.035075 -0.000000 0.078079 0.969118 -0.233912 11.667300 0.054732 0.230107 0.971625 0.000000 0.000000 0.000000 0.000000 1.000000
0.995440 -0.088962 -0.034434 0.000000 0.078526 0.969128 -0.233720 11.667300 0.054163 0.229950 0.971694 0.000000 0.000000 0.000000 0.000000 1.000000
0.995406 -0.089124 -0.034981 0.000000 0.078611 0.969349 -0.232770 11.667300 0.054654 0.228951 0.971902 -0.000000 0.000000 0.000000 0.000000 1.000000
0.995399 -0.088643 -0.036390 0.000000 0.077909 0.969783 -0.231195 11.667300 0.055785 0.227296 0.972227 -0.000000 0.000000 0.000000 0.000000 1.000000
0.995373 -0.088124 -0.038288 0.000000 0.077086 0.970307 -0.229265 11.667300 0.057355 0.225253 0.972611 0.000000 0.000000 0.000000 0.000000 1.000000
0.995328 -0.087573 -0.040669 0.000000 0.076087 0.970679 -0.228022 11.667300 0.059445 0.223862 0.972806 -0.000000 0.000000 0.000000 0.000000 1.000000
0.995309 -0.086952 -0.042418 -0.000000 0.075138 0.970936 -0.227238 11.667300 0.060943 0.222985 0.972915 0.000000 0.000000 0.000000 0.000000 1.000000
0.995252 -0.086809 -0.044010 -0.000000 0.074631 0.970930 -0.227431 11.667300 0.062473 0.223067 0.972799 -0.000000 0.000000 0.000000 0.000000 1.000000
0.995153 -0.087177 -0.045505 -0.000000 0.074573 0.970641 -0.228680 11.667300 0.064105 0.224178 0.972438 0.000000 0.000000 0.000000 0.000000 1.000000
0.995043 -0.087666 -0.046951 -0.000000 0.074627 0.970294 -0.230131 11.667300 0.065731 0.225486 0.972026 -0.000000 0.000000 0.000000 0.000000 1.000000
0.994957 -0.088194 -0.047779 -0.000000 0.074887 0.970042 -0.231108 11.667300 0.066730 0.226365 0.971754 0.000000 0.000000 0.000000 0.000000 1.000000
0.994900 -0.088853 -0.047732 -0.000000 0.075479 0.969781 -0.232009 11.667300 0.066904 0.227223 0.971542 0.000000 0.000000 0.000000 0.000000 1.000000
0.994942 -0.088671 -0.047206 0.000000 0.075403 0.969725 -0.232267 11.667300 0.066372 0.227533 0.971506 -0.000000 0.000000 0.000000 0.000000 1.000000
0.995030 -0.088038 -0.046524 -0.000000 0.074968 0.969849 -0.231889 11.667300 0.065536 0.227249 0.971629 -0.000000 0.000000 0.000000 0.000000 1.000000
0.995121 -0.087389 -0.045805 0.000000 0.074549 0.970060 -0.231139 11.667300 0.064632 0.226597 0.971842 0.000000 0.000000 0.000000 0.000000 1.000000
0.995203 -0.087257 -0.044248 0.000000 0.074818 0.970200 -0.230467 11.667300 0.063039 0.226051 0.972074 0.000000 0.000000 0.000000 0.000000 1.000000
0.995252 -0.087155 -0.043323 0.000000 0.074979 0.970375 -0.229674 11.667300 0.062056 0.225336 0.972303 0.000000 0.000000 0.000000 0.000000 1.000000
0.995320 -0.087076 -0.041894 0.000000 0.075252 0.970458 -0.229234 11.667300 0.060617 0.225009 0.972469 0.000000 0.000000 0.000000 0.000000 1.000000
0.995396 -0.086988 -0.040246 -0.000000 0.075534 0.970420 -0.229304 11.667300 0.059003 0.225209 0.972522 -0.000000 0.000000 0.000000 0.000000 1.000000
0.995494 -0.086689 -0.038419 -0.000000 0.075581 0.970119 -0.230559 11.667300 0.057258 0.226616 0.972300 -0.000000 0.000000 0.000000 0.000000 1.000000
0.995555 -0.086860 -0.036416 0.000000 0.076087 0.969594 -0.232589 11.667300 0.055512 0.228785 0.971893 0.000000 0.000000 0.000000 0.000000 1.000000
0.995637 -0.086369 -0.035328 0.000000 0.075734 0.969089 -0.234801 11.667300 0.054515 0.231101 0.971401 0.000000 0.000000 0.000000 0.000000 1.000000
0.995728 -0.085685 -0.034407 0.000000 0.075222 0.968861 -0.235904 11.667300 0.053549 0.232308 0.971167 0.000000 0.000000 0.000000 0.000000 1.000000
0.995807 -0.084871 -0.034136 0.000000 0.074534 0.969099 -0.235141 11.667300 0.053037 0.231611 0.971362 -0.000000 0.000000 0.000000 0.000000 1.000000
0.995803 -0.084767 -0.034515 0.000000 0.074421 0.969445 -0.233746 11.667300 0.053274 0.230197 0.971685 -0.000000 0.000000 0.000000 0.000000 1.000000
0.995771 -0.084671 -0.035654 -0.000000 0.074198 0.970030 -0.231378 11.667300 0.054177 0.227754 0.972210 -0.000000 0.000000 0.000000 0.000000 1.000000
0.995728 -0.084551 -0.037115 0.000000 0.073883 0.970619 -0.228996 11.667300 0.055386 0.225276 0.972720 -0.000000 0.000000 0.000000 0.000000 1.000000
0.995693 -0.084399 -0.038378 0.000000 0.073550 0.971049 -0.227277 11.667300 0.056449 0.223475 0.973074 -0.000000 0.000000 0.000000 0.000000 1.000000
0.995667 -0.084265 -0.039322 0.000000 0.073266 0.971301 -0.226290 11.667300 0.057262 0.222428 0.973266 0.000000 0.000000 0.000000 0.000000 1.000000
0.995636 -0.084498 -0.039605 0.000000 0.073416 0.971232 -0.226534 11.667300 0.057608 0.222637 0.973198 -0.000000 0.000000 0.000000 0.000000 1.000000
0.995595 -0.085305 -0.038904 -0.000000 0.074270 0.970810 -0.228059 11.667300 0.057223 0.224165 0.972870 0.000000 0.000000 0.000000 0.000000 1.000000
0.995557 -0.086151 -0.038014 -0.000000 0.075166 0.970218 -0.230275 11.667300 0.056720 0.226395 0.972383 0.000000 0.000000 0.000000 0.000000 1.000000
0.995546 -0.086723 -0.036974 0.000000 0.075839 0.969672 -0.232348 11.667300 0.056003 0.228509 0.971930 -0.000000 0.000000 0.000000 0.000000 1.000000
