<?xml version="1.0" encoding="utf-8"?>
<COLLADA xmlns="http://www.collada.org/2005/11/COLLADASchema" version="1.4.1">
  <asset>
    <contributor>
      <author>Mixamo</author>
      <authoring_tool>COLLADA Mixamo exporter</authoring_tool>
      <comments/>
    </contributor>
    <created>2024-06-27T09:46:38Z</created>
    <modified>2024-06-27T09:46:38Z</modified>
    <revision/>
    <title/>
    <unit meter="0.010000"/>
    <up_axis>Y_UP</up_axis>
  </asset>
  <library_animations>
    <animation>
      <source id="mixamorig_Hips-Matrix-animation-input">
        <float_array id="mixamorig_Hips-Matrix-animation-input-array" count="251">

0.000000 0.033333 0.066667 0.100000 0.133333 0.166667 0.200000 0.233333 0.266667 0.300000 0.333333 0.366667 0.400000 0.433333 0.466667 0.500000
0.533333 0.566667 0.600000 0.633333 0.666667 0.700000 0.733333 0.766667 0.800000 0.833333 0.866667 0.900000 0.933333 0.966667 1.000000 1.033333
1.066667 1.100000 1.133333 1.166667 1.200000 1.233333 1.266667 1.300000 1.333333 1.366667 1.400000 1.433333 1.466667 1.500000 1.533333 1.566667
1.600000 1.633333 1.666667 1.700000 1.733333 1.766667 1.800000 1.833333 1.866667 1.900000 1.933333 1.966667 2.000000 2.033333 2.066667 2.100000
2.133333 2.166667 2.200000 2.233333 2.266667 2.300000 2.333333 2.366667 2.400000 2.433333 2.466667 2.500000 2.533333 2.566667 2.600000 2.633333
2.666667 2.700000 2.733333 2.766667 2.800000 2.833333 2.866667 2.900000 2.933333 2.966667 3.000000 3.033333 3.066667 3.100000 3.133333 3.166667
3.200000 3.233333 3.266667 3.300000 3.333333 3.366667 3.400000 3.433333 3.466667 3.500000 3.533333 3.566667 3.600000 3.633333 3.666667 3.700000
3.733333 3.766667 3.800000 3.833333 3.866667 3.900000 3.933333 3.966667 4.000000 4.033333 4.066667 4.100000 4.133333 4.166667 4.200000 4.233333
4.266667 4.300000 4.333333 4.366667 4.400000 4.433333 4.466667 4.500000 4.533333 4.566667 4.600000 4.633333 4.666667 4.700000 4.733333 4.766667
4.800000 4.833333 4.866667 4.900000 4.933333 4.966667 5.000000 5.033333 5.066667 5.100000 5.133333 5.166667 5.200000 5.233333 5.266667 5.300000
5.333333 5.366667 5.400000 5.433333 5.466667 5.500000 5.533333 5.566667 5.600000 5.633333 5.666667 5.700000 5.733333 5.766667 5.800000 5.833333
5.866667 5.900000 5.933333 5.966667 6.000000 6.033333 6.066667 6.100000 6.133333 6.166667 6.200000 6.233333 6.266667 6.300000 6.333333 6.366667
6.400000 6.433333 6.466667 6.500000 6.533333 6.566667 6.600000 6.633333 6.666667 6.700000 6.733333 6.766667 6.800000 6.833333 6.866667 6.900000
6.933333 6.966667 7.000000 7.033333 7.066667 7.100000 7.133333 7.166667 7.200000 7.233333 7.266667 7.300000 7.333333 7.366667 7.400000 7.433333
7.466667 7.500000 7.533333 7.566667 7.600000 7.633333 7.666667 7.700000 7.733333 7.766667 7.800000 7.833333 7.866667 7.900000 7.933333 7.966667
8.000000 8.033333 8.066667 8.100000 8.133333 8.166667 8.200000 8.233333 8.266667 8.300000 8.333333</float_array>
        <technique_common>
          <accessor source="#mixamorig_Hips-Matrix-animation-input-array" count="251">
            <param name="TIME" type="float"/>
          </accessor>
        </technique_common>
      </source>
      <source id="mixamorig_Hips-Matrix-animation-output-transform">
        <float_array id="mixamorig_Hips-Matrix-animation-output-transform-array" count="4016">

0.996293 0.081467 0.027644 0.217683 -0.081917 0.996518 0.015562 96.803925 -0.026280 -0.017769 0.999497 -0.339195 0.000000 0.000000 0.000000 1.000000
0.996286 0.081525 0.027711 0.228831 -0.081973 0.996515 0.015440 96.806076 -0.026356 -0.017654 0.999497 -0.312089 0.000000 0.000000 0.000000 1.000000
0.996275 0.081599 0.027876 0.239748 -0.082048 0.996510 0.015351 96.808952 -0.026526 -0.017581 0.999494 -0.284711 0.000000 0.000000 0.000000 1.000000
0.996261 0.081690 0.028108 0.250667 -0.082141 0.996504 0.015277 96.811829 -0.026762 -0.017529 0.999488 -0.257488 0.000000 0.000000 0.000000 1.000000
0.996247 0.081792 0.028332 0.261951 -0.082245 0.996496 0.015195 96.813889 -0.026990 -0.017468 0.999483 -0.231101 0.000000 0.000000 0.000000 1.000000
0.996234 0.081902 0.028470 0.273697 -0.082354 0.996489 0.015103 96.814987 -0.027133 -0.017390 0.999481 -0.206158 0.000000 0.000000 0.000000 1.000000
0.996223 0.082025 0.028506 0.285988 -0.082476 0.996480 0.015022 96.815567 -0.027174 -0.017316 0.999481 -0.182832 0.000000 0.000000 0.000000 1.000000
0.996211 0.082172 0.028479 0.298747 -0.082621 0.996469 0.014969 96.816330 -0.027149 -0.017266 0.999482 -0.160870 0.000000 0.000000 0.000000 1.000000
0.996197 0.082351 0.028443 0.312016 -0.082799 0.996454 0.014936 96.817032 -0.027112 -0.017234 0.999484 -0.139981 0.000000 0.000000 0.000000 1.000000
0.996180 0.082563 0.028441 0.325714 -0.083010 0.996437 0.014893 96.817093 -0.027110 -0.017197 0.999485 -0.120218 0.000000 0.000000 0.000000 1.000000
0.996158 0.082811 0.028499 0.339945 -0.083256 0.996418 0.014813 96.816093 -0.027170 -0.017129 0.999484 -0.101986 0.000000 0.000000 0.000000 1.000000
0.996132 0.083090 0.028595 0.354586 -0.083533 0.996397 0.014672 96.814598 -0.027273 -0.017004 0.999483 -0.085708 0.000000 0.000000 0.000000 1.000000
0.996106 0.083379 0.028646 0.369120 -0.083817 0.996376 0.014445 96.813766 -0.027337 -0.016790 0.999485 -0.071493 0.000000 0.000000 0.000000 1.000000
0.996087 0.083635 0.028563 0.382760 -0.084062 0.996360 0.014117 96.814560 -0.027278 -0.016463 0.999492 -0.059166 0.000000 0.000000 0.000000 1.000000
0.996078 0.083815 0.028359 0.395011 -0.084228 0.996352 0.013699 96.817223 -0.027107 -0.016034 0.999504 -0.048482 0.000000 0.000000 0.000000 1.000000
0.996076 0.083898 0.028162 0.406360 -0.084295 0.996353 0.013227 96.821640 -0.026949 -0.015549 0.999516 -0.039163 0.000000 0.000000 0.000000 1.000000
0.996079 0.083886 0.028109 0.418166 -0.084269 0.996362 0.012739 96.827423 -0.026938 -0.015058 0.999524 -0.030692 0.000000 0.000000 0.000000 1.000000
0.996082 0.083806 0.028234 0.431515 -0.084178 0.996375 0.012257 96.833740 -0.027105 -0.014586 0.999526 -0.022244 0.000000 0.000000 0.000000 1.000000
0.996084 0.083709 0.028458 0.446229 -0.084072 0.996390 0.011797 96.839203 -0.027367 -0.014143 0.999525 -0.013102 0.000000 0.000000 0.000000 1.000000
0.996082 0.083652 0.028673 0.461268 -0.084007 0.996400 0.011380 96.842491 -0.027618 -0.013744 0.999524 -0.003152 0.000000 0.000000 0.000000 1.000000
0.996077 0.083666 0.028830 0.475666 -0.084013 0.996404 0.011029 96.843597 -0.027804 -0.013408 0.999523 0.007103 0.000000 0.000000 0.000000 1.000000
0.996068 0.083729 0.028932 0.489099 -0.084069 0.996402 0.010750 96.843758 -0.027928 -0.013140 0.999524 0.016982 0.000000 0.000000 0.000000 1.000000
0.996061 0.083800 0.028983 0.501750 -0.084135 0.996399 0.010538 96.845032 -0.027996 -0.012935 0.999524 0.025959 0.000000 0.000000 0.000000 1.000000
0.996058 0.083849 0.028942 0.513955 -0.084179 0.996397 0.010384 96.848404 -0.027967 -0.012780 0.999527 0.033451 0.000000 0.000000 0.000000 1.000000
0.996062 0.083870 0.028742 0.525993 -0.084194 0.996396 0.010268 96.853294 -0.027777 -0.012648 0.999534 0.038515 0.000000 0.000000 0.000000 1.000000
0.996072 0.083883 0.028355 0.538242 -0.084200 0.996397 0.010149 96.858025 -0.027402 -0.012497 0.999546 0.040083 0.000000 0.000000 0.000000 1.000000
0.996083 0.083928 0.027835 0.550989 -0.084234 0.996396 0.009987 96.860886 -0.026897 -0.012293 0.999563 0.037543 0.000000 0.000000 0.000000 1.000000
0.996088 0.084047 0.027280 0.564269 -0.084341 0.996389 0.009784 96.861153 -0.026359 -0.012046 0.999580 0.031075 0.000000 0.000000 0.000000 1.000000
0.996085 0.084252 0.026759 0.578127 -0.084534 0.996374 0.009598 96.859299 -0.025853 -0.011823 0.999596 0.021544 0.000000 0.000000 0.000000 1.000000
0.996076 0.084510 0.026278 0.592623 -0.084784 0.996354 0.009504 96.856705 -0.025379 -0.011695 0.999609 0.010226 0.000000 0.000000 0.000000 1.000000
0.996066 0.084769 0.025804 0.607961 -0.085038 0.996332 0.009528 96.854797 -0.024902 -0.011685 0.999622 -0.001458 0.000000 0.000000 0.000000 1.000000
0.996060 0.084993 0.025318 0.624366 -0.085260 0.996312 0.009642 96.854073 -0.024405 -0.011762 0.999633 -0.012293 0.000000 0.000000 0.000000 1.000000
0.996055 0.085189 0.024849 0.641829 -0.085454 0.996294 0.009795 96.854195 -0.023923 -0.011880 0.999643 -0.021680 0.000000 0.000000 0.000000 1.000000
0.996048 0.085374 0.024476 0.660022 -0.085638 0.996277 0.009952 96.854385 -0.023536 -0.012008 0.999651 -0.029878 0.000000 0.000000 0.000000 1.000000
0.996037 0.085562 0.024291 0.678584 -0.085827 0.996259 0.010086 96.854073 -0.023337 -0.012131 0.999654 -0.037612 0.000000 0.000000 0.000000 1.000000
0.996020 0.085748 0.024340 0.697551 -0.086016 0.996242 0.010188 96.853271 -0.023375 -0.012241 0.999652 -0.045280 0.000000 0.000000 0.000000 1.000000
0.995998 0.085929 0.024591 0.716930 -0.086202 0.996225 0.010281 96.852615 -0.023615 -0.012359 0.999645 -0.052360 0.000000 0.000000 0.000000 1.000000
0.995974 0.086101 0.024939 0.736549 -0.086382 0.996208 0.010420 96.852798 -0.023947 -0.012533 0.999635 -0.057708 0.000000 0.000000 0.000000 1.000000
0.995952 0.086259 0.025261 0.756306 -0.086550 0.996191 0.010650 96.853821 -0.024246 -0.012793 0.999624 -0.060506 0.000000 0.000000 0.000000 1.000000
0.995935 0.086399 0.025464 0.776207 -0.086700 0.996174 0.010954 96.854988 -0.024420 -0.013118 0.999616 -0.061054 0.000000 0.000000 0.000000 1.000000
0.995923 0.086527 0.025520 0.796005 -0.086837 0.996159 0.011268 96.855530 -0.024447 -0.013438 0.999611 -0.060569 0.000000 0.000000 0.000000 1.000000
0.995912 0.086656 0.025481 0.814517 -0.086971 0.996144 0.011534 96.855431 -0.024383 -0.013703 0.999609 -0.060170 0.000000 0.000000 0.000000 1.000000
0.995901 0.086793 0.025453 0.830212 -0.087113 0.996129 0.011754 96.855484 -0.024334 -0.013923 0.999607 -0.059908 0.000000 0.000000 0.000000 1.000000
0.995887 0.086931 0.025532 0.841718 -0.087258 0.996114 0.011981 96.856377 -0.024392 -0.014159 0.999602 -0.058755 0.000000 0.000000 0.000000 1.000000
0.995871 0.087051 0.025746 0.848960 -0.087388 0.996099 0.012266 96.858093 -0.024578 -0.014465 0.999593 -0.055538 0.000000 0.000000 0.000000 1.000000
0.995856 0.087137 0.026046 0.852943 -0.087487 0.996086 0.012611 96.859840 -0.024845 -0.014837 0.999581 -0.049856 0.000000 0.000000 0.000000 1.000000
0.995842 0.087200 0.026363 0.854845 -0.087563 0.996075 0.012969 96.860680 -0.025129 -0.015224 0.999568 -0.042054 0.000000 0.000000 0.000000 1.000000
0.995828 0.087270 0.026654 0.855238 -0.087647 0.996063 0.013298 96.860077 -0.025389 -0.015579 0.999556 -0.032404 0.000000 0.000000 0.000000 1.000000
0.995812 0.087373 0.026915 0.854024 -0.087761 0.996049 0.013602 96.858017 -0.025620 -0.015907 0.999545 -0.020685 0.000000 0.000000 0.000000 1.000000
0.995795 0.087493 0.027156 0.851254 -0.087893 0.996033 0.013910 96.855354 -0.025832 -0.016238 0.999534 -0.006769 0.000000 0.000000 0.000000 1.000000
0.995782 0.087570 0.027381 0.847821 -0.087982 0.996020 0.014230 96.853378 -0.026026 -0.016579 0.999524 0.008704 0.000000 0.000000 0.000000 1.000000
0.995779 0.087550 0.027565 0.845016 -0.087973 0.996017 0.014531 96.853203 -0.026183 -0.016895 0.999514 0.024522 0.000000 0.000000 0.000000 1.000000
0.995787 0.087426 0.027669 0.843596 -0.087857 0.996023 0.014778 96.854774 -0.026267 -0.017147 0.999508 0.039663 0.000000 0.000000 0.000000 1.000000
0.995802 0.087254 0.027667 0.843178 -0.087691 0.996035 0.014968 96.856689 -0.026252 -0.017331 0.999505 0.053592 0.000000 0.000000 0.000000 1.000000
0.995815 0.087127 0.027580 0.842563 -0.087566 0.996044 0.015127 96.857216 -0.026153 -0.017478 0.999505 0.065984 0.000000 0.000000 0.000000 1.000000
0.995820 0.087111 0.027461 0.840829 -0.087552 0.996043 0.015287 96.855522 -0.026021 -0.017627 0.999506 0.076613 0.000000 0.000000 0.000000 1.000000
0.995816 0.087185 0.027365 0.838128 -0.087629 0.996033 0.015454 96.852531 -0.025909 -0.017787 0.999506 0.085631 0.000000 0.000000 0.000000 1.000000
0.995813 0.087245 0.027285 0.835620 -0.087691 0.996025 0.015605 96.850540 -0.025815 -0.017932 0.999506 0.093692 0.000000 0.000000 0.000000 1.000000
0.995823 0.087174 0.027163 0.834280 -0.087620 0.996030 0.015705 96.851273 -0.025687 -0.018019 0.999508 0.101502 0.000000 0.000000 0.000000 1.000000
0.995849 0.086945 0.026945 0.834282 -0.087388 0.996050 0.015732 96.854561 -0.025471 -0.018021 0.999513 0.109326 0.000000 0.000000 0.000000 1.000000
0.995883 0.086646 0.026647 0.834662 -0.087083 0.996077 0.015690 96.858582 -0.025183 -0.017946 0.999522 0.117035 0.000000 0.000000 0.000000 1.000000
0.995913 0.086390 0.026363 0.834355 -0.086820 0.996102 0.015598 96.861565 -0.024912 -0.017823 0.999531 0.124516 0.000000 0.000000 0.000000 1.000000
0.995932 0.086220 0.026196 0.832732 -0.086643 0.996119 0.015471 96.863167 -0.024760 -0.017677 0.999537 0.132057 0.000000 0.000000 0.000000 1.000000
0.995943 0.086093 0.026193 0.829711 -0.086512 0.996133 0.015317 96.864220 -0.024773 -0.017521 0.999540 0.140242 0.000000 0.000000 0.000000 1.000000
0.995952 0.085947 0.026329 0.825341 -0.086364 0.996148 0.015151 96.865456 -0.024926 -0.017364 0.999538 0.149558 0.000000 0.000000 0.000000 1.000000
0.995963 0.085754 0.026537 0.819718 -0.086171 0.996168 0.014989 96.866959 -0.025150 -0.017216 0.999535 0.160119 0.000000 0.000000 0.000000 1.000000
0.995977 0.085524 0.026744 0.813230 -0.085941 0.996190 0.014847 96.868546 -0.025372 -0.017086 0.999532 0.171679 0.000000 0.000000 0.000000 1.000000
0.995994 0.085274 0.026899 0.806588 -0.085691 0.996213 0.014724 96.870110 -0.025542 -0.016970 0.999530 0.183796 0.000000 0.000000 0.000000 1.000000
0.996014 0.085022 0.026983 0.800633 -0.085437 0.996237 0.014607 96.871796 -0.025639 -0.016854 0.999529 0.195906 0.000000 0.000000 0.000000 1.000000
0.996034 0.084779 0.026992 0.795650 -0.085191 0.996259 0.014485 96.873466 -0.025663 -0.016727 0.999531 0.207222 0.000000 0.000000 0.000000 1.000000
0.996055 0.084558 0.026926 0.790981 -0.084965 0.996280 0.014363 96.875031 -0.025611 -0.016594 0.999534 0.216894 0.000000 0.000000 0.000000 1.000000
0.996076 0.084359 0.026779 0.785535 -0.084761 0.996299 0.014252 96.876541 -0.025478 -0.016466 0.999540 0.224294 0.000000 0.000000 0.000000 1.000000
0.996098 0.084164 0.026544 0.778656 -0.084560 0.996318 0.014151 96.878166 -0.025255 -0.016340 0.999547 0.229136 0.000000 0.000000 0.000000 1.000000
0.996123 0.083967 0.026229 0.770623 -0.084354 0.996337 0.014036 96.879906 -0.024955 -0.016194 0.999557 0.231339 0.000000 0.000000 0.000000 1.000000
0.996148 0.083789 0.025858 0.762053 -0.084167 0.996355 0.013891 96.881332 -0.024599 -0.016014 0.999569 0.230727 0.000000 0.000000 0.000000 1.000000
0.996168 0.083674 0.025457 0.753257 -0.084041 0.996368 0.013725 96.882179 -0.024216 -0.015812 0.999582 0.227080 0.000000 0.000000 0.000000 1.000000
0.996182 0.083627 0.025041 0.744327 -0.083984 0.996375 0.013567 96.882164 -0.023815 -0.015618 0.999594 0.220429 0.000000 0.000000 0.000000 1.000000
0.996194 0.083615 0.024600 0.735721 -0.083962 0.996378 0.013428 96.881851 -0.023388 -0.015442 0.999607 0.211477 0.000000 0.000000 0.000000 1.000000
0.996208 0.083595 0.024124 0.728172 -0.083932 0.996383 0.013297 96.881805 -0.022925 -0.015271 0.999621 0.201429 0.000000 0.000000 0.000000 1.000000
0.996224 0.083542 0.023637 0.722153 -0.083868 0.996390 0.013163 96.882011 -0.022452 -0.015095 0.999634 0.191361 0.000000 0.000000 0.000000 1.000000
0.996241 0.083461 0.023209 0.717256 -0.083778 0.996399 0.013042 96.882202 -0.022037 -0.014938 0.999646 0.181865 0.000000 0.000000 0.000000 1.000000
0.996256 0.083359 0.022923 0.712502 -0.083671 0.996409 0.012982 96.882240 -0.021758 -0.014851 0.999653 0.173209 0.000000 0.000000 0.000000 1.000000
0.996268 0.083242 0.022819 0.706948 -0.083553 0.996418 0.013019 96.882782 -0.021654 -0.014877 0.999655 0.165755 0.000000 0.000000 0.000000 1.000000
0.996278 0.083106 0.022882 0.700247 -0.083420 0.996428 0.013150 96.884056 -0.021707 -0.015010 0.999652 0.159754 0.000000 0.000000 0.000000 1.000000
0.996286 0.082955 0.023059 0.692802 -0.083276 0.996437 0.013324 96.885757 -0.021872 -0.015195 0.999645 0.154964 0.000000 0.000000 0.000000 1.000000
0.996293 0.082807 0.023293 0.685306 -0.083135 0.996447 0.013482 96.886993 -0.022094 -0.015368 0.999638 0.150558 0.000000 0.000000 0.000000 1.000000
0.996298 0.082689 0.023533 0.677989 -0.083023 0.996455 0.013602 96.887001 -0.022325 -0.015505 0.999631 0.145579 0.000000 0.000000 0.000000 1.000000
0.996297 0.082632 0.023744 0.670435 -0.082972 0.996458 0.013714 96.885109 -0.022527 -0.015633 0.999624 0.139386 0.000000 0.000000 0.000000 1.000000
0.996291 0.082659 0.023916 0.661789 -0.083005 0.996453 0.013862 96.881332 -0.022686 -0.015795 0.999618 0.131876 0.000000 0.000000 0.000000 1.000000
0.996278 0.082769 0.024057 0.651245 -0.083122 0.996440 0.014062 96.875977 -0.022807 -0.016010 0.999612 0.123476 0.000000 0.000000 0.000000 1.000000
0.996262 0.082932 0.024171 0.638394 -0.083292 0.996423 0.014289 96.869644 -0.022900 -0.016248 0.999606 0.115186 0.000000 0.000000 0.000000 1.000000
0.996246 0.083097 0.024248 0.623305 -0.083463 0.996405 0.014498 96.862915 -0.022956 -0.016467 0.999601 0.108433 0.000000 0.000000 0.000000 1.000000
0.996236 0.083221 0.024269 0.606093 -0.083592 0.996392 0.014673 96.856667 -0.022961 -0.016646 0.999598 0.104503 0.000000 0.000000 0.000000 1.000000
0.996232 0.083274 0.024240 0.586886 -0.083648 0.996385 0.014825 96.852020 -0.022918 -0.016797 0.999596 0.103697 0.000000 0.000000 0.000000 1.000000
0.996235 0.083244 0.024197 0.565960 -0.083620 0.996385 0.014963 96.849594 -0.022864 -0.016930 0.999595 0.105009 0.000000 0.000000 0.000000 1.000000
0.996244 0.083140 0.024183 0.544120 -0.083518 0.996392 0.015067 96.849129 -0.022843 -0.017030 0.999594 0.106796 0.000000 0.000000 0.000000 1.000000
0.996256 0.082992 0.024210 0.522481 -0.083371 0.996404 0.015095 96.849495 -0.022870 -0.017056 0.999593 0.107880 0.000000 0.000000 0.000000 1.000000
0.996268 0.082835 0.024241 0.501969 -0.083214 0.996418 0.015035 96.849586 -0.022908 -0.016996 0.999593 0.108084 0.000000 0.000000 0.000000 1.000000
0.996281 0.082691 0.024228 0.482707 -0.083067 0.996432 0.014924 96.848770 -0.022907 -0.016881 0.999595 0.107736 0.000000 0.000000 0.000000 1.000000
0.996292 0.082569 0.024169 0.464388 -0.082941 0.996444 0.014817 96.847168 -0.022860 -0.016766 0.999598 0.106914 0.000000 0.000000 0.000000 1.000000
0.996301 0.082478 0.024131 0.446698 -0.082848 0.996453 0.014740 96.844963 -0.022830 -0.016684 0.999600 0.105294 0.000000 0.000000 0.000000 1.000000
0.996304 0.082417 0.024201 0.429837 -0.082786 0.996459 0.014677 96.842384 -0.022906 -0.016626 0.999599 0.102581 0.000000 0.000000 0.000000 1.000000
0.996303 0.082371 0.024402 0.414472 -0.082742 0.996464 0.014596 96.839661 -0.023113 -0.016561 0.999596 0.098895 0.000000 0.000000 0.000000 1.000000
0.996302 0.082316 0.024640 0.401063 -0.082688 0.996470 0.014485 96.837372 -0.023361 -0.016469 0.999591 0.094603 0.000000 0.000000 0.000000 1.000000
0.996306 0.082226 0.024766 0.389574 -0.082597 0.996480 0.014353 96.835968 -0.023499 -0.016346 0.999590 0.089824 0.000000 0.000000 0.000000 1.000000
0.996317 0.082103 0.024711 0.379773 -0.082469 0.996492 0.014201 96.835587 -0.023459 -0.016187 0.999594 0.084178 0.000000 0.000000 0.000000 1.000000
0.996333 0.081964 0.024552 0.371587 -0.082324 0.996507 0.014009 96.835846 -0.023318 -0.015979 0.999600 0.077107 0.000000 0.000000 0.000000 1.000000
0.996345 0.081848 0.024434 0.365025 -0.082199 0.996521 0.013763 96.836098 -0.023223 -0.015721 0.999607 0.068565 0.000000 0.000000 0.000000 1.000000
0.996350 0.081790 0.024427 0.359862 -0.082135 0.996530 0.013486 96.835815 -0.023240 -0.015443 0.999611 0.059249 0.000000 0.000000 0.000000 1.000000
0.996347 0.081811 0.024475 0.355552 -0.082151 0.996532 0.013221 96.834732 -0.023308 -0.015184 0.999613 0.050042 0.000000 0.000000 0.000000 1.000000
0.996340 0.081898 0.024464 0.351910 -0.082232 0.996529 0.012993 96.833046 -0.023315 -0.014957 0.999616 0.041346 0.000000 0.000000 0.000000 1.000000
0.996336 0.081996 0.024327 0.349600 -0.082324 0.996524 0.012782 96.831390 -0.023195 -0.014738 0.999622 0.033079 0.000000 0.000000 0.000000 1.000000
0.996337 0.082049 0.024079 0.349267 -0.082368 0.996523 0.012561 96.830803 -0.022965 -0.014499 0.999631 0.025222 0.000000 0.000000 0.000000 1.000000
0.996345 0.082039 0.023796 0.351002 -0.082348 0.996527 0.012326 96.831749 -0.022702 -0.014240 0.999641 0.018108 0.000000 0.000000 0.000000 1.000000
0.996353 0.082007 0.023575 0.354289 -0.082308 0.996534 0.012098 96.833763 -0.022501 -0.013994 0.999649 0.012113 0.000000 0.000000 0.000000 1.000000
0.996354 0.082009 0.023501 0.358560 -0.082305 0.996536 0.011897 96.835686 -0.022444 -0.013788 0.999653 0.007233 0.000000 0.000000 0.000000 1.000000
0.996348 0.082063 0.023607 0.363789 -0.082356 0.996534 0.011719 96.836777 -0.022564 -0.013621 0.999653 0.003130 0.000000 0.000000 0.000000 1.000000
0.996337 0.082125 0.023852 0.370115 -0.082418 0.996531 0.011548 96.837097 -0.022821 -0.013472 0.999649 -0.000499 0.000000 0.000000 0.000000 1.000000
0.996328 0.082148 0.024143 0.377406 -0.082440 0.996531 0.011385 96.837173 -0.023124 -0.013334 0.999644 -0.003615 0.000000 0.000000 0.000000 1.000000
0.996323 0.082126 0.024391 0.385132 -0.082419 0.996534 0.011254 96.837273 -0.023382 -0.013223 0.999639 -0.005829 0.000000 0.000000 0.000000 1.000000
0.996322 0.082100 0.024546 0.392614 -0.082393 0.996537 0.011183 96.837357 -0.023543 -0.013164 0.999636 -0.006677 0.000000 0.000000 0.000000 1.000000
0.996320 0.082101 0.024602 0.399253 -0.082395 0.996537 0.011177 96.837494 -0.023599 -0.013163 0.999635 -0.006029 0.000000 0.000000 0.000000 1.000000
0.996319 0.082120 0.024583 0.405202 -0.082415 0.996535 0.011212 96.838081 -0.023577 -0.013196 0.999635 -0.004306 0.000000 0.000000 0.000000 1.000000
0.996320 0.082118 0.024537 0.411035 -0.082413 0.996535 0.011244 96.839455 -0.023529 -0.013224 0.999636 -0.002330 0.000000 0.000000 0.000000 1.000000
0.996324 0.082078 0.024514 0.417222 -0.082373 0.996538 0.011240 96.841362 -0.023507 -0.013218 0.999636 -0.000852 0.000000 0.000000 0.000000 1.000000
0.996328 0.082023 0.024541 0.423410 -0.082317 0.996543 0.011200 96.843063 -0.023538 -0.013179 0.999636 -0.000162 0.000000 0.000000 0.000000 1.000000
0.996328 0.081997 0.024622 0.428710 -0.082291 0.996546 0.011153 96.844131 -0.023623 -0.013139 0.999635 -0.000038 0.000000 0.000000 0.000000 1.000000
0.996323 0.082021 0.024758 0.432813 -0.082316 0.996544 0.011123 96.844521 -0.023760 -0.013120 0.999632 -0.000053 0.000000 0.000000 0.000000 1.000000
0.996313 0.082082 0.024955 0.436589 -0.082378 0.996539 0.011099 96.844452 -0.023957 -0.013114 0.999627 0.000044 0.000000 0.000000 0.000000 1.000000
0.996301 0.082150 0.025201 0.441109 -0.082449 0.996534 0.011064 96.844292 -0.024205 -0.013101 0.999621 0.000175 0.000000 0.000000 0.000000 1.000000
0.996289 0.082222 0.025439 0.446256 -0.082523 0.996528 0.011030 96.844063 -0.024444 -0.013089 0.999616 0.000158 0.000000 0.000000 0.000000 1.000000
0.996278 0.082314 0.025596 0.450738 -0.082618 0.996520 0.011039 96.843758 -0.024598 -0.013113 0.999611 -0.000066 0.000000 0.000000 0.000000 1.000000
0.996267 0.082433 0.025644 0.453907 -0.082739 0.996509 0.011102 96.843399 -0.024640 -0.013182 0.999609 -0.000428 0.000000 0.000000 0.000000 1.000000
0.996257 0.082555 0.025629 0.456622 -0.082862 0.996498 0.011166 96.842873 -0.024618 -0.013248 0.999609 -0.000976 0.000000 0.000000 0.000000 1.000000
0.996248 0.082663 0.025629 0.460193 -0.082970 0.996489 0.011168 96.842178 -0.024616 -0.013253 0.999609 -0.001933 0.000000 0.000000 0.000000 1.000000
0.996237 0.082772 0.025695 0.465153 -0.083079 0.996481 0.011093 96.841209 -0.024687 -0.013186 0.999608 -0.003578 0.000000 0.000000 0.000000 1.000000
0.996222 0.082915 0.025819 0.471224 -0.083220 0.996471 0.010987 96.840164 -0.024817 -0.013094 0.999606 -0.005955 0.000000 0.000000 0.000000 1.000000
0.996204 0.083093 0.025928 0.478298 -0.083398 0.996457 0.010909 96.839607 -0.024930 -0.013030 0.999604 -0.008655 0.000000 0.000000 0.000000 1.000000
0.996190 0.083260 0.025939 0.486736 -0.083564 0.996443 0.010890 96.840378 -0.024940 -0.013016 0.999604 -0.010992 0.000000 0.000000 0.000000 1.000000
0.996186 0.083346 0.025826 0.496911 -0.083649 0.996436 0.010910 96.842796 -0.024824 -0.013029 0.999607 -0.012587 0.000000 0.000000 0.000000 1.000000
0.996192 0.083326 0.025665 0.508778 -0.083628 0.996437 0.010926 96.846466 -0.024664 -0.013031 0.999611 -0.013775 0.000000 0.000000 0.000000 1.000000
0.996201 0.083243 0.025578 0.521934 -0.083543 0.996444 0.010918 96.850296 -0.024578 -0.013014 0.999613 -0.015397 0.000000 0.000000 0.000000 1.000000
0.996206 0.083171 0.025629 0.535591 -0.083473 0.996450 0.010912 96.853333 -0.024631 -0.013010 0.999612 -0.018113 0.000000 0.000000 0.000000 1.000000
0.996204 0.083150 0.025780 0.548920 -0.083454 0.996451 0.010951 96.855530 -0.024778 -0.013061 0.999608 -0.022059 0.000000 0.000000 0.000000 1.000000
0.996199 0.083153 0.025934 0.561538 -0.083461 0.996450 0.011052 96.857742 -0.024923 -0.013174 0.999603 -0.027068 0.000000 0.000000 0.000000 1.000000
0.996199 0.083129 0.026023 0.573689 -0.083442 0.996450 0.011185 96.860825 -0.025000 -0.013314 0.999599 -0.033122 0.000000 0.000000 0.000000 1.000000
0.996203 0.083070 0.026044 0.585451 -0.083386 0.996453 0.011307 96.864471 -0.025013 -0.013436 0.999597 -0.040495 0.000000 0.000000 0.000000 1.000000
0.996207 0.083023 0.026050 0.596343 -0.083342 0.996456 0.011401 96.867424 -0.025011 -0.013529 0.999596 -0.049567 0.000000 0.000000 0.000000 1.000000
0.996204 0.083049 0.026086 0.605284 -0.083370 0.996452 0.011483 96.868484 -0.025039 -0.013614 0.999594 -0.060437 0.000000 0.000000 0.000000 1.000000
0.996193 0.083158 0.026153 0.611524 -0.083483 0.996442 0.011582 96.867653 -0.025097 -0.013721 0.999591 -0.072651 0.000000 0.000000 0.000000 1.000000
0.996179 0.083304 0.026213 0.615528 -0.083633 0.996428 0.011710 96.866005 -0.025144 -0.013858 0.999588 -0.085317 0.000000 0.000000 0.000000 1.000000
0.996169 0.083429 0.026222 0.618141 -0.083762 0.996415 0.011864 96.864769 -0.025138 -0.014015 0.999586 -0.097555 0.000000 0.000000 0.000000 1.000000
0.996163 0.083512 0.026167 0.619369 -0.083848 0.996406 0.012035 96.864143 -0.025067 -0.014183 0.999585 -0.109060 0.000000 0.000000 0.000000 1.000000
0.996160 0.083578 0.026076 0.618095 -0.083917 0.996398 0.012215 96.863663 -0.024961 -0.014356 0.999585 -0.120360 0.000000 0.000000 0.000000 1.000000
0.996155 0.083661 0.026012 0.613113 -0.084004 0.996388 0.012388 96.862587 -0.024882 -0.014526 0.999585 -0.132561 0.000000 0.000000 0.000000 1.000000
0.996144 0.083774 0.026050 0.604572 -0.084121 0.996377 0.012528 96.860764 -0.024906 -0.014671 0.999582 -0.146624 0.000000 0.000000 0.000000 1.000000
0.996129 0.083902 0.026232 0.593980 -0.084254 0.996364 0.012622 96.858383 -0.025077 -0.014783 0.999576 -0.162655 0.000000 0.000000 0.000000 1.000000
0.996111 0.084016 0.026521 0.582918 -0.084375 0.996353 0.012698 96.855919 -0.025357 -0.014887 0.999568 -0.179821 0.000000 0.000000 0.000000 1.000000
0.996098 0.084086 0.026805 0.572032 -0.084451 0.996345 0.012806 96.853699 -0.025631 -0.015020 0.999559 -0.196981 0.000000 0.000000 0.000000 1.000000
0.996093 0.084092 0.026983 0.560997 -0.084465 0.996342 0.012973 96.851845 -0.025793 -0.015201 0.999552 -0.213393 0.000000 0.000000 0.000000 1.000000
0.996095 0.084036 0.027052 0.549382 -0.084415 0.996344 0.013175 96.850159 -0.025846 -0.015408 0.999547 -0.228898 0.000000 0.000000 0.000000 1.000000
0.996102 0.083933 0.027113 0.536835 -0.084318 0.996349 0.013376 96.848274 -0.025892 -0.015610 0.999543 -0.243511 0.000000 0.000000 0.000000 1.000000
0.996109 0.083807 0.027269 0.523006 -0.084199 0.996357 0.013559 96.845886 -0.026033 -0.015803 0.999536 -0.256927 0.000000 0.000000 0.000000 1.000000
0.996112 0.083679 0.027533 0.507126 -0.084080 0.996364 0.013743 96.842880 -0.026283 -0.016005 0.999526 -0.268315 0.000000 0.000000 0.000000 1.000000
0.996114 0.083562 0.027836 0.488447 -0.083973 0.996370 0.013952 96.839607 -0.026569 -0.016235 0.999515 -0.276545 0.000000 0.000000 0.000000 1.000000
0.996116 0.083449 0.028096 0.466944 -0.083872 0.996375 0.014197 96.836563 -0.026810 -0.016499 0.999504 -0.280691 0.000000 0.000000 0.000000 1.000000
0.996120 0.083332 0.028281 0.443380 -0.083765 0.996380 0.014486 96.834442 -0.026972 -0.016798 0.999495 -0.280598 0.000000 0.000000 0.000000 1.000000
0.996128 0.083205 0.028394 0.418981 -0.083649 0.996385 0.014814 96.833321 -0.027059 -0.017132 0.999487 -0.277189 0.000000 0.000000 0.000000 1.000000
0.996138 0.083072 0.028435 0.394710 -0.083526 0.996390 0.015161 96.832520 -0.027073 -0.017477 0.999481 -0.272330 0.000000 0.000000 0.000000 1.000000
0.996150 0.082941 0.028392 0.371477 -0.083403 0.996396 0.015469 96.831108 -0.027006 -0.017778 0.999477 -0.268121 0.000000 0.000000 0.000000 1.000000
0.996165 0.082810 0.028254 0.350035 -0.083274 0.996403 0.015676 96.828957 -0.026854 -0.017969 0.999478 -0.265969 0.000000 0.000000 0.000000 1.000000
0.996183 0.082662 0.028026 0.330705 -0.083125 0.996414 0.015764 96.826935 -0.026623 -0.018033 0.999483 -0.266077 0.000000 0.000000 0.000000 1.000000
0.996207 0.082484 0.027730 0.313209 -0.082942 0.996429 0.015779 96.825890 -0.026330 -0.018019 0.999491 -0.267812 0.000000 0.000000 0.000000 1.000000
0.996233 0.082280 0.027397 0.296821 -0.082732 0.996447 0.015782 96.825699 -0.026001 -0.017990 0.999500 -0.270607 0.000000 0.000000 0.000000 1.000000
0.996258 0.082081 0.027067 0.281230 -0.082527 0.996464 0.015784 96.825127 -0.025676 -0.017959 0.999509 -0.274480 0.000000 0.000000 0.000000 1.000000
0.996279 0.081925 0.026780 0.266504 -0.082364 0.996478 0.015744 96.823235 -0.025396 -0.017891 0.999517 -0.279678 0.000000 0.000000 0.000000 1.000000
0.996294 0.081810 0.026555 0.252685 -0.082242 0.996490 0.015626 96.820610 -0.025184 -0.017752 0.999525 -0.285891 0.000000 0.000000 0.000000 1.000000
0.996309 0.081682 0.026390 0.239652 -0.082107 0.996504 0.015441 96.818970 -0.025037 -0.017551 0.999532 -0.291939 0.000000 0.000000 0.000000 1.000000
0.996330 0.081469 0.026273 0.227052 -0.081886 0.996525 0.015219 96.819473 -0.024942 -0.017315 0.999539 -0.296242 0.000000 0.000000 0.000000 1.000000
0.996357 0.081148 0.026209 0.214484 -0.081559 0.996556 0.014986 96.821922 -0.024903 -0.017069 0.999544 -0.297586 0.000000 0.000000 0.000000 1.000000
0.996388 0.080767 0.026237 0.201394 -0.081173 0.996591 0.014765 96.824905 -0.024955 -0.016841 0.999547 -0.295490 0.000000 0.000000 0.000000 1.000000
0.996413 0.080401 0.026408 0.187257 -0.080804 0.996623 0.014592 96.827087 -0.025145 -0.016674 0.999545 -0.290071 0.000000 0.000000 0.000000 1.000000
0.996428 0.080104 0.026742 0.171566 -0.080511 0.996648 0.014503 96.827950 -0.025491 -0.016604 0.999537 -0.281792 0.000000 0.000000 0.000000 1.000000
0.996432 0.079895 0.027190 0.153927 -0.080310 0.996664 0.014509 96.827766 -0.025940 -0.016641 0.999525 -0.271434 0.000000 0.000000 0.000000 1.000000
0.996431 0.079760 0.027633 0.134430 -0.080184 0.996673 0.014589 96.826874 -0.026378 -0.016752 0.999512 -0.260107 0.000000 0.000000 0.000000 1.000000
0.996430 0.079669 0.027944 0.113945 -0.080101 0.996678 0.014699 96.825485 -0.026680 -0.016885 0.999501 -0.248985 0.000000 0.000000 0.000000 1.000000
0.996433 0.079594 0.028040 0.093845 -0.080031 0.996683 0.014799 96.823692 -0.026769 -0.016991 0.999497 -0.238892 0.000000 0.000000 0.000000 1.000000
0.996442 0.079524 0.027919 0.075187 -0.079961 0.996687 0.014891 96.821671 -0.026643 -0.017071 0.999499 -0.230123 0.000000 0.000000 0.000000 1.000000
0.996455 0.079459 0.027643 0.057908 -0.079894 0.996690 0.015019 96.819809 -0.026358 -0.017174 0.999505 -0.222665 0.000000 0.000000 0.000000 1.000000
0.996469 0.079392 0.027311 0.041482 -0.079827 0.996693 0.015218 96.818733 -0.026013 -0.017344 0.999511 -0.216562 0.000000 0.000000 0.000000 1.000000
0.996484 0.079300 0.027026 0.026288 -0.079736 0.996696 0.015449 96.818741 -0.025711 -0.017550 0.999515 -0.212035 0.000000 0.000000 0.000000 1.000000
0.996500 0.079172 0.026837 0.013395 -0.079609 0.996704 0.015619 96.819458 -0.025512 -0.017700 0.999518 -0.209305 0.000000 0.000000 0.000000 1.000000
0.996514 0.079027 0.026727 0.003244 -0.079463 0.996715 0.015670 96.819656 -0.025400 -0.017739 0.999520 -0.208406 0.000000 0.000000 0.000000 1.000000
0.996525 0.078916 0.026654 -0.005057 -0.079350 0.996724 0.015641 96.818443 -0.025332 -0.017702 0.999522 -0.209221 0.000000 0.000000 0.000000 1.000000
0.996529 0.078875 0.026624 -0.012892 -0.079308 0.996728 0.015611 96.815880 -0.025306 -0.017668 0.999524 -0.211634 0.000000 0.000000 0.000000 1.000000
0.996524 0.078908 0.026696 -0.020522 -0.079342 0.996725 0.015614 96.812973 -0.025376 -0.017678 0.999522 -0.215540 0.000000 0.000000 0.000000 1.000000
0.996513 0.078986 0.026897 -0.027081 -0.079424 0.996718 0.015626 96.810562 -0.025575 -0.017708 0.999516 -0.220721 0.000000 0.000000 0.000000 1.000000
0.996498 0.079079 0.027169 -0.031678 -0.079522 0.996711 0.015615 96.808548 -0.025844 -0.017721 0.999509 -0.226858 0.000000 0.000000 0.000000 1.000000
0.996484 0.079176 0.027390 -0.034437 -0.079622 0.996703 0.015577 96.806366 -0.026066 -0.017703 0.999503 -0.233916 0.000000 0.000000 0.000000 1.000000
0.996475 0.079264 0.027479 -0.035903 -0.079710 0.996697 0.015519 96.803864 -0.026159 -0.017655 0.999502 -0.242515 0.000000 0.000000 0.000000 1.000000
0.996471 0.079319 0.027450 -0.036405 -0.079762 0.996694 0.015441 96.802147 -0.026135 -0.017576 0.999504 -0.253613 0.000000 0.000000 0.000000 1.000000
0.996474 0.079314 0.027376 -0.035836 -0.079753 0.996697 0.015341 96.802513 -0.026069 -0.017470 0.999507 -0.267509 0.000000 0.000000 0.000000 1.000000
0.996480 0.079263 0.027311 -0.034398 -0.079698 0.996703 0.015233 96.804794 -0.026013 -0.017356 0.999511 -0.283238 0.000000 0.000000 0.000000 1.000000
0.996485 0.079217 0.027247 -0.032645 -0.079649 0.996708 0.015142 96.807228 -0.025958 -0.017259 0.999514 -0.299116 0.000000 0.000000 0.000000 1.000000
0.996487 0.079223 0.027157 -0.031007 -0.079652 0.996709 0.015085 96.807922 -0.025872 -0.017195 0.999517 -0.313835 0.000000 0.000000 0.000000 1.000000
0.996485 0.079283 0.027055 -0.029494 -0.079710 0.996704 0.015060 96.806374 -0.025771 -0.017164 0.999521 -0.326845 0.000000 0.000000 0.000000 1.000000
0.996480 0.079370 0.026998 -0.027845 -0.079795 0.996697 0.015063 96.803467 -0.025713 -0.017164 0.999522 -0.337816 0.000000 0.000000 0.000000 1.000000
0.996471 0.079470 0.027030 -0.026040 -0.079897 0.996689 0.015109 96.800003 -0.025739 -0.017215 0.999520 -0.346041 0.000000 0.000000 0.000000 1.000000
0.996458 0.079600 0.027124 -0.024082 -0.080033 0.996676 0.015242 96.796478 -0.025820 -0.017359 0.999516 -0.350651 0.000000 0.000000 0.000000 1.000000
0.996442 0.079763 0.027209 -0.021995 -0.080204 0.996658 0.015496 96.793419 -0.025883 -0.017623 0.999510 -0.351385 0.000000 0.000000 0.000000 1.000000
0.996430 0.079913 0.027236 -0.019450 -0.080363 0.996640 0.015844 96.791840 -0.025878 -0.017976 0.999503 -0.348949 0.000000 0.000000 0.000000 1.000000
0.996425 0.079978 0.027207 -0.015831 -0.080436 0.996628 0.016194 96.792526 -0.025820 -0.018325 0.999499 -0.344709 0.000000 0.000000 0.000000 1.000000
0.996430 0.079930 0.027163 -0.010816 -0.080394 0.996627 0.016450 96.795036 -0.025757 -0.018575 0.999496 -0.340131 0.000000 0.000000 0.000000 1.000000
0.996439 0.079829 0.027154 -0.004484 -0.080297 0.996633 0.016579 96.797600 -0.025739 -0.018700 0.999494 -0.336496 0.000000 0.000000 0.000000 1.000000
0.996441 0.079773 0.027218 0.002866 -0.080242 0.996637 0.016621 96.798714 -0.025801 -0.018746 0.999491 -0.334824 0.000000 0.000000 0.000000 1.000000
0.996435 0.079803 0.027360 0.011204 -0.080275 0.996634 0.016631 96.798233 -0.025941 -0.018768 0.999487 -0.335626 0.000000 0.000000 0.000000 1.000000
0.996424 0.079877 0.027533 0.020725 -0.080353 0.996628 0.016638 96.797539 -0.026111 -0.018791 0.999482 -0.338596 0.000000 0.000000 0.000000 1.000000
0.996417 0.079930 0.027656 0.031392 -0.080408 0.996623 0.016646 96.797737 -0.026232 -0.018810 0.999479 -0.342765 0.000000 0.000000 0.000000 1.000000
0.996415 0.079942 0.027681 0.042747 -0.080422 0.996622 0.016661 96.798866 -0.026255 -0.018828 0.999478 -0.347146 0.000000 0.000000 0.000000 1.000000
0.996416 0.079946 0.027635 0.054175 -0.080426 0.996621 0.016698 96.800026 -0.026207 -0.018861 0.999479 -0.351329 0.000000 0.000000 0.000000 1.000000
0.996415 0.079972 0.027604 0.065359 -0.080453 0.996617 0.016760 96.800629 -0.026170 -0.018921 0.999478 -0.355497 0.000000 0.000000 0.000000 1.000000
0.996409 0.080022 0.027657 0.076302 -0.080506 0.996612 0.016836 96.800743 -0.026217 -0.019002 0.999476 -0.360001 0.000000 0.000000 0.000000 1.000000
0.996400 0.080087 0.027798 0.086815 -0.080575 0.996605 0.016909 96.800598 -0.026349 -0.019088 0.999471 -0.364942 0.000000 0.000000 0.000000 1.000000
0.996389 0.080167 0.027968 0.096518 -0.080660 0.996597 0.016968 96.800385 -0.026513 -0.019163 0.999465 -0.370081 0.000000 0.000000 0.000000 1.000000
0.996377 0.080265 0.028107 0.105114 -0.080762 0.996588 0.017007 96.800209 -0.026646 -0.019215 0.999460 -0.374964 0.000000 0.000000 0.000000 1.000000
0.996367 0.080367 0.028193 0.112731 -0.080866 0.996580 0.017022 96.800537 -0.026729 -0.019240 0.999458 -0.379171 0.000000 0.000000 0.000000 1.000000
0.996357 0.080465 0.028251 0.119974 -0.080965 0.996572 0.017027 96.801392 -0.026785 -0.019252 0.999456 -0.382390 0.000000 0.000000 0.000000 1.000000
0.996347 0.080566 0.028312 0.127213 -0.081067 0.996563 0.017045 96.802254 -0.026842 -0.019278 0.999454 -0.384401 0.000000 0.000000 0.000000 1.000000
0.996336 0.080686 0.028379 0.134229 -0.081190 0.996552 0.017096 96.802444 -0.026902 -0.019337 0.999451 -0.385091 0.000000 0.000000 0.000000 1.000000
0.996324 0.080812 0.028426 0.140521 -0.081320 0.996540 0.017177 96.801842 -0.026940 -0.019426 0.999448 -0.384581 0.000000 0.000000 0.000000 1.000000
0.996316 0.080914 0.028423 0.145617 -0.081424 0.996530 0.017269 96.800995 -0.026927 -0.019520 0.999447 -0.383297 0.000000 0.000000 0.000000 1.000000
0.996312 0.080982 0.028365 0.149601 -0.081493 0.996523 0.017349 96.800331 -0.026862 -0.019597 0.999447 -0.381732 0.000000 0.000000 0.000000 1.000000
0.996308 0.081054 0.028285 0.152769 -0.081565 0.996516 0.017405 96.799469 -0.026775 -0.019648 0.999448 -0.380143 0.000000 0.000000 0.000000 1.000000
0.996300 0.081182 0.028226 0.155405 -0.081693 0.996505 0.017442 96.797966 -0.026712 -0.019683 0.999449 -0.378560 0.000000 0.000000 0.000000 1.000000
0.996285 0.081363 0.028207 0.157807 -0.081874 0.996490 0.017469 96.796036 -0.026687 -0.019714 0.999449 -0.377115 0.000000 0.000000 0.000000 1.000000
0.996271 0.081540 0.028194 0.160420 -0.082051 0.996475 0.017478 96.794662 -0.026669 -0.019726 0.999450 -0.376164 0.000000 0.000000 0.000000 1.000000
0.996265 0.081641 0.028130 0.164066 -0.082149 0.996468 0.017433 96.794632 -0.026607 -0.019679 0.999452 -0.376021 0.000000 0.000000 0.000000 1.000000
0.996269 0.081644 0.027987 0.169307 -0.082147 0.996470 0.017299 96.795715 -0.026476 -0.019534 0.999459 -0.376582 0.000000 0.000000 0.000000 1.000000
0.996279 0.081586 0.027792 0.175957 -0.082080 0.996479 0.017090 96.797028 -0.026300 -0.019307 0.999468 -0.377399 0.000000 0.000000 0.000000 1.000000
0.996290 0.081519 0.027592 0.182899 -0.082003 0.996489 0.016874 96.798035 -0.026120 -0.019074 0.999477 -0.378111 0.000000 0.000000 0.000000 1.000000
0.996298 0.081470 0.027432 0.189084 -0.081947 0.996497 0.016713 96.799026 -0.025975 -0.018900 0.999484 -0.378696 0.000000 0.000000 0.000000 1.000000
0.996303 0.081446 0.027333 0.194156 -0.081918 0.996501 0.016607 96.800217 -0.025885 -0.018784 0.999488 -0.379218 0.000000 0.000000 0.000000 1.000000
0.996305 0.081442 0.027283 0.198265 -0.081911 0.996503 0.016505 96.801353 -0.025844 -0.018679 0.999491 -0.379457 0.000000 0.000000 0.000000 1.000000
0.996305 0.081451 0.027243 0.201592 -0.081915 0.996505 0.016376 96.801979 -0.025814 -0.018547 0.999495 -0.378901 0.000000 0.000000 0.000000 1.000000
0.996307 0.081454 0.027174 0.204189 -0.081913 0.996507 0.016223 96.802216 -0.025758 -0.018389 0.999499 -0.377161 0.000000 0.000000 0.000000 1.000000
0.996311 0.081429 0.027085 0.206386 -0.081882 0.996513 0.016064 96.802826 -0.025683 -0.018223 0.999504 -0.374245 0.000000 0.000000 0.000000 1.000000
