<?xml version="1.0" encoding="utf-8"?>
<COLLADA xmlns="http://www.collada.org/2005/11/COLLADASchema" version="1.4.1">
  <asset>
    <contributor>
      <author>Mixamo</author>
      <authoring_tool>COLLADA Mixamo exporter</authoring_tool>
      <comments/>
    </contributor>
    <created>2024-07-03T20:50:39Z</created>
    <modified>2024-07-03T20:50:39Z</modified>
    <revision/>
    <title/>
    <unit meter="0.010000"/>
    <up_axis>Y_UP</up_axis>
  </asset>
  <library_animations>
    <animation>
      <source id="mixamorig_Hips-Matrix-animation-input">
        <float_array id="mixamorig_Hips-Matrix-animation-input-array" count="90">

0.000000 0.033333 0.066667 0.100000 0.133333 0.166667 0.200000 0.233333 0.266667 0.300000 0.333333 0.366667 0.400000 0.433333 0.466667 0.500000
0.533333 0.566667 0.600000 0.633333 0.666667 0.700000 0.733333 0.766667 0.800000 0.833333 0.866667 0.900000 0.933333 0.966667 1.000000 1.033333
1.066667 1.100000 1.133333 1.166667 1.200000 1.233333 1.266667 1.300000 1.333333 1.366667 1.400000 1.433333 1.466667 1.500000 1.533333 1.566667
1.600000 1.633333 1.666667 1.700000 1.733333 1.766667 1.800000 1.833333 1.866667 1.900000 1.933333 1.966667 2.000000 2.033333 2.066667 2.100000
2.133333 2.166667 2.200000 2.233333 2.266667 2.300000 2.333333 2.366667 2.400000 2.433333 2.466667 2.500000 2.533333 2.566667 2.600000 2.633333
2.666667 2.700000 2.733333 2.766667 2.800000 2.833333 2.866667 2.900000 2.933333 2.966667</float_array>
        <technique_common>
          <accessor source="#mixamorig_Hips-Matrix-animation-input-array" count="90">
            <param name="TIME" type="float"/>
          </accessor>
        </technique_common>
      </source>
      <source id="mixamorig_Hips-Matrix-animation-output-transform">
        <float_array id="mixamorig_Hips-Matrix-animation-output-transform-array" count="1440">

0.592748 0.027004 -0.804935 9.252857 0.104312 0.988446 0.109975 89.872787 0.798604 -0.149152 0.583082 -7.172288 0.000000 0.000000 0.000000 1.000000
0.596628 0.031804 -0.801888 9.166661 0.102760 0.987961 0.115640 89.781960 0.795912 -0.151396 0.586177 -7.416719 0.000000 0.000000 0.000000 1.000000
0.599302 0.034596 -0.799775 9.105319 0.100762 0.987860 0.118237 89.975861 0.794156 -0.151446 0.588540 -7.450748 0.000000 0.000000 0.000000 1.000000
0.601287 0.036144 -0.798215 9.100557 0.099277 0.987856 0.119515 90.388657 0.792842 -0.151107 0.590397 -7.265505 0.000000 0.000000 0.000000 1.000000
0.602502 0.037424 -0.797240 9.161620 0.096374 0.988179 0.119220 90.872429 0.792278 -0.148664 0.591773 -6.913453 0.000000 0.000000 0.000000 1.000000
0.602802 0.037601 -0.797004 9.315804 0.094154 0.988558 0.117850 91.307602 0.792316 -0.146081 0.592364 -6.445237 0.000000 0.000000 0.000000 1.000000
0.602441 0.037877 -0.797264 9.549984 0.091755 0.988965 0.116318 91.565254 0.792872 -0.143228 0.592317 -5.939159 0.000000 0.000000 0.000000 1.000000
0.601995 0.037058 -0.797639 9.884818 0.090476 0.989324 0.114247 91.553520 0.793357 -0.140944 0.592215 -5.481890 0.000000 0.000000 0.000000 1.000000
0.600577 0.035589 -0.798774 10.290120 0.091932 0.989310 0.113199 91.227509 0.794264 -0.141418 0.590886 -5.093044 0.000000 0.000000 0.000000 1.000000
0.598012 0.035445 -0.800703 10.679411 0.094315 0.988968 0.114219 90.689560 0.795918 -0.143823 0.588072 -4.731799 0.000000 0.000000 0.000000 1.000000
0.595097 0.035228 -0.802881 11.010685 0.098358 0.988336 0.116268 90.114265 0.797612 -0.148160 0.584691 -4.403326 0.000000 0.000000 0.000000 1.000000
0.592139 0.033772 -0.805128 11.251047 0.102311 0.987885 0.116684 89.634155 0.799315 -0.151466 0.581510 -4.115491 0.000000 0.000000 0.000000 1.000000
0.590184 0.032922 -0.806598 11.342905 0.106526 0.987255 0.118240 89.419052 0.800210 -0.155706 0.579154 -3.914501 0.000000 0.000000 0.000000 1.000000
0.589027 0.033526 -0.807417 11.298228 0.106734 0.987158 0.118854 89.533661 0.801034 -0.156188 0.577885 -3.830291 0.000000 0.000000 0.000000 1.000000
0.588486 0.034081 -0.807789 11.151834 0.105101 0.987409 0.118226 89.909515 0.801647 -0.154474 0.577494 -3.866297 0.000000 0.000000 0.000000 1.000000
0.588927 0.034447 -0.807452 10.940775 0.103220 0.987703 0.117422 90.389664 0.801568 -0.152498 0.578130 -4.028052 0.000000 0.000000 0.000000 1.000000
0.591911 0.033181 -0.805320 10.665504 0.103629 0.987727 0.116864 90.795891 0.799314 -0.152628 0.581207 -4.272493 0.000000 0.000000 0.000000 1.000000
0.591810 0.031728 -0.805452 10.384178 0.102942 0.988068 0.114559 91.042519 0.799477 -0.150712 0.581483 -4.688565 0.000000 0.000000 0.000000 1.000000
0.591912 0.029597 -0.805459 10.127310 0.101865 0.988566 0.111183 91.022331 0.799540 -0.147859 0.582129 -5.245397 0.000000 0.000000 0.000000 1.000000
0.593760 0.027331 -0.804178 9.930272 0.100198 0.989132 0.107598 90.728912 0.798379 -0.144465 0.584569 -5.893003 0.000000 0.000000 0.000000 1.000000
0.596815 0.027034 -0.801923 9.739386 0.099104 0.989296 0.107107 90.251030 0.796235 -0.143397 0.587748 -6.574994 0.000000 0.000000 0.000000 1.000000
0.601231 0.028951 -0.798550 9.548810 0.099354 0.988880 0.110656 89.774727 0.792874 -0.145869 0.591669 -7.157294 0.000000 0.000000 0.000000 1.000000
0.605516 0.032178 -0.795183 9.370934 0.097762 0.988607 0.114449 89.482430 0.789806 -0.147039 0.595471 -7.575337 0.000000 0.000000 0.000000 1.000000
0.609753 0.035439 -0.791799 9.204253 0.095345 0.988466 0.117665 89.478325 0.786836 -0.147241 0.599341 -7.763729 0.000000 0.000000 0.000000 1.000000
0.612442 0.036375 -0.789679 9.092489 0.092862 0.988714 0.117564 89.760979 0.785043 -0.145332 0.602152 -7.724554 0.000000 0.000000 0.000000 1.000000
0.613699 0.034470 -0.788787 9.072620 0.094757 0.988610 0.116926 90.206795 0.783833 -0.146500 0.603443 -7.482746 0.000000 0.000000 0.000000 1.000000
0.610813 0.031956 -0.791130 9.149365 0.096461 0.988739 0.114413 90.703156 0.785877 -0.146199 0.600852 -7.085624 0.000000 0.000000 0.000000 1.000000
0.604328 0.029336 -0.796195 9.320818 0.099039 0.988805 0.111605 91.109329 0.790556 -0.146301 0.594657 -6.584126 0.000000 0.000000 0.000000 1.000000
0.596137 0.027613 -0.802408 9.566173 0.101811 0.988741 0.109664 91.338493 0.796402 -0.147069 0.586613 -6.058492 0.000000 0.000000 0.000000 1.000000
0.587507 0.026226 -0.808794 9.876737 0.104290 0.988686 0.107815 91.327217 0.802470 -0.147692 0.578125 -5.573907 0.000000 0.000000 0.000000 1.000000
0.579565 0.024825 -0.814548 10.201444 0.107922 0.988394 0.106912 91.017311 0.807749 -0.149869 0.570159 -5.148558 0.000000 0.000000 0.000000 1.000000
0.572679 0.025201 -0.819392 10.495558 0.111895 0.987770 0.108583 90.537895 0.812107 -0.153869 0.562856 -4.764050 0.000000 0.000000 0.000000 1.000000
0.564099 0.027221 -0.825258 10.773995 0.115773 0.986976 0.111690 89.962227 0.817550 -0.158547 0.553601 -4.440249 0.000000 0.000000 0.000000 1.000000
0.555227 0.029326 -0.831182 10.993769 0.119201 0.986255 0.114423 89.446678 0.823112 -0.162609 0.544100 -4.199719 0.000000 0.000000 0.000000 1.000000
0.546933 0.030410 -0.836624 11.086686 0.123544 0.985467 0.116586 89.191582 0.828010 -0.167124 0.535227 -3.964813 0.000000 0.000000 0.000000 1.000000
0.539887 0.031546 -0.841146 11.023049 0.127235 0.984757 0.118597 89.271805 0.832066 -0.171052 0.527644 -3.813670 0.000000 0.000000 0.000000 1.000000
0.534357 0.031525 -0.844671 10.834059 0.128408 0.984678 0.117984 89.654343 0.835448 -0.171508 0.522122 -3.755000 0.000000 0.000000 0.000000 1.000000
0.532273 0.031537 -0.845985 10.565711 0.126852 0.985053 0.116533 90.159256 0.837015 -0.169342 0.520316 -3.818090 0.000000 0.000000 0.000000 1.000000
0.531614 0.030243 -0.846446 10.243391 0.124094 0.985797 0.113160 90.644699 0.837847 -0.165196 0.520311 -4.021116 0.000000 0.000000 0.000000 1.000000
0.532228 0.028920 -0.846107 9.901736 0.121810 0.986401 0.110338 90.988602 0.837792 -0.161790 0.521468 -4.336431 0.000000 0.000000 0.000000 1.000000
0.534676 0.027112 -0.844622 9.592583 0.119681 0.986981 0.107445 91.111526 0.836539 -0.158534 0.524470 -4.763116 0.000000 0.000000 0.000000 1.000000
0.537454 0.024934 -0.842924 9.334928 0.118465 0.987418 0.104742 90.958466 0.834931 -0.156151 0.527739 -5.282294 0.000000 0.000000 0.000000 1.000000
0.543404 0.025199 -0.839093 9.119710 0.117596 0.987409 0.105809 90.583267 0.831194 -0.156171 0.533598 -5.833762 0.000000 0.000000 0.000000 1.000000
0.552522 0.028194 -0.833021 8.941660 0.118266 0.986664 0.111838 90.137932 0.825065 -0.160311 0.541819 -6.345488 0.000000 0.000000 0.000000 1.000000
0.560419 0.032406 -0.827575 8.779499 0.116924 0.986130 0.117794 89.736160 0.819914 -0.162778 0.548858 -6.755791 0.000000 0.000000 0.000000 1.000000
0.565553 0.036235 -0.823916 8.658645 0.112854 0.986236 0.120838 89.536102 0.816954 -0.161323 0.553679 -6.988803 0.000000 0.000000 0.000000 1.000000
0.568729 0.037529 -0.821668 8.579845 0.109161 0.986678 0.120623 89.599373 0.815249 -0.158296 0.557056 -7.000280 0.000000 0.000000 0.000000 1.000000
0.572534 0.036671 -0.819060 8.549396 0.109352 0.986658 0.120614 89.903297 0.812556 -0.158621 0.560885 -6.768067 0.000000 0.000000 0.000000 1.000000
0.571918 0.034204 -0.819597 8.624645 0.108193 0.987257 0.116698 90.337044 0.813144 -0.155417 0.560930 -6.427798 0.000000 0.000000 0.000000 1.000000
0.567986 0.031245 -0.822445 8.778028 0.107705 0.987864 0.111911 90.771866 0.815960 -0.152145 0.557728 -6.003366 0.000000 0.000000 0.000000 1.000000
0.563758 0.028592 -0.825445 9.015528 0.108264 0.988219 0.108172 91.121803 0.818814 -0.150349 0.554021 -5.514718 0.000000 0.000000 0.000000 1.000000
0.562037 0.026834 -0.826677 9.312152 0.108133 0.988512 0.105604 91.298569 0.820013 -0.148744 0.552679 -5.024134 0.000000 0.000000 0.000000 1.000000
0.563422 0.025024 -0.825790 9.632540 0.108129 0.988710 0.103735 91.240219 0.819063 -0.147738 0.554355 -4.602807 0.000000 0.000000 0.000000 1.000000
0.566170 0.024095 -0.823936 9.960008 0.108999 0.988606 0.103810 90.944237 0.817050 -0.148582 0.557093 -4.246240 0.000000 0.000000 0.000000 1.000000
0.569769 0.025595 -0.821406 10.260850 0.108959 0.988338 0.106376 90.509102 0.814549 -0.150110 0.560336 -3.931110 0.000000 0.000000 0.000000 1.000000
0.571460 0.028329 -0.820141 10.533120 0.107516 0.988205 0.109050 90.063751 0.813556 -0.150496 0.561674 -3.689925 0.000000 0.000000 0.000000 1.000000
0.570988 0.030478 -0.820393 10.761020 0.107525 0.987926 0.111539 89.712669 0.813886 -0.151900 0.560817 -3.480980 0.000000 0.000000 0.000000 1.000000
0.568960 0.031042 -0.821779 10.847500 0.111791 0.987092 0.114685 89.598747 0.814731 -0.157119 0.558146 -3.304519 0.000000 0.000000 0.000000 1.000000
0.567110 0.031172 -0.823052 10.829266 0.111969 0.987089 0.114535 89.767937 0.815996 -0.157110 0.556298 -3.206447 0.000000 0.000000 0.000000 1.000000
0.566567 0.030629 -0.823446 10.712164 0.112474 0.987082 0.114103 90.144508 0.816303 -0.157264 0.555803 -3.170279 0.000000 0.000000 0.000000 1.000000
0.564885 0.028387 -0.824682 10.533173 0.112537 0.987420 0.111074 90.589104 0.817460 -0.155551 0.554584 -3.257544 0.000000 0.000000 0.000000 1.000000
0.563874 0.024554 -0.825496 10.316493 0.112123 0.988027 0.105976 90.972038 0.818215 -0.152315 0.554369 -3.472524 0.000000 0.000000 0.000000 1.000000
0.562893 0.021711 -0.826244 10.075569 0.111766 0.988474 0.102116 91.224869 0.818938 -0.149826 0.553979 -3.820143 0.000000 0.000000 0.000000 1.000000
0.563258 0.018691 -0.826070 9.858918 0.111922 0.988804 0.098687 91.257515 0.818666 -0.148042 0.554860 -4.325751 0.000000 0.000000 0.000000 1.000000
0.564846 0.017592 -0.825009 9.682121 0.112041 0.988880 0.097796 91.037857 0.817555 -0.147674 0.556594 -4.938150 0.000000 0.000000 0.000000 1.000000
0.567112 0.018641 -0.823430 9.531569 0.110466 0.988990 0.098469 90.612381 0.816199 -0.146804 0.558809 -5.644857 0.000000 0.000000 0.000000 1.000000
0.570728 0.021186 -0.820866 9.376833 0.111526 0.988404 0.103051 90.123283 0.813530 -0.150362 0.561747 -6.291593 0.000000 0.000000 0.000000 1.000000
0.573513 0.025835 -0.818789 9.236779 0.110994 0.987835 0.108914 89.727409 0.811642 -0.153344 0.563669 -6.800230 0.000000 0.000000 0.000000 1.000000
0.575487 0.030189 -0.817254 9.105998 0.109937 0.987392 0.113888 89.567810 0.810388 -0.155387 0.564912 -7.111771 0.000000 0.000000 0.000000 1.000000
0.574882 0.031968 -0.817612 9.026828 0.108076 0.987515 0.114601 89.731422 0.811067 -0.154247 0.564250 -7.181226 0.000000 0.000000 0.000000 1.000000
0.573450 0.031240 -0.818645 9.027370 0.107709 0.987723 0.113142 90.132202 0.812129 -0.153057 0.563045 -7.052663 0.000000 0.000000 0.000000 1.000000
0.570536 0.027597 -0.820809 9.158228 0.106680 0.988477 0.107386 90.636330 0.814315 -0.148831 0.561018 -6.781518 0.000000 0.000000 0.000000 1.000000
0.565833 0.022233 -0.824220 9.393687 0.105384 0.989488 0.099038 91.091003 0.817758 -0.142898 0.557541 -6.403733 0.000000 0.000000 0.000000 1.000000
0.560562 0.017362 -0.827931 9.719911 0.104145 0.990364 0.091280 91.356644 0.821538 -0.137393 0.553352 -5.994989 0.000000 0.000000 0.000000 1.000000
0.555651 0.012926 -0.831315 10.136893 0.103568 0.991015 0.084634 91.337074 0.824940 -0.133125 0.549319 -5.621799 0.000000 0.000000 0.000000 1.000000
0.552741 0.010163 -0.833291 10.576231 0.103607 0.991330 0.080815 91.005486 0.826887 -0.131005 0.546896 -5.344394 0.000000 0.000000 0.000000 1.000000
0.553365 0.009969 -0.832879 10.973963 0.103255 0.991395 0.080468 90.510666 0.826514 -0.130527 0.547574 -5.118698 0.000000 0.000000 0.000000 1.000000
0.556754 0.011453 -0.830598 11.294877 0.104671 0.990968 0.083825 89.990814 0.824056 -0.133610 0.550527 -4.903973 0.000000 0.000000 0.000000 1.000000
0.561528 0.012609 -0.827361 11.501724 0.108577 0.990116 0.088780 89.607506 0.820303 -0.139685 0.554609 -4.710857 0.000000 0.000000 0.000000 1.000000
0.566616 0.013597 -0.823870 11.538818 0.111542 0.989395 0.093042 89.518127 0.816398 -0.144615 0.559090 -4.557523 0.000000 0.000000 0.000000 1.000000
0.570605 0.013995 -0.821105 11.401685 0.112852 0.989033 0.095280 89.773537 0.813434 -0.147030 0.562768 -4.454098 0.000000 0.000000 0.000000 1.000000
0.571739 0.013738 -0.820321 11.155691 0.113484 0.988924 0.095656 90.246063 0.812549 -0.147784 0.563847 -4.413499 0.000000 0.000000 0.000000 1.000000
0.572391 0.013296 -0.819873 10.856190 0.112899 0.989068 0.094860 90.741821 0.812171 -0.146860 0.564633 -4.473619 0.000000 0.000000 0.000000 1.000000
0.575487 0.011741 -0.817727 10.515151 0.110745 0.989568 0.092146 91.151733 0.810278 -0.143588 0.568183 -4.649511 0.000000 0.000000 0.000000 1.000000
0.579343 0.010430 -0.815017 10.161335 0.108975 0.989950 0.090132 91.369492 0.807766 -0.141034 0.572384 -4.952135 0.000000 0.000000 0.000000 1.000000
0.583325 0.010262 -0.812174 9.856454 0.106269 0.990361 0.088839 91.305939 0.805257 -0.138130 0.576612 -5.395645 0.000000 0.000000 0.000000 1.000000
0.588824 0.012706 -0.808161 9.615256 0.103948 0.990383 0.091307 90.934204 0.801549 -0.137770 0.581840 -5.953897 0.000000 0.000000 0.000000 1.000000
0.592725 0.017049 -0.805225 9.445510 0.104021 0.989782 0.097527 90.411095 0.798660 -0.141567 0.584895 -6.515540 0.000000 0.000000 0.000000 1.000000
0.593676 0.021943 -0.804405 9.341265 0.105427 0.988891 0.104784 89.993385 0.797768 -0.147014 0.584767 -6.951950 0.000000 0.000000 0.000000 1.000000
0.592750 0.027002 -0.804934 9.252789 0.104315 0.988445 0.109975 89.874229 0.798603 -0.149155 0.583084 -7.172926 0.000000 0.000000 0.000000 1.000000</float_array>
        <technique_common>
          <accessor source="#mixamorig_Hips-Matrix-animation-output-transform-array" count="90" stride="16">
            <param type="float4x4"/>
          </accessor>
        </technique_common>
      </source>
      <source id="mixamorig_Hips-Interpolations">
        <Name_array id="mixamorig_Hips-Interpolations-array" count="90">
 LINEAR LINEAR LINEAR LINEAR LINEAR LINEAR LINEAR LINEAR LINEAR LINEAR LINEAR
LINEAR LINEAR LINEAR LINEAR LINEAR LINEAR LINEAR LINEAR LINEAR LINEAR LINEAR LINEAR
LINEAR LINEAR LINEAR LINEAR LINEAR LINEAR LINEAR LINEAR LINEAR LINEAR LINEAR LINEAR
LINEAR LINEAR LINEAR LINEAR LINEAR LINEAR LINEAR LINEAR LINEAR LINEAR LINEAR LINEAR
LINEAR LINEAR LINEAR LINEAR LINEAR LINEAR LINEAR LINEAR LINEAR LINEAR LINEAR LINEAR
LINEAR LINEAR LINEAR LINEAR LINEAR LINEAR LINEAR LINEAR LINEAR LINEAR LINEAR LINEAR
LINEAR LINEAR LINEAR LINEAR LINEAR LINEAR LINEAR LINEAR LINEAR LINEAR LINEAR LINEAR
LINEAR LINEAR LINEAR LINEAR LINEAR LINEAR LINEAR</Name_array>
        <technique_common>
          <accessor source="#mixamorig_Hips-Interpolations-array" count="90">
            <param type="name"/>
          </accessor>
        </technique_common>
      </source>
      <sampler id="mixamorig_Hips-Matrix-animation-transform">
        <input semantic="INPUT" source="#mixamorig_Hips-Matrix-animation-input"/>
        <input semantic="OUTPUT" source="#mixamorig_Hips-Matrix-animation-output-transform"/>
        <input semantic="INTERPOLATION" source="#mixamorig_Hips-Interpolations"/>
      </sampler>
      <channel source="#mixamorig_Hips-Matrix-animation-transform" target="mixamorig_Hips/matrix"/>
      <source id="mixamorig_Spine-Matrix-animation-input">
        <float_array id="mixamorig_Spine-Matrix-animation-input-array" count="90">

0.000000 0.033333 0.066667 0.100000 0.133333 0.166667 0.200000 0.233333 0.266667 0.300000 0.333333 0.366667 0.400000 0.433333 0.466667 0.500000
0.533333 0.566667 0.600000 0.633333 0.666667 0.700000 0.733333 0.766667 0.800000 0.833333 0.866667 0.900000 0.933333 0.966667 1.000000 1.033333
1.066667 1.100000 1.133333 1.166667 1.200000 1.233333 1.266667 1.300000 1.333333 1.366667 1.400000 1.433333 1.466667 1.500000 1.533333 1.566667
1.600000 1.633333 1.666667 1.700000 1.733333 1.766667 1.800000 1.833333 1.866667 1.900000 1.933333 1.966667 2.000000 2.033333 2.066667 2.100000
2.133333 2.166667 2.200000 2.233333 2.266667 2.300000 2.333333 2.366667 2.400000 2.433333 2.466667 2.500000 2.533333 2.566667 2.600000 2.633333
2.666667 2.700000 2.733333 2.766667 2.800000 2.833333 2.866667 2.900000 2.933333 2.966667</float_array>
        <technique_common>
          <accessor source="#mixamorig_Spine-Matrix-animation-input-array" count="90">
            <param name="TIME" type="float"/>
          </accessor>
        </technique_common>
      </source>
      <source id="mixamorig_Spine-Matrix-animation-output-transform">
        <float_array id="mixamorig_Spine-Matrix-animation-output-transform-array" count="1440">

0.998952 0.040789 0.020782 0.000000 -0.040773 0.999168 -0.001170 9.933500 -0.020813 0.000322 0.999783 -1.156000 0.000000 0.000000 0.000000 1.000000
0.999103 0.039754 0.014607 0.000000 -0.039697 0.999203 -0.004142 9.933500 -0.014760 0.003558 0.999885 -1.156000 0.000000 0.000000 0.000000 1.000000
0.999135 0.039698 0.012389 0.000000 -0.039682 0.999211 -0.001561 9.933500 -0.012441 0.001068 0.999922 -1.156000 0.000000 0.000000 0.000000 1.000000
0.999077 0.040381 0.014664 0.000000 -0.040437 0.999176 0.003519 9.933500 -0.014510 -0.004109 0.999886 -1.156000 0.000000 0.000000 0.000000 1.000000
0.998996 0.040158 0.019869 0.000000 -0.040364 0.999134 0.010066 9.933500 -0.019447 -0.010858 0.999752 -1.156000 0.000000 0.000000 0.000000 1.000000
0.998810 0.040702 0.026860 0.000000 -0.041138 0.999027 0.015895 9.933500 -0.026187 -0.016981 0.999513 -1.156000 0.000000 0.000000 0.000000 1.000000
0.998504 0.041559 0.035532 0.000000 -0.042271 0.998915 0.019533 9.933500 -0.034681 -0.021006 0.999178 -1.156000 0.000000 0.000000 0.000000 1.000000
0.998169 0.043661 0.041872 0.000000 -0.044497 0.998824 0.019242 9.933500 -0.040983 -0.021070 0.998938 -1.156000 0.000000 0.000000 0.000000 1.000000
0.997685 0.048274 0.047893 0.000000 -0.048979 0.998707 0.013651 9.933500 -0.047172 -0.015965 0.998759 -1.156000 0.000000 0.000000 0.000000 1.000000
0.997228 0.051617 0.053590 0.000000 -0.052037 0.998624 0.006468 9.933500 -0.053182 -0.009239 0.998542 -1.156000 0.000000 0.000000 0.000000 1.000000
0.996748 0.054770 0.059106 0.000000 -0.054858 0.998494 -0.000125 9.933500 -0.059023 -0.003118 0.998252 -1.156000 0.000000 0.000000 0.000000 1.000000
0.996432 0.056857 0.062371 0.000000 -0.056804 0.998382 -0.002623 9.933500 -0.062419 -0.000930 0.998050 -1.156000 0.000000 0.000000 0.000000 1.000000
0.996234 0.059979 0.062613 -0.000000 -0.059801 0.998199 -0.004720 9.933500 -0.062783 0.000958 0.998027 -1.156000 0.000000 0.000000 0.000000 1.000000
0.996385 0.059459 0.060680 0.000000 -0.059371 0.998231 -0.003259 9.933500 -0.060766 -0.000355 0.998152 -1.156000 0.000000 0.000000 0.000000 1.000000
0.996686 0.057085 0.057959 0.000000 -0.057236 0.998360 0.000952 9.933500 -0.057810 -0.004266 0.998319 -1.156000 0.000000 0.000000 0.000000 1.000000
0.997061 0.053397 0.054936 -0.000000 -0.053785 0.998537 0.005596 9.933500 -0.054557 -0.008534 0.998474 -1.156000 0.000000 0.000000 0.000000 1.000000
0.997460 0.051548 0.049159 0.000000 -0.052079 0.998597 0.009581 9.933500 -0.048596 -0.012117 0.998745 -1.156000 0.000000 0.000000 0.000000 1.000000
0.997781 0.048592 0.045523 0.000000 -0.049223 0.998705 0.012840 9.933500 -0.044840 -0.015053 0.998881 -1.156000 0.000000 0.000000 0.000000 1.000000
0.998158 0.045599 0.040024 0.000000 -0.046209 0.998827 0.014463 9.933500 -0.039317 -0.016286 0.999094 -1.156000 0.000000 0.000000 0.000000 1.000000
0.998563 0.041757 0.033591 0.000000 -0.042220 0.999021 0.013196 9.933500 -0.033007 -0.014595 0.999349 -1.156000 0.000000 0.000000 0.000000 1.000000
0.998924 0.038103 0.026441 0.000000 -0.038319 0.999236 0.007694 9.933500 -0.026128 -0.008699 0.999621 -1.156000 0.000000 0.000000 0.000000 1.000000
0.999183 0.035751 0.018835 -0.000000 -0.035768 0.999360 0.000570 9.933500 -0.018802 -0.001243 0.999822 -1.156000 0.000000 0.000000 0.000000 1.000000
0.999377 0.032200 0.014457 0.000000 -0.032161 0.999478 -0.002929 9.933500 -0.014544 0.002463 0.999891 -1.156000 0.000000 0.000000 0.000000 1.000000
0.999558 0.027813 0.010541 -0.000000 -0.027802 0.999613 -0.001235 9.933500 -0.010571 0.000941 0.999944 -1.156000 0.000000 0.000000 0.000000 1.000000
0.999657 0.024525 0.009155 -0.000000 -0.024590 0.999673 0.007014 9.933500 -0.008980 -0.007237 0.999933 -1.156000 0.000000 0.000000 0.000000 1.000000
0.999634 0.024837 0.010711 0.000000 -0.024997 0.999575 0.015004 9.933500 -0.010334 -0.015266 0.999830 -1.156000 0.000000 0.000000 0.000000 1.000000
0.999596 0.024246 0.014810 -0.000000 -0.024604 0.999399 0.024429 9.933500 -0.014208 -0.024783 0.999592 -1.156000 0.000000 0.000000 0.000000 1.000000
0.999512 0.023892 0.020108 0.000000 -0.024538 0.999171 0.032486 9.933500 -0.019315 -0.032963 0.999270 -1.156000 0.000000 0.000000 0.000000 1.000000
0.999424 0.023338 0.024648 0.000000 -0.024247 0.999011 0.037283 9.933500 -0.023754 -0.037859 0.999001 -1.156000 0.000000 0.000000 0.000000 1.000000
0.999337 0.023405 0.027902 -0.000000 -0.024477 0.998951 0.038693 9.933500 -0.026967 -0.039351 0.998861 -1.156000 0.000000 0.000000 0.000000 1.000000
0.999232 0.026129 0.029214 0.000000 -0.027161 0.999000 0.035507 9.933500 -0.028257 -0.036274 0.998942 -1.156000 0.000000 0.000000 0.000000 1.000000
0.999216 0.028960 0.027006 0.000000 -0.029741 0.999138 0.028971 9.933500 -0.026143 -0.029752 0.999215 -1.156000 0.000000 0.000000 0.000000 1.000000
0.999220 0.031385 0.023951 0.000000 -0.031875 0.999285 0.020329 9.933500 -0.023296 -0.021077 0.999506 -1.156000 0.000000 0.000000 0.000000 1.000000
0.999232 0.033510 0.020313 0.000000 -0.033780 0.999343 0.013124 9.933500 -0.019860 -0.013800 0.999708 -1.156000 0.000000 0.000000 0.000000 1.000000
0.999193 0.036196 0.017439 -0.000000 -0.036380 0.999285 0.010332 9.933500 -0.017052 -0.010958 0.999795 -1.156000 0.000000 0.000000 0.000000 1.000000
0.999109 0.039037 0.016063 -0.000000 -0.039212 0.999173 0.010762 9.933500 -0.015629 -0.011382 0.999813 -1.156000 0.000000 0.000000 0.000000 1.000000
0.999067 0.039762 0.016859 0.000000 -0.040039 0.999063 0.016428 9.933500 -0.016190 -0.017088 0.999723 -1.156000 0.000000 0.000000 0.000000 1.000000
0.999116 0.038899 0.015940 0.000000 -0.039265 0.998956 0.023333 9.933500 -0.015016 -0.023939 0.999601 -1.156000 0.000000 0.000000 0.000000 1.000000
0.999193 0.037454 0.014540 0.000000 -0.037893 0.998795 0.031187 9.933500 -0.013354 -0.031713 0.999408 -1.156000 0.000000 0.000000 0.000000 1.000000
0.999246 0.036286 0.013803 0.000000 -0.036771 0.998651 0.036667 9.933500 -0.012454 -0.037147 0.999232 -1.156000 0.000000 0.000000 0.000000 1.000000
0.999277 0.035402 0.013877 0.000000 -0.035924 0.998579 0.039351 9.933500 -0.012464 -0.039821 0.999129 -1.156000 0.000000 0.000000 0.000000 1.000000
0.999267 0.034890 0.015778 0.000000 -0.035473 0.998635 0.038349 9.933500 -0.014418 -0.038881 0.999140 -1.156000 0.000000 0.000000 0.000000 1.000000
0.999307 0.034114 0.014914 -0.000000 -0.034569 0.998909 0.031389 9.933500 -0.013827 -0.031883 0.999396 -1.156000 0.000000 0.000000 0.000000 1.000000
0.999364 0.034206 0.010045 0.000000 -0.034394 0.999226 0.019106 9.933500 -0.009384 -0.019439 0.999767 -1.156000 0.000000 0.000000 0.000000 1.000000
0.999449 0.032514 0.006725 0.000000 -0.032575 0.999427 0.009178 9.933500 -0.006423 -0.009392 0.999935 -1.156000 0.000000 0.000000 0.000000 1.000000
0.999589 0.028225 0.005012 0.000000 -0.028253 0.999585 0.005707 9.933500 -0.004849 -0.005846 0.999971 -1.156000 0.000000 0.000000 0.000000 1.000000
0.999696 0.024618 0.001511 0.000000 -0.024629 0.999663 0.008144 9.933500 -0.001310 -0.008179 0.999966 -1.156000 0.000000 0.000000 0.000000 1.000000
0.999697 0.024459 -0.002632 0.000000 -0.024424 0.999621 0.012706 9.933500 0.002941 -0.012638 0.999916 -1.156000 0.000000 0.000000 0.000000 1.000000
0.999708 0.024052 -0.002190 -0.000000 -0.024002 0.999500 0.020591 9.933500 0.002684 -0.020532 0.999786 -1.156000 0.000000 0.000000 0.000000 1.000000
0.999700 0.024389 0.002251 -0.000000 -0.024443 0.999300 0.028314 9.933500 -0.001559 -0.028360 0.999597 -1.156000 0.000000 0.000000 0.000000 1.000000
0.999635 0.025793 0.007973 0.000000 -0.026049 0.999091 0.033738 9.933500 -0.007096 -0.033934 0.999399 -1.156000 0.000000 0.000000 0.000000 1.000000
0.999553 0.026670 0.013473 0.000000 -0.027156 0.998936 0.037287 9.933500 -0.012464 -0.037637 0.999214 -1.156000 0.000000 0.000000 0.000000 1.000000
0.999447 0.028886 0.016468 -0.000000 -0.029497 0.998834 0.038209 9.933500 -0.015345 -0.038673 0.999134 -1.156000 0.000000 0.000000 0.000000 1.000000
0.999310 0.032574 0.017824 0.000000 -0.033179 0.998844 0.034774 9.933500 -0.016671 -0.035341 0.999236 -1.156000 0.000000 0.000000 0.000000 1.000000
0.999257 0.034687 0.016785 0.000000 -0.035156 0.998975 0.028513 9.933500 -0.015779 -0.029082 0.999452 -1.156000 0.000000 0.000000 0.000000 1.000000
0.999253 0.034576 0.017281 -0.000000 -0.034963 0.999133 0.022599 9.933500 -0.016485 -0.023186 0.999595 -1.156000 0.000000 0.000000 0.000000 1.000000
0.999201 0.035094 0.019147 0.000000 -0.035446 0.999203 0.018358 9.933500 -0.018487 -0.019022 0.999648 -1.156000 0.000000 0.000000 0.000000 1.000000
0.998977 0.039506 0.022023 0.000000 -0.039859 0.999080 0.015840 9.933500 -0.021377 -0.016702 0.999632 -1.156000 0.000000 0.000000 0.000000 1.000000
0.998925 0.039800 0.023773 -0.000000 -0.040274 0.998993 0.019793 9.933500 -0.022961 -0.020729 0.999521 -1.156000 0.000000 0.000000 0.000000 1.000000
0.998902 0.040141 0.024171 0.000000 -0.040763 0.998835 0.025811 9.933500 -0.023107 -0.026768 0.999375 -1.156000 0.000000 0.000000 0.000000 1.000000
0.998884 0.040094 0.024957 0.000000 -0.040931 0.998584 0.033986 9.933500 -0.023559 -0.034969 0.999111 -1.156000 0.000000 0.000000 0.000000 1.000000
0.998903 0.040201 0.024010 0.000000 -0.041198 0.998243 0.042577 9.933500 -0.022256 -0.043520 0.998805 -1.156000 0.000000 0.000000 0.000000 1.000000
0.998923 0.039717 0.024003 0.000000 -0.040824 0.998034 0.047545 9.933500 -0.022067 -0.048474 0.998581 -1.156000 0.000000 0.000000 0.000000 1.000000
0.998928 0.039621 0.023948 0.000000 -0.040743 0.998001 0.048316 9.933500 -0.021985 -0.049240 0.998545 -1.156000 0.000000 0.000000 0.000000 1.000000
0.998982 0.038991 0.022704 0.000000 -0.039940 0.998277 0.042983 9.933500 -0.020989 -0.043846 0.998818 -1.156000 0.000000 0.000000 0.000000 1.000000
0.999156 0.036782 0.018294 0.000000 -0.037370 0.998761 0.032876 9.933500 -0.017062 -0.033532 0.999292 -1.156000 0.000000 0.000000 0.000000 1.000000
0.999247 0.036311 0.013681 0.000000 -0.036570 0.999147 0.019174 9.933500 -0.012973 -0.019660 0.999723 -1.156000 0.000000 0.000000 0.000000 1.000000
0.999371 0.034062 0.009875 0.000000 -0.034132 0.999393 0.007004 9.933500 -0.009631 -0.007337 0.999927 -1.156000 0.000000 0.000000 0.000000 1.000000
0.999467 0.031869 0.007020 -0.000000 -0.031868 0.999492 -0.000300 9.933500 -0.007026 0.000076 0.999975 -1.156000 0.000000 0.000000 0.000000 1.000000
0.999536 0.029694 0.006761 -0.000000 -0.029695 0.999559 0.000040 9.933500 -0.006757 -0.000240 0.999977 -1.156000 0.000000 0.000000 0.000000 1.000000
0.999530 0.029965 0.006418 0.000000 -0.029988 0.999544 0.003627 9.933500 -0.006306 -0.003817 0.999973 -1.156000 0.000000 0.000000 0.000000 1.000000
0.999500 0.030775 0.007249 0.000000 -0.030848 0.999473 0.010067 9.933500 -0.006935 -0.010286 0.999923 -1.156000 0.000000 0.000000 0.000000 1.000000
0.999436 0.032035 0.010040 -0.000000 -0.032204 0.999334 0.017182 9.933500 -0.009482 -0.017496 0.999802 -1.156000 0.000000 0.000000 0.000000 1.000000
0.999337 0.033548 0.014119 0.000000 -0.033842 0.999204 0.021127 9.933500 -0.013399 -0.021590 0.999677 -1.156000 0.000000 0.000000 0.000000 1.000000
0.999100 0.037854 0.019118 0.000000 -0.038235 0.999069 0.019975 9.933500 -0.018344 -0.020688 0.999618 -1.156000 0.000000 0.000000 0.000000 1.000000
0.998782 0.043291 0.023672 0.000000 -0.043622 0.998955 0.013670 9.933500 -0.023055 -0.014686 0.999626 -1.156000 0.000000 0.000000 0.000000 1.000000
0.998582 0.047056 0.024878 0.000000 -0.047181 0.998876 0.004472 9.933500 -0.024640 -0.005640 0.999680 -1.156000 0.000000 0.000000 0.000000 1.000000
0.998439 0.050389 0.024081 0.000000 -0.050258 0.998718 -0.006004 9.933500 -0.024352 0.004784 0.999692 -1.156000 0.000000 0.000000 0.000000 1.000000
0.998250 0.054518 0.022922 -0.000000 -0.054198 0.998427 -0.014371 9.933500 -0.023670 0.013104 0.999634 -1.156000 0.000000 0.000000 0.000000 1.000000
0.998083 0.057578 0.022696 0.000000 -0.057201 0.998219 -0.016909 9.933500 -0.023629 0.015578 0.999599 -1.156000 0.000000 0.000000 0.000000 1.000000
0.997929 0.059271 0.025004 0.000000 -0.058971 0.998181 -0.012564 9.933500 -0.025703 0.011064 0.999608 -1.156000 0.000000 0.000000 0.000000 1.000000
0.997853 0.058651 0.029155 0.000000 -0.058601 0.998278 -0.002549 9.933500 -0.029255 0.000835 0.999572 -1.156000 0.000000 0.000000 0.000000 1.000000
0.997867 0.056841 0.032106 0.000000 -0.057154 0.998325 0.008932 9.933500 -0.031544 -0.010748 0.999445 -1.156000 0.000000 0.000000 0.000000 1.000000
0.998051 0.054187 0.030944 0.000000 -0.054856 0.998269 0.021188 9.933500 -0.029743 -0.022844 0.999297 -1.156000 0.000000 0.000000 0.000000 1.000000
0.998196 0.052594 0.028946 0.000000 -0.053451 0.998129 0.029676 9.933500 -0.027331 -0.031169 0.999140 -1.156000 0.000000 0.000000 0.000000 1.000000
0.998388 0.049708 0.027380 -0.000000 -0.050621 0.998148 0.033735 9.933500 -0.025652 -0.035066 0.999056 -1.156000 0.000000 0.000000 0.000000 1.000000
0.998625 0.046894 0.023425 0.000000 -0.047568 0.998444 0.029096 9.933500 -0.022025 -0.030170 0.999302 -1.156000 0.000000 0.000000 0.000000 1.000000
0.998771 0.044888 0.021023 -0.000000 -0.045260 0.998820 0.017584 9.933500 -0.020209 -0.018514 0.999624 -1.156000 0.000000 0.000000 0.000000 1.000000
0.998848 0.043486 0.020270 -0.000000 -0.043601 0.999035 0.005276 9.933500 -0.020021 -0.006153 0.999781 -1.156000 0.000000 0.000000 0.000000 1.000000
0.998952 0.040792 0.020780 0.000000 -0.040776 0.999168 -0.001170 9.933500 -0.020810 0.000322 0.999783 -1.156000 0.000000 0.000000 0.000000 1.000000</float_array>
        <technique_common>
          <accessor source="#mixamorig_Spine-Matrix-animation-output-transform-array" count="90" stride="16">
            <param type="float4x4"/>
          </accessor>
        </technique_common>
      </source>
      <source id="mixamorig_Spine-Interpolations">
        <Name_array id="mixamorig_Spine-Interpolations-array" count="90">
 LINEAR LINEAR LINEAR LINEAR LINEAR LINEAR LINEAR LINEAR LINEAR LINEAR LINEAR
LINEAR LINEAR LINEAR LINEAR LINEAR LINEAR LINEAR LINEAR LINEAR LINEAR LINEAR LINEAR
LINEAR LINEAR LINEAR LINEAR LINEAR LINEAR LINEAR LINEAR LINEAR LINEAR LINEAR LINEAR
LINEAR LINEAR LINEAR LINEAR LINEAR LINEAR LINEAR LINEAR LINEAR LINEAR LINEAR LINEAR
LINEAR LINEAR LINEAR LINEAR LINEAR LINEAR LINEAR LINEAR LINEAR LINEAR LINEAR LINEAR
LINEAR LINEAR LINEAR LINEAR LINEAR LINEAR LINEAR LINEAR LINEAR LINEAR LINEAR LINEAR
LINEAR LINEAR LINEAR LINEAR LINEAR LINEAR LINEAR LINEAR LINEAR LINEAR LINEAR LINEAR
LINEAR LINEAR LINEAR LINEAR LINEAR LINEAR LINEAR</Name_array>
        <technique_common>
          <accessor source="#mixamorig_Spine-Interpolations-array" count="90">
            <param type="name"/>
          </accessor>
        </technique_common>
      </source>
      <sampler id="mixamorig_Spine-Matrix-animation-transform">
        <input semantic="INPUT" source="#mixamorig_Spine-Matrix-animation-input"/>
        <input semantic="OUTPUT" source="#mixamorig_Spine-Matrix-animation-output-transform"/>
        <input semantic="INTERPOLATION" source="#mixamorig_Spine-Interpolations"/>
      </sampler>
      <channel source="#mixamorig_Spine-Matrix-animation-transform" target="mixamorig_Spine/matrix"/>
      <source id="mixamorig_Spine1-Matrix-animation-input">
        <float_array id="mixamorig_Spine1-Matrix-animation-input-array" count="90">

0.000000 0.033333 0.066667 0.100000 0.133333 0.166667 0.200000 0.233333 0.266667 0.300000 0.333333 0.366667 0.400000 0.433333 0.466667 0.500000
0.533333 0.566667 0.600000 0.633333 0.666667 0.700000 0.733333 0.766667 0.800000 0.833333 0.866667 0.900000 0.933333 0.966667 1.000000 1.033333
1.066667 1.100000 1.133333 1.166667 1.200000 1.233333 1.266667 1.300000 1.333333 1.366667 1.400000 1.433333 1.466667 1.500000 1.533333 1.566667
1.600000 1.633333 1.666667 1.700000 1.733333 1.766667 1.800000 1.833333 1.866667 1.900000 1.933333 1.966667 2.000000 2.033333 2.066667 2.100000
2.133333 2.166667 2.200000 2.233333 2.266667 2.300000 2.333333 2.366667 2.400000 2.433333 2.466667 2.500000 2.533333 2.566667 2.600000 2.633333
2.666667 2.700000 2.733333 2.766667 2.800000 2.833333 2.866667 2.900000 2.933333 2.966667</float_array>
        <technique_common>
          <accessor source="#mixamorig_Spine1-Matrix-animation-input-array" count="90">
            <param name="TIME" type="float"/>
          </accessor>
        </technique_common>
      </source>
      <source id="mixamorig_Spine1-Matrix-animation-output-transform">
        <float_array id="mixamorig_Spine1-Matrix-animation-output-transform-array" count="1440">

0.995410 0.088369 0.036742 -0.000000 -0.077477 0.969463 -0.232676 11.667300 -0.056181 0.228762 0.971860 -0.000000 0.000000 0.000000 0.000000 1.000000
0.995444 0.088666 0.035075 0.000000 -0.078079 0.969118 -0.233912 11.667300 -0.054732 0.230107 0.971625 0.000000 0.000000 0.000000 0.000000 1.000000
0.995440 0.088962 0.034434 0.000000 -0.078526 0.969128 -0.233720 11.667300 -0.054163 0.229950 0.971694 0.000000 0.000000 0.000000 0.000000 1.000000
0.995406 0.089124 0.034981 -0.000000 -0.078611 0.969349 -0.232770 11.667300 -0.054654 0.228951 0.971902 0.000000 0.000000 0.000000 0.000000 1.000000
0.995399 0.088643 0.036390 -0.000000 -0.077909 0.969783 -0.231195 11.667300 -0.055784 0.227296 0.972227 -0.000000 0.000000 0.000000 0.000000 1.000000
0.995373 0.088124 0.038288 0.000000 -0.077086 0.970307 -0.229265 11.667300 -0.057355 0.225253 0.972611 0.000000 0.000000 0.000000 0.000000 1.000000
0.995328 0.087573 0.040669 0.000000 -0.076088 0.970679 -0.228022 11.667300 -0.059445 0.223862 0.972806 0.000000 0.000000 0.000000 0.000000 1.000000
0.995309 0.086952 0.042418 0.000000 -0.075138 0.970936 -0.227238 11.667300 -0.060944 0.222985 0.972915 0.000000 0.000000 0.000000 0.000000 1.000000
0.995252 0.086809 0.044010 -0.000000 -0.074631 0.970930 -0.227431 11.667300 -0.062473 0.223067 0.972799 -0.000000 0.000000 0.000000 0.000000 1.000000
0.995153 0.087177 0.045506 0.000000 -0.074573 0.970641 -0.228680 11.667300 -0.064105 0.224178 0.972438 0.000000 0.000000 0.000000 0.000000 1.000000
0.995043 0.087666 0.046951 0.000000 -0.074627 0.970294 -0.230131 11.667300 -0.065731 0.225487 0.972026 0.000000 0.000000 0.000000 0.000000 1.000000
0.994957 0.088194 0.047779 0.000000 -0.074887 0.970042 -0.231108 11.667300 -0.066730 0.226365 0.971754 -0.000000 0.000000 0.000000 0.000000 1.000000
0.994900 0.088853 0.047732 0.000000 -0.075479 0.969781 -0.232009 11.667300 -0.066904 0.227223 0.971542 0.000000 0.000000 0.000000 0.000000 1.000000
0.994942 0.088671 0.047206 -0.000000 -0.075403 0.969725 -0.232267 11.667300 -0.066372 0.227533 0.971506 0.000000 0.000000 0.000000 0.000000 1.000000
0.995030 0.088038 0.046524 0.000000 -0.074968 0.969849 -0.231889 11.667300 -0.065537 0.227249 0.971629 -0.000000 0.000000 0.000000 0.000000 1.000000
0.995121 0.087389 0.045805 0.000000 -0.074549 0.970060 -0.231139 11.667300 -0.064632 0.226597 0.971842 0.000000 0.000000 0.000000 0.000000 1.000000
0.995203 0.087256 0.044248 0.000000 -0.074818 0.970200 -0.230467 11.667300 -0.063039 0.226051 0.972074 0.000000 0.000000 0.000000 0.000000 1.000000
0.995252 0.087155 0.043323 0.000000 -0.074979 0.970375 -0.229674 11.667300 -0.062056 0.225336 0.972303 0.000000 0.000000 0.000000 0.000000 1.000000
0.995320 0.087076 0.041894 -0.000000 -0.075252 0.970458 -0.229234 11.667300 -0.060617 0.225009 0.972469 0.000000 0.000000 0.000000 0.000000 1.000000
0.995396 0.086988 0.040246 0.000000 -0.075534 0.970420 -0.229304 11.667300 -0.059002 0.225209 0.972522 0.000000 0.000000 0.000000 0.000000 1.000000
0.995494 0.086689 0.038419 -0.000000 -0.075581 0.970119 -0.230559 11.667300 -0.057258 0.226616 0.972300 -0.000000 0.000000 0.000000 0.000000 1.000000
0.995555 0.086860 0.036417 0.000000 -0.076087 0.969594 -0.232589 11.667300 -0.055512 0.228785 0.971893 0.000000 0.000000 0.000000 0.000000 1.000000
0.995637 0.086369 0.035328 0.000000 -0.075735 0.969089 -0.234801 11.667300 -0.054515 0.231101 0.971401 0.000000 0.000000 0.000000 0.000000 1.000000
0.995728 0.085685 0.034406 0.000000 -0.075222 0.968861 -0.235904 11.667300 -0.053548 0.232308 0.971167 -0.000000 0.000000 0.000000 0.000000 1.000000
0.995807 0.084871 0.034136 0.000000 -0.074534 0.969099 -0.235141 11.667300 -0.053037 0.231611 0.971362 -0.000000 0.000000 0.000000 0.000000 1.000000
0.995803 0.084767 0.034514 -0.000000 -0.074421 0.969445 -0.233746 11.667300 -0.053274 0.230197 0.971685 -0.000000 0.000000 0.000000 0.000000 1.000000
0.995771 0.084671 0.035654 -0.000000 -0.074198 0.970030 -0.231378 11.667300 -0.054177 0.227754 0.972210 -0.000000 0.000000 0.000000 0.000000 1.000000
0.995728 0.084551 0.037115 -0.000000 -0.073883 0.970619 -0.228996 11.667300 -0.055386 0.225276 0.972720 -0.000000 0.000000 0.000000 0.000000 1.000000
0.995693 0.084399 0.038378 0.000000 -0.073550 0.971049 -0.227276 11.667300 -0.056449 0.223475 0.973074 0.000000 0.000000 0.000000 0.000000 1.000000
0.995667 0.084265 0.039322 0.000000 -0.073266 0.971301 -0.226290 11.667300 -0.057262 0.222428 0.973266 0.000000 0.000000 0.000000 0.000000 1.000000
0.995636 0.084498 0.039605 -0.000000 -0.073416 0.971232 -0.226534 11.667300 -0.057607 0.222638 0.973198 0.000000 0.000000 0.000000 0.000000 1.000000
0.995595 0.085305 0.038904 -0.000000 -0.074270 0.970811 -0.228059 11.667300 -0.057224 0.224165 0.972870 -0.000000 0.000000 0.000000 0.000000 1.000000
0.995557 0.086151 0.038014 0.000000 -0.075166 0.970218 -0.230275 11.667300 -0.056720 0.226395 0.972383 0.000000 0.000000 0.000000 0.000000 1.000000
0.995546 0.086723 0.036974 -0.000000 -0.075840 0.969672 -0.232348 11.667300 -0.056003 0.228509 0.971930 0.000000 0.000000 0.000000 0.000000 1.000000
0.995529 0.087286 0.036095 0.000000 -0.076492 0.969205 -0.234073 11.667300 -0.055415 0.230266 0.971549 0.000000 0.000000 0.000000 0.000000 1.000000
0.995516 0.087634 0.035600 0.000000 -0.076894 0.968962 -0.234946 11.667300 -0.055084 0.231155 0.971356 0.000000 0.000000 0.000000 0.000000 1.000000
