<?xml version="1.0" encoding="utf-8"?>
<COLLADA xmlns="http://www.collada.org/2005/11/COLLADASchema" version="1.4.1">
  <asset>
    <contributor>
      <author>Mixamo</author>
      <authoring_tool>COLLADA Mixamo exporter</authoring_tool>
      <comments/>
    </contributor>
    <created>2024-07-03T20:02:59Z</created>
    <modified>2024-07-03T20:02:59Z</modified>
    <revision/>
    <title/>
    <unit meter="0.010000"/>
    <up_axis>Y_UP</up_axis>
  </asset>
  <library_animations>
    <animation>
      <source id="mixamorig_Hips-Matrix-animation-input">
        <float_array id="mixamorig_Hips-Matrix-animation-input-array" count="251">

0.000000 0.033333 0.066667 0.100000 0.133333 0.166667 0.200000 0.233333 0.266667 0.300000 0.333333 0.366667 0.400000 0.433333 0.466667 0.500000
0.533333 0.566667 0.600000 0.633333 0.666667 0.700000 0.733333 0.766667 0.800000 0.833333 0.866667 0.900000 0.933333 0.966667 1.000000 1.033333
1.066667 1.100000 1.133333 1.166667 1.200000 1.233333 1.266667 1.300000 1.333333 1.366667 1.400000 1.433333 1.466667 1.500000 1.533333 1.566667
1.600000 1.633333 1.666667 1.700000 1.733333 1.766667 1.800000 1.833333 1.866667 1.900000 1.933333 1.966667 2.000000 2.033333 2.066667 2.100000
2.133333 2.166667 2.200000 2.233333 2.266667 2.300000 2.333333 2.366667 2.400000 2.433333 2.466667 2.500000 2.533333 2.566667 2.600000 2.633333
2.666667 2.700000 2.733333 2.766667 2.800000 2.833333 2.866667 2.900000 2.933333 2.966667 3.000000 3.033333 3.066667 3.100000 3.133333 3.166667
3.200000 3.233333 3.266667 3.300000 3.333333 3.366667 3.400000 3.433333 3.466667 3.500000 3.533333 3.566667 3.600000 3.633333 3.666667 3.700000
3.733333 3.766667 3.800000 3.833333 3.866667 3.900000 3.933333 3.966667 4.000000 4.033333 4.066667 4.100000 4.133333 4.166667 4.200000 4.233333
4.266667 4.300000 4.333333 4.366667 4.400000 4.433333 4.466667 4.500000 4.533333 4.566667 4.600000 4.633333 4.666667 4.700000 4.733333 4.766667
4.800000 4.833333 4.866667 4.900000 4.933333 4.966667 5.000000 5.033333 5.066667 5.100000 5.133333 5.166667 5.200000 5.233333 5.266667 5.300000
5.333333 5.366667 5.400000 5.433333 5.466667 5.500000 5.533333 5.566667 5.600000 5.633333 5.666667 5.700000 5.733333 5.766667 5.800000 5.833333
5.866667 5.900000 5.933333 5.966667 6.000000 6.033333 6.066667 6.100000 6.133333 6.166667 6.200000 6.233333 6.266667 6.300000 6.333333 6.366667
6.400000 6.433333 6.466667 6.500000 6.533333 6.566667 6.600000 6.633333 6.666667 6.700000 6.733333 6.766667 6.800000 6.833333 6.866667 6.900000
6.933333 6.966667 7.000000 7.033333 7.066667 7.100000 7.133333 7.166667 7.200000 7.233333 7.266667 7.300000 7.333333 7.366667 7.400000 7.433333
7.466667 7.500000 7.533333 7.566667 7.600000 7.633333 7.666667 7.700000 7.733333 7.766667 7.800000 7.833333 7.866667 7.900000 7.933333 7.966667
8.000000 8.033333 8.066667 8.100000 8.133333 8.166667 8.200000 8.233333 8.266667 8.300000 8.333333</float_array>
        <technique_common>
          <accessor source="#mixamorig_Hips-Matrix-animation-input-array" count="251">
            <param name="TIME" type="float"/>
          </accessor>
        </technique_common>
      </source>
      <source id="mixamorig_Hips-Matrix-animation-output-transform">
        <float_array id="mixamorig_Hips-Matrix-animation-output-transform-array" count="4016">

0.995744 0.087849 0.027863 -0.196294 -0.088304 0.995972 0.015556 100.497803 -0.026384 -0.017950 0.999491 0.426438 0.000000 0.000000 0.000000 1.000000
0.995736 0.087919 0.027932 -0.184740 -0.088372 0.995968 0.015434 100.500259 -0.026462 -0.017836 0.999491 0.454140 0.000000 0.000000 0.000000 1.000000
0.995723 0.088009 0.028100 -0.173273 -0.088463 0.995961 0.015345 100.503593 -0.026636 -0.017765 0.999487 0.482046 0.000000 0.000000 0.000000 1.000000
0.995707 0.088118 0.028335 -0.161664 -0.088574 0.995953 0.015271 100.507042 -0.026875 -0.017715 0.999482 0.509798 0.000000 0.000000 0.000000 1.000000
0.995690 0.088237 0.028562 -0.149597 -0.088695 0.995943 0.015188 100.509659 -0.027106 -0.017656 0.999477 0.536758 0.000000 0.000000 0.000000 1.000000
0.995675 0.088361 0.028702 -0.137092 -0.088819 0.995933 0.015096 100.511147 -0.027252 -0.017580 0.999474 0.562294 0.000000 0.000000 0.000000 1.000000
0.995661 0.088500 0.028740 -0.124085 -0.088956 0.995922 0.015015 100.512077 -0.027294 -0.017507 0.999474 0.586160 0.000000 0.000000 0.000000 1.000000
0.995647 0.088665 0.028716 -0.110610 -0.089120 0.995909 0.014962 100.513161 -0.027272 -0.017456 0.999476 0.608557 0.000000 0.000000 0.000000 1.000000
0.995631 0.088866 0.028682 -0.096533 -0.089319 0.995891 0.014929 100.514259 -0.027237 -0.017425 0.999477 0.629812 0.000000 0.000000 0.000000 1.000000
0.995610 0.089100 0.028682 -0.081880 -0.089552 0.995871 0.014886 100.514610 -0.027237 -0.017389 0.999478 0.649943 0.000000 0.000000 0.000000 1.000000
0.995584 0.089370 0.028741 -0.066528 -0.089821 0.995848 0.014806 100.513794 -0.027299 -0.017322 0.999477 0.668588 0.000000 0.000000 0.000000 1.000000
0.995554 0.089675 0.028838 -0.050634 -0.090124 0.995823 0.014665 100.512398 -0.027402 -0.017198 0.999477 0.685395 0.000000 0.000000 0.000000 1.000000
0.995523 0.089994 0.028888 -0.034859 -0.090437 0.995797 0.014438 100.511536 -0.027467 -0.016986 0.999478 0.700372 0.000000 0.000000 0.000000 1.000000
0.995500 0.090278 0.028804 -0.020194 -0.090712 0.995777 0.014110 100.512238 -0.027409 -0.016659 0.999485 0.713811 0.000000 0.000000 0.000000 1.000000
0.995487 0.090482 0.028599 -0.007272 -0.090901 0.995766 0.013691 100.514862 -0.027239 -0.016229 0.999497 0.725950 0.000000 0.000000 0.000000 1.000000
0.995484 0.090581 0.028401 0.004425 -0.090983 0.995765 0.013220 100.519287 -0.027083 -0.015744 0.999509 0.736936 0.000000 0.000000 0.000000 1.000000
0.995486 0.090579 0.028346 0.016369 -0.090967 0.995772 0.012732 100.525192 -0.027073 -0.015253 0.999517 0.747173 0.000000 0.000000 0.000000 1.000000
0.995489 0.090502 0.028470 0.029759 -0.090880 0.995787 0.012250 100.531761 -0.027241 -0.014783 0.999520 0.757410 0.000000 0.000000 0.000000 1.000000
0.995492 0.090405 0.028692 0.044530 -0.090772 0.995802 0.011790 100.537491 -0.027505 -0.014341 0.999519 0.768295 0.000000 0.000000 0.000000 1.000000
0.995491 0.090346 0.028906 0.059746 -0.090705 0.995813 0.011374 100.540894 -0.027757 -0.013944 0.999517 0.779829 0.000000 0.000000 0.000000 1.000000
0.995485 0.090357 0.029061 0.074502 -0.090709 0.995816 0.011022 100.541885 -0.027943 -0.013609 0.999517 0.791384 0.000000 0.000000 0.000000 1.000000
0.995476 0.090422 0.029161 0.088432 -0.090768 0.995814 0.010743 100.541962 -0.028067 -0.013342 0.999517 0.802259 0.000000 0.000000 0.000000 1.000000
0.995468 0.090501 0.029211 0.101600 -0.090841 0.995810 0.010532 100.543243 -0.028136 -0.013138 0.999518 0.811969 0.000000 0.000000 0.000000 1.000000
0.995464 0.090562 0.029171 0.114172 -0.090897 0.995806 0.010378 100.546753 -0.028108 -0.012983 0.999521 0.820009 0.000000 0.000000 0.000000 1.000000
0.995466 0.090594 0.028971 0.126321 -0.090923 0.995805 0.010262 100.551865 -0.027920 -0.012850 0.999528 0.825548 0.000000 0.000000 0.000000 1.000000
0.995476 0.090614 0.028584 0.138481 -0.090935 0.995805 0.010143 100.556725 -0.027545 -0.012697 0.999540 0.827668 0.000000 0.000000 0.000000 1.000000
0.995486 0.090661 0.028064 0.151168 -0.090971 0.995803 0.009981 100.559448 -0.027041 -0.012489 0.999556 0.825851 0.000000 0.000000 0.000000 1.000000
0.995491 0.090780 0.027506 0.164678 -0.091078 0.995796 0.009778 100.559311 -0.026503 -0.012239 0.999574 0.820238 0.000000 0.000000 0.000000 1.000000
0.995486 0.090989 0.026983 0.179165 -0.091276 0.995779 0.009592 100.556953 -0.025996 -0.012012 0.999590 0.811477 0.000000 0.000000 0.000000 1.000000
0.995475 0.091256 0.026500 0.194543 -0.091535 0.995757 0.009498 100.554008 -0.025520 -0.011881 0.999604 0.800603 0.000000 0.000000 0.000000 1.000000
0.995463 0.091526 0.026025 0.210722 -0.091800 0.995732 0.009523 100.551788 -0.025042 -0.011868 0.999616 0.788935 0.000000 0.000000 0.000000 1.000000
0.995453 0.091762 0.025539 0.227769 -0.092033 0.995709 0.009636 100.550911 -0.024545 -0.011943 0.999627 0.777787 0.000000 0.000000 0.000000 1.000000
0.995446 0.091970 0.025070 0.245748 -0.092239 0.995689 0.009790 100.550957 -0.024062 -0.012057 0.999638 0.767925 0.000000 0.000000 0.000000 1.000000
0.995437 0.092168 0.024697 0.264501 -0.092437 0.995669 0.009946 100.551086 -0.023674 -0.012183 0.999645 0.759221 0.000000 0.000000 0.000000 1.000000
0.995423 0.092368 0.024512 0.283777 -0.092637 0.995649 0.010080 100.550713 -0.023474 -0.012305 0.999649 0.750996 0.000000 0.000000 0.000000 1.000000
0.995404 0.092566 0.024560 0.303685 -0.092838 0.995629 0.010182 100.549828 -0.023510 -0.012415 0.999646 0.742853 0.000000 0.000000 0.000000 1.000000
0.995379 0.092760 0.024810 0.324158 -0.093037 0.995610 0.010275 100.549156 -0.023748 -0.012536 0.999639 0.735278 0.000000 0.000000 0.000000 1.000000
0.995353 0.092946 0.025158 0.344920 -0.093232 0.995590 0.010415 100.549461 -0.024079 -0.012712 0.999629 0.729330 0.000000 0.000000 0.000000 1.000000
0.995329 0.093120 0.025481 0.365776 -0.093415 0.995570 0.010644 100.550812 -0.024377 -0.012975 0.999619 0.725738 0.000000 0.000000 0.000000 1.000000
0.995309 0.093273 0.025686 0.386605 -0.093578 0.995552 0.010948 100.552361 -0.024550 -0.013301 0.999610 0.724212 0.000000 0.000000 0.000000 1.000000
0.995295 0.093410 0.025744 0.407161 -0.093724 0.995535 0.011262 100.553131 -0.024577 -0.013622 0.999605 0.723672 0.000000 0.000000 0.000000 1.000000
0.995283 0.093546 0.025706 0.426292 -0.093866 0.995518 0.011528 100.553131 -0.024512 -0.013886 0.999603 0.723144 0.000000 0.000000 0.000000 1.000000
0.995270 0.093694 0.025679 0.442573 -0.094019 0.995501 0.011747 100.553329 -0.024463 -0.014106 0.999601 0.722594 0.000000 0.000000 0.000000 1.000000
0.995253 0.093849 0.025761 0.454722 -0.094181 0.995483 0.011974 100.554474 -0.024521 -0.014343 0.999596 0.722922 0.000000 0.000000 0.000000 1.000000
0.995234 0.093989 0.025977 0.462646 -0.094331 0.995465 0.012259 100.556679 -0.024707 -0.014651 0.999587 0.725187 0.000000 0.000000 0.000000 1.000000
0.995216 0.094094 0.026281 0.467278 -0.094449 0.995450 0.012604 100.559052 -0.024976 -0.015026 0.999575 0.729825 0.000000 0.000000 0.000000 1.000000
0.995201 0.094169 0.026603 0.469755 -0.094537 0.995437 0.012961 100.560577 -0.025261 -0.015414 0.999562 0.736646 0.000000 0.000000 0.000000 1.000000
0.995185 0.094249 0.026898 0.470720 -0.094630 0.995424 0.013290 100.560516 -0.025523 -0.015772 0.999550 0.745471 0.000000 0.000000 0.000000 1.000000
0.995167 0.094362 0.027163 0.470149 -0.094756 0.995408 0.013594 100.558914 -0.025755 -0.016102 0.999539 0.756427 0.000000 0.000000 0.000000 1.000000
0.995148 0.094494 0.027408 0.468037 -0.094900 0.995390 0.013901 100.556625 -0.025969 -0.016435 0.999528 0.769508 0.000000 0.000000 0.000000 1.000000
0.995133 0.094583 0.027638 0.465068 -0.095001 0.995376 0.014221 100.555138 -0.026165 -0.016777 0.999517 0.784051 0.000000 0.000000 0.000000 1.000000
0.995129 0.094569 0.027826 0.462299 -0.094999 0.995371 0.014522 100.555519 -0.026324 -0.017094 0.999507 0.798997 0.000000 0.000000 0.000000 1.000000
0.995138 0.094446 0.027934 0.460473 -0.094884 0.995379 0.014768 100.557755 -0.026410 -0.017347 0.999501 0.813498 0.000000 0.000000 0.000000 1.000000
0.995155 0.094271 0.027937 0.459415 -0.094714 0.995392 0.014957 100.560371 -0.026398 -0.017531 0.999498 0.827057 0.000000 0.000000 0.000000 1.000000
0.995170 0.094136 0.027852 0.458291 -0.094581 0.995402 0.015116 100.561317 -0.026301 -0.017677 0.999498 0.839211 0.000000 0.000000 0.000000 1.000000
0.995175 0.094111 0.027736 0.456430 -0.094558 0.995402 0.015276 100.559669 -0.026171 -0.017825 0.999499 0.849568 0.000000 0.000000 0.000000 1.000000
0.995171 0.094182 0.027641 0.453941 -0.094632 0.995393 0.015443 100.556625 -0.026059 -0.017984 0.999499 0.858232 0.000000 0.000000 0.000000 1.000000
0.995168 0.094243 0.027563 0.451580 -0.094695 0.995384 0.015594 100.554657 -0.025966 -0.018129 0.999498 0.865945 0.000000 0.000000 0.000000 1.000000
0.995178 0.094170 0.027444 0.449880 -0.094623 0.995390 0.015693 100.555664 -0.025839 -0.018214 0.999500 0.873570 0.000000 0.000000 0.000000 1.000000
0.995206 0.093932 0.027227 0.448852 -0.094382 0.995412 0.015720 100.559433 -0.025625 -0.018215 0.999506 0.881480 0.000000 0.000000 0.000000 1.000000
0.995244 0.093619 0.026930 0.447887 -0.094062 0.995443 0.015679 100.563934 -0.025340 -0.018138 0.999514 0.889526 0.000000 0.000000 0.000000 1.000000
0.995277 0.093349 0.026647 0.446375 -0.093785 0.995470 0.015587 100.567276 -0.025071 -0.018013 0.999523 0.897505 0.000000 0.000000 0.000000 1.000000
0.995298 0.093170 0.026480 0.443926 -0.093600 0.995490 0.015459 100.569115 -0.024920 -0.017865 0.999530 0.905621 0.000000 0.000000 0.000000 1.000000
0.995310 0.093043 0.026478 0.440351 -0.093468 0.995505 0.015306 100.570503 -0.024935 -0.017709 0.999532 0.914432 0.000000 0.000000 0.000000 1.000000
0.995319 0.092907 0.026616 0.435480 -0.093331 0.995520 0.015140 100.572510 -0.025090 -0.017553 0.999531 0.924426 0.000000 0.000000 0.000000 1.000000
0.995329 0.092735 0.026827 0.429296 -0.093158 0.995539 0.014978 100.575317 -0.025318 -0.017407 0.999528 0.935697 0.000000 0.000000 0.000000 1.000000
0.995343 0.092530 0.027037 0.422159 -0.092953 0.995560 0.014835 100.578514 -0.025545 -0.017280 0.999524 0.947954 0.000000 0.000000 0.000000 1.000000
0.995359 0.092307 0.027198 0.414796 -0.092729 0.995583 0.014712 100.581757 -0.025719 -0.017166 0.999522 0.960735 0.000000 0.000000 0.000000 1.000000
0.995379 0.092069 0.027284 0.408037 -0.092490 0.995607 0.014595 100.584717 -0.025821 -0.017051 0.999521 0.973446 0.000000 0.000000 0.000000 1.000000
0.995401 0.091824 0.027295 0.402138 -0.092243 0.995631 0.014473 100.587090 -0.025847 -0.016925 0.999523 0.985314 0.000000 0.000000 0.000000 1.000000
0.995424 0.091590 0.027230 0.396517 -0.092003 0.995655 0.014351 100.588821 -0.025797 -0.016790 0.999526 0.995487 0.000000 0.000000 0.000000 1.000000
0.995448 0.091373 0.027082 0.390099 -0.091782 0.995677 0.014241 100.590256 -0.025664 -0.016661 0.999532 1.003332 0.000000 0.000000 0.000000 1.000000
0.995474 0.091166 0.026848 0.382213 -0.091568 0.995698 0.014139 100.591919 -0.025443 -0.016534 0.999540 1.008619 0.000000 0.000000 0.000000 1.000000
0.995501 0.090959 0.026533 0.373093 -0.091353 0.995720 0.014025 100.593788 -0.025144 -0.016385 0.999550 1.011316 0.000000 0.000000 0.000000 1.000000
0.995529 0.090767 0.026160 0.363436 -0.091151 0.995740 0.013879 100.595085 -0.024789 -0.016202 0.999561 1.011250 0.000000 0.000000 0.000000 1.000000
0.995552 0.090627 0.025757 0.353735 -0.091000 0.995756 0.013714 100.595207 -0.024405 -0.015997 0.999574 1.008126 0.000000 0.000000 0.000000 1.000000
0.995569 0.090554 0.025337 0.344155 -0.090917 0.995766 0.013556 100.594231 -0.024002 -0.015799 0.999587 1.001952 0.000000 0.000000 0.000000 1.000000
0.995584 0.090517 0.024893 0.335042 -0.090869 0.995772 0.013417 100.592926 -0.023573 -0.015620 0.999600 0.993429 0.000000 0.000000 0.000000 1.000000
0.995601 0.090463 0.024413 0.326938 -0.090805 0.995780 0.013286 100.591629 -0.023108 -0.015445 0.999614 0.983779 0.000000 0.000000 0.000000 1.000000
0.995622 0.090363 0.023921 0.320205 -0.090695 0.995792 0.013153 100.590263 -0.022632 -0.015264 0.999627 0.974070 0.000000 0.000000 0.000000 1.000000
0.995644 0.090229 0.023488 0.314522 -0.090552 0.995806 0.013033 100.588669 -0.022213 -0.015103 0.999639 0.964812 0.000000 0.000000 0.000000 1.000000
0.995664 0.090086 0.023197 0.309019 -0.090402 0.995821 0.012972 100.587334 -0.021931 -0.015013 0.999647 0.956172 0.000000 0.000000 0.000000 1.000000
0.995679 0.089944 0.023091 0.302798 -0.090260 0.995833 0.013010 100.587234 -0.021825 -0.015038 0.999649 0.948411 0.000000 0.000000 0.000000 1.000000
0.995691 0.089800 0.023154 0.295486 -0.090120 0.995844 0.013141 100.588562 -0.021878 -0.015171 0.999646 0.941817 0.000000 0.000000 0.000000 1.000000
0.995700 0.089648 0.023332 0.287450 -0.089974 0.995855 0.013315 100.590584 -0.022042 -0.015357 0.999639 0.936299 0.000000 0.000000 0.000000 1.000000
0.995709 0.089488 0.023566 0.279394 -0.089821 0.995867 0.013472 100.591873 -0.022263 -0.015531 0.999631 0.931191 0.000000 0.000000 0.000000 1.000000
0.995716 0.089346 0.023805 0.271647 -0.089685 0.995877 0.013593 100.591377 -0.022492 -0.015669 0.999624 0.925595 0.000000 0.000000 0.000000 1.000000
0.995719 0.089263 0.024014 0.263932 -0.089608 0.995883 0.013704 100.588791 -0.022692 -0.015797 0.999618 0.918824 0.000000 0.000000 0.000000 1.000000
0.995713 0.089275 0.024185 0.255461 -0.089626 0.995879 0.013852 100.584465 -0.022848 -0.015961 0.999612 0.910664 0.000000 0.000000 0.000000 1.000000
0.995700 0.089381 0.024325 0.245367 -0.089740 0.995866 0.014053 100.578789 -0.022968 -0.016176 0.999605 0.901504 0.000000 0.000000 0.000000 1.000000
0.995683 0.089546 0.024440 0.233066 -0.089911 0.995847 0.014279 100.572174 -0.023060 -0.016415 0.999599 0.892409 0.000000 0.000000 0.000000 1.000000
0.995666 0.089714 0.024517 0.218393 -0.090086 0.995829 0.014488 100.565170 -0.023115 -0.016634 0.999594 0.884925 0.000000 0.000000 0.000000 1.000000
0.995654 0.089840 0.024539 0.201353 -0.090216 0.995814 0.014663 100.558693 -0.023119 -0.016813 0.999591 0.880385 0.000000 0.000000 0.000000 1.000000
0.995650 0.089894 0.024511 0.182043 -0.090273 0.995807 0.014815 100.553879 -0.023076 -0.016963 0.999590 0.879065 0.000000 0.000000 0.000000 1.000000
0.995654 0.089863 0.024469 0.160742 -0.090244 0.995807 0.014954 100.551437 -0.023023 -0.017097 0.999589 0.879944 0.000000 0.000000 0.000000 1.000000
0.995663 0.089756 0.024457 0.138328 -0.090139 0.995815 0.015057 100.551033 -0.023003 -0.017196 0.999587 0.881433 0.000000 0.000000 0.000000 1.000000
0.995677 0.089600 0.024484 0.115986 -0.089984 0.995829 0.015085 100.551468 -0.023031 -0.017223 0.999586 0.882457 0.000000 0.000000 0.000000 1.000000
0.995691 0.089431 0.024515 0.094729 -0.089814 0.995845 0.015025 100.551498 -0.023070 -0.017162 0.999587 0.882874 0.000000 0.000000 0.000000 1.000000
0.995706 0.089273 0.024502 0.074715 -0.089654 0.995861 0.014914 100.550560 -0.023069 -0.017047 0.999589 0.882927 0.000000 0.000000 0.000000 1.000000
0.995719 0.089139 0.024443 0.055688 -0.089516 0.995875 0.014807 100.548767 -0.023022 -0.016932 0.999592 0.882533 0.000000 0.000000 0.000000 1.000000
0.995730 0.089035 0.024404 0.037418 -0.089410 0.995886 0.014730 100.546425 -0.022992 -0.016849 0.999594 0.881255 0.000000 0.000000 0.000000 1.000000
0.995734 0.088963 0.024473 0.020205 -0.089338 0.995893 0.014667 100.543640 -0.023068 -0.016791 0.999593 0.878783 0.000000 0.000000 0.000000 1.000000
0.995734 0.088907 0.024672 0.004657 -0.089284 0.995899 0.014586 100.540665 -0.023274 -0.016727 0.999589 0.875267 0.000000 0.000000 0.000000 1.000000
0.995734 0.088843 0.024909 -0.008938 -0.089220 0.995907 0.014476 100.538010 -0.023520 -0.016636 0.999585 0.871135 0.000000 0.000000 0.000000 1.000000
0.995740 0.088745 0.025033 -0.020812 -0.089122 0.995917 0.014344 100.536331 -0.023658 -0.016514 0.999584 0.866575 0.000000 0.000000 0.000000 1.000000
0.995753 0.088611 0.024976 -0.031281 -0.088983 0.995932 0.014192 100.535690 -0.023617 -0.016354 0.999587 0.861282 0.000000 0.000000 0.000000 1.000000
0.995771 0.088460 0.024815 -0.040262 -0.088824 0.995949 0.014000 100.535645 -0.023476 -0.016145 0.999594 0.854769 0.000000 0.000000 0.000000 1.000000
0.995785 0.088330 0.024694 -0.047493 -0.088687 0.995965 0.013754 100.535545 -0.023379 -0.015886 0.999600 0.846977 0.000000 0.000000 0.000000 1.000000
0.995791 0.088262 0.024683 -0.053000 -0.088612 0.995975 0.013477 100.534851 -0.023395 -0.015608 0.999604 0.838482 0.000000 0.000000 0.000000 1.000000
0.995789 0.088280 0.024728 -0.057271 -0.088625 0.995977 0.013213 100.533371 -0.023462 -0.015349 0.999607 0.830028 0.000000 0.000000 0.000000 1.000000
0.995781 0.088368 0.024714 -0.060646 -0.088707 0.995973 0.012985 100.531219 -0.023467 -0.015122 0.999610 0.821947 0.000000 0.000000 0.000000 1.000000
0.995776 0.088469 0.024574 -0.062708 -0.088802 0.995967 0.012775 100.529114 -0.023345 -0.014903 0.999616 0.814205 0.000000 0.000000 0.000000 1.000000
0.995777 0.088524 0.024324 -0.063014 -0.088847 0.995966 0.012554 100.528030 -0.023115 -0.014662 0.999625 0.806886 0.000000 0.000000 0.000000 1.000000
0.995785 0.088513 0.024038 -0.061499 -0.088827 0.995971 0.012318 100.528618 -0.022851 -0.014402 0.999635 0.800375 0.000000 0.000000 0.000000 1.000000
0.995793 0.088480 0.023815 -0.058438 -0.088786 0.995977 0.012091 100.530411 -0.022649 -0.014154 0.999643 0.794999 0.000000 0.000000 0.000000 1.000000
0.995795 0.088485 0.023740 -0.054111 -0.088785 0.995980 0.011890 100.532211 -0.022592 -0.013948 0.999647 0.790688 0.000000 0.000000 0.000000 1.000000
0.995787 0.088543 0.023844 -0.048488 -0.088840 0.995977 0.011713 100.533173 -0.022711 -0.013782 0.999647 0.787078 0.000000 0.000000 0.000000 1.000000
0.995775 0.088607 0.024086 -0.041656 -0.088904 0.995973 0.011542 100.533340 -0.022967 -0.013634 0.999643 0.783894 0.000000 0.000000 0.000000 1.000000
0.995767 0.088627 0.024376 -0.034019 -0.088924 0.995973 0.011379 100.533333 -0.023269 -0.013498 0.999638 0.781192 0.000000 0.000000 0.000000 1.000000
0.995763 0.088600 0.024622 -0.026201 -0.088897 0.995977 0.011248 100.533348 -0.023526 -0.013389 0.999634 0.779316 0.000000 0.000000 0.000000 1.000000
0.995762 0.088569 0.024775 -0.018700 -0.088867 0.995981 0.011177 100.533432 -0.023686 -0.013331 0.999631 0.778655 0.000000 0.000000 0.000000 1.000000
0.995760 0.088571 0.024831 -0.011986 -0.088869 0.995981 0.011171 100.533600 -0.023742 -0.013330 0.999629 0.779316 0.000000 0.000000 0.000000 1.000000
0.995759 0.088593 0.024813 -0.005911 -0.088892 0.995978 0.011205 100.534271 -0.023720 -0.013363 0.999629 0.780935 0.000000 0.000000 0.000000 1.000000
0.995760 0.088593 0.024768 -0.000028 -0.088892 0.995978 0.011237 100.535728 -0.023672 -0.013391 0.999630 0.782819 0.000000 0.000000 0.000000 1.000000
0.995764 0.088553 0.024744 0.006073 -0.088852 0.995982 0.011234 100.537758 -0.023650 -0.013385 0.999631 0.784317 0.000000 0.000000 0.000000 1.000000
0.995768 0.088497 0.024771 0.012110 -0.088795 0.995987 0.011194 100.539581 -0.023681 -0.013346 0.999630 0.785137 0.000000 0.000000 0.000000 1.000000
0.995769 0.088471 0.024852 0.017362 -0.088769 0.995990 0.011147 100.540756 -0.023766 -0.013306 0.999629 0.785395 0.000000 0.000000 0.000000 1.000000
0.995763 0.088499 0.024987 0.021633 -0.088798 0.995988 0.011116 100.541191 -0.023903 -0.013288 0.999626 0.785450 0.000000 0.000000 0.000000 1.000000
0.995752 0.088566 0.025184 0.025801 -0.088867 0.995982 0.011093 100.541237 -0.024101 -0.013284 0.999621 0.785583 0.000000 0.000000 0.000000 1.000000
0.995739 0.088640 0.025430 0.030820 -0.088944 0.995975 0.011058 100.541138 -0.024348 -0.013272 0.999615 0.785783 0.000000 0.000000 0.000000 1.000000
0.995726 0.088719 0.025668 0.036514 -0.089025 0.995968 0.011024 100.540977 -0.024586 -0.013262 0.999610 0.785816 0.000000 0.000000 0.000000 1.000000
0.995713 0.088820 0.025824 0.041558 -0.089128 0.995959 0.011033 100.540733 -0.024740 -0.013288 0.999606 0.785514 0.000000 0.000000 0.000000 1.000000
0.995700 0.088948 0.025873 0.045280 -0.089258 0.995947 0.011095 100.540398 -0.024782 -0.013357 0.999604 0.784925 0.000000 0.000000 0.000000 1.000000
0.995689 0.089081 0.025859 0.048491 -0.089392 0.995934 0.011160 100.539871 -0.024760 -0.013423 0.999603 0.784173 0.000000 0.000000 0.000000 1.000000
0.995678 0.089196 0.025858 0.052524 -0.089508 0.995924 0.011162 100.539169 -0.024757 -0.013428 0.999603 0.783225 0.000000 0.000000 0.000000 1.000000
0.995666 0.089311 0.025924 0.058035 -0.089622 0.995914 0.011087 100.538101 -0.024828 -0.013362 0.999602 0.781826 0.000000 0.000000 0.000000 1.000000
0.995650 0.089463 0.026046 0.064844 -0.089773 0.995902 0.010981 100.536942 -0.024957 -0.013271 0.999600 0.779775 0.000000 0.000000 0.000000 1.000000
0.995629 0.089656 0.026155 0.072775 -0.089965 0.995885 0.010903 100.536362 -0.025070 -0.013208 0.999598 0.777285 0.000000 0.000000 0.000000 1.000000
0.995613 0.089839 0.026165 0.081932 -0.090148 0.995869 0.010884 100.537109 -0.025079 -0.013195 0.999598 0.774963 0.000000 0.000000 0.000000 1.000000
0.995607 0.089938 0.026053 0.092429 -0.090246 0.995860 0.010904 100.539673 -0.024964 -0.013207 0.999601 0.773285 0.000000 0.000000 0.000000 1.000000
0.995612 0.089922 0.025893 0.104202 -0.090228 0.995861 0.010920 100.543488 -0.024803 -0.013209 0.999605 0.772041 0.000000 0.000000 0.000000 1.000000
0.995622 0.089835 0.025805 0.117094 -0.090140 0.995869 0.010912 100.547440 -0.024718 -0.013191 0.999607 0.770448 0.000000 0.000000 0.000000 1.000000
0.995628 0.089759 0.025855 0.130627 -0.090064 0.995876 0.010906 100.550568 -0.024770 -0.013187 0.999606 0.767729 0.000000 0.000000 0.000000 1.000000
0.995626 0.089737 0.026006 0.144081 -0.090045 0.995878 0.010945 100.552910 -0.024916 -0.013239 0.999602 0.763594 0.000000 0.000000 0.000000 1.000000
0.995621 0.089742 0.026160 0.156924 -0.090055 0.995876 0.011046 100.555305 -0.025061 -0.013353 0.999597 0.758171 0.000000 0.000000 0.000000 1.000000
0.995621 0.089722 0.026249 0.169194 -0.090039 0.995875 0.011179 100.558662 -0.025138 -0.013493 0.999593 0.751627 0.000000 0.000000 0.000000 1.000000
0.995626 0.089661 0.026271 0.180911 -0.089982 0.995879 0.011301 100.562531 -0.025150 -0.013615 0.999591 0.743820 0.000000 0.000000 0.000000 1.000000
0.995630 0.089612 0.026276 0.191787 -0.089936 0.995882 0.011395 100.565628 -0.025147 -0.013708 0.999590 0.734399 0.000000 0.000000 0.000000 1.000000
0.995627 0.089639 0.026311 0.200955 -0.089965 0.995879 0.011477 100.566696 -0.025174 -0.013794 0.999588 0.723166 0.000000 0.000000 0.000000 1.000000
0.995614 0.089755 0.026378 0.207679 -0.090085 0.995867 0.011576 100.565735 -0.025230 -0.013901 0.999585 0.710471 0.000000 0.000000 0.000000 1.000000
0.995599 0.089910 0.026437 0.212246 -0.090244 0.995851 0.011704 100.563950 -0.025275 -0.014039 0.999582 0.697201 0.000000 0.000000 0.000000 1.000000
0.995587 0.090043 0.026445 0.215313 -0.090380 0.995837 0.011858 100.562592 -0.025268 -0.014196 0.999580 0.684300 0.000000 0.000000 0.000000 1.000000
0.995580 0.090130 0.026390 0.216811 -0.090471 0.995826 0.012029 100.561897 -0.025196 -0.014363 0.999579 0.672120 0.000000 0.000000 0.000000 1.000000
0.995576 0.090200 0.026299 0.215734 -0.090544 0.995818 0.012209 100.561333 -0.025088 -0.014536 0.999580 0.660133 0.000000 0.000000 0.000000 1.000000
0.995570 0.090289 0.026236 0.211028 -0.090637 0.995807 0.012382 100.560196 -0.025008 -0.014705 0.999579 0.647250 0.000000 0.000000 0.000000 1.000000
0.995558 0.090410 0.026273 0.202926 -0.090762 0.995794 0.012522 100.558220 -0.025031 -0.014851 0.999576 0.632561 0.000000 0.000000 0.000000 1.000000
0.995541 0.090547 0.026454 0.192932 -0.090904 0.995780 0.012616 100.555664 -0.025200 -0.014965 0.999570 0.615990 0.000000 0.000000 0.000000 1.000000
0.995522 0.090668 0.026742 0.182460 -0.091031 0.995767 0.012692 100.552979 -0.025478 -0.015070 0.999562 0.598290 0.000000 0.000000 0.000000 1.000000
0.995508 0.090740 0.027025 0.171963 -0.091111 0.995758 0.012801 100.550552 -0.025749 -0.015205 0.999553 0.580497 0.000000 0.000000 0.000000 1.000000
0.995503 0.090745 0.027202 0.160971 -0.091123 0.995755 0.012967 100.548599 -0.025910 -0.015387 0.999546 0.563312 0.000000 0.000000 0.000000 1.000000
0.995506 0.090682 0.027271 0.149024 -0.091065 0.995758 0.013170 100.546799 -0.025961 -0.015594 0.999541 0.546969 0.000000 0.000000 0.000000 1.000000
0.995515 0.090566 0.027331 0.135936 -0.090956 0.995765 0.013370 100.544777 -0.026005 -0.015796 0.999537 0.531527 0.000000 0.000000 0.000000 1.000000
0.995524 0.090424 0.027486 0.121527 -0.090821 0.995775 0.013554 100.542168 -0.026145 -0.015989 0.999530 0.517282 0.000000 0.000000 0.000000 1.000000
0.995530 0.090280 0.027750 0.105147 -0.090686 0.995785 0.013738 100.539009 -0.026393 -0.016193 0.999520 0.505006 0.000000 0.000000 0.000000 1.000000
0.995533 0.090148 0.028052 0.086039 -0.090565 0.995793 0.013946 100.535599 -0.026677 -0.016424 0.999509 0.495827 0.000000 0.000000 0.000000 1.000000
0.995537 0.090026 0.028314 0.064088 -0.090454 0.995800 0.014192 100.532631 -0.026918 -0.016689 0.999498 0.490726 0.000000 0.000000 0.000000 1.000000
0.995543 0.089903 0.028502 0.039986 -0.090341 0.995806 0.014480 100.530724 -0.027081 -0.016990 0.999489 0.489887 0.000000 0.000000 0.000000 1.000000
0.995551 0.089771 0.028618 0.014936 -0.090220 0.995812 0.014808 100.529877 -0.027169 -0.017324 0.999481 0.492327 0.000000 0.000000 0.000000 1.000000
0.995563 0.089631 0.028663 -0.010073 -0.090090 0.995818 0.015154 100.529373 -0.027185 -0.017669 0.999474 0.496156 0.000000 0.000000 0.000000 1.000000
0.995576 0.089491 0.028623 -0.034116 -0.089958 0.995826 0.015463 100.528122 -0.027119 -0.017969 0.999471 0.499379 0.000000 0.000000 0.000000 1.000000
0.995593 0.089349 0.028486 -0.056466 -0.089819 0.995835 0.015669 100.525917 -0.026968 -0.018159 0.999471 0.500811 0.000000 0.000000 0.000000 1.000000
0.995614 0.089189 0.028260 -0.076830 -0.089657 0.995848 0.015757 100.523750 -0.026737 -0.018221 0.999476 0.500370 0.000000 0.000000 0.000000 1.000000
0.995639 0.088997 0.027964 -0.095495 -0.089460 0.995866 0.015772 100.522568 -0.026445 -0.018205 0.999485 0.498588 0.000000 0.000000 0.000000 1.000000
0.995668 0.088777 0.027630 -0.113127 -0.089234 0.995886 0.015776 100.522247 -0.026116 -0.018173 0.999494 0.495824 0.000000 0.000000 0.000000 1.000000
0.995697 0.088559 0.027300 -0.129900 -0.089010 0.995906 0.015777 100.521484 -0.025791 -0.018140 0.999503 0.491979 0.000000 0.000000 0.000000 1.000000
0.995720 0.088383 0.027012 -0.145634 -0.088828 0.995923 0.015737 100.519279 -0.025511 -0.018069 0.999511 0.486914 0.000000 0.000000 0.000000 1.000000
0.995738 0.088251 0.026785 -0.160278 -0.088688 0.995937 0.015620 100.516228 -0.025298 -0.017929 0.999519 0.481043 0.000000 0.000000 0.000000 1.000000
0.995755 0.088106 0.026618 -0.174174 -0.088536 0.995953 0.015435 100.514160 -0.025150 -0.017726 0.999527 0.475541 0.000000 0.000000 0.000000 1.000000
0.995779 0.087874 0.026498 -0.187865 -0.088296 0.995978 0.015213 100.514359 -0.025055 -0.017488 0.999533 0.471899 0.000000 0.000000 0.000000 1.000000
0.995811 0.087530 0.026433 -0.201846 -0.087945 0.996013 0.014980 100.516647 -0.025016 -0.017241 0.999538 0.471251 0.000000 0.000000 0.000000 1.000000
0.995846 0.087121 0.026460 -0.216506 -0.087532 0.996052 0.014759 100.519569 -0.025069 -0.017014 0.999541 0.474023 0.000000 0.000000 0.000000 1.000000
0.995876 0.086729 0.026630 -0.232105 -0.087138 0.996089 0.014586 100.521805 -0.025260 -0.016847 0.999539 0.480007 0.000000 0.000000 0.000000 1.000000
0.995894 0.086414 0.026964 -0.248909 -0.086825 0.996118 0.014497 100.522881 -0.025607 -0.016779 0.999531 0.488628 0.000000 0.000000 0.000000 1.000000
0.995901 0.086194 0.027413 -0.267246 -0.086613 0.996136 0.014503 100.522919 -0.026057 -0.016818 0.999519 0.499005 0.000000 0.000000 0.000000 1.000000
0.995901 0.086054 0.027858 -0.287143 -0.086483 0.996147 0.014583 100.522285 -0.026496 -0.016932 0.999506 0.510066 0.000000 0.000000 0.000000 1.000000
0.995900 0.085961 0.028170 -0.307926 -0.086399 0.996152 0.014693 100.521042 -0.026799 -0.017066 0.999495 0.520808 0.000000 0.000000 0.000000 1.000000
0.995904 0.085885 0.028269 -0.328402 -0.086327 0.996157 0.014793 100.519279 -0.026890 -0.017173 0.999491 0.530561 0.000000 0.000000 0.000000 1.000000
0.995914 0.085812 0.028149 -0.347582 -0.086254 0.996162 0.014885 100.517227 -0.026764 -0.017252 0.999493 0.539041 0.000000 0.000000 0.000000 1.000000
0.995927 0.085743 0.027874 -0.365483 -0.086184 0.996166 0.015013 100.515305 -0.026480 -0.017354 0.999499 0.546148 0.000000 0.000000 0.000000 1.000000
0.995943 0.085672 0.027545 -0.382581 -0.086112 0.996169 0.015211 100.514328 -0.026137 -0.017522 0.999505 0.551718 0.000000 0.000000 0.000000 1.000000
0.995959 0.085576 0.027263 -0.398507 -0.086017 0.996174 0.015442 100.514511 -0.025837 -0.017725 0.999509 0.555612 0.000000 0.000000 0.000000 1.000000
0.995975 0.085440 0.027076 -0.412171 -0.085883 0.996183 0.015612 100.515305 -0.025639 -0.017874 0.999511 0.557881 0.000000 0.000000 0.000000 1.000000
0.995992 0.085286 0.026967 -0.423029 -0.085728 0.996195 0.015663 100.515564 -0.025528 -0.017912 0.999514 0.558653 0.000000 0.000000 0.000000 1.000000
0.996004 0.085164 0.026893 -0.431860 -0.085604 0.996207 0.015634 100.514206 -0.025460 -0.017874 0.999516 0.557916 0.000000 0.000000 0.000000 1.000000
0.996009 0.085116 0.026863 -0.439935 -0.085554 0.996211 0.015604 100.511436 -0.025433 -0.017840 0.999517 0.555525 0.000000 0.000000 0.000000 1.000000
0.996004 0.085147 0.026933 -0.447451 -0.085587 0.996208 0.015607 100.508331 -0.025502 -0.017850 0.999515 0.551483 0.000000 0.000000 0.000000 1.000000
0.995992 0.085230 0.027135 -0.453633 -0.085673 0.996201 0.015619 100.505798 -0.025700 -0.017881 0.999510 0.546113 0.000000 0.000000 0.000000 1.000000
0.995976 0.085330 0.027405 -0.457715 -0.085778 0.996192 0.015608 100.503685 -0.025969 -0.017896 0.999503 0.539845 0.000000 0.000000 0.000000 1.000000
0.995961 0.085432 0.027626 -0.459986 -0.085883 0.996184 0.015570 100.501335 -0.026190 -0.017880 0.999497 0.532763 0.000000 0.000000 0.000000 1.000000
0.995951 0.085522 0.027713 -0.461076 -0.085973 0.996177 0.015513 100.498573 -0.026281 -0.017833 0.999496 0.524212 0.000000 0.000000 0.000000 1.000000
0.995947 0.085575 0.027682 -0.461410 -0.086024 0.996174 0.015435 100.496490 -0.026255 -0.017754 0.999498 0.513217 0.000000 0.000000 0.000000 1.000000
0.995950 0.085566 0.027605 -0.460924 -0.086011 0.996176 0.015335 100.496536 -0.026188 -0.017647 0.999501 0.499474 0.000000 0.000000 0.000000 1.000000
0.995957 0.085511 0.027538 -0.459726 -0.085951 0.996183 0.015227 100.498611 -0.026131 -0.017532 0.999505 0.483911 0.000000 0.000000 0.000000 1.000000
0.995963 0.085463 0.027472 -0.458216 -0.085900 0.996189 0.015136 100.500893 -0.026073 -0.017435 0.999508 0.468153 0.000000 0.000000 0.000000 1.000000
0.995965 0.085470 0.027380 -0.456670 -0.085903 0.996189 0.015080 100.501434 -0.025987 -0.017371 0.999511 0.453476 0.000000 0.000000 0.000000 1.000000
0.995962 0.085531 0.027276 -0.455055 -0.085962 0.996185 0.015055 100.499634 -0.025884 -0.017339 0.999515 0.440431 0.000000 0.000000 0.000000 1.000000
0.995956 0.085616 0.027218 -0.453118 -0.086047 0.996177 0.015057 100.496391 -0.025825 -0.017338 0.999516 0.429350 0.000000 0.000000 0.000000 1.000000
0.995947 0.085715 0.027248 -0.450845 -0.086147 0.996168 0.015103 100.492668 -0.025849 -0.017390 0.999515 0.420880 0.000000 0.000000 0.000000 1.000000
0.995933 0.085847 0.027342 -0.448240 -0.086284 0.996154 0.015237 100.488953 -0.025929 -0.017534 0.999510 0.415744 0.000000 0.000000 0.000000 1.000000
0.995916 0.086019 0.027429 -0.445395 -0.086464 0.996135 0.015490 100.485886 -0.025991 -0.017799 0.999504 0.414123 0.000000 0.000000 0.000000 1.000000
0.995901 0.086181 0.027458 -0.442236 -0.086637 0.996114 0.015838 100.484535 -0.025986 -0.018152 0.999497 0.415409 0.000000 0.000000 0.000000 1.000000
0.995895 0.086257 0.027432 -0.438417 -0.086720 0.996101 0.016188 100.485596 -0.025929 -0.018500 0.999493 0.418539 0.000000 0.000000 0.000000 1.000000
0.995900 0.086212 0.027391 -0.433634 -0.086682 0.996100 0.016443 100.488495 -0.025867 -0.018750 0.999490 0.422348 0.000000 0.000000 0.000000 1.000000
0.995909 0.086107 0.027384 -0.427698 -0.086580 0.996107 0.016572 100.491364 -0.025850 -0.018876 0.999488 0.425614 0.000000 0.000000 0.000000 1.000000
0.995913 0.086047 0.027448 -0.420474 -0.086522 0.996111 0.016614 100.492599 -0.025911 -0.018921 0.999485 0.427149 0.000000 0.000000 0.000000 1.000000
0.995906 0.086076 0.027589 -0.411828 -0.086554 0.996108 0.016625 100.492081 -0.026050 -0.018945 0.999481 0.426244 0.000000 0.000000 0.000000 1.000000
0.995895 0.086154 0.027761 -0.401759 -0.086636 0.996101 0.016632 100.491318 -0.026219 -0.018968 0.999476 0.423134 0.000000 0.000000 0.000000 1.000000
0.995887 0.086209 0.027883 -0.390663 -0.086693 0.996096 0.016639 100.491531 -0.026340 -0.018988 0.999473 0.418853 0.000000 0.000000 0.000000 1.000000
0.995885 0.086222 0.027907 -0.379110 -0.086707 0.996095 0.016655 100.492683 -0.026362 -0.019006 0.999472 0.414398 0.000000 0.000000 0.000000 1.000000
0.995886 0.086225 0.027861 -0.367595 -0.086710 0.996094 0.016692 100.493889 -0.026313 -0.019039 0.999472 0.410107 0.000000 0.000000 0.000000 1.000000
0.995885 0.086250 0.027830 -0.356229 -0.086736 0.996090 0.016754 100.494507 -0.026276 -0.019099 0.999472 0.405710 0.000000 0.000000 0.000000 1.000000
0.995879 0.086299 0.027883 -0.344943 -0.086788 0.996085 0.016830 100.494591 -0.026322 -0.019181 0.999470 0.400878 0.000000 0.000000 0.000000 1.000000
0.995869 0.086365 0.028023 -0.333967 -0.086859 0.996077 0.016903 100.494400 -0.026453 -0.019267 0.999464 0.395583 0.000000 0.000000 0.000000 1.000000
0.995857 0.086450 0.028193 -0.323741 -0.086949 0.996068 0.016962 100.494186 -0.026615 -0.019343 0.999459 0.390148 0.000000 0.000000 0.000000 1.000000
0.995844 0.086556 0.028331 -0.314622 -0.087058 0.996058 0.017000 100.494064 -0.026748 -0.019396 0.999454 0.385060 0.000000 0.000000 0.000000 1.000000
0.995832 0.086669 0.028417 -0.306530 -0.087174 0.996048 0.017016 100.494446 -0.026830 -0.019423 0.999451 0.380757 0.000000 0.000000 0.000000 1.000000
0.995821 0.086778 0.028476 -0.298863 -0.087283 0.996038 0.017021 100.495407 -0.026886 -0.019435 0.999450 0.377502 0.000000 0.000000 0.000000 1.000000
0.995809 0.086889 0.028537 -0.291152 -0.087397 0.996028 0.017039 100.496368 -0.026943 -0.019461 0.999448 0.375434 0.000000 0.000000 0.000000 1.000000
0.995796 0.087020 0.028604 -0.283544 -0.087530 0.996015 0.017089 100.496613 -0.027003 -0.019521 0.999445 0.374598 0.000000 0.000000 0.000000 1.000000
0.995783 0.087156 0.028652 -0.276597 -0.087669 0.996002 0.017171 100.496117 -0.027041 -0.019611 0.999442 0.374871 0.000000 0.000000 0.000000 1.000000
0.995773 0.087264 0.028649 -0.270965 -0.087780 0.995990 0.017263 100.495331 -0.027028 -0.019705 0.999440 0.375885 0.000000 0.000000 0.000000 1.000000
0.995769 0.087335 0.028592 -0.266613 -0.087852 0.995983 0.017343 100.494667 -0.026963 -0.019781 0.999441 0.377216 0.000000 0.000000 0.000000 1.000000
0.995764 0.087411 0.028512 -0.263114 -0.087928 0.995975 0.017399 100.493790 -0.026876 -0.019832 0.999442 0.378648 0.000000 0.000000 0.000000 1.000000
0.995754 0.087546 0.028454 -0.259987 -0.088062 0.995962 0.017436 100.492249 -0.026812 -0.019867 0.999443 0.380137 0.000000 0.000000 0.000000 1.000000
0.995737 0.087741 0.028435 -0.256917 -0.088258 0.995945 0.017462 100.490273 -0.026788 -0.019898 0.999443 0.381529 0.000000 0.000000 0.000000 1.000000
0.995721 0.087932 0.028422 -0.253670 -0.088449 0.995928 0.017472 100.488876 -0.026770 -0.019911 0.999443 0.382485 0.000000 0.000000 0.000000 1.000000
0.995713 0.088040 0.028358 -0.249680 -0.088555 0.995919 0.017427 100.488861 -0.026708 -0.019863 0.999446 0.382818 0.000000 0.000000 0.000000 1.000000
0.995717 0.088044 0.028215 -0.244469 -0.088552 0.995921 0.017292 100.489868 -0.026577 -0.019717 0.999452 0.382740 0.000000 0.000000 0.000000 1.000000
0.995728 0.087979 0.028017 -0.238124 -0.088477 0.995932 0.017083 100.491020 -0.026401 -0.019489 0.999461 0.382637 0.000000 0.000000 0.000000 1.000000
0.995741 0.087903 0.027816 -0.231535 -0.088393 0.995943 0.016868 100.491852 -0.026221 -0.019255 0.999471 0.382646 0.000000 0.000000 0.000000 1.000000
0.995750 0.087850 0.027655 -0.225592 -0.088332 0.995951 0.016707 100.492706 -0.026075 -0.019079 0.999478 0.382600 0.000000 0.000000 0.000000 1.000000
0.995755 0.087824 0.027555 -0.220584 -0.088301 0.995955 0.016600 100.493896 -0.025986 -0.018963 0.999482 0.382440 0.000000 0.000000 0.000000 1.000000
0.995756 0.087821 0.027505 -0.216404 -0.088295 0.995958 0.016499 100.495018 -0.025944 -0.018857 0.999486 0.382551 0.000000 0.000000 0.000000 1.000000
0.995757 0.087830 0.027463 -0.212994 -0.088299 0.995959 0.016370 100.495590 -0.025914 -0.018725 0.999489 0.383548 0.000000 0.000000 0.000000 1.000000
0.995759 0.087830 0.027393 -0.210434 -0.088294 0.995962 0.016218 100.495735 -0.025858 -0.018567 0.999493 0.385816 0.000000 0.000000 0.000000 1.000000
