<?xml version="1.0" encoding="utf-8"?>
<COLLADA xmlns="http://www.collada.org/2005/11/COLLADASchema" version="1.4.1">
  <asset>
    <contributor>
      <author>Mixamo</author>
      <authoring_tool>COLLADA Mixamo exporter</authoring_tool>
      <comments/>
    </contributor>
    <created>2024-07-03T20:12:33Z</created>
    <modified>2024-07-03T20:12:33Z</modified>
    <revision/>
    <title/>
    <unit meter="0.010000"/>
    <up_axis>Y_UP</up_axis>
  </asset>
  <library_animations>
    <animation>
      <source id="mixamorig_Hips-Matrix-animation-input">
        <float_array id="mixamorig_Hips-Matrix-animation-input-array" count="151">

0.000000 0.033333 0.066667 0.100000 0.133333 0.166667 0.200000 0.233333 0.266667 0.300000 0.333333 0.366667 0.400000 0.433333 0.466667 0.500000
0.533333 0.566667 0.600000 0.633333 0.666667 0.700000 0.733333 0.766667 0.800000 0.833333 0.866667 0.900000 0.933333 0.966667 1.000000 1.033333
1.066667 1.100000 1.133333 1.166667 1.200000 1.233333 1.266667 1.300000 1.333333 1.366667 1.400000 1.433333 1.466667 1.500000 1.533333 1.566667
1.600000 1.633333 1.666667 1.700000 1.733333 1.766667 1.800000 1.833333 1.866667 1.900000 1.933333 1.966667 2.000000 2.033333 2.066667 2.100000
2.133333 2.166667 2.200000 2.233333 2.266667 2.300000 2.333333 2.366667 2.400000 2.433333 2.466667 2.500000 2.533333 2.566667 2.600000 2.633333
2.666667 2.700000 2.733333 2.766667 2.800000 2.833333 2.866667 2.900000 2.933333 2.966667 3.000000 3.033333 3.066667 3.100000 3.133333 3.166667
3.200000 3.233333 3.266667 3.300000 3.333333 3.366667 3.400000 3.433333 3.466667 3.500000 3.533333 3.566667 3.600000 3.633333 3.666667 3.700000
3.733333 3.766667 3.800000 3.833333 3.866667 3.900000 3.933333 3.966667 4.000000 4.033333 4.066667 4.100000 4.133333 4.166667 4.200000 4.233333
4.266667 4.300000 4.333333 4.366667 4.400000 4.433333 4.466667 4.500000 4.533333 4.566667 4.600000 4.633333 4.666667 4.700000 4.733333 4.766667
4.800000 4.833333 4.866667 4.900000 4.933333 4.966667 5.000000</float_array>
        <technique_common>
          <accessor source="#mixamorig_Hips-Matrix-animation-input-array" count="151">
            <param name="TIME" type="float"/>
          </accessor>
        </technique_common>
      </source>
      <source id="mixamorig_Hips-Matrix-animation-output-transform">
        <float_array id="mixamorig_Hips-Matrix-animation-output-transform-array" count="2416">

0.815249 -0.027084 -0.578477 -0.356259 -0.057887 0.990092 -0.127937 93.927216 0.576210 0.137787 0.805603 1.370309 0.000000 0.000000 0.000000 1.000000
0.824812 -0.016754 -0.565159 -0.519656 -0.063327 0.990534 -0.121786 93.829948 0.561850 0.136241 0.815943 1.657022 0.000000 0.000000 0.000000 1.000000
0.835527 -0.006792 -0.549408 -0.652402 -0.068413 0.990856 -0.116291 93.506271 0.545174 0.134751 0.827422 1.935015 0.000000 0.000000 0.000000 1.000000
0.846995 0.002448 -0.531595 -0.745755 -0.073177 0.991007 -0.112031 92.992447 0.526540 0.133790 0.839557 2.190146 0.000000 0.000000 0.000000 1.000000
0.858095 0.010580 -0.513381 -0.805449 -0.077933 0.990889 -0.109841 92.446159 0.507542 0.134263 0.851102 2.403679 0.000000 0.000000 0.000000 1.000000
0.867490 0.016992 -0.497164 -0.845753 -0.082810 0.990404 -0.110644 92.072174 0.490514 0.137153 0.860573 2.560410 0.000000 0.000000 0.000000 1.000000
0.874133 0.020809 -0.485241 -0.872401 -0.087350 0.989527 -0.114921 92.015945 0.477767 0.142843 0.866795 2.659408 0.000000 0.000000 0.000000 1.000000
0.877471 0.021335 -0.479154 -0.876729 -0.090705 0.988364 -0.122100 92.298538 0.470974 0.150601 0.869197 2.711308 0.000000 0.000000 0.000000 1.000000
0.877504 0.018683 -0.479206 -0.846777 -0.092307 0.987136 -0.130542 92.818687 0.470603 0.158785 0.867940 2.725252 0.000000 0.000000 0.000000 1.000000
0.874866 0.013696 -0.484171 -0.781631 -0.092011 0.986098 -0.138363 93.418808 0.475545 0.165598 0.863964 2.698320 0.000000 0.000000 0.000000 1.000000
0.870722 0.007488 -0.491719 -0.690485 -0.090018 0.985417 -0.144394 93.959732 0.483467 0.169990 0.858699 2.622462 0.000000 0.000000 0.000000 1.000000
0.866292 0.001014 -0.499537 -0.582959 -0.086792 0.985094 -0.148514 94.364922 0.491941 0.172012 0.853467 2.496198 0.000000 0.000000 0.000000 1.000000
0.862161 -0.005492 -0.506604 -0.466064 -0.082573 0.985048 -0.151204 94.594810 0.499859 0.172194 0.848817 2.309687 0.000000 0.000000 0.000000 1.000000
0.858043 -0.012161 -0.513433 -0.343443 -0.077533 0.985194 -0.152908 94.609375 0.507691 0.171010 0.844396 2.045802 0.000000 0.000000 0.000000 1.000000
0.853274 -0.019153 -0.521112 -0.215718 -0.071757 0.985506 -0.153717 94.351173 0.516503 0.168556 0.839532 1.692320 0.000000 0.000000 0.000000 1.000000
0.847586 -0.026424 -0.529999 -0.081926 -0.065231 0.985997 -0.153477 93.773445 0.526633 0.164657 0.833994 1.263634 0.000000 0.000000 0.000000 1.000000
0.841432 -0.033815 -0.539305 0.053722 -0.057799 0.986682 -0.152046 92.890480 0.537264 0.159108 0.828271 0.803766 0.000000 0.000000 0.000000 1.000000
0.835660 -0.040895 -0.547722 0.176019 -0.049650 0.987517 -0.149483 91.820923 0.546998 0.152111 0.823198 0.378278 0.000000 0.000000 0.000000 1.000000
0.830943 -0.047326 -0.554342 0.260468 -0.041214 0.988402 -0.146162 90.768044 0.554829 0.144299 0.819355 0.038733 0.000000 0.000000 0.000000 1.000000
0.827552 -0.052572 -0.558922 0.294169 -0.033668 0.989166 -0.142890 89.974571 0.560379 0.137067 0.816816 -0.183800 0.000000 0.000000 0.000000 1.000000
0.825379 -0.056699 -0.561724 0.282608 -0.027875 0.989639 -0.140849 89.622772 0.563890 0.131912 0.815247 -0.287709 0.000000 0.000000 0.000000 1.000000
0.824033 -0.059935 -0.563362 0.252830 -0.024506 0.989687 -0.141135 89.782936 0.566011 0.130106 0.814066 -0.291764 0.000000 0.000000 0.000000 1.000000
0.823147 -0.062258 -0.564405 0.236759 -0.023945 0.989281 -0.144047 90.385239 0.567324 0.132086 0.812833 -0.212991 0.000000 0.000000 0.000000 1.000000
0.822615 -0.063128 -0.565083 0.248298 -0.026278 0.988535 -0.148687 91.258430 0.567991 0.137161 0.811525 -0.065283 0.000000 0.000000 0.000000 1.000000
0.822754 -0.061801 -0.565029 0.274458 -0.031117 0.987683 -0.153340 92.197937 0.567546 0.143743 0.810697 0.129597 0.000000 0.000000 0.000000 1.000000
0.824313 -0.058009 -0.563155 0.288430 -0.037339 0.987000 -0.156324 93.007050 0.564902 0.149888 0.811431 0.347521 0.000000 0.000000 0.000000 1.000000
0.827989 -0.052244 -0.558306 0.268148 -0.043334 0.986711 -0.156599 93.537537 0.559068 0.153856 0.814722 0.562892 0.000000 0.000000 0.000000 1.000000
0.833823 -0.044927 -0.550200 0.214164 -0.048342 0.986911 -0.153849 93.726852 0.549910 0.154881 0.820738 0.767682 0.000000 0.000000 0.000000 1.000000
0.840900 -0.036505 -0.539959 0.144294 -0.052458 0.987526 -0.148459 93.596214 0.538643 0.153164 0.828495 0.967888 0.000000 0.000000 0.000000 1.000000
0.847783 -0.027883 -0.529610 0.080513 -0.055965 0.988338 -0.141622 93.243744 0.527382 0.149704 0.836335 1.168112 0.000000 0.000000 0.000000 1.000000
0.853322 -0.020315 -0.520988 0.037838 -0.058982 0.989065 -0.135173 92.817268 0.518037 0.146075 0.842793 1.361332 0.000000 0.000000 0.000000 1.000000
0.857216 -0.014728 -0.514747 0.013507 -0.061593 0.989483 -0.130882 92.479584 0.511261 0.143899 0.847293 1.531882 0.000000 0.000000 0.000000 1.000000
0.859848 -0.011089 -0.510429 -0.011047 -0.064234 0.989470 -0.129702 92.359215 0.506492 0.144311 0.850082 1.670604 0.000000 0.000000 0.000000 1.000000
0.861624 -0.008800 -0.507471 -0.053687 -0.067416 0.989006 -0.131616 92.503502 0.503050 0.147615 0.851558 1.779845 0.000000 0.000000 0.000000 1.000000
0.862448 -0.007621 -0.506089 -0.114026 -0.071052 0.988163 -0.135965 92.861938 0.501134 0.153221 0.851697 1.858647 0.000000 0.000000 0.000000 1.000000
0.861850 -0.007758 -0.507105 -0.171277 -0.074474 0.987108 -0.141673 93.308800 0.501666 0.159867 0.850161 1.888179 0.000000 0.000000 0.000000 1.000000
0.859610 -0.009109 -0.510869 -0.202080 -0.077073 0.986089 -0.147270 93.693939 0.505104 0.165969 0.846950 1.838397 0.000000 0.000000 0.000000 1.000000
0.856253 -0.010880 -0.516442 -0.201449 -0.078643 0.985378 -0.151149 93.897804 0.510535 0.170037 0.842877 1.695168 0.000000 0.000000 0.000000 1.000000
0.852888 -0.012173 -0.521953 -0.186751 -0.079097 0.985176 -0.152224 93.873344 0.516068 0.171115 0.839281 1.482855 0.000000 0.000000 0.000000 1.000000
0.850497 -0.012814 -0.525823 -0.182113 -0.078225 0.985504 -0.150543 93.663521 0.520130 0.169169 0.837166 1.257761 0.000000 0.000000 0.000000 1.000000
0.849312 -0.013431 -0.527720 -0.199296 -0.075937 0.986171 -0.147312 93.383629 0.522401 0.165187 0.836547 1.075109 0.000000 0.000000 0.000000 1.000000
0.848806 -0.014806 -0.528497 -0.232511 -0.072602 0.986874 -0.144251 93.169662 0.523696 0.160811 0.836590 0.958313 0.000000 0.000000 0.000000 1.000000
0.848186 -0.017298 -0.529416 -0.268456 -0.068942 0.987360 -0.142713 93.115784 0.525193 0.157546 0.836272 0.895464 0.000000 0.000000 0.000000 1.000000
0.846837 -0.020835 -0.531445 -0.298478 -0.065514 0.987536 -0.143109 93.237572 0.527802 0.156007 0.834917 0.858744 0.000000 0.000000 0.000000 1.000000
0.844468 -0.025233 -0.535011 -0.321191 -0.062321 0.987476 -0.144941 93.483429 0.531967 0.155741 0.832319 0.824120 0.000000 0.000000 0.000000 1.000000
0.841099 -0.030308 -0.540032 -0.336927 -0.059004 0.987329 -0.147311 93.779060 0.537654 0.155767 0.828653 0.776880 0.000000 0.000000 0.000000 1.000000
0.837065 -0.035685 -0.545938 -0.342893 -0.055397 0.987214 -0.149467 94.065216 0.544292 0.155357 0.824385 0.707613 0.000000 0.000000 0.000000 1.000000
0.832992 -0.040697 -0.551786 -0.333168 -0.051817 0.987170 -0.151033 94.299622 0.550853 0.154401 0.820196 0.609048 0.000000 0.000000 0.000000 1.000000
0.829570 -0.044770 -0.556605 -0.300992 -0.048670 0.987190 -0.151943 94.435410 0.556278 0.153137 0.816764 0.476732 0.000000 0.000000 0.000000 1.000000
0.827213 -0.047983 -0.559836 -0.241059 -0.045802 0.987273 -0.152296 94.410469 0.560019 0.151623 0.814487 0.310900 0.000000 0.000000 0.000000 1.000000
0.825919 -0.051006 -0.561477 -0.153620 -0.042465 0.987442 -0.152167 94.167908 0.562188 0.149521 0.813381 0.119107 0.000000 0.000000 0.000000 1.000000
0.825498 -0.054482 -0.561770 -0.052058 -0.037875 0.987739 -0.151449 93.698357 0.563133 0.146298 0.813313 -0.083157 0.000000 0.000000 0.000000 1.000000
0.825771 -0.058271 -0.560988 0.040138 -0.032167 0.988164 -0.149992 93.058624 0.563088 0.141905 0.814122 -0.268275 0.000000 0.000000 0.000000 1.000000
0.826585 -0.061908 -0.559396 0.099017 -0.026173 0.988628 -0.148084 92.377365 0.562203 0.137045 0.815565 -0.402982 0.000000 0.000000 0.000000 1.000000
0.827660 -0.065215 -0.557428 0.115876 -0.020870 0.988963 -0.146688 91.834663 0.560842 0.133041 0.817164 -0.458333 0.000000 0.000000 0.000000 1.000000
0.828527 -0.068418 -0.555753 0.097711 -0.016838 0.989014 -0.146859 91.586876 0.559695 0.131035 0.818273 -0.425689 0.000000 0.000000 0.000000 1.000000
0.828919 -0.071027 -0.554841 0.056521 -0.014838 0.988765 -0.148742 91.704529 0.559172 0.131527 0.818552 -0.313102 0.000000 0.000000 0.000000 1.000000
0.829139 -0.071645 -0.554432 -0.006977 -0.015717 0.988375 -0.151224 92.136635 0.558821 0.134100 0.818374 -0.135296 0.000000 0.000000 0.000000 1.000000
0.830017 -0.069119 -0.553439 -0.107736 -0.019507 0.988087 -0.152658 92.736908 0.557397 0.137505 0.818780 0.093949 0.000000 0.000000 0.000000 1.000000
0.832489 -0.063543 -0.550386 -0.264609 -0.025016 0.988077 -0.151913 93.336502 0.553477 0.140234 0.820974 0.360315 0.000000 0.000000 0.000000 1.000000
0.837188 -0.055972 -0.544044 -0.485447 -0.030615 0.988393 -0.148799 93.805786 0.546058 0.141228 0.825757 0.640176 0.000000 0.000000 0.000000 1.000000
0.844282 -0.046856 -0.533846 -0.754436 -0.035960 0.988971 -0.143675 94.075714 0.534691 0.140499 0.833286 0.907597 0.000000 0.000000 0.000000 1.000000
0.853326 -0.035918 -0.520138 -1.039965 -0.041794 0.989701 -0.136910 94.099335 0.519699 0.138568 0.843037 1.140511 0.000000 0.000000 0.000000 1.000000
0.863309 -0.023078 -0.504148 -1.309586 -0.048733 0.990474 -0.128792 93.841805 0.502317 0.135756 0.853960 1.331156 0.000000 0.000000 0.000000 1.000000
0.872995 -0.009511 -0.487637 -1.542989 -0.056163 0.991199 -0.119879 93.314934 0.484485 0.132040 0.864777 1.479962 0.000000 0.000000 0.000000 1.000000
0.881454 0.002894 -0.472261 -1.732168 -0.062924 0.991785 -0.111369 92.634010 0.468059 0.127883 0.874395 1.595237 0.000000 0.000000 0.000000 1.000000
0.888271 0.012469 -0.459150 -1.877939 -0.068227 0.992124 -0.105050 92.016411 0.454223 0.124639 0.882126 1.683300 0.000000 0.000000 0.000000 1.000000
0.893257 0.018520 -0.449165 -1.980349 -0.072186 0.992095 -0.102651 91.692230 0.443713 0.124117 0.887533 1.744978 0.000000 0.000000 0.000000 1.000000
0.896137 0.021173 -0.443271 -2.035120 -0.075328 0.991623 -0.104923 91.786728 0.437337 0.127416 0.890226 1.773733 0.000000 0.000000 0.000000 1.000000
0.896619 0.020776 -0.442315 -2.036111 -0.077765 0.990762 -0.111101 92.257416 0.435921 0.134012 0.889951 1.754199 0.000000 0.000000 0.000000 1.000000
0.894693 0.017595 -0.446335 -1.979582 -0.078963 0.989717 -0.119267 92.926376 0.439647 0.141951 0.886883 1.665301 0.000000 0.000000 0.000000 1.000000
0.890795 0.011940 -0.454248 -1.866899 -0.078246 0.988753 -0.127452 93.572746 0.447618 0.149077 0.881711 1.488584 0.000000 0.000000 0.000000 1.000000
0.885664 0.004381 -0.464305 -1.706215 -0.075445 0.988025 -0.134589 94.022789 0.458156 0.154231 0.875389 1.217867 0.000000 0.000000 0.000000 1.000000
0.880037 -0.003994 -0.474888 -1.509722 -0.071317 0.987513 -0.140467 94.196365 0.469520 0.157484 0.868764 0.869221 0.000000 0.000000 0.000000 1.000000
0.874397 -0.012307 -0.485056 -1.290800 -0.066518 0.987200 -0.144956 94.088844 0.480631 0.159014 0.862385 0.461392 0.000000 0.000000 0.000000 1.000000
0.868901 -0.020000 -0.494581 -1.051569 -0.061299 0.987144 -0.147611 93.729866 0.491175 0.158577 0.856505 0.014084 0.000000 0.000000 0.000000 1.000000
0.863523 -0.027213 -0.503574 -0.784318 -0.055274 0.987420 -0.148144 93.152565 0.501271 0.155760 0.851156 -0.453640 0.000000 0.000000 0.000000 1.000000
0.858245 -0.034421 -0.512084 -0.487807 -0.048101 0.987963 -0.147024 92.407104 0.510981 0.150815 0.846259 -0.903678 0.000000 0.000000 0.000000 1.000000
0.853069 -0.042365 -0.520075 -0.186788 -0.039509 0.988593 -0.145337 91.581520 0.520300 0.144530 0.841664 -1.288964 0.000000 0.000000 0.000000 1.000000
0.847994 -0.050870 -0.527559 0.085595 -0.030347 0.989090 -0.144151 90.840775 0.529136 0.138249 0.837199 -1.555574 0.000000 0.000000 0.000000 1.000000
0.842926 -0.059696 -0.534708 0.309019 -0.021401 0.989319 -0.144187 90.374954 0.537604 0.132982 0.832645 -1.680656 0.000000 0.000000 0.000000 1.000000
0.837744 -0.068435 -0.541758 0.498032 -0.013518 0.989213 -0.145861 90.321281 0.545896 0.129518 0.827782 -1.673725 0.000000 0.000000 0.000000 1.000000
0.832433 -0.076383 -0.548836 0.680066 -0.007618 0.988783 -0.149167 90.697281 0.554073 0.128353 0.822514 -1.561858 0.000000 0.000000 0.000000 1.000000
0.827157 -0.082291 -0.555913 0.855587 -0.004730 0.988166 -0.153315 91.386620 0.561950 0.129445 0.816980 -1.374386 0.000000 0.000000 0.000000 1.000000
0.822346 -0.084704 -0.562648 0.985033 -0.005573 0.987611 -0.156825 92.191460 0.568961 0.132100 0.811685 -1.142382 0.000000 0.000000 0.000000 1.000000
0.818750 -0.082880 -0.568136 1.021369 -0.009888 0.987344 -0.158284 92.912476 0.574065 0.135213 0.807569 -0.904342 0.000000 0.000000 0.000000 1.000000
0.817217 -0.077081 -0.571152 0.958369 -0.016587 0.987460 -0.156998 93.399117 0.576091 0.137775 0.805690 -0.691995 0.000000 0.000000 0.000000 1.000000
0.818303 -0.068316 -0.570712 0.834601 -0.024096 0.987961 -0.152812 93.573013 0.574282 0.138799 0.806806 -0.514257 0.000000 0.000000 0.000000 1.000000
0.822056 -0.057610 -0.566486 0.696609 -0.030982 0.988869 -0.145525 93.432442 0.568564 0.137180 0.811121 -0.351505 0.000000 0.000000 0.000000 1.000000
0.828155 -0.045664 -0.558636 0.563526 -0.036483 0.990171 -0.135023 93.050117 0.559310 0.132201 0.818349 -0.169484 0.000000 0.000000 0.000000 1.000000
0.836090 -0.032938 -0.547603 0.431903 -0.041037 0.991644 -0.122302 92.556534 0.547055 0.124727 0.827752 0.062357 0.000000 0.000000 0.000000 1.000000
0.845073 -0.020475 -0.534259 0.297650 -0.045555 0.992875 -0.110109 92.103912 0.532707 0.117388 0.838119 0.349972 0.000000 0.000000 0.000000 1.000000
0.853889 -0.009924 -0.520360 0.173943 -0.050611 0.993496 -0.101999 91.819016 0.517988 0.113432 0.847833 0.676485 0.000000 0.000000 0.000000 1.000000
0.861107 -0.002715 -0.508417 0.085617 -0.056080 0.993377 -0.100289 91.763275 0.505322 0.114872 0.855251 1.018584 0.000000 0.000000 0.000000 1.000000
0.865601 0.000809 -0.500734 0.050326 -0.061524 0.992594 -0.104750 91.923607 0.496941 0.121479 0.859240 1.360501 0.000000 0.000000 0.000000 1.000000
0.866887 0.001556 -0.498502 0.070690 -0.066851 0.991326 -0.113158 92.235451 0.494002 0.131420 0.859471 1.697307 0.000000 0.000000 0.000000 1.000000
0.865024 0.000837 -0.501730 0.141116 -0.072258 0.989782 -0.122927 92.625214 0.496500 0.142589 0.856245 2.025686 0.000000 0.000000 0.000000 1.000000
0.860300 -0.000771 -0.509788 0.255994 -0.077515 0.988173 -0.132305 93.050369 0.503861 0.153338 0.850066 2.329664 0.000000 0.000000 0.000000 1.000000
0.853007 -0.003478 -0.521888 0.414702 -0.081944 0.986682 -0.140510 93.495270 0.515426 0.162622 0.841362 2.578815 0.000000 0.000000 0.000000 1.000000
0.843717 -0.007719 -0.536733 0.609821 -0.084713 0.985452 -0.147336 93.949524 0.530062 0.169779 0.830789 2.732986 0.000000 0.000000 0.000000 1.000000
0.833745 -0.013034 -0.551995 0.817402 -0.085770 0.984529 -0.152797 94.384186 0.545447 0.174738 0.819728 2.766207 0.000000 0.000000 0.000000 1.000000
0.825126 -0.018463 -0.564646 0.989620 -0.085418 0.983899 -0.156995 94.738388 0.558453 0.177771 0.810264 2.668430 0.000000 0.000000 0.000000 1.000000
0.819621 -0.023468 -0.572425 1.063765 -0.083638 0.983554 -0.160080 94.937355 0.566768 0.179082 0.804179 2.443277 0.000000 0.000000 0.000000 1.000000
0.817420 -0.028468 -0.575338 0.989736 -0.079842 0.983538 -0.162104 94.919434 0.570482 0.178443 0.801691 2.095173 0.000000 0.000000 0.000000 1.000000
0.817103 -0.033988 -0.575489 0.763260 -0.073720 0.983905 -0.162779 94.670097 0.571759 0.175432 0.801446 1.640437 0.000000 0.000000 0.000000 1.000000
0.817108 -0.039786 -0.575110 0.439503 -0.065736 0.984678 -0.161516 94.235962 0.572724 0.169782 0.801973 1.102432 0.000000 0.000000 0.000000 1.000000
0.817088 -0.045185 -0.574739 0.097389 -0.056543 0.985837 -0.157889 93.713455 0.573733 0.161507 0.802961 0.515798 0.000000 0.000000 0.000000 1.000000
0.817554 -0.050292 -0.573651 -0.223954 -0.046041 0.987281 -0.152172 93.210335 0.574008 0.150820 0.804841 -0.081874 0.000000 0.000000 0.000000 1.000000
0.818492 -0.055664 -0.571815 -0.539891 -0.034373 0.988768 -0.145455 92.819069 0.573489 0.138709 0.807385 -0.657969 0.000000 0.000000 0.000000 1.000000
0.819039 -0.061121 -0.570473 -0.891283 -0.023052 0.990001 -0.139166 92.617935 0.573274 0.127133 0.809440 -1.180598 0.000000 0.000000 0.000000 1.000000
0.818629 -0.065585 -0.570565 -1.293148 -0.014215 0.990840 -0.134290 92.653992 0.574146 0.118044 0.810198 -1.636550 0.000000 0.000000 0.000000 1.000000
0.818002 -0.067204 -0.571277 -1.716771 -0.009867 0.991366 -0.130751 92.938080 0.575131 0.112591 0.810276 -2.013266 0.000000 0.000000 0.000000 1.000000
0.818400 -0.064590 -0.571007 -2.121994 -0.010630 0.991792 -0.127423 93.429352 0.574550 0.110353 0.810996 -2.278811 0.000000 0.000000 0.000000 1.000000
0.819844 -0.057534 -0.569689 -2.481860 -0.015735 0.992299 -0.122859 94.016037 0.572370 0.109690 0.812626 -2.368087 0.000000 0.000000 0.000000 1.000000
0.820988 -0.047399 -0.568974 -2.778053 -0.023280 0.992940 -0.116310 94.532654 0.570470 0.108734 0.814089 -2.221195 0.000000 0.000000 0.000000 1.000000
0.821035 -0.036520 -0.569709 -2.981853 -0.030990 0.993629 -0.108355 94.806305 0.570036 0.106619 0.814672 -1.845891 0.000000 0.000000 0.000000 1.000000
0.821442 -0.026222 -0.569688 -3.052333 -0.038097 0.994188 -0.100694 94.731544 0.569018 0.104417 0.815669 -1.326334 0.000000 0.000000 0.000000 1.000000
0.824999 -0.016586 -0.564890 -2.976836 -0.045134 0.994443 -0.095115 94.300369 0.563328 0.103966 0.819666 -0.774310 0.000000 0.000000 0.000000 1.000000
0.832911 -0.007297 -0.553358 -2.787128 -0.052766 0.994310 -0.092536 93.611504 0.550885 0.106273 0.827787 -0.247226 0.000000 0.000000 0.000000 1.000000
0.843060 0.001074 -0.537818 -2.538967 -0.060516 0.993837 -0.092878 92.848083 0.534404 0.110848 0.837929 0.274650 0.000000 0.000000 0.000000 1.000000
0.851579 0.007068 -0.524178 -2.281141 -0.067146 0.993144 -0.095694 92.232750 0.519908 0.116688 0.846215 0.834288 0.000000 0.000000 0.000000 1.000000
0.855765 0.009487 -0.517278 -2.035712 -0.071979 0.992291 -0.100881 91.961029 0.512333 0.123564 0.849851 1.425714 0.000000 0.000000 0.000000 1.000000
0.855304 0.008161 -0.518062 -1.808005 -0.075249 0.991231 -0.108618 92.125755 0.512633 0.131885 0.848418 1.979863 0.000000 0.000000 0.000000 1.000000
0.851439 0.003869 -0.524440 -1.597539 -0.077436 0.989940 -0.118417 92.668610 0.518705 0.141436 0.843173 2.413491 0.000000 0.000000 0.000000 1.000000
0.845735 -0.002445 -0.533597 -1.409074 -0.078214 0.988621 -0.128498 93.411842 0.527839 0.150410 0.835920 2.669280 0.000000 0.000000 0.000000 1.000000
0.839550 -0.009644 -0.543197 -1.245232 -0.076936 0.987655 -0.136446 94.139801 0.537807 0.156345 0.828444 2.719206 0.000000 0.000000 0.000000 1.000000
0.834001 -0.016674 -0.551512 -1.109259 -0.073226 0.987357 -0.140584 94.650642 0.546883 0.157632 0.822235 2.553843 0.000000 0.000000 0.000000 1.000000
0.829732 -0.022848 -0.557694 -1.006342 -0.067442 0.987737 -0.140806 94.777512 0.554073 0.154443 0.818016 2.187411 0.000000 0.000000 0.000000 1.000000
0.826557 -0.028027 -0.562154 -0.943580 -0.060531 0.988541 -0.138286 94.431976 0.559588 0.148329 0.815389 1.677172 0.000000 0.000000 0.000000 1.000000
0.823706 -0.032501 -0.566085 -0.927526 -0.053336 0.989488 -0.134419 93.683189 0.564503 0.140915 0.813314 1.121101 0.000000 0.000000 0.000000 1.000000
0.820643 -0.036441 -0.570278 -0.964421 -0.046308 0.990441 -0.129928 92.783432 0.569561 0.133033 0.811112 0.629045 0.000000 0.000000 0.000000 1.000000
0.817642 -0.039762 -0.574352 -1.058178 -0.039549 0.991376 -0.124934 92.073700 0.574367 0.124867 0.809019 0.275380 0.000000 0.000000 0.000000 1.000000
0.815450 -0.041864 -0.577311 -1.195826 -0.033879 0.992219 -0.119805 91.819473 0.577835 0.117254 0.807687 0.079422 0.000000 0.000000 0.000000 1.000000
0.814268 -0.042855 -0.578905 -1.353511 -0.029967 0.992838 -0.115648 92.057426 0.579715 0.111517 0.807152 0.005161 0.000000 0.000000 0.000000 1.000000
0.813346 -0.043285 -0.580167 -1.489722 -0.028257 0.993112 -0.113708 92.615532 0.581093 0.108878 0.806521 -0.016543 0.000000 0.000000 0.000000 1.000000
0.811602 -0.043564 -0.582584 -1.564421 -0.028696 0.993039 -0.114233 93.243332 0.583505 0.109430 0.804703 -0.048151 0.000000 0.000000 0.000000 1.000000
0.808622 -0.043623 -0.586710 -1.563384 -0.030673 0.992765 -0.116089 93.747025 0.587529 0.111868 0.801433 -0.116982 0.000000 0.000000 0.000000 1.000000
0.805009 -0.042871 -0.591711 -1.504122 -0.033541 0.992501 -0.117541 94.044022 0.592313 0.114468 0.797535 -0.200205 0.000000 0.000000 0.000000 1.000000
0.801868 -0.040854 -0.596103 -1.417029 -0.036726 0.992403 -0.117419 94.151802 0.596372 0.116047 0.794276 -0.248246 0.000000 0.000000 0.000000 1.000000
0.799872 -0.037946 -0.598969 -1.322899 -0.039564 0.992495 -0.115711 94.137604 0.598865 0.116252 0.792368 -0.223913 0.000000 0.000000 0.000000 1.000000
0.798820 -0.035216 -0.600538 -1.224634 -0.041461 0.992688 -0.113362 94.072525 0.600139 0.115455 0.791519 -0.120145 0.000000 0.000000 0.000000 1.000000
0.797969 -0.033719 -0.601755 -1.115333 -0.042235 0.992851 -0.111641 94.003105 0.601217 0.114501 0.790840 0.049233 0.000000 0.000000 0.000000 1.000000
0.796758 -0.033865 -0.603348 -0.990854 -0.042226 0.992868 -0.111489 93.944473 0.602821 0.114307 0.789646 0.264600 0.000000 0.000000 0.000000 1.000000
0.795274 -0.035266 -0.605224 -0.856491 -0.042041 0.992695 -0.113086 93.892517 0.604791 0.115378 0.787982 0.504076 0.000000 0.000000 0.000000 1.000000
0.794177 -0.037010 -0.606559 -0.725375 -0.042200 0.992375 -0.115804 93.841049 0.606220 0.117566 0.786560 0.740656 0.000000 0.000000 0.000000 1.000000
0.794305 -0.038044 -0.606326 -0.611010 -0.043036 0.992006 -0.118623 93.791794 0.605992 0.120317 0.786319 0.947393 0.000000 0.000000 0.000000 1.000000
0.796246 -0.037579 -0.603805 -0.520140 -0.044773 0.991671 -0.120762 93.755287 0.603314 0.123190 0.787931 1.108316 0.000000 0.000000 0.000000 1.000000
0.800020 -0.035467 -0.598925 -0.452163 -0.047492 0.991375 -0.122145 93.745087 0.598091 0.126163 0.791435 1.223236 0.000000 0.000000 0.000000 1.000000
0.805013 -0.032360 -0.592374 -0.403830 -0.050948 0.991051 -0.123375 93.771324 0.591065 0.129499 0.796161 1.300288 0.000000 0.000000 0.000000 1.000000
0.810309 -0.029328 -0.585269 -0.372869 -0.054574 0.990630 -0.125198 93.834900 0.583456 0.133390 0.801115 1.346960 0.000000 0.000000 0.000000 1.000000
0.815249 -0.027084 -0.578477 -0.356259 -0.057887 0.990092 -0.127937 93.927216 0.576210 0.137787 0.805603 1.370309 0.000000 0.000000 0.000000 1.000000</float_array>
        <technique_common>
          <accessor source="#mixamorig_Hips-Matrix-animation-output-transform-array" count="151" stride="16">
            <param type="float4x4"/>
          </accessor>
        </technique_common>
      </source>
      <source id="mixamorig_Hips-Interpolations">
        <Name_array id="mixamorig_Hips-Interpolations-array" count="151">
 LINEAR LINEAR LINEAR LINEAR LINEAR LINEAR LINEAR LINEAR LINEAR LINEAR LINEAR
LINEAR LINEAR LINEAR LINEAR LINEAR LINEAR LINEAR LINEAR LINEAR LINEAR LINEAR LINEAR
LINEAR LINEAR LINEAR LINEAR LINEAR LINEAR LINEAR LINEAR LINEAR LINEAR LINEAR LINEAR
LINEAR LINEAR LINEAR LINEAR LINEAR LINEAR LINEAR LINEAR LINEAR LINEAR LINEAR LINEAR
LINEAR LINEAR LINEAR LINEAR LINEAR LINEAR LINEAR LINEAR LINEAR LINEAR LINEAR LINEAR
LINEAR LINEAR LINEAR LINEAR LINEAR LINEAR LINEAR LINEAR LINEAR LINEAR LINEAR LINEAR
LINEAR LINEAR LINEAR LINEAR LINEAR LINEAR LINEAR LINEAR LINEAR LINEAR LINEAR LINEAR
LINEAR LINEAR LINEAR LINEAR LINEAR LINEAR LINEAR LINEAR LINEAR LINEAR LINEAR LINEAR
LINEAR LINEAR LINEAR LINEAR LINEAR LINEAR LINEAR LINEAR LINEAR LINEAR LINEAR LINEAR
LINEAR LINEAR LINEAR LINEAR LINEAR LINEAR LINEAR LINEAR LINEAR LINEAR LINEAR LINEAR
LINEAR LINEAR LINEAR LINEAR LINEAR LINEAR LINEAR LINEAR LINEAR LINEAR LINEAR LINEAR
LINEAR LINEAR LINEAR LINEAR LINEAR LINEAR LINEAR LINEAR LINEAR LINEAR LINEAR LINEAR
LINEAR LINEAR LINEAR LINEAR LINEAR LINEAR LINEAR LINEAR</Name_array>
        <technique_common>
          <accessor source="#mixamorig_Hips-Interpolations-array" count="151">
            <param type="name"/>
          </accessor>
        </technique_common>
      </source>
      <sampler id="mixamorig_Hips-Matrix-animation-transform">
        <input semantic="INPUT" source="#mixamorig_Hips-Matrix-animation-input"/>
        <input semantic="OUTPUT" source="#mixamorig_Hips-Matrix-animation-output-transform"/>
        <input semantic="INTERPOLATION" source="#mixamorig_Hips-Interpolations"/>
      </sampler>
      <channel source="#mixamorig_Hips-Matrix-animation-transform" target="mixamorig_Hips/matrix"/>
      <source id="mixamorig_Spine-Matrix-animation-input">
        <float_array id="mixamorig_Spine-Matrix-animation-input-array" count="151">

0.000000 0.033333 0.066667 0.100000 0.133333 0.166667 0.200000 0.233333 0.266667 0.300000 0.333333 0.366667 0.400000 0.433333 0.466667 0.500000
0.533333 0.566667 0.600000 0.633333 0.666667 0.700000 0.733333 0.766667 0.800000 0.833333 0.866667 0.900000 0.933333 0.966667 1.000000 1.033333
1.066667 1.100000 1.133333 1.166667 1.200000 1.233333 1.266667 1.300000 1.333333 1.366667 1.400000 1.433333 1.466667 1.500000 1.533333 1.566667
1.600000 1.633333 1.666667 1.700000 1.733333 1.766667 1.800000 1.833333 1.866667 1.900000 1.933333 1.966667 2.000000 2.033333 2.066667 2.100000
2.133333 2.166667 2.200000 2.233333 2.266667 2.300000 2.333333 2.366667 2.400000 2.433333 2.466667 2.500000 2.533333 2.566667 2.600000 2.633333
2.666667 2.700000 2.733333 2.766667 2.800000 2.833333 2.866667 2.900000 2.933333 2.966667 3.000000 3.033333 3.066667 3.100000 3.133333 3.166667
3.200000 3.233333 3.266667 3.300000 3.333333 3.366667 3.400000 3.433333 3.466667 3.500000 3.533333 3.566667 3.600000 3.633333 3.666667 3.700000
3.733333 3.766667 3.800000 3.833333 3.866667 3.900000 3.933333 3.966667 4.000000 4.033333 4.066667 4.100000 4.133333 4.166667 4.200000 4.233333
4.266667 4.300000 4.333333 4.366667 4.400000 4.433333 4.466667 4.500000 4.533333 4.566667 4.600000 4.633333 4.666667 4.700000 4.733333 4.766667
4.800000 4.833333 4.866667 4.900000 4.933333 4.966667 5.000000</float_array>
        <technique_common>
          <accessor source="#mixamorig_Spine-Matrix-animation-input-array" count="151">
            <param name="TIME" type="float"/>
          </accessor>
        </technique_common>
      </source>
      <source id="mixamorig_Spine-Matrix-animation-output-transform">
        <float_array id="mixamorig_Spine-Matrix-animation-output-transform-array" count="2416">

0.993693 -0.084769 0.073409 0.000000 0.089619 0.993820 -0.065501 5.645700 -0.067402 0.071667 0.995149 -0.031900 0.000000 0.000000 0.000000 1.000000
0.993684 -0.081106 0.077549 0.000000 0.086131 0.994239 -0.063802 5.645700 -0.071928 0.070079 0.994945 -0.031900 0.000000 0.000000 0.000000 1.000000
0.993564 -0.076342 0.083677 0.000000 0.081825 0.994578 -0.064178 5.645700 -0.078324 0.070612 0.994424 -0.031900 0.000000 0.000000 0.000000 1.000000
0.993341 -0.070925 0.090793 0.000000 0.077112 0.994798 -0.066556 5.645700 -0.085600 0.073114 0.993643 -0.031900 0.000000 0.000000 0.000000 1.000000
0.993127 -0.065884 0.096738 0.000000 0.072779 0.994919 -0.069566 5.645700 -0.091663 0.076128 0.992876 -0.031900 0.000000 0.000000 0.000000 1.000000
0.993051 -0.062086 0.099975 0.000000 0.069377 0.995048 -0.071184 5.645700 -0.095060 0.077626 0.992440 -0.031900 0.000000 0.000000 0.000000 1.000000
0.993089 -0.059766 0.101010 0.000000 0.067030 0.995284 -0.070116 5.645700 -0.096343 0.076402 0.992412 -0.031900 0.000000 0.000000 0.000000 1.000000
0.993106 -0.058690 0.101470 0.000000 0.065643 0.995618 -0.066598 5.645700 -0.097116 0.072800 0.992607 -0.031900 0.000000 0.000000 0.000000 1.000000
0.993046 -0.058568 0.102123 0.000000 0.065118 0.995947 -0.062035 5.645700 -0.098076 0.068254 0.992836 -0.031900 0.000000 0.000000 0.000000 1.000000
0.993008 -0.059064 0.102211 0.000000 0.065218 0.996187 -0.057944 5.645700 -0.098399 0.064204 0.993074 -0.031900 0.000000 0.000000 0.000000 1.000000
0.993111 -0.059966 0.100668 0.000000 0.065750 0.996311 -0.055147 5.645700 -0.096990 0.061386 0.993391 -0.031900 0.000000 0.000000 0.000000 1.000000
0.993349 -0.061457 0.097366 0.000000 0.066909 0.996310 -0.053755 5.645700 -0.093703 0.059912 0.993796 -0.031900 0.000000 0.000000 0.000000 1.000000
0.993620 -0.063593 0.093137 0.000000 0.068795 0.996182 -0.053745 5.645700 -0.089364 0.059810 0.994202 -0.031900 0.000000 0.000000 0.000000 1.000000
0.993835 -0.066215 0.088929 -0.000000 0.071309 0.995916 -0.055376 5.645700 -0.084899 0.061376 0.994497 -0.031900 0.000000 0.000000 0.000000 1.000000
0.993980 -0.068907 0.085178 0.000000 0.074078 0.995499 -0.059111 5.645700 -0.080722 0.065065 0.994611 -0.031900 0.000000 0.000000 0.000000 1.000000
0.994096 -0.071324 0.081763 -0.000000 0.076742 0.994919 -0.065161 5.645700 -0.076701 0.071051 0.994519 -0.031900 0.000000 0.000000 0.000000 1.000000
0.994233 -0.073310 0.078274 0.000000 0.079062 0.994186 -0.073105 5.645700 -0.072459 0.078872 0.994248 -0.031900 0.000000 0.000000 0.000000 1.000000
0.994406 -0.075100 0.074278 0.000000 0.081134 0.993335 -0.081869 5.645700 -0.067634 0.087437 0.993871 -0.031900 0.000000 0.000000 0.000000 1.000000
0.994621 -0.076770 0.069537 0.000000 0.082901 0.992480 -0.090063 5.645700 -0.062100 0.095343 0.993506 -0.031900 0.000000 0.000000 0.000000 1.000000
0.994829 -0.078693 0.064206 0.000000 0.084665 0.991744 -0.096308 5.645700 -0.056097 0.101246 0.993279 -0.031900 0.000000 0.000000 0.000000 1.000000
0.994983 -0.080798 0.058988 0.000000 0.086400 0.991272 -0.099573 5.645700 -0.050427 0.104170 0.993280 -0.031900 0.000000 0.000000 0.000000 1.000000
0.995014 -0.083018 0.055269 0.000000 0.088215 0.991130 -0.099396 5.645700 -0.046527 0.103776 0.993512 -0.031900 0.000000 0.000000 0.000000 1.000000
0.994862 -0.085422 0.054336 0.000000 0.090360 0.991264 -0.096072 5.645700 -0.045654 0.100489 0.993890 -0.031900 0.000000 0.000000 0.000000 1.000000
0.994501 -0.088182 0.056500 -0.000000 0.093065 0.991531 -0.090586 5.645700 -0.048033 0.095346 0.994285 -0.031900 0.000000 0.000000 0.000000 1.000000
0.993969 -0.091258 0.060802 0.000000 0.096209 0.991793 -0.084202 5.645700 -0.052619 0.089544 0.994592 -0.031900 0.000000 0.000000 0.000000 1.000000
0.993415 -0.094025 0.065466 -0.000000 0.099034 0.992021 -0.078010 5.645700 -0.057609 0.083980 0.994801 -0.031900 0.000000 0.000000 0.000000 1.000000
0.993036 -0.095316 0.069246 0.000000 0.100318 0.992292 -0.072757 5.645700 -0.061778 0.079197 0.994943 -0.031900 0.000000 0.000000 0.000000 1.000000
0.992880 -0.094629 0.072351 0.000000 0.099628 0.992634 -0.068933 5.645700 -0.065295 0.075650 0.994994 -0.031900 0.000000 0.000000 0.000000 1.000000
0.992838 -0.092161 0.076019 -0.000000 0.097299 0.993004 -0.066904 5.645700 -0.069321 0.073822 0.994859 -0.031900 0.000000 0.000000 0.000000 1.000000
0.992786 -0.088348 0.081063 0.000000 0.093851 0.993344 -0.066786 5.645700 -0.074623 0.073912 0.994469 -0.031900 0.000000 0.000000 0.000000 1.000000
0.992700 -0.083634 0.086901 0.000000 0.089676 0.993638 -0.068125 5.645700 -0.080651 0.075421 0.993885 -0.031900 0.000000 0.000000 0.000000 1.000000
0.992665 -0.078540 0.091909 0.000000 0.085102 0.993924 -0.069806 5.645700 -0.085868 0.077115 0.993318 -0.031900 0.000000 0.000000 0.000000 1.000000
0.992739 -0.073911 0.094905 0.000000 0.080753 0.994245 -0.070394 5.645700 -0.089156 0.077547 0.992994 -0.031900 0.000000 0.000000 0.000000 1.000000
0.992852 -0.070647 0.096200 -0.000000 0.077442 0.994618 -0.068827 5.645700 -0.090820 0.075785 0.992980 -0.031900 0.000000 0.000000 0.000000 1.000000
0.992878 -0.069032 0.097097 0.000000 0.075544 0.995017 -0.065067 5.645700 -0.092121 0.071938 0.993146 -0.031900 0.000000 0.000000 0.000000 1.000000
0.992778 -0.068617 0.098406 0.000000 0.074772 0.995377 -0.060284 5.645700 -0.093814 0.067207 0.993319 -0.031900 0.000000 0.000000 0.000000 1.000000
0.992654 -0.068770 0.099546 0.000000 0.074629 0.995616 -0.056385 5.645700 -0.095232 0.063400 0.993434 -0.031900 0.000000 0.000000 0.000000 1.000000
0.992663 -0.069225 0.099134 -0.000000 0.074931 0.995669 -0.055032 5.645700 -0.094895 0.062057 0.993551 -0.031900 0.000000 0.000000 0.000000 1.000000
0.992875 -0.070090 0.096363 0.000000 0.075780 0.995510 -0.056715 5.645700 -0.091956 0.063613 0.993729 -0.031900 0.000000 0.000000 0.000000 1.000000
0.993207 -0.071499 0.091803 -0.000000 0.077234 0.995175 -0.060512 5.645700 -0.087034 0.067192 0.993937 -0.031900 0.000000 0.000000 0.000000 1.000000
0.993507 -0.073428 0.086906 -0.000000 0.079182 0.994757 -0.064715 5.645700 -0.081698 0.071176 0.994112 -0.031900 0.000000 0.000000 0.000000 1.000000
0.993675 -0.075775 0.082877 0.000000 0.081482 0.994366 -0.067794 5.645700 -0.077273 0.074118 0.994251 -0.031900 0.000000 0.000000 0.000000 1.000000
0.993700 -0.078469 0.080014 0.000000 0.084057 0.994067 -0.069032 5.645700 -0.074123 0.075323 0.994400 -0.031900 0.000000 0.000000 0.000000 1.000000
0.993627 -0.081391 0.077980 0.000000 0.086789 0.993867 -0.068528 5.645700 -0.071924 0.074859 0.994597 -0.031900 0.000000 0.000000 0.000000 1.000000
0.993505 -0.084260 0.076479 0.000000 0.089426 0.993748 -0.066843 5.645700 -0.070368 0.073249 0.994828 -0.031900 0.000000 0.000000 0.000000 1.000000
0.993361 -0.086743 0.075555 -0.000000 0.091689 0.993687 -0.064651 5.645700 -0.069470 0.071149 0.995044 -0.031900 0.000000 0.000000 0.000000 1.000000
0.993207 -0.088733 0.075280 -0.000000 0.093516 0.993649 -0.062589 5.645700 -0.069248 0.069204 0.995196 -0.031900 0.000000 0.000000 0.000000 1.000000
0.993045 -0.090470 0.075340 0.000000 0.095168 0.993573 -0.061283 5.645700 -0.069311 0.068027 0.995273 -0.031900 0.000000 0.000000 0.000000 1.000000
0.992893 -0.092306 0.075120 -0.000000 0.096995 0.993391 -0.061367 5.645700 -0.068959 0.068217 0.995284 -0.031900 0.000000 0.000000 0.000000 1.000000
0.992776 -0.094301 0.074183 -0.000000 0.099063 0.993061 -0.063372 5.645700 -0.067692 0.070263 0.995229 -0.031900 0.000000 0.000000 0.000000 1.000000
0.992721 -0.096138 0.072548 0.000000 0.101056 0.992590 -0.067469 5.645700 -0.065524 0.074309 0.995080 -0.031900 0.000000 0.000000 0.000000 1.000000
0.992772 -0.097277 0.070296 0.000000 0.102394 0.992042 -0.073269 5.645700 -0.062609 0.079937 0.994832 -0.031900 0.000000 0.000000 0.000000 1.000000
0.992948 -0.097587 0.067313 0.000000 0.102853 0.991491 -0.079796 5.645700 -0.058953 0.086156 0.994536 -0.031900 0.000000 0.000000 0.000000 1.000000
0.993231 -0.097305 0.063432 -0.000000 0.102561 0.991029 -0.085687 5.645700 -0.054525 0.091613 0.994301 -0.031900 0.000000 0.000000 0.000000 1.000000
0.993540 -0.096900 0.059070 -0.000000 0.101951 0.990751 -0.089541 5.645700 -0.049847 0.094985 0.994230 -0.031900 0.000000 0.000000 0.000000 1.000000
0.993773 -0.096562 0.055599 0.000000 0.101325 0.990738 -0.090400 5.645700 -0.046355 0.095470 0.994352 -0.031900 0.000000 0.000000 0.000000 1.000000
0.993827 -0.096540 0.054666 0.000000 0.101109 0.990966 -0.088106 5.645700 -0.045667 0.093090 0.994610 -0.031900 0.000000 0.000000 0.000000 1.000000
0.993646 -0.097058 0.056986 0.000000 0.101611 0.991327 -0.083340 5.645700 -0.048403 0.088600 0.994891 -0.031900 0.000000 0.000000 0.000000 1.000000
0.993288 -0.097846 0.061694 0.000000 0.102491 0.991728 -0.077268 5.645700 -0.053623 0.083072 0.995100 -0.031900 0.000000 0.000000 0.000000 1.000000
0.992927 -0.098004 0.067009 0.000000 0.102726 0.992166 -0.071085 5.645700 -0.059518 0.077466 0.995217 -0.031900 0.000000 0.000000 0.000000 1.000000
0.992757 -0.096396 0.071698 -0.000000 0.101137 0.992699 -0.065725 5.645700 -0.064839 0.072501 0.995259 -0.031900 0.000000 0.000000 0.000000 1.000000
0.992781 -0.092788 0.076007 0.000000 0.097569 0.993307 -0.061813 5.645700 -0.069763 0.068783 0.995189 -0.031900 0.000000 0.000000 0.000000 1.000000
0.992838 -0.087694 0.081131 -0.000000 0.092678 0.993895 -0.059854 5.645700 -0.075387 0.066945 0.994905 -0.031900 0.000000 0.000000 0.000000 1.000000
0.992786 -0.081892 0.087572 -0.000000 0.087336 0.994356 -0.060245 5.645700 -0.082144 0.067459 0.994335 -0.031900 0.000000 0.000000 0.000000 1.000000
0.992666 -0.075873 0.094114 0.000000 0.081989 0.994646 -0.062910 5.645700 -0.088837 0.070165 0.993572 -0.031900 0.000000 0.000000 0.000000 1.000000
0.992649 -0.070207 0.098589 0.000000 0.076999 0.994787 -0.066860 5.645700 -0.093381 0.073959 0.992880 -0.031900 0.000000 0.000000 0.000000 1.000000
0.992846 -0.065576 0.099778 0.000000 0.072779 0.994864 -0.070348 5.645700 -0.094653 0.077106 0.992520 -0.031900 0.000000 0.000000 0.000000 1.000000
0.993143 -0.062732 0.098652 0.000000 0.069966 0.994972 -0.071665 5.645700 -0.093660 0.078076 0.992538 -0.031900 0.000000 0.000000 0.000000 1.000000
0.993290 -0.062193 0.097508 0.000000 0.069187 0.995140 -0.070062 5.645700 -0.092677 0.076338 0.992766 -0.031900 0.000000 0.000000 0.000000 1.000000
0.993149 -0.063913 0.097823 0.000000 0.070569 0.995310 -0.066163 5.645700 -0.093135 0.072613 0.993002 -0.031900 0.000000 0.000000 0.000000 1.000000
0.992819 -0.067208 0.098960 0.000000 0.073526 0.995387 -0.061637 5.645700 -0.094361 0.068471 0.993181 -0.031900 0.000000 0.000000 0.000000 1.000000
0.992551 -0.071042 0.098967 0.000000 0.077054 0.995321 -0.058306 5.645700 -0.094362 0.065497 0.993381 -0.031900 0.000000 0.000000 0.000000 1.000000
0.992540 -0.074558 0.096467 0.000000 0.080315 0.995125 -0.057236 5.645700 -0.091729 0.064557 0.993689 -0.031900 0.000000 0.000000 0.000000 1.000000
