<?xml version="1.0" encoding="utf-8"?>
<COLLADA xmlns="http://www.collada.org/2005/11/COLLADASchema" version="1.4.1">
  <asset>
    <contributor>
      <author>Mixamo</author>
      <authoring_tool>COLLADA Mixamo exporter</authoring_tool>
      <comments/>
    </contributor>
    <created>2024-07-03T21:52:15Z</created>
    <modified>2024-07-03T21:52:15Z</modified>
    <revision/>
    <title/>
    <unit meter="0.010000"/>
    <up_axis>Y_UP</up_axis>
  </asset>
  <library_animations>
    <animation>
      <source id="mixamorig_Hips-Matrix-animation-input">
        <float_array id="mixamorig_Hips-Matrix-animation-input-array" count="151">

0.000000 0.033333 0.066667 0.100000 0.133333 0.166667 0.200000 0.233333 0.266667 0.300000 0.333333 0.366667 0.400000 0.433333 0.466667 0.500000
0.533333 0.566667 0.600000 0.633333 0.666667 0.700000 0.733333 0.766667 0.800000 0.833333 0.866667 0.900000 0.933333 0.966667 1.000000 1.033333
1.066667 1.100000 1.133333 1.166667 1.200000 1.233333 1.266667 1.300000 1.333333 1.366667 1.400000 1.433333 1.466667 1.500000 1.533333 1.566667
1.600000 1.633333 1.666667 1.700000 1.733333 1.766667 1.800000 1.833333 1.866667 1.900000 1.933333 1.966667 2.000000 2.033333 2.066667 2.100000
2.133333 2.166667 2.200000 2.233333 2.266667 2.300000 2.333333 2.366667 2.400000 2.433333 2.466667 2.500000 2.533333 2.566667 2.600000 2.633333
2.666667 2.700000 2.733333 2.766667 2.800000 2.833333 2.866667 2.900000 2.933333 2.966667 3.000000 3.033333 3.066667 3.100000 3.133333 3.166667
3.200000 3.233333 3.266667 3.300000 3.333333 3.366667 3.400000 3.433333 3.466667 3.500000 3.533333 3.566667 3.600000 3.633333 3.666667 3.700000
3.733333 3.766667 3.800000 3.833333 3.866667 3.900000 3.933333 3.966667 4.000000 4.033333 4.066667 4.100000 4.133333 4.166667 4.200000 4.233333
4.266667 4.300000 4.333333 4.366667 4.400000 4.433333 4.466667 4.500000 4.533333 4.566667 4.600000 4.633333 4.666667 4.700000 4.733333 4.766667
4.800000 4.833333 4.866667 4.900000 4.933333 4.966667 5.000000</float_array>
        <technique_common>
          <accessor source="#mixamorig_Hips-Matrix-animation-input-array" count="151">
            <param name="TIME" type="float"/>
          </accessor>
        </technique_common>
      </source>
      <source id="mixamorig_Hips-Matrix-animation-output-transform">
        <float_array id="mixamorig_Hips-Matrix-animation-output-transform-array" count="2416">

0.814881 0.022549 0.579190 0.302959 0.063506 0.989754 -0.127882 93.870262 -0.576139 0.140990 0.805099 1.462866 0.000000 0.000000 0.000000 1.000000
0.824434 0.012152 0.565828 0.465588 0.068951 0.990165 -0.121731 93.768951 -0.561743 0.139373 0.815488 1.750482 0.000000 0.000000 0.000000 1.000000
0.835149 0.002084 0.550020 0.596928 0.074081 0.990455 -0.116237 93.437263 -0.545012 0.137821 0.827023 2.032174 0.000000 0.000000 0.000000 1.000000
0.846624 -0.007294 0.532141 0.688361 0.078918 0.990572 -0.111979 92.912689 -0.526307 0.136799 0.839218 2.293245 0.000000 0.000000 0.000000 1.000000
0.857728 -0.015559 0.513868 0.746213 0.083743 0.990421 -0.109792 92.355911 -0.507237 0.137204 0.850815 2.512767 0.000000 0.000000 0.000000 1.000000
0.867111 -0.022066 0.497626 0.785357 0.088659 0.989903 -0.110595 91.975243 -0.490161 0.140017 0.860312 2.673042 0.000000 0.000000 0.000000 1.000000
0.873727 -0.025917 0.485727 0.811735 0.093195 0.989000 -0.114868 91.918221 -0.477406 0.145630 0.866531 2.771806 0.000000 0.000000 0.000000 1.000000
0.877028 -0.026412 0.479713 0.816740 0.096500 0.987823 -0.122037 92.205833 -0.470649 0.153322 0.868897 2.819595 0.000000 0.000000 0.000000 1.000000
0.877026 -0.023660 0.479860 0.788361 0.098001 0.986597 -0.130469 92.734840 -0.470342 0.161451 0.867590 2.826763 0.000000 0.000000 0.000000 1.000000
0.874362 -0.018545 0.484919 0.725181 0.097594 0.985573 -0.138280 93.345718 -0.475359 0.168232 0.863558 2.792231 0.000000 0.000000 0.000000 1.000000
0.870204 -0.012237 0.492539 0.635688 0.095528 0.984911 -0.144306 93.897415 -0.483341 0.172626 0.858243 2.710038 0.000000 0.000000 0.000000 1.000000
0.865770 -0.005673 0.500409 0.529635 0.092240 0.984613 -0.148423 94.311157 -0.491867 0.174658 0.852972 2.578944 0.000000 0.000000 0.000000 1.000000
0.861646 0.000893 0.507508 0.413737 0.087985 0.984593 -0.151114 94.546715 -0.499824 0.174860 0.848292 2.389716 0.000000 0.000000 0.000000 1.000000
0.857544 0.007582 0.514354 0.291435 0.082956 0.984766 -0.152822 94.563606 -0.507677 0.173720 0.843852 2.125789 0.000000 0.000000 0.000000 1.000000
0.852802 0.014540 0.522033 0.163203 0.077250 0.985103 -0.153636 94.303299 -0.516490 0.171348 0.838974 1.775777 0.000000 0.000000 0.000000 1.000000
0.847156 0.021728 0.530900 0.028126 0.070856 0.985620 -0.153403 93.718056 -0.526599 0.167574 0.833434 1.354641 0.000000 0.000000 0.000000 1.000000
0.841062 0.028962 0.540163 -0.109953 0.063643 0.986332 -0.151981 92.823288 -0.537182 0.162203 0.827723 0.906910 0.000000 0.000000 0.000000 1.000000
0.835371 0.035732 0.548523 -0.236587 0.055891 0.987192 -0.149427 91.741592 -0.546837 0.155484 0.822675 0.498244 0.000000 0.000000 0.000000 1.000000
0.830764 0.041579 0.555069 -0.328737 0.048173 0.988094 -0.146115 90.684814 -0.554536 0.148126 0.818870 0.180496 0.000000 0.000000 0.000000 1.000000
0.827474 0.046339 0.559589 -0.368921 0.041226 0.988885 -0.142850 89.891106 -0.559989 0.141274 0.816366 -0.025065 0.000000 0.000000 0.000000 1.000000
0.825348 0.050191 0.562389 -0.360850 0.035783 0.989389 -0.140812 89.543442 -0.563489 0.136343 0.814795 -0.122283 0.000000 0.000000 0.000000 1.000000
0.824026 0.053428 0.564027 -0.331095 0.032426 0.989464 -0.141101 89.706108 -0.565623 0.134561 0.813611 -0.126932 0.000000 0.000000 0.000000 1.000000
0.823127 0.055991 0.565090 -0.312027 0.031589 0.989071 -0.144014 90.310272 -0.566978 0.136392 0.812363 -0.055556 0.000000 0.000000 0.000000 1.000000
0.822522 0.057251 0.565845 -0.318390 0.033472 0.988323 -0.148652 91.188934 -0.567748 0.141209 0.811001 0.077012 0.000000 0.000000 0.000000 1.000000
0.822567 0.056406 0.565864 -0.338270 0.037744 0.987459 -0.153299 92.133873 -0.567415 0.147457 0.810122 0.253972 0.000000 0.000000 0.000000 1.000000
0.824040 0.053094 0.564039 -0.346057 0.043390 0.986760 -0.156276 92.946518 -0.564868 0.153252 0.810825 0.455013 0.000000 0.000000 0.000000 1.000000
0.827665 0.047563 0.559204 -0.322567 0.049080 0.986451 -0.156545 93.481361 -0.559073 0.157013 0.814116 0.660437 0.000000 0.000000 0.000000 1.000000
0.833476 0.040298 0.551085 -0.267623 0.053983 0.986628 -0.153792 93.671768 -0.549913 0.157931 0.820155 0.861530 0.000000 0.000000 0.000000 1.000000
0.840549 0.031826 0.540800 -0.198113 0.058100 0.987219 -0.148401 93.536804 -0.538611 0.156159 0.827957 1.063069 0.000000 0.000000 0.000000 1.000000
0.847441 0.023117 0.530387 -0.135225 0.061649 0.988007 -0.141565 93.176514 -0.527299 0.152666 0.835852 1.267325 0.000000 0.000000 0.000000 1.000000
0.852993 0.015459 0.521694 -0.093727 0.064721 0.988713 -0.135118 92.740646 -0.517895 0.149020 0.842365 1.465860 0.000000 0.000000 0.000000 1.000000
0.856894 0.009800 0.515400 -0.070358 0.067378 0.989113 -0.130829 92.395561 -0.511071 0.146834 0.846904 1.640616 0.000000 0.000000 0.000000 1.000000
0.859521 0.006126 0.511063 -0.046344 0.070039 0.989083 -0.129649 92.272285 -0.506279 0.147230 0.849709 1.780705 0.000000 0.000000 0.000000 1.000000
0.861274 0.003851 0.508126 -0.003543 0.073196 0.988602 -0.131559 92.418594 -0.502841 0.150501 0.851176 1.887844 0.000000 0.000000 0.000000 1.000000
0.862062 0.002735 0.506795 0.057685 0.076761 0.987744 -0.135901 92.782898 -0.500955 0.156057 0.851287 1.961653 0.000000 0.000000 0.000000 1.000000
0.861424 0.002966 0.507878 0.116317 0.080088 0.986679 -0.141601 93.237732 -0.501533 0.162654 0.849711 1.984826 0.000000 0.000000 0.000000 1.000000
0.859148 0.004410 0.511708 0.148476 0.082608 0.985653 -0.147190 93.630592 -0.505016 0.168729 0.846457 1.929407 0.000000 0.000000 0.000000 1.000000
0.855764 0.006234 0.517328 0.148638 0.084147 0.984936 -0.151064 93.839851 -0.510477 0.172806 0.842349 1.783011 0.000000 0.000000 0.000000 1.000000
0.852387 0.007524 0.522858 0.133911 0.084628 0.984730 -0.152136 93.817184 -0.516018 0.173927 0.838734 1.570743 0.000000 0.000000 0.000000 1.000000
0.850000 0.008121 0.526720 0.128621 0.083822 0.985057 -0.150456 93.605850 -0.520071 0.172038 0.836617 1.348220 0.000000 0.000000 0.000000 1.000000
0.848831 0.008678 0.528593 0.144938 0.081606 0.985730 -0.147229 93.322792 -0.522328 0.168109 0.836010 1.169088 0.000000 0.000000 0.000000 1.000000
0.848348 0.010009 0.529344 0.177497 0.078322 0.986448 -0.144173 93.106445 -0.523613 0.163768 0.836067 1.054934 0.000000 0.000000 0.000000 1.000000
0.847748 0.012488 0.530253 0.213254 0.074680 0.986953 -0.142640 93.052620 -0.525116 0.160522 0.835755 0.992713 0.000000 0.000000 0.000000 1.000000
0.846411 0.016052 0.532289 0.243652 0.071233 0.987150 -0.143039 93.177315 -0.527745 0.158986 0.834391 0.954361 0.000000 0.000000 0.000000 1.000000
0.844047 0.020505 0.535878 0.267165 0.067997 0.987111 -0.144872 93.428291 -0.531941 0.158717 0.831774 0.916447 0.000000 0.000000 0.000000 1.000000
0.840677 0.025654 0.540929 0.283961 0.064624 0.986987 -0.147243 93.730354 -0.537667 0.158741 0.828080 0.865060 0.000000 0.000000 0.000000 1.000000
0.836642 0.031104 0.546866 0.291009 0.060965 0.986895 -0.149401 94.023216 -0.544346 0.158335 0.823782 0.791589 0.000000 0.000000 0.000000 1.000000
0.832587 0.036212 0.552709 0.282349 0.057299 0.986876 -0.150971 94.260742 -0.550923 0.157366 0.819585 0.690846 0.000000 0.000000 0.000000 1.000000
0.829184 0.040356 0.557517 0.250921 0.054089 0.986917 -0.151885 94.398163 -0.556353 0.156096 0.816153 0.557585 0.000000 0.000000 0.000000 1.000000
0.826836 0.043570 0.560752 0.190953 0.051238 0.987014 -0.152241 94.374283 -0.560104 0.154610 0.813867 0.391964 0.000000 0.000000 0.000000 1.000000
0.825543 0.046494 0.562420 0.102550 0.048032 0.987195 -0.152113 94.131622 -0.562291 0.152590 0.812739 0.202416 0.000000 0.000000 0.000000 1.000000
0.825142 0.049809 0.562725 -0.001051 0.043640 0.987509 -0.151400 93.659012 -0.563237 0.149484 0.812661 0.005703 0.000000 0.000000 0.000000 1.000000
0.825475 0.053317 0.561916 -0.097120 0.038262 0.987953 -0.149949 93.012756 -0.563141 0.145279 0.813490 -0.167953 0.000000 0.000000 0.000000 1.000000
0.826376 0.056506 0.560276 -0.161977 0.032788 0.988437 -0.148048 92.328079 -0.562163 0.140713 0.814968 -0.287206 0.000000 0.000000 0.000000 1.000000
0.827532 0.059466 0.558260 -0.183560 0.027883 0.988794 -0.146657 91.782593 -0.560726 0.136929 0.816601 -0.330257 0.000000 0.000000 0.000000 1.000000
0.828454 0.062498 0.556559 -0.167725 0.024042 0.988869 -0.146832 91.533577 -0.559541 0.135025 0.817730 -0.291573 0.000000 0.000000 0.000000 1.000000
0.828858 0.065142 0.555653 -0.126057 0.021998 0.988635 -0.148716 91.651978 -0.559026 0.135488 0.818005 -0.180423 0.000000 0.000000 0.000000 1.000000
0.829046 0.065981 0.555275 -0.059648 0.022618 0.988245 -0.151199 92.086128 -0.558723 0.137910 0.817807 -0.010659 0.000000 0.000000 0.000000 1.000000
0.829858 0.063806 0.554314 0.045561 0.025989 0.987942 -0.152629 92.688766 -0.557369 0.141067 0.818193 0.206250 0.000000 0.000000 0.000000 1.000000
0.832256 0.058620 0.551284 0.207455 0.031021 0.987912 -0.151879 93.290131 -0.553524 0.143504 0.820377 0.459019 0.000000 0.000000 0.000000 1.000000
0.836905 0.051248 0.544943 0.431063 0.036351 0.988205 -0.148760 93.764099 -0.546139 0.144308 0.825171 0.729337 0.000000 0.000000 0.000000 1.000000
0.843968 0.042162 0.534734 0.700704 0.041610 0.988756 -0.143632 94.037712 -0.534777 0.143471 0.832724 0.991851 0.000000 0.000000 0.000000 1.000000
0.852990 0.031159 0.520996 0.985648 0.047451 0.989453 -0.136863 94.061165 -0.519766 0.141465 0.842515 1.223672 0.000000 0.000000 0.000000 1.000000
0.862954 0.018202 0.504955 1.253827 0.054448 0.990182 -0.128742 93.798409 -0.502341 0.138592 0.853490 1.416659 0.000000 0.000000 0.000000 1.000000
0.872623 0.004457 0.488374 1.484749 0.062002 0.990857 -0.119827 93.262756 -0.484443 0.134844 0.864368 1.571076 0.000000 0.000000 0.000000 1.000000
0.881069 -0.008150 0.472918 1.671173 0.068920 0.991392 -0.111317 92.571053 -0.467940 0.130672 0.874047 1.693547 0.000000 0.000000 0.000000 1.000000
0.887875 -0.017891 0.459738 1.814604 0.074351 0.991689 -0.105000 91.944244 -0.454038 0.127408 0.881826 1.787854 0.000000 0.000000 0.000000 1.000000
0.892842 -0.024035 0.449728 1.915766 0.078374 0.991630 -0.102600 91.615875 -0.443498 0.126853 0.887253 1.852262 0.000000 0.000000 0.000000 1.000000
0.895692 -0.026694 0.443872 1.970685 0.081507 0.991140 -0.104867 91.712730 -0.437141 0.130108 0.889933 1.878937 0.000000 0.000000 0.000000 1.000000
0.896134 -0.026221 0.443009 1.973157 0.083867 0.990271 -0.111037 92.192032 -0.435787 0.136658 0.889614 1.852908 0.000000 0.000000 0.000000 1.000000
0.894167 -0.022905 0.447147 1.919021 0.084944 0.989231 -0.119192 92.873566 -0.439602 0.144560 0.886483 1.754994 0.000000 0.000000 0.000000 1.000000
0.890268 -0.017036 0.455117 1.809107 0.084027 0.988289 -0.127373 93.528427 -0.447618 0.151638 0.881274 1.571775 0.000000 0.000000 0.000000 1.000000
0.885169 -0.009285 0.465177 1.650511 0.081049 0.987592 -0.134512 93.982666 -0.458156 0.156768 0.874938 1.298541 0.000000 0.000000 0.000000 1.000000
0.879564 -0.000809 0.475779 1.455183 0.076849 0.987109 -0.140391 94.159088 -0.469533 0.160046 0.868288 0.949108 0.000000 0.000000 0.000000 1.000000
0.873935 0.007513 0.485985 1.236422 0.072084 0.986820 -0.144882 94.052864 -0.480668 0.161649 0.861875 0.542324 0.000000 0.000000 0.000000 1.000000
0.868440 0.015132 0.495563 0.996498 0.066996 0.986785 -0.147537 93.693939 -0.491247 0.161328 0.855950 0.097656 0.000000 0.000000 0.000000 1.000000
0.863058 0.022168 0.504617 0.727369 0.061222 0.987080 -0.148072 93.116562 -0.501380 0.158688 0.850551 -0.365393 0.000000 0.000000 0.000000 1.000000
0.857827 0.029135 0.513112 0.427545 0.054360 0.987648 -0.146959 92.364342 -0.511056 0.153958 0.845647 -0.803849 0.000000 0.000000 0.000000 1.000000
0.852744 0.036502 0.521052 0.118963 0.046467 0.988299 -0.145281 91.537643 -0.520258 0.148100 0.841070 -1.169480 0.000000 0.000000 0.000000 1.000000
0.847778 0.044459 0.528484 -0.160670 0.037976 0.988833 -0.144105 90.796776 -0.528990 0.142239 0.836623 -1.417078 0.000000 0.000000 0.000000 1.000000
0.842813 0.052921 0.535599 -0.389042 0.029498 0.989116 -0.144149 90.331436 -0.537398 0.137290 0.832078 -1.528571 0.000000 0.000000 0.000000 1.000000
0.837704 0.061537 0.542646 -0.579940 0.021811 0.989069 -0.145832 90.279846 -0.545689 0.134000 0.827205 -1.516525 0.000000 0.000000 0.000000 1.000000
0.832422 0.069580 0.549756 -0.760794 0.015857 0.988688 -0.149144 90.659943 -0.553915 0.132869 0.821903 -1.407707 0.000000 0.000000 0.000000 1.000000
0.827128 0.075768 0.556882 -0.933019 0.012697 0.988099 -0.153296 91.354813 -0.561870 0.133866 0.816322 -1.230041 0.000000 0.000000 0.000000 1.000000
0.822263 0.078584 0.563656 -1.057217 0.013110 0.987542 -0.156807 92.163361 -0.568956 0.136326 0.810990 -1.011361 0.000000 0.000000 0.000000 1.000000
0.818597 0.077209 0.569156 -1.087798 0.016920 0.987252 -0.158262 92.885529 -0.574119 0.139183 0.806855 -0.787079 0.000000 0.000000 0.000000 1.000000
0.816993 0.071823 0.572158 -1.019442 0.023132 0.987333 -0.156969 93.369751 -0.576184 0.141478 0.804982 -0.586241 0.000000 0.000000 0.000000 1.000000
0.818024 0.063351 0.571685 -0.891860 0.030271 0.987797 -0.152776 93.537529 -0.574387 0.142280 0.806124 -0.415332 0.000000 0.000000 0.000000 1.000000
0.821747 0.052768 0.567404 -0.752295 0.036967 0.988670 -0.145483 93.388107 -0.568652 0.140526 0.810486 -0.253693 0.000000 0.000000 0.000000 1.000000
0.827844 0.040767 0.559475 -0.619999 0.042473 0.989938 -0.134980 92.997177 -0.559348 0.135505 0.817782 -0.068012 0.000000 0.000000 0.000000 1.000000
0.835790 0.027916 0.548339 -0.490096 0.047098 0.991380 -0.122259 92.493286 -0.547026 0.128009 0.827271 0.169782 0.000000 0.000000 0.000000 1.000000
0.844784 0.015343 0.534887 -0.357474 0.051664 0.992580 -0.110068 92.030502 -0.532607 0.120618 0.837724 0.462640 0.000000 0.000000 0.000000 1.000000
0.853600 0.004727 0.520908 -0.234742 0.056721 0.993170 -0.101960 91.738319 -0.517833 0.116579 0.847501 0.791728 0.000000 0.000000 0.000000 1.000000
0.860802 -0.002501 0.508934 -0.146678 0.062155 0.993019 -0.100249 91.678894 -0.505131 0.117928 0.854948 1.133794 0.000000 0.000000 0.000000 1.000000
0.865270 -0.006002 0.501270 -0.110994 0.067541 0.992207 -0.104706 91.838760 -0.496735 0.124456 0.858933 1.473590 0.000000 0.000000 0.000000 1.000000
0.866527 -0.006675 0.499086 -0.130334 0.072778 0.990914 -0.113107 92.152100 -0.493797 0.134333 0.859139 1.806765 0.000000 0.000000 0.000000 1.000000
0.864631 -0.005846 0.502373 -0.199420 0.078079 0.989347 -0.122869 92.543777 -0.496303 0.145461 0.855877 2.131147 0.000000 0.000000 0.000000 1.000000
0.859871 -0.004113 0.510495 -0.312788 0.083232 0.987718 -0.132237 92.972488 -0.503681 0.156196 0.849652 2.430418 0.000000 0.000000 0.000000 1.000000
0.852540 -0.001289 0.522660 -0.470187 0.087584 0.986209 -0.140432 93.422005 -0.515271 0.165501 0.840896 2.675106 0.000000 0.000000 0.000000 1.000000
0.843217 0.003026 0.537565 -0.664535 0.090339 0.984965 -0.147248 93.883301 -0.529928 0.172725 0.830266 2.825477 0.000000 0.000000 0.000000 1.000000
0.833217 0.008390 0.552882 -0.871608 0.091416 0.984035 -0.152701 94.327034 -0.545336 0.177776 0.819148 2.855247 0.000000 0.000000 0.000000 1.000000
0.824579 0.013853 0.565578 -1.043329 0.091091 0.983406 -0.156893 94.690620 -0.558366 0.180890 0.809633 2.754379 0.000000 0.000000 0.000000 1.000000
0.819069 0.018911 0.573383 -1.116664 0.089294 0.983074 -0.159978 94.895660 -0.566703 0.182232 0.803517 2.527004 0.000000 0.000000 0.000000 1.000000
0.816884 0.023972 0.576304 -1.041786 0.085444 0.983084 -0.162004 94.878616 -0.570438 0.181580 0.801017 2.178364 0.000000 0.000000 0.000000 1.000000
0.816585 0.029498 0.576472 -0.815033 0.079322 0.983484 -0.162685 94.629097 -0.571750 0.178573 0.800758 1.723912 0.000000 0.000000 0.000000 1.000000
0.816610 0.035223 0.576114 -0.492060 0.071432 0.984296 -0.161430 94.194801 -0.572752 0.172979 0.801270 1.187809 0.000000 0.000000 0.000000 1.000000
0.816617 0.040482 0.575759 -0.151613 0.062413 0.985495 -0.157813 93.672836 -0.573796 0.164807 0.802245 0.604522 0.000000 0.000000 0.000000 1.000000
0.817133 0.045271 0.574669 0.165857 0.052293 0.986980 -0.152107 93.173073 -0.574072 0.154343 0.804126 0.014279 0.000000 0.000000 0.000000 1.000000
0.818149 0.050083 0.572822 0.475035 0.041292 0.988510 -0.145404 92.794296 -0.573522 0.142614 0.806680 -0.551522 0.000000 0.000000 0.000000 1.000000
0.818774 0.055129 0.571462 0.821705 0.030459 0.989806 -0.139128 92.605820 -0.573307 0.131321 0.808748 -1.067790 0.000000 0.000000 0.000000 1.000000
0.818440 0.059477 0.571506 1.222264 0.021759 0.990707 -0.134263 92.649101 -0.574180 0.122321 0.809540 -1.521505 0.000000 0.000000 0.000000 1.000000
0.817842 0.061248 0.572175 1.647753 0.017225 0.991268 -0.130730 92.934547 -0.575186 0.116772 0.809645 -1.900601 0.000000 0.000000 0.000000 1.000000
0.818219 0.058988 0.571873 2.057092 0.017551 0.991696 -0.127403 93.421555 -0.574639 0.114281 0.810389 -2.172226 0.000000 0.000000 0.000000 1.000000
0.819605 0.052378 0.570529 2.422046 0.022100 0.992181 -0.122836 93.999329 -0.572502 0.113286 0.812039 -2.269544 0.000000 0.000000 0.000000 1.000000
0.820693 0.042677 0.569774 2.723125 0.029103 0.992790 -0.116281 94.505913 -0.570628 0.112013 0.813533 -2.130874 0.000000 0.000000 0.000000 1.000000
0.820721 0.031980 0.570433 2.929011 0.036579 0.993442 -0.108324 94.776047 -0.570157 0.109769 0.814170 -1.759723 0.000000 0.000000 0.000000 1.000000
0.821124 0.021708 0.570338 2.999883 0.043639 0.993963 -0.100660 94.699837 -0.569080 0.107543 0.815219 -1.241666 0.000000 0.000000 0.000000 1.000000
0.824662 0.011946 0.565500 2.923054 0.050797 0.994173 -0.095078 94.266403 -0.563341 0.107133 0.819250 -0.688406 0.000000 0.000000 0.000000 1.000000
0.832528 0.002396 0.553979 2.730443 0.058685 0.993983 -0.092492 93.573410 -0.550867 0.109512 0.827377 -0.157699 0.000000 0.000000 0.000000 1.000000
0.842654 -0.006199 0.538419 2.479106 0.066623 0.993451 -0.092830 92.798309 -0.534317 0.114094 0.837549 0.371719 0.000000 0.000000 0.000000 1.000000
0.851198 -0.012280 0.524701 2.218866 0.073281 0.992714 -0.095648 92.165054 -0.519704 0.119866 0.845896 0.941180 0.000000 0.000000 0.000000 1.000000
0.855407 -0.014707 0.517748 1.972560 0.078085 0.991834 -0.100835 91.880096 -0.512037 0.126684 0.849570 1.538406 0.000000 0.000000 0.000000 1.000000
0.854951 -0.013314 0.518538 1.745429 0.081278 0.990760 -0.108570 92.039810 -0.512301 0.134968 0.848134 2.092643 0.000000 0.000000 0.000000 1.000000
0.851069 -0.008887 0.524979 1.536913 0.083344 0.989467 -0.118363 92.585884 -0.518397 0.144489 0.842845 2.521112 0.000000 0.000000 0.000000 1.000000
0.845338 -0.002425 0.534226 1.350846 0.084001 0.988154 -0.128434 93.338913 -0.527586 0.153446 0.835528 2.769287 0.000000 0.000000 0.000000 1.000000
0.839127 0.004911 0.543913 1.189320 0.082620 0.987206 -0.136376 94.079803 -0.537624 0.159374 0.827986 2.811259 0.000000 0.000000 0.000000 1.000000
0.833564 0.012029 0.552293 1.054953 0.078856 0.986934 -0.140511 94.602638 -0.546766 0.160676 0.821724 2.639884 0.000000 0.000000 0.000000 1.000000
0.829298 0.018210 0.558510 0.952424 0.073101 0.987345 -0.140735 94.736351 -0.554004 0.157539 0.817472 2.271675 0.000000 0.000000 0.000000 1.000000
0.826149 0.023316 0.562970 0.888594 0.066301 0.988180 -0.138221 94.388824 -0.559538 0.151517 0.814837 1.765462 0.000000 0.000000 0.000000 1.000000
0.823341 0.027648 0.566873 0.870292 0.059293 0.989157 -0.134362 93.631653 -0.564441 0.144238 0.812774 1.218259 0.000000 0.000000 0.000000 1.000000
0.820338 0.031362 0.571019 0.903887 0.052553 0.990136 -0.129879 92.722473 -0.569460 0.136553 0.810598 0.738238 0.000000 0.000000 0.000000 1.000000
0.817412 0.034331 0.575029 0.992946 0.046234 0.991092 -0.124893 92.010574 -0.574195 0.128675 0.808544 0.397238 0.000000 0.000000 0.000000 1.000000
0.815270 0.036234 0.577946 1.128054 0.040817 0.991962 -0.119769 91.759140 -0.577640 0.121235 0.807239 0.206604 0.000000 0.000000 0.000000 1.000000
0.814096 0.037230 0.579535 1.286049 0.036911 0.992608 -0.115616 92.003677 -0.579556 0.115514 0.806704 0.129015 0.000000 0.000000 0.000000 1.000000
0.813145 0.037837 0.580830 1.424960 0.034998 0.992901 -0.113677 92.570267 -0.581008 0.112764 0.806048 0.097747 0.000000 0.000000 0.000000 1.000000
0.811352 0.038385 0.583296 1.503506 0.035130 0.992836 -0.114201 93.204971 -0.583501 0.113148 0.804192 0.054974 0.000000 0.000000 0.000000 1.000000
0.808323 0.038707 0.587465 1.506131 0.036815 0.992560 -0.116054 93.713905 -0.587587 0.115437 0.800884 -0.023338 0.000000 0.000000 0.000000 1.000000
0.804698 0.038161 0.592456 1.449194 0.039455 0.992288 -0.117504 94.010361 -0.592371 0.117931 0.796987 -0.110083 0.000000 0.000000 0.000000 1.000000
0.801541 0.036238 0.596841 1.363151 0.042547 0.992175 -0.117380 94.117653 -0.596425 0.119478 0.793727 -0.159459 0.000000 0.000000 0.000000 1.000000
0.799529 0.033351 0.599700 1.269282 0.045371 0.992251 -0.115670 94.102409 -0.598911 0.119690 0.791821 -0.135216 0.000000 0.000000 0.000000 1.000000
0.798465 0.030606 0.601263 1.170866 0.047292 0.992432 -0.113320 94.036209 -0.600181 0.118916 0.790975 -0.031000 0.000000 0.000000 0.000000 1.000000
0.797607 0.029083 0.602476 1.061274 0.048103 0.992589 -0.111598 93.965622 -0.601256 0.117992 0.790297 0.138971 0.000000 0.000000 0.000000 1.000000
0.796411 0.029238 0.604049 0.936602 0.048088 0.992606 -0.111447 93.902931 -0.602841 0.117805 0.789116 0.356164 0.000000 0.000000 0.000000 1.000000
0.794944 0.030660 0.605908 0.802180 0.047885 0.992435 -0.113045 93.846458 -0.604790 0.118878 0.787462 0.597522 0.000000 0.000000 0.000000 1.000000
0.793862 0.032429 0.607232 0.671081 0.048021 0.992115 -0.115763 93.790459 -0.606198 0.121060 0.786046 0.835881 0.000000 0.000000 0.000000 1.000000
0.794001 0.033485 0.606993 0.556781 0.048829 0.991743 -0.118582 93.736969 -0.605952 0.123793 0.785810 1.044040 0.000000 0.000000 0.000000 1.000000
0.795944 0.033034 0.604469 0.465991 0.050533 0.991400 -0.120719 93.697121 -0.603258 0.126632 0.787429 1.205730 0.000000 0.000000 0.000000 1.000000
0.799711 0.030926 0.599588 0.398113 0.053219 0.991090 -0.122101 93.685089 -0.598022 0.129554 0.790940 1.320593 0.000000 0.000000 0.000000 1.000000
0.804688 0.027818 0.593045 0.349945 0.056640 0.990748 -0.123328 93.710983 -0.590989 0.132831 0.795668 1.396777 0.000000 0.000000 0.000000 1.000000
0.809963 0.024784 0.585957 0.319215 0.060234 0.990308 -0.125147 93.775673 -0.583380 0.136659 0.800620 1.441919 0.000000 0.000000 0.000000 1.000000
0.814881 0.022549 0.579190 0.302959 0.063505 0.989754 -0.127881 93.870262 -0.576139 0.140990 0.805100 1.462869 0.000000 0.000000 0.000000 1.000000</float_array>
        <technique_common>
          <accessor source="#mixamorig_Hips-Matrix-animation-output-transform-array" count="151" stride="16">
            <param type="float4x4"/>
          </accessor>
        </technique_common>
      </source>
      <source id="mixamorig_Hips-Interpolations">
        <Name_array id="mixamorig_Hips-Interpolations-array" count="151">
 LINEAR LINEAR LINEAR LINEAR LINEAR LINEAR LINEAR LINEAR LINEAR LINEAR LINEAR
LINEAR LINEAR LINEAR LINEAR LINEAR LINEAR LINEAR LINEAR LINEAR LINEAR LINEAR LINEAR
LINEAR LINEAR LINEAR LINEAR LINEAR LINEAR LINEAR LINEAR LINEAR LINEAR LINEAR LINEAR
LINEAR LINEAR LINEAR LINEAR LINEAR LINEAR LINEAR LINEAR LINEAR LINEAR LINEAR LINEAR
LINEAR LINEAR LINEAR LINEAR LINEAR LINEAR LINEAR LINEAR LINEAR LINEAR LINEAR LINEAR
LINEAR LINEAR LINEAR LINEAR LINEAR LINEAR LINEAR LINEAR LINEAR LINEAR LINEAR LINEAR
LINEAR LINEAR LINEAR LINEAR LINEAR LINEAR LINEAR LINEAR LINEAR LINEAR LINEAR LINEAR
LINEAR LINEAR LINEAR LINEAR LINEAR LINEAR LINEAR LINEAR LINEAR LINEAR LINEAR LINEAR
LINEAR LINEAR LINEAR LINEAR LINEAR LINEAR LINEAR LINEAR LINEAR LINEAR LINEAR LINEAR
LINEAR LINEAR LINEAR LINEAR LINEAR LINEAR LINEAR LINEAR LINEAR LINEAR LINEAR LINEAR
LINEAR LINEAR LINEAR LINEAR LINEAR LINEAR LINEAR LINEAR LINEAR LINEAR LINEAR LINEAR
LINEAR LINEAR LINEAR LINEAR LINEAR LINEAR LINEAR LINEAR LINEAR LINEAR LINEAR LINEAR
LINEAR LINEAR LINEAR LINEAR LINEAR LINEAR LINEAR LINEAR</Name_array>
        <technique_common>
          <accessor source="#mixamorig_Hips-Interpolations-array" count="151">
            <param type="name"/>
          </accessor>
        </technique_common>
      </source>
      <sampler id="mixamorig_Hips-Matrix-animation-transform">
        <input semantic="INPUT" source="#mixamorig_Hips-Matrix-animation-input"/>
        <input semantic="OUTPUT" source="#mixamorig_Hips-Matrix-animation-output-transform"/>
        <input semantic="INTERPOLATION" source="#mixamorig_Hips-Interpolations"/>
      </sampler>
      <channel source="#mixamorig_Hips-Matrix-animation-transform" target="mixamorig_Hips/matrix"/>
      <source id="mixamorig_Spine-Matrix-animation-input">
        <float_array id="mixamorig_Spine-Matrix-animation-input-array" count="151">

0.000000 0.033333 0.066667 0.100000 0.133333 0.166667 0.200000 0.233333 0.266667 0.300000 0.333333 0.366667 0.400000 0.433333 0.466667 0.500000
0.533333 0.566667 0.600000 0.633333 0.666667 0.700000 0.733333 0.766667 0.800000 0.833333 0.866667 0.900000 0.933333 0.966667 1.000000 1.033333
1.066667 1.100000 1.133333 1.166667 1.200000 1.233333 1.266667 1.300000 1.333333 1.366667 1.400000 1.433333 1.466667 1.500000 1.533333 1.566667
1.600000 1.633333 1.666667 1.700000 1.733333 1.766667 1.800000 1.833333 1.866667 1.900000 1.933333 1.966667 2.000000 2.033333 2.066667 2.100000
2.133333 2.166667 2.200000 2.233333 2.266667 2.300000 2.333333 2.366667 2.400000 2.433333 2.466667 2.500000 2.533333 2.566667 2.600000 2.633333
2.666667 2.700000 2.733333 2.766667 2.800000 2.833333 2.866667 2.900000 2.933333 2.966667 3.000000 3.033333 3.066667 3.100000 3.133333 3.166667
3.200000 3.233333 3.266667 3.300000 3.333333 3.366667 3.400000 3.433333 3.466667 3.500000 3.533333 3.566667 3.600000 3.633333 3.666667 3.700000
3.733333 3.766667 3.800000 3.833333 3.866667 3.900000 3.933333 3.966667 4.000000 4.033333 4.066667 4.100000 4.133333 4.166667 4.200000 4.233333
4.266667 4.300000 4.333333 4.366667 4.400000 4.433333 4.466667 4.500000 4.533333 4.566667 4.600000 4.633333 4.666667 4.700000 4.733333 4.766667
4.800000 4.833333 4.866667 4.900000 4.933333 4.966667 5.000000</float_array>
        <technique_common>
          <accessor source="#mixamorig_Spine-Matrix-animation-input-array" count="151">
            <param name="TIME" type="float"/>
          </accessor>
        </technique_common>
      </source>
      <source id="mixamorig_Spine-Matrix-animation-output-transform">
        <float_array id="mixamorig_Spine-Matrix-animation-output-transform-array" count="2416">

0.993120 0.090233 -0.074641 -0.000000 -0.095145 0.993333 -0.065092 5.645700 0.068270 0.071746 0.995084 -0.031900 0.000000 0.000000 0.000000 1.000000
0.993129 0.086595 -0.078711 -0.000000 -0.091673 0.993771 -0.063369 5.645700 0.072734 0.070149 0.994881 -0.031900 0.000000 0.000000 0.000000 1.000000
0.993030 0.081894 -0.084766 0.000000 -0.087422 0.994132 -0.063706 5.645700 0.079052 0.070672 0.994362 -0.031900 0.000000 0.000000 0.000000 1.000000
0.992828 0.076568 -0.091813 0.000000 -0.082794 0.994376 -0.066036 5.645700 0.086240 0.073164 0.993584 -0.031900 0.000000 0.000000 0.000000 1.000000
0.992636 0.071612 -0.097702 0.000000 -0.078540 0.994520 -0.069005 5.645700 0.092224 0.076170 0.992821 -0.031900 0.000000 0.000000 0.000000 1.000000
0.992578 0.067862 -0.100916 0.000000 -0.075183 0.994667 -0.070601 5.645700 0.095587 0.077664 0.992387 -0.031900 0.000000 0.000000 0.000000 1.000000
0.992626 0.065539 -0.101969 0.000000 -0.072832 0.994918 -0.069526 5.645700 0.096895 0.076440 0.992355 -0.031900 0.000000 0.000000 0.000000 1.000000
0.992647 0.064403 -0.102486 0.000000 -0.071388 0.995262 -0.066011 5.645700 0.097749 0.072842 0.992542 -0.031900 0.000000 0.000000 0.000000 1.000000
0.992587 0.064164 -0.103214 0.000000 -0.070749 0.995599 -0.061455 5.645700 0.098817 0.068302 0.992759 -0.031900 0.000000 0.000000 0.000000 1.000000
0.992546 0.064531 -0.103380 0.000000 -0.070721 0.995845 -0.057376 5.645700 0.099247 0.064259 0.992986 -0.031900 0.000000 0.000000 0.000000 1.000000
0.992646 0.065342 -0.101904 0.000000 -0.071166 0.995969 -0.054596 5.645700 0.097926 0.061447 0.993295 -0.031900 0.000000 0.000000 0.000000 1.000000
0.992880 0.066755 -0.098653 0.000000 -0.072251 0.995965 -0.053229 5.645700 0.094702 0.059977 0.993697 -0.031900 0.000000 0.000000 0.000000 1.000000
0.993145 0.068843 -0.094465 0.000000 -0.074094 0.995829 -0.053245 5.645700 0.090406 0.059880 0.994103 -0.031900 0.000000 0.000000 0.000000 1.000000
0.993348 0.071465 -0.090291 0.000000 -0.076613 0.995548 -0.054899 5.645700 0.085966 0.061451 0.994401 -0.031900 0.000000 0.000000 0.000000 1.000000
0.993477 0.074219 -0.086570 0.000000 -0.079451 0.995112 -0.058648 5.645700 0.081794 0.065144 0.994518 -0.031900 0.000000 0.000000 0.000000 1.000000
0.993574 0.076760 -0.083181 -0.000000 -0.082249 0.994509 -0.064705 5.645700 0.077757 0.071131 0.994432 -0.031900 0.000000 0.000000 0.000000 1.000000
0.993686 0.078961 -0.079708 0.000000 -0.084794 0.993746 -0.072653 5.645700 0.073473 0.078953 0.994167 -0.031900 0.000000 0.000000 0.000000 1.000000
0.993820 0.081149 -0.075735 -0.000000 -0.087274 0.992852 -0.081411 5.645700 0.068587 0.087518 0.993799 -0.031900 0.000000 0.000000 0.000000 1.000000
0.993970 0.083544 -0.071027 0.000000 -0.089774 0.991925 -0.089585 5.645700 0.062970 0.095421 0.993443 -0.031900 0.000000 0.000000 0.000000 1.000000
0.994118 0.086073 -0.065729 0.000000 -0.092150 0.991123 -0.095829 5.645700 0.056897 0.101323 0.993225 -0.031900 0.000000 0.000000 0.000000 1.000000
0.994231 0.088520 -0.060569 -0.000000 -0.094235 0.990604 -0.099114 5.645700 0.051227 0.104250 0.993231 -0.031900 0.000000 0.000000 0.000000 1.000000
0.994250 0.090750 -0.056852 0.000000 -0.096062 0.990443 -0.098965 5.645700 0.047328 0.103857 0.993466 -0.031900 0.000000 0.000000 0.000000 1.000000
0.994108 0.092876 -0.055890 -0.000000 -0.097926 0.990585 -0.095663 5.645700 0.046479 0.100573 0.993843 -0.031900 0.000000 0.000000 0.000000 1.000000
0.993766 0.095170 -0.058066 0.000000 -0.100163 0.990875 -0.090186 5.645700 0.048953 0.095440 0.994231 -0.031900 0.000000 0.000000 0.000000 1.000000
0.993264 0.097665 -0.062364 0.000000 -0.102721 0.991174 -0.083805 5.645700 0.053628 0.089647 0.994529 -0.031900 0.000000 0.000000 0.000000 1.000000
0.992745 0.099847 -0.066997 -0.000000 -0.104955 0.991443 -0.077620 5.645700 0.058673 0.084088 0.994729 -0.031900 0.000000 0.000000 0.000000 1.000000
0.992385 0.100837 -0.070736 0.000000 -0.105929 0.991737 -0.072365 5.645700 0.062855 0.079307 0.994867 -0.031900 0.000000 0.000000 0.000000 1.000000
0.992242 0.100056 -0.073788 0.000000 -0.105138 0.992094 -0.068530 5.645700 0.066348 0.075756 0.994917 -0.031900 0.000000 0.000000 0.000000 1.000000
0.992212 0.097610 -0.077385 0.000000 -0.102821 0.992476 -0.066480 5.645700 0.070314 0.073919 0.994782 -0.031900 0.000000 0.000000 0.000000 1.000000
0.992174 0.093862 -0.082349 0.000000 -0.099429 0.992831 -0.066329 5.645700 0.075533 0.073998 0.994394 -0.031900 0.000000 0.000000 0.000000 1.000000
0.992107 0.089224 -0.088110 0.000000 -0.095324 0.993146 -0.067630 5.645700 0.081472 0.075496 0.993812 -0.031900 0.000000 0.000000 0.000000 1.000000
0.992094 0.084192 -0.093066 -0.000000 -0.090806 0.993456 -0.069277 5.645700 0.086624 0.077181 0.993247 -0.031900 0.000000 0.000000 0.000000 1.000000
0.992190 0.079591 -0.096043 -0.000000 -0.086481 0.993802 -0.069846 5.645700 0.089889 0.077607 0.992924 -0.031900 0.000000 0.000000 0.000000 1.000000
0.992321 0.076301 -0.097348 0.000000 -0.083143 0.994196 -0.068275 5.645700 0.091574 0.075844 0.992906 -0.031900 0.000000 0.000000 0.000000 1.000000
0.992358 0.074609 -0.098277 -0.000000 -0.081168 0.994610 -0.064516 5.645700 0.092934 0.072000 0.993066 -0.031900 0.000000 0.000000 0.000000 1.000000
0.992262 0.074089 -0.099631 -0.000000 -0.080290 0.994980 -0.059736 5.645700 0.094705 0.067273 0.993230 -0.031900 0.000000 0.000000 0.000000 1.000000
0.992137 0.074151 -0.100824 0.000000 -0.080056 0.995225 -0.055839 5.645700 0.096202 0.063471 0.993336 -0.031900 0.000000 0.000000 0.000000 1.000000
0.992143 0.074564 -0.100460 -0.000000 -0.080317 0.995279 -0.054492 5.645700 0.095922 0.062132 0.993448 -0.031900 0.000000 0.000000 0.000000 1.000000
0.992349 0.075448 -0.097725 -0.000000 -0.081191 0.995114 -0.056187 5.645700 0.093009 0.063692 0.993626 -0.031900 0.000000 0.000000 0.000000 1.000000
0.992673 0.076919 -0.093184 0.000000 -0.082714 0.994765 -0.060004 5.645700 0.088081 0.067272 0.993839 -0.031900 0.000000 0.000000 0.000000 1.000000
0.992964 0.078921 -0.088287 0.000000 -0.084740 0.994331 -0.064227 5.645700 0.082718 0.071256 0.994022 -0.031900 0.000000 0.000000 0.000000 1.000000
0.993121 0.081320 -0.084252 0.000000 -0.087097 0.993922 -0.067324 5.645700 0.078265 0.074199 0.994168 -0.031900 0.000000 0.000000 0.000000 1.000000
0.993134 0.084031 -0.081385 -0.000000 -0.089690 0.993606 -0.068577 5.645700 0.075102 0.075405 0.994321 -0.031900 0.000000 0.000000 0.000000 1.000000
0.993049 0.086929 -0.079357 0.000000 -0.092400 0.993391 -0.068086 5.645700 0.072914 0.074946 0.994518 -0.031900 0.000000 0.000000 0.000000 1.000000
0.992916 0.089747 -0.077874 0.000000 -0.094987 0.993261 -0.066413 5.645700 0.071388 0.073340 0.994749 -0.031900 0.000000 0.000000 0.000000 1.000000
0.992764 0.092165 -0.076974 0.000000 -0.097184 0.993192 -0.064230 5.645700 0.070530 0.071246 0.994962 -0.031900 0.000000 0.000000 0.000000 1.000000
0.992603 0.094093 -0.076725 0.000000 -0.098950 0.993148 -0.062175 5.645700 0.070349 0.069307 0.995112 -0.031900 0.000000 0.000000 0.000000 1.000000
0.992441 0.095744 -0.076773 0.000000 -0.100514 0.993072 -0.060875 5.645700 0.070412 0.068131 0.995189 -0.031900 0.000000 0.000000 0.000000 1.000000
0.992287 0.097515 -0.076539 0.000000 -0.102277 0.992886 -0.060965 5.645700 0.070049 0.068323 0.995201 -0.031900 0.000000 0.000000 0.000000 1.000000
0.992158 0.099520 -0.075623 0.000000 -0.104359 0.992544 -0.062974 5.645700 0.068792 0.070372 0.995146 -0.031900 0.000000 0.000000 0.000000 1.000000
0.992079 0.101473 -0.074050 0.000000 -0.106477 0.992051 -0.067070 5.645700 0.066656 0.074424 0.994997 -0.031900 0.000000 0.000000 0.000000 1.000000
0.992103 0.102799 -0.071861 0.000000 -0.108012 0.991475 -0.072869 5.645700 0.063758 0.080055 0.994749 -0.031900 0.000000 0.000000 0.000000 1.000000
0.992246 0.103435 -0.068908 0.000000 -0.108807 0.990888 -0.079391 5.645700 0.060069 0.086273 0.994459 -0.031900 0.000000 0.000000 0.000000 1.000000
0.992481 0.103679 -0.065048 0.000000 -0.109048 0.990372 -0.085273 5.645700 0.055581 0.091725 0.994232 -0.031900 0.000000 0.000000 0.000000 1.000000
0.992757 0.103680 -0.060690 0.000000 -0.108847 0.990054 -0.089132 5.645700 0.050845 0.095093 0.994169 -0.031900 0.000000 0.000000 0.000000 1.000000
0.992979 0.103541 -0.057209 0.000000 -0.108418 0.990023 -0.090005 5.645700 0.047319 0.095575 0.994297 -0.031900 0.000000 0.000000 0.000000 1.000000
0.993039 0.103478 -0.056264 0.000000 -0.108158 0.990256 -0.087720 5.645700 0.046638 0.093195 0.994555 -0.031900 0.000000 0.000000 0.000000 1.000000
0.992880 0.103733 -0.058563 0.000000 -0.108392 0.990641 -0.082952 5.645700 0.049411 0.088709 0.994831 -0.031900 0.000000 0.000000 0.000000 1.000000
0.992554 0.104101 -0.063237 -0.000000 -0.108844 0.991082 -0.076873 5.645700 0.054670 0.083183 0.995034 -0.031900 0.000000 0.000000 0.000000 1.000000
0.992238 0.103784 -0.068502 -0.000000 -0.108595 0.991570 -0.070688 5.645700 0.060589 0.077578 0.995144 -0.031900 0.000000 0.000000 0.000000 1.000000
0.992101 0.101917 -0.073137 0.000000 -0.106737 0.992139 -0.065319 5.645700 0.065905 0.072609 0.995181 -0.031900 0.000000 0.000000 0.000000 1.000000
0.992149 0.098237 -0.077397 -0.000000 -0.103088 0.992776 -0.061388 5.645700 0.070807 0.068885 0.995109 -0.031900 0.000000 0.000000 0.000000 1.000000
0.992230 0.093168 -0.082463 0.000000 -0.098214 0.993391 -0.059400 5.645700 0.076384 0.067037 0.994822 -0.031900 0.000000 0.000000 0.000000 1.000000
0.992200 0.087445 -0.088841 -0.000000 -0.092943 0.993877 -0.059748 5.645700 0.083073 0.067540 0.994252 -0.031900 0.000000 0.000000 0.000000 1.000000
0.992099 0.081572 -0.095315 0.000000 -0.087735 0.994190 -0.062363 5.645700 0.089674 0.070233 0.993492 -0.031900 0.000000 0.000000 0.000000 1.000000
0.992102 0.076082 -0.099726 0.000000 -0.082916 0.994351 -0.066271 5.645700 0.094121 0.074016 0.992806 -0.031900 0.000000 0.000000 0.000000 1.000000
0.992321 0.071595 -0.100863 0.000000 -0.078837 0.994445 -0.069738 5.645700 0.095310 0.077154 0.992453 -0.031900 0.000000 0.000000 0.000000 1.000000
0.992633 0.068824 -0.099719 0.000000 -0.076096 0.994566 -0.071055 5.645700 0.094287 0.078120 0.992475 -0.031900 0.000000 0.000000 0.000000 1.000000
0.992782 0.068273 -0.098603 0.000000 -0.075306 0.994738 -0.069460 5.645700 0.093342 0.076385 0.992700 -0.031900 0.000000 0.000000 0.000000 1.000000
0.992630 0.069901 -0.098991 -0.000000 -0.076600 0.994904 -0.065567 5.645700 0.093904 0.072666 0.992926 -0.031900 0.000000 0.000000 0.000000 1.000000
0.992279 0.073053 -0.100226 0.000000 -0.079417 0.994970 -0.061047 5.645700 0.095262 0.068535 0.993090 -0.031900 0.000000 0.000000 0.000000 1.000000
0.992002 0.076673 -0.100268 0.000000 -0.082732 0.994898 -0.057736 5.645700 0.095330 0.065570 0.993284 -0.031900 0.000000 0.000000 0.000000 1.000000
0.991989 0.080004 -0.097760 -0.000000 -0.085810 0.994697 -0.056699 5.645700 0.092706 0.064634 0.993594 -0.031900 0.000000 0.000000 0.000000 1.000000
0.992174 0.083225 -0.093084 -0.000000 -0.088852 0.994353 -0.058030 5.645700 0.087728 0.065846 0.993966 -0.031900 0.000000 0.000000 0.000000 1.000000
0.992351 0.086920 -0.087655 0.000000 -0.092485 0.993810 -0.061549 5.645700 0.081763 0.069185 0.994248 -0.031900 0.000000 0.000000 0.000000 1.000000
0.992335 0.091831 -0.082696 0.000000 -0.097499 0.992956 -0.067324 5.645700 0.075931 0.074870 0.994298 -0.031900 0.000000 0.000000 0.000000 1.000000
