<?xml version="1.0" encoding="utf-8"?>
<COLLADA xmlns="http://www.collada.org/2005/11/COLLADASchema" version="1.4.1">
  <asset>
    <contributor>
      <author>Mixamo</author>
      <authoring_tool>COLLADA Mixamo exporter</authoring_tool>
      <comments/>
    </contributor>
    <created>2024-06-27T09:40:51Z</created>
    <modified>2024-06-27T09:40:51Z</modified>
    <revision/>
    <title/>
    <unit meter="0.010000"/>
    <up_axis>Y_UP</up_axis>
  </asset>
  <library_animations>
    <animation>
      <source id="mixamorig_Hips-Matrix-animation-input">
        <float_array id="mixamorig_Hips-Matrix-animation-input-array" count="121">

0.000000 0.033333 0.066667 0.100000 0.133333 0.166667 0.200000 0.233333 0.266667 0.300000 0.333333 0.366667 0.400000 0.433333 0.466667 0.500000
0.533333 0.566667 0.600000 0.633333 0.666667 0.700000 0.733333 0.766667 0.800000 0.833333 0.866667 0.900000 0.933333 0.966667 1.000000 1.033333
1.066667 1.100000 1.133333 1.166667 1.200000 1.233333 1.266667 1.300000 1.333333 1.366667 1.400000 1.433333 1.466667 1.500000 1.533333 1.566667
1.600000 1.633333 1.666667 1.700000 1.733333 1.766667 1.800000 1.833333 1.866667 1.900000 1.933333 1.966667 2.000000 2.033333 2.066667 2.100000
2.133333 2.166667 2.200000 2.233333 2.266667 2.300000 2.333333 2.366667 2.400000 2.433333 2.466667 2.500000 2.533333 2.566667 2.600000 2.633333
2.666667 2.700000 2.733333 2.766667 2.800000 2.833333 2.866667 2.900000 2.933333 2.966667 3.000000 3.033333 3.066667 3.100000 3.133333 3.166667
3.200000 3.233333 3.266667 3.300000 3.333333 3.366667 3.400000 3.433333 3.466667 3.500000 3.533333 3.566667 3.600000 3.633333 3.666667 3.700000
3.733333 3.766667 3.800000 3.833333 3.866667 3.900000 3.933333 3.966667 4.000000</float_array>
        <technique_common>
          <accessor source="#mixamorig_Hips-Matrix-animation-input-array" count="121">
            <param name="TIME" type="float"/>
          </accessor>
        </technique_common>
      </source>
      <source id="mixamorig_Hips-Matrix-animation-output-transform">
        <float_array id="mixamorig_Hips-Matrix-animation-output-transform-array" count="1936">

0.894175 -0.005918 -0.447678 0.693897 0.026005 0.998911 0.038736 99.364136 0.446961 -0.046279 0.893356 1.103066 0.000000 0.000000 0.000000 1.000000
0.896861 -0.010512 -0.442189 1.102462 0.030089 0.998852 0.037282 99.385193 0.441289 -0.046742 0.896147 1.308452 0.000000 0.000000 0.000000 1.000000
0.892775 -0.015841 -0.450224 1.424270 0.034800 0.998820 0.033863 99.416580 0.449157 -0.045900 0.892273 1.406672 0.000000 0.000000 0.000000 1.000000
0.885640 -0.021368 -0.463881 1.701257 0.039614 0.998776 0.029625 99.448051 0.462680 -0.044613 0.885402 1.460620 0.000000 0.000000 0.000000 1.000000
0.879595 -0.026339 -0.474993 2.028976 0.043754 0.998713 0.025645 99.463478 0.473707 -0.043340 0.879616 1.526683 0.000000 0.000000 0.000000 1.000000
0.877124 -0.029903 -0.479332 2.456910 0.046256 0.998680 0.022341 99.458237 0.478032 -0.041768 0.877349 1.619477 0.000000 0.000000 0.000000 1.000000
0.878804 -0.031967 -0.476111 2.947040 0.046922 0.998707 0.019552 99.431046 0.474871 -0.039523 0.879168 1.712832 0.000000 0.000000 0.000000 1.000000
0.882856 -0.032890 -0.468491 3.357290 0.046086 0.998797 0.016728 99.391014 0.467378 -0.036359 0.883310 1.727878 0.000000 0.000000 0.000000 1.000000
0.888540 -0.032050 -0.457679 3.625921 0.044170 0.998899 0.015801 99.338936 0.456669 -0.034255 0.888977 1.644568 0.000000 0.000000 0.000000 1.000000
0.895820 -0.028664 -0.443491 3.740331 0.041446 0.998957 0.019153 99.264496 0.442479 -0.035538 0.896074 1.512208 0.000000 0.000000 0.000000 1.000000
0.904844 -0.024751 -0.425023 3.690299 0.038968 0.998933 0.024789 99.185669 0.423956 -0.038993 0.904843 1.416392 0.000000 0.000000 0.000000 1.000000
0.915334 -0.025014 -0.401917 3.418964 0.040047 0.998776 0.029043 99.117767 0.400699 -0.042679 0.915215 1.423093 0.000000 0.000000 0.000000 1.000000
0.927108 -0.028500 -0.373709 2.921018 0.043562 0.998541 0.031920 99.158348 0.372254 -0.045873 0.926997 1.552742 0.000000 0.000000 0.000000 1.000000
0.940026 -0.031430 -0.339651 2.230373 0.045524 0.998398 0.033605 99.343597 0.338051 -0.047052 0.939951 1.761062 0.000000 0.000000 0.000000 1.000000
0.953350 -0.032683 -0.300092 1.353450 0.043987 0.998551 0.030990 99.614487 0.298644 -0.042744 0.953407 1.972118 0.000000 0.000000 0.000000 1.000000
0.965330 -0.031976 -0.259065 0.305645 0.039236 0.998968 0.022899 99.869400 0.258065 -0.032270 0.965588 2.112340 0.000000 0.000000 0.000000 1.000000
0.974621 -0.028386 -0.222052 -0.876043 0.031965 0.999410 0.012540 100.015053 0.221566 -0.019320 0.974954 2.107784 0.000000 0.000000 0.000000 1.000000
0.981174 -0.022850 -0.191771 -2.152138 0.023984 0.999706 0.003597 100.040474 0.191633 -0.008129 0.981433 1.908922 0.000000 0.000000 0.000000 1.000000
0.985917 -0.018068 -0.166258 -3.508343 0.017947 0.999836 -0.002226 99.985886 0.166271 -0.000790 0.986080 1.541177 0.000000 0.000000 0.000000 1.000000
0.989841 -0.013186 -0.141563 -4.913018 0.012799 0.999911 -0.003638 99.946930 0.141598 0.001789 0.989923 1.111254 0.000000 0.000000 0.000000 1.000000
0.993258 -0.006677 -0.115737 -6.328734 0.006696 0.999978 -0.000221 99.952820 0.115735 -0.000555 0.993280 0.713215 0.000000 0.000000 0.000000 1.000000
0.996080 0.001710 -0.088436 -7.743043 -0.001136 0.999978 0.006539 99.933479 0.088446 -0.006413 0.996060 0.362245 0.000000 0.000000 0.000000 1.000000
0.998082 0.010639 -0.060988 -9.142795 -0.009767 0.999846 0.014589 99.786957 0.061134 -0.013966 0.998032 0.052160 0.000000 0.000000 0.000000 1.000000
0.999138 0.018174 -0.037328 -10.518605 -0.017359 0.999606 0.022040 99.582420 0.037714 -0.021373 0.999060 -0.182871 0.000000 0.000000 0.000000 1.000000
0.999494 0.022991 -0.021979 -11.855442 -0.022367 0.999352 0.028218 99.430359 0.022614 -0.027712 0.999360 -0.318935 0.000000 0.000000 0.000000 1.000000
0.999507 0.026923 -0.016175 -13.114324 -0.026356 0.999063 0.034318 99.437538 0.017084 -0.033875 0.999280 -0.383084 0.000000 0.000000 0.000000 1.000000
0.999361 0.031520 -0.016860 -14.272532 -0.030816 0.998703 0.040520 99.564079 0.018116 -0.039975 0.999036 -0.439510 0.000000 0.000000 0.000000 1.000000
0.999109 0.037498 -0.019353 -15.324030 -0.036590 0.998302 0.045331 99.671997 0.021020 -0.044582 0.998785 -0.545804 0.000000 0.000000 0.000000 1.000000
0.998914 0.041258 -0.021641 -16.303547 -0.040164 0.998003 0.048744 99.680267 0.023609 -0.047822 0.998577 -0.733901 0.000000 0.000000 0.000000 1.000000
0.998888 0.040700 -0.023808 -17.249828 -0.039388 0.997807 0.053196 99.558365 0.025921 -0.052199 0.998300 -1.010485 0.000000 0.000000 0.000000 1.000000
0.999019 0.036205 -0.025489 -18.187935 -0.034573 0.997491 0.061785 99.289879 0.027662 -0.060843 0.997764 -1.340399 0.000000 0.000000 0.000000 1.000000
0.999252 0.028796 -0.025810 -19.111713 -0.026722 0.996643 0.077387 98.870483 0.027952 -0.076640 0.996667 -1.635362 0.000000 0.000000 0.000000 1.000000
0.999453 0.019925 -0.026381 -19.984314 -0.017207 0.994885 0.099534 98.334061 0.028229 -0.099025 0.994684 -1.826184 0.000000 0.000000 0.000000 1.000000
0.999468 0.013045 -0.029886 -20.740047 -0.009218 0.992143 0.124771 97.757523 0.031279 -0.124430 0.991735 -1.895194 0.000000 0.000000 0.000000 1.000000
0.999258 0.010295 -0.037119 -21.331823 -0.004695 0.988991 0.147903 97.300461 0.038233 -0.147619 0.988305 -1.845232 0.000000 0.000000 0.000000 1.000000
0.998776 0.009423 -0.048563 -21.757454 -0.001360 0.986549 0.163462 97.153282 0.049450 -0.163196 0.985354 -1.708450 0.000000 0.000000 0.000000 1.000000
0.997883 0.007885 -0.064551 -22.003191 0.003109 0.985702 0.168471 97.349762 0.064957 -0.168315 0.983591 -1.538497 0.000000 0.000000 0.000000 1.000000
0.996451 0.004525 -0.084057 -22.077303 0.009328 0.986469 0.163682 97.789383 0.083660 -0.163885 0.982926 -1.372073 0.000000 0.000000 0.000000 1.000000
0.994490 0.004980 -0.104711 -21.989552 0.011114 0.988233 0.152551 98.277039 0.104238 -0.152874 0.982733 -1.218381 0.000000 0.000000 0.000000 1.000000
0.991945 0.014000 -0.125895 -21.745365 0.003600 0.990357 0.138495 98.675453 0.126620 -0.137832 0.982329 -1.079774 0.000000 0.000000 0.000000 1.000000
0.988489 0.027788 -0.148716 -21.360128 -0.009183 0.992195 0.124355 98.953400 0.151011 -0.121558 0.981030 -0.948216 0.000000 0.000000 0.000000 1.000000
0.983997 0.040681 -0.173477 -20.829622 -0.021150 0.993372 0.112980 99.074890 0.176923 -0.107503 0.978336 -0.816197 0.000000 0.000000 0.000000 1.000000
0.978673 0.048857 -0.199532 -20.157352 -0.027952 0.993944 0.106274 99.056824 0.203516 -0.098430 0.974111 -0.700021 0.000000 0.000000 0.000000 1.000000
0.972889 0.051620 -0.225440 -19.372618 -0.028580 0.994136 0.104294 98.991943 0.229502 -0.095023 0.968659 -0.634800 0.000000 0.000000 0.000000 1.000000
0.966917 0.049948 -0.250153 -18.519173 -0.024253 0.994201 0.104767 98.963280 0.253935 -0.095234 0.962521 -0.643591 0.000000 0.000000 0.000000 1.000000
0.960680 0.044319 -0.274100 -17.609041 -0.015975 0.994366 0.104787 98.962585 0.277200 -0.096288 0.955975 -0.710842 0.000000 0.000000 0.000000 1.000000
0.954074 0.037633 -0.297199 -16.603983 -0.007045 0.994622 0.103327 98.920204 0.299489 -0.096488 0.949208 -0.751327 0.000000 0.000000 0.000000 1.000000
0.947380 0.035183 -0.318172 -15.473660 -0.003136 0.994914 0.100678 98.858719 0.320096 -0.094383 0.942672 -0.650362 0.000000 0.000000 0.000000 1.000000
0.941048 0.034661 -0.336492 -14.264897 -0.001985 0.995286 0.096968 98.922691 0.338266 -0.090584 0.936681 -0.401334 0.000000 0.000000 0.000000 1.000000
0.935444 0.032935 -0.351937 -12.988091 -0.000194 0.995697 0.092666 99.103706 0.353474 -0.086616 0.931426 -0.088407 0.000000 0.000000 0.000000 1.000000
0.930522 0.029188 -0.365070 -11.666310 0.003034 0.996171 0.087379 99.315620 0.366223 -0.082416 0.926870 0.231427 0.000000 0.000000 0.000000 1.000000
0.925639 0.025452 -0.377550 -10.327818 0.005530 0.996719 0.080749 99.493111 0.378366 -0.076832 0.922462 0.542097 0.000000 0.000000 0.000000 1.000000
0.920114 0.022397 -0.391009 -8.957494 0.006727 0.997312 0.072956 99.629044 0.391592 -0.069758 0.917491 0.833141 0.000000 0.000000 0.000000 1.000000
0.914062 0.019739 -0.405093 -7.505800 0.006908 0.997912 0.064211 99.767441 0.405515 -0.061491 0.912018 1.098440 0.000000 0.000000 0.000000 1.000000
0.907715 0.016063 -0.419279 -6.009542 0.006952 0.998554 0.053306 99.890793 0.419529 -0.051301 0.906291 1.302805 0.000000 0.000000 0.000000 1.000000
0.900835 0.012621 -0.433979 -4.537800 0.005302 0.999183 0.040065 99.957779 0.434130 -0.038393 0.900032 1.378578 0.000000 0.000000 0.000000 1.000000
0.893009 0.009479 -0.449939 -3.186558 0.003509 0.999601 0.028022 99.887665 0.450025 -0.026603 0.892620 1.273521 0.000000 0.000000 0.000000 1.000000
0.884897 0.009566 -0.465688 -1.966922 0.001539 0.999724 0.023460 99.730949 0.465784 -0.021477 0.884638 1.027025 0.000000 0.000000 0.000000 1.000000
0.878709 0.013201 -0.477175 -0.879606 0.000798 0.999576 0.029123 99.507187 0.477357 -0.025971 0.878326 0.724687 0.000000 0.000000 0.000000 1.000000
0.876804 0.015798 -0.480588 -0.004001 0.006146 0.999010 0.044053 99.163376 0.480808 -0.041579 0.875839 0.453836 0.000000 0.000000 0.000000 1.000000
0.880116 0.018677 -0.474391 0.676281 0.014741 0.997669 0.066626 98.819862 0.474530 -0.065631 0.877789 0.328381 0.000000 0.000000 0.000000 1.000000
0.887750 0.020589 -0.459865 1.168657 0.024625 0.995445 0.092104 98.565262 0.459667 -0.093089 0.883199 0.393685 0.000000 0.000000 0.000000 1.000000
0.897526 0.019449 -0.440531 1.522724 0.033935 0.993018 0.112980 98.482170 0.439653 -0.116352 0.890600 0.581288 0.000000 0.000000 0.000000 1.000000
0.908037 0.014288 -0.418647 1.744681 0.041594 0.991404 0.124051 98.555939 0.416821 -0.130056 0.899637 0.770592 0.000000 0.000000 0.000000 1.000000
0.918679 0.007071 -0.394941 1.794079 0.045900 0.991156 0.124513 98.740227 0.392329 -0.132515 0.910230 0.904713 0.000000 0.000000 0.000000 1.000000
0.929668 0.000842 -0.368397 1.623513 0.045561 0.992058 0.117241 99.001190 0.365570 -0.125780 0.922246 0.998520 0.000000 0.000000 0.000000 1.000000
0.941271 -0.002530 -0.337642 1.217445 0.041135 0.993383 0.107234 99.320557 0.335137 -0.114825 0.935146 1.090116 0.000000 0.000000 0.000000 1.000000
0.952888 -0.002984 -0.303307 0.613790 0.034221 0.994625 0.097728 99.656174 0.301385 -0.103504 0.947868 1.202030 0.000000 0.000000 0.000000 1.000000
0.963229 -0.003167 -0.268665 -0.161709 0.028087 0.995639 0.088964 99.906075 0.267211 -0.093239 0.959117 1.327519 0.000000 0.000000 0.000000 1.000000
0.971572 -0.003480 -0.236717 -1.074136 0.023178 0.996487 0.080482 100.022324 0.235605 -0.083681 0.968239 1.444667 0.000000 0.000000 0.000000 1.000000
0.977953 -0.004868 -0.208770 -2.105546 0.020524 0.997129 0.072891 99.997574 0.207816 -0.075568 0.975245 1.504517 0.000000 0.000000 0.000000 1.000000
0.982944 -0.007205 -0.183763 -3.211689 0.019970 0.997505 0.067710 99.855049 0.182816 -0.070225 0.980636 1.460508 0.000000 0.000000 0.000000 1.000000
0.987147 -0.008423 -0.159593 -4.322898 0.019177 0.997638 0.065962 99.648666 0.158660 -0.068175 0.984977 1.323135 0.000000 0.000000 0.000000 1.000000
0.990602 -0.008381 -0.136517 -5.344367 0.017649 0.997609 0.066820 99.419281 0.135631 -0.068601 0.988382 1.161115 0.000000 0.000000 0.000000 1.000000
0.992949 -0.008774 -0.118218 -6.192538 0.016858 0.997573 0.067553 99.230019 0.117338 -0.069070 0.990687 1.064718 0.000000 0.000000 0.000000 1.000000
0.994125 -0.011618 -0.107609 -6.810432 0.018866 0.997603 0.066580 99.162384 0.106578 -0.068219 0.991961 1.098809 0.000000 0.000000 0.000000 1.000000
0.994420 -0.014759 -0.104460 -7.158442 0.021607 0.997668 0.064736 99.252090 0.103261 -0.066632 0.992420 1.264431 0.000000 0.000000 0.000000 1.000000
0.994205 -0.014994 -0.106449 -7.245184 0.021740 0.997808 0.062497 99.444633 0.105279 -0.064449 0.992352 1.486798 0.000000 0.000000 0.000000 1.000000
0.993812 -0.009575 -0.110662 -7.098172 0.016232 0.998102 0.059411 99.687515 0.109883 -0.060839 0.992081 1.675234 0.000000 0.000000 0.000000 1.000000
0.993319 -0.001480 -0.115389 -6.789115 0.007890 0.998448 0.055122 99.872795 0.115128 -0.055664 0.991790 1.770942 0.000000 0.000000 0.000000 1.000000
0.992748 0.006503 -0.120036 -6.387937 -0.000423 0.998719 0.050604 99.953339 0.120212 -0.050186 0.991479 1.758089 0.000000 0.000000 0.000000 1.000000
0.992106 0.012809 -0.124749 -5.970939 -0.007003 0.998876 0.046874 99.919304 0.125210 -0.045630 0.991080 1.647012 0.000000 0.000000 0.000000 1.000000
0.991379 0.015457 -0.130108 -5.628886 -0.009763 0.998971 0.044288 99.779236 0.130659 -0.042636 0.990510 1.478195 0.000000 0.000000 0.000000 1.000000
0.990565 0.012264 -0.136495 -5.439190 -0.006309 0.999013 0.043970 99.536804 0.136900 -0.042694 0.989664 1.320671 0.000000 0.000000 0.000000 1.000000
0.989716 0.004403 -0.142979 -5.411372 0.002548 0.998825 0.048394 99.219330 0.143024 -0.048260 0.988542 1.239778 0.000000 0.000000 0.000000 1.000000
0.989077 -0.007346 -0.147214 -5.582816 0.016096 0.998167 0.058336 98.867638 0.146516 -0.060068 0.987383 1.259055 0.000000 0.000000 0.000000 1.000000
0.989172 -0.019081 -0.145516 -5.967580 0.029812 0.996965 0.071924 98.572510 0.143702 -0.075483 0.986738 1.360405 0.000000 0.000000 0.000000 1.000000
0.990311 -0.027802 -0.136053 -6.587930 0.039639 0.995585 0.085086 98.386200 0.133087 -0.089654 0.987041 1.496096 0.000000 0.000000 0.000000 1.000000
0.991981 -0.033285 -0.121925 -7.454643 0.044930 0.994554 0.094041 98.344856 0.118130 -0.098765 0.988074 1.622898 0.000000 0.000000 0.000000 1.000000
0.993393 -0.035383 -0.109170 -8.546431 0.046083 0.994208 0.097096 98.467850 0.105102 -0.101486 0.989270 1.723625 0.000000 0.000000 0.000000 1.000000
0.994113 -0.032788 -0.103271 -9.794440 0.042708 0.994526 0.095365 98.736504 0.099578 -0.099214 0.990071 1.788162 0.000000 0.000000 0.000000 1.000000
0.993958 -0.024894 -0.106903 -11.104148 0.034684 0.995272 0.090718 99.079292 0.104140 -0.093877 0.990122 1.781965 0.000000 0.000000 0.000000 1.000000
0.992738 -0.013072 -0.119584 -12.364402 0.023221 0.996206 0.083871 99.369995 0.118034 -0.086039 0.989275 1.654655 0.000000 0.000000 0.000000 1.000000
0.989972 0.001365 -0.141258 -13.471307 0.009369 0.997117 0.075295 99.502602 0.140953 -0.075864 0.987105 1.376634 0.000000 0.000000 0.000000 1.000000
0.985183 0.013219 -0.170999 -14.412079 -0.001862 0.997791 0.066405 99.529076 0.171499 -0.065103 0.983031 0.964981 0.000000 0.000000 0.000000 1.000000
0.978869 0.020398 -0.203471 -15.178337 -0.008370 0.998175 0.059800 99.520142 0.204319 -0.056834 0.977253 0.474073 0.000000 0.000000 0.000000 1.000000
0.972709 0.023206 -0.230864 -15.768396 -0.010394 0.998345 0.056557 99.527435 0.231795 -0.052614 0.971341 -0.026309 0.000000 0.000000 0.000000 1.000000
0.968296 0.022582 -0.248784 -16.184832 -0.008811 0.998374 0.056327 99.542160 0.249652 -0.052349 0.966920 -0.470119 0.000000 0.000000 0.000000 1.000000
0.965998 0.019430 -0.257818 -16.435949 -0.004628 0.998312 0.057895 99.509979 0.258508 -0.054734 0.964457 -0.819848 0.000000 0.000000 0.000000 1.000000
0.964967 0.016716 -0.261839 -16.535027 -0.001028 0.998201 0.059940 99.382034 0.262370 -0.057571 0.963248 -1.055413 0.000000 0.000000 0.000000 1.000000
0.964057 0.016673 -0.265172 -16.508120 0.000060 0.998015 0.062969 99.215714 0.265696 -0.060722 0.962143 -1.159041 0.000000 0.000000 0.000000 1.000000
0.962582 0.018745 -0.270342 -16.355089 -0.000534 0.997734 0.067280 99.115257 0.270990 -0.064618 0.960411 -1.143608 0.000000 0.000000 0.000000 1.000000
0.959598 0.020684 -0.280613 -16.048447 -0.001034 0.997547 0.069992 99.155220 0.281373 -0.066874 0.957265 -1.077753 0.000000 0.000000 0.000000 1.000000
0.953809 0.021385 -0.299650 -15.597297 -0.001260 0.997739 0.067196 99.338562 0.300410 -0.063715 0.951680 -1.032388 0.000000 0.000000 0.000000 1.000000
0.944869 0.021115 -0.326766 -15.049467 -0.002125 0.998293 0.058364 99.589767 0.327441 -0.054452 0.943301 -1.028000 0.000000 0.000000 0.000000 1.000000
0.934118 0.018657 -0.356475 -14.445158 -0.002031 0.998895 0.046956 99.857346 0.356957 -0.043139 0.933124 -1.063477 0.000000 0.000000 0.000000 1.000000
0.923245 0.015260 -0.383909 -13.739798 -0.001511 0.999347 0.036090 100.043633 0.384209 -0.032740 0.922665 -1.146769 0.000000 0.000000 0.000000 1.000000
0.912774 0.010767 -0.408324 -12.875359 0.000162 0.999643 0.026722 100.124969 0.408466 -0.024457 0.912446 -1.294690 0.000000 0.000000 0.000000 1.000000
0.901257 0.004136 -0.433265 -11.872793 0.004959 0.999790 0.019861 100.013611 0.433256 -0.020049 0.901048 -1.510329 0.000000 0.000000 0.000000 1.000000
0.887075 0.000247 -0.461626 -10.694093 0.009688 0.999770 0.019151 99.706139 0.461525 -0.021461 0.886868 -1.755441 0.000000 0.000000 0.000000 1.000000
0.870826 0.001218 -0.491590 -9.404558 0.013174 0.999580 0.025814 99.315292 0.491415 -0.028956 0.870444 -1.908711 0.000000 0.000000 0.000000 1.000000
0.854550 0.008037 -0.519308 -8.006938 0.012637 0.999263 0.036259 99.047958 0.519216 -0.037548 0.853818 -1.887596 0.000000 0.000000 0.000000 1.000000
0.840195 0.016350 -0.542038 -6.465763 0.007834 0.999075 0.042280 98.993584 0.542228 -0.039770 0.839290 -1.690638 0.000000 0.000000 0.000000 1.000000
0.829360 0.018795 -0.558398 -4.796021 0.004378 0.999185 0.040135 99.091583 0.558697 -0.035731 0.828602 -1.369609 0.000000 0.000000 0.000000 1.000000
0.825013 0.015427 -0.564903 -3.223725 0.005692 0.999350 0.035604 99.206772 0.565085 -0.032590 0.824389 -1.002970 0.000000 0.000000 0.000000 1.000000
0.829503 0.011302 -0.558388 -1.983260 0.008838 0.999404 0.033358 99.296982 0.558432 -0.032605 0.828909 -0.632637 0.000000 0.000000 0.000000 1.000000
0.841865 0.007929 -0.539630 -1.193292 0.012174 0.999359 0.033677 99.335220 0.539551 -0.034920 0.841229 -0.257646 0.000000 0.000000 0.000000 1.000000
0.857586 0.004874 -0.514317 -0.637006 0.015493 0.999257 0.035304 99.346443 0.514107 -0.038245 0.856873 0.119179 0.000000 0.000000 0.000000 1.000000
0.874086 0.001783 -0.485768 -0.186666 0.018798 0.999120 0.037491 99.345451 0.485408 -0.041902 0.873283 0.496203 0.000000 0.000000 0.000000 1.000000
0.887635 -0.001709 -0.460545 0.256193 0.022203 0.998989 0.039086 99.348183 0.460013 -0.044920 0.886775 0.845563 0.000000 0.000000 0.000000 1.000000
0.894175 -0.005918 -0.447678 0.693900 0.026005 0.998911 0.038736 99.364136 0.446961 -0.046279 0.893356 1.103065 0.000000 0.000000 0.000000 1.000000</float_array>
        <technique_common>
          <accessor source="#mixamorig_Hips-Matrix-animation-output-transform-array" count="121" stride="16">
            <param type="float4x4"/>
          </accessor>
        </technique_common>
      </source>
      <source id="mixamorig_Hips-Interpolations">
        <Name_array id="mixamorig_Hips-Interpolations-array" count="121">
 LINEAR LINEAR LINEAR LINEAR LINEAR LINEAR LINEAR LINEAR LINEAR LINEAR LINEAR
LINEAR LINEAR LINEAR LINEAR LINEAR LINEAR LINEAR LINEAR LINEAR LINEAR LINEAR LINEAR
LINEAR LINEAR LINEAR LINEAR LINEAR LINEAR LINEAR LINEAR LINEAR LINEAR LINEAR LINEAR
LINEAR LINEAR LINEAR LINEAR LINEAR LINEAR LINEAR LINEAR LINEAR LINEAR LINEAR LINEAR
LINEAR LINEAR LINEAR LINEAR LINEAR LINEAR LINEAR LINEAR LINEAR LINEAR LINEAR LINEAR
LINEAR LINEAR LINEAR LINEAR LINEAR LINEAR LINEAR LINEAR LINEAR LINEAR LINEAR LINEAR
LINEAR LINEAR LINEAR LINEAR LINEAR LINEAR LINEAR LINEAR LINEAR LINEAR LINEAR LINEAR
LINEAR LINEAR LINEAR LINEAR LINEAR LINEAR LINEAR LINEAR LINEAR LINEAR LINEAR LINEAR
LINEAR LINEAR LINEAR LINEAR LINEAR LINEAR LINEAR LINEAR LINEAR LINEAR LINEAR LINEAR
LINEAR LINEAR LINEAR LINEAR LINEAR LINEAR LINEAR LINEAR LINEAR LINEAR LINEAR LINEAR
LINEAR LINEAR</Name_array>
        <technique_common>
          <accessor source="#mixamorig_Hips-Interpolations-array" count="121">
            <param type="name"/>
          </accessor>
        </technique_common>
      </source>
      <sampler id="mixamorig_Hips-Matrix-animation-transform">
        <input semantic="INPUT" source="#mixamorig_Hips-Matrix-animation-input"/>
        <input semantic="OUTPUT" source="#mixamorig_Hips-Matrix-animation-output-transform"/>
        <input semantic="INTERPOLATION" source="#mixamorig_Hips-Interpolations"/>
      </sampler>
      <channel source="#mixamorig_Hips-Matrix-animation-transform" target="mixamorig_Hips/matrix"/>
      <source id="mixamorig_Spine-Matrix-animation-input">
        <float_array id="mixamorig_Spine-Matrix-animation-input-array" count="121">

0.000000 0.033333 0.066667 0.100000 0.133333 0.166667 0.200000 0.233333 0.266667 0.300000 0.333333 0.366667 0.400000 0.433333 0.466667 0.500000
0.533333 0.566667 0.600000 0.633333 0.666667 0.700000 0.733333 0.766667 0.800000 0.833333 0.866667 0.900000 0.933333 0.966667 1.000000 1.033333
1.066667 1.100000 1.133333 1.166667 1.200000 1.233333 1.266667 1.300000 1.333333 1.366667 1.400000 1.433333 1.466667 1.500000 1.533333 1.566667
1.600000 1.633333 1.666667 1.700000 1.733333 1.766667 1.800000 1.833333 1.866667 1.900000 1.933333 1.966667 2.000000 2.033333 2.066667 2.100000
2.133333 2.166667 2.200000 2.233333 2.266667 2.300000 2.333333 2.366667 2.400000 2.433333 2.466667 2.500000 2.533333 2.566667 2.600000 2.633333
2.666667 2.700000 2.733333 2.766667 2.800000 2.833333 2.866667 2.900000 2.933333 2.966667 3.000000 3.033333 3.066667 3.100000 3.133333 3.166667
3.200000 3.233333 3.266667 3.300000 3.333333 3.366667 3.400000 3.433333 3.466667 3.500000 3.533333 3.566667 3.600000 3.633333 3.666667 3.700000
3.733333 3.766667 3.800000 3.833333 3.866667 3.900000 3.933333 3.966667 4.000000</float_array>
        <technique_common>
          <accessor source="#mixamorig_Spine-Matrix-animation-input-array" count="121">
            <param name="TIME" type="float"/>
          </accessor>
        </technique_common>
      </source>
      <source id="mixamorig_Spine-Matrix-animation-output-transform">
        <float_array id="mixamorig_Spine-Matrix-animation-output-transform-array" count="1936">

0.992318 0.036563 -0.118184 -0.000000 -0.038720 0.999122 -0.016005 5.645700 0.117495 0.020459 0.992863 -0.031900 0.000000 0.000000 0.000000 1.000000
0.992244 0.042807 -0.116705 -0.000000 -0.044645 0.998916 -0.013175 5.645700 0.116014 0.018283 0.993079 -0.031900 0.000000 0.000000 0.000000 1.000000
0.992057 0.049089 -0.115815 0.000000 -0.050599 0.998668 -0.010128 5.645700 0.115163 0.015907 0.993219 -0.031900 0.000000 0.000000 0.000000 1.000000
0.991800 0.055522 -0.115107 0.000000 -0.056714 0.998365 -0.007104 5.645700 0.114524 0.013574 0.993328 -0.031900 0.000000 0.000000 0.000000 1.000000
0.991501 0.062418 -0.114145 0.000000 -0.063343 0.997982 -0.004491 5.645700 0.113634 0.011683 0.993454 -0.031900 0.000000 0.000000 0.000000 1.000000
0.991207 0.069600 -0.112540 0.000000 -0.070349 0.997519 -0.002692 5.645700 0.112073 0.010586 0.993644 -0.031900 0.000000 0.000000 0.000000 1.000000
0.990969 0.076597 -0.110060 0.000000 -0.077257 0.997010 -0.001742 5.645700 0.109597 0.010229 0.993923 -0.031900 0.000000 0.000000 0.000000 1.000000
0.990877 0.082199 -0.106795 0.000000 -0.082803 0.996565 -0.001226 5.645700 0.106327 0.010058 0.994280 -0.031900 0.000000 0.000000 0.000000 1.000000
0.990937 0.086122 -0.103085 -0.000000 -0.086753 0.996229 -0.001644 5.645700 0.102555 0.010572 0.994671 -0.031900 0.000000 0.000000 0.000000 1.000000
0.991181 0.087822 -0.099239 0.000000 -0.088640 0.996056 -0.003856 5.645700 0.098509 0.012619 0.995056 -0.031900 0.000000 0.000000 0.000000 1.000000
0.991573 0.087960 -0.095115 -0.000000 -0.088965 0.996014 -0.006367 5.645700 0.094176 0.014775 0.995446 -0.031900 0.000000 0.000000 0.000000 1.000000
0.991772 0.090712 -0.090335 -0.000000 -0.091700 0.995763 -0.006846 5.645700 0.089332 0.015074 0.995888 -0.031900 0.000000 0.000000 0.000000 1.000000
0.991863 0.094769 -0.085010 0.000000 -0.095577 0.995407 -0.005479 5.645700 0.084101 0.013560 0.996365 -0.031900 0.000000 0.000000 0.000000 1.000000
0.992152 0.096110 -0.079981 -0.000000 -0.096685 0.995309 -0.003330 5.645700 0.079286 0.011037 0.996791 -0.031900 0.000000 0.000000 0.000000 1.000000
0.992561 0.095053 -0.076078 0.000000 -0.095363 0.995442 -0.000448 5.645700 0.075688 0.007699 0.997102 -0.031900 0.000000 0.000000 0.000000 1.000000
0.992944 0.093429 -0.073026 0.000000 -0.093475 0.995618 0.002785 5.645700 0.072966 0.004061 0.997326 -0.031900 0.000000 0.000000 0.000000 1.000000
0.993386 0.090966 -0.070064 0.000000 -0.090890 0.995852 0.004287 5.645700 0.070163 0.002110 0.997533 -0.031900 0.000000 0.000000 0.000000 1.000000
0.993905 0.087691 -0.066814 0.000000 -0.087745 0.996141 0.002132 5.645700 0.066743 0.003743 0.997763 -0.031900 0.000000 0.000000 0.000000 1.000000
0.994324 0.085202 -0.063720 -0.000000 -0.085615 0.996321 -0.003783 5.645700 0.063163 0.009217 0.997961 -0.031900 0.000000 0.000000 0.000000 1.000000
0.994766 0.081445 -0.061704 -0.000000 -0.082335 0.996532 -0.012019 5.645700 0.060511 0.017036 0.998022 -0.031900 0.000000 0.000000 0.000000 1.000000
0.995338 0.074467 -0.061291 0.000000 -0.075875 0.996897 -0.020980 5.645700 0.059538 0.025532 0.997899 -0.031900 0.000000 0.000000 0.000000 1.000000
0.995948 0.064833 -0.062329 -0.000000 -0.066769 0.997332 -0.029505 5.645700 0.060250 0.033548 0.997619 -0.031900 0.000000 0.000000 0.000000 1.000000
0.996441 0.054728 -0.064116 0.000000 -0.057159 0.997690 -0.036707 5.645700 0.061959 0.040241 0.997267 -0.031900 0.000000 0.000000 0.000000 1.000000
0.996789 0.045925 -0.065602 0.000000 -0.048722 0.997942 -0.041692 5.645700 0.063552 0.044754 0.996975 -0.031900 0.000000 0.000000 0.000000 1.000000
0.997057 0.038941 -0.066036 0.000000 -0.041903 0.998149 -0.044067 5.645700 0.064198 0.046705 0.996844 -0.031900 0.000000 0.000000 0.000000 1.000000
0.997353 0.031074 -0.065740 0.000000 -0.034059 0.998416 -0.044789 5.645700 0.064244 0.046910 0.996831 -0.031900 0.000000 0.000000 0.000000 1.000000
0.997620 0.020476 -0.065840 0.000000 -0.023452 0.998723 -0.044756 5.645700 0.064840 0.046194 0.996826 -0.031900 0.000000 0.000000 0.000000 1.000000
0.997728 0.006039 -0.067094 0.000000 -0.009010 0.998988 -0.044061 5.645700 0.066760 0.044565 0.996773 -0.031900 0.000000 0.000000 0.000000 1.000000
0.997579 -0.007820 -0.069099 -0.000000 0.004863 0.999069 -0.042865 5.645700 0.069370 0.042425 0.996688 -0.031900 0.000000 0.000000 0.000000 1.000000
0.997284 -0.017845 -0.071452 0.000000 0.014830 0.998986 -0.042505 5.645700 0.072138 0.041330 0.996538 -0.031900 0.000000 0.000000 0.000000 1.000000
0.996960 -0.022868 -0.074478 -0.000000 0.019602 0.998826 -0.044293 5.645700 0.075404 0.042699 0.996238 -0.031900 0.000000 0.000000 0.000000 1.000000
0.996637 -0.022958 -0.078668 -0.000000 0.019160 0.998630 -0.048690 5.645700 0.079678 0.047019 0.995711 -0.031900 0.000000 0.000000 0.000000 1.000000
0.996315 -0.020271 -0.083343 -0.000000 0.015706 0.998359 -0.055063 5.645700 0.084322 0.053551 0.994999 -0.031900 0.000000 0.000000 0.000000 1.000000
0.995968 -0.019644 -0.087527 0.000000 0.014206 0.997955 -0.062327 5.645700 0.088572 0.060833 0.994210 -0.031900 0.000000 0.000000 0.000000 1.000000
0.995548 -0.023575 -0.091260 -0.000000 0.017344 0.997502 -0.068469 5.645700 0.092647 0.066581 0.993470 -0.031900 0.000000 0.000000 0.000000 1.000000
0.995062 -0.028918 -0.094947 -0.000000 0.022199 0.997224 -0.071078 5.645700 0.096739 0.068619 0.992942 -0.031900 0.000000 0.000000 0.000000 1.000000
0.994592 -0.033403 -0.098345 -0.000000 0.026611 0.997221 -0.069585 5.645700 0.100396 0.066591 0.992717 -0.031900 0.000000 0.000000 0.000000 1.000000
0.994235 -0.035688 -0.101111 0.000000 0.029202 0.997463 -0.064918 5.645700 0.103171 0.061591 0.992755 -0.031900 0.000000 0.000000 0.000000 1.000000
0.993731 -0.040028 -0.104389 -0.000000 0.034055 0.997713 -0.058387 5.645700 0.106488 0.054466 0.992821 -0.031900 0.000000 0.000000 0.000000 1.000000
0.992741 -0.049855 -0.109454 0.000000 0.044519 0.997723 -0.050670 5.645700 0.111731 0.045430 0.992700 -0.031900 0.000000 0.000000 0.000000 1.000000
0.991384 -0.061345 -0.115733 -0.000000 0.056713 0.997468 -0.042903 5.645700 0.118072 0.035970 0.992353 -0.031900 0.000000 0.000000 0.000000 1.000000
0.990036 -0.071022 -0.121596 -0.000000 0.066933 0.997057 -0.037390 5.645700 0.123893 0.028879 0.991875 -0.031900 0.000000 0.000000 0.000000 1.000000
0.989048 -0.076794 -0.126043 0.000000 0.072837 0.996704 -0.035714 5.645700 0.128371 0.026142 0.991382 -0.031900 0.000000 0.000000 0.000000 1.000000
0.988546 -0.077683 -0.129393 -0.000000 0.073411 0.996598 -0.037471 5.645700 0.131864 0.027543 0.990885 -0.031900 0.000000 0.000000 0.000000 1.000000
0.988512 -0.073354 -0.132147 0.000000 0.068557 0.996825 -0.040497 5.645700 0.134698 0.030972 0.990403 -0.031900 0.000000 0.000000 0.000000 1.000000
0.988875 -0.064775 -0.133907 -0.000000 0.059533 0.997309 -0.042787 5.645700 0.136318 0.034340 0.990070 -0.031900 0.000000 0.000000 0.000000 1.000000
0.989271 -0.056598 -0.134681 -0.000000 0.051143 0.997738 -0.043624 5.645700 0.136845 0.036268 0.989928 -0.031900 0.000000 0.000000 0.000000 1.000000
0.989283 -0.054317 -0.135531 -0.000000 0.048947 0.997890 -0.042650 5.645700 0.137561 0.035559 0.989855 -0.031900 0.000000 0.000000 0.000000 1.000000
0.989176 -0.053298 -0.136714 0.000000 0.048373 0.998064 -0.039102 5.645700 0.138533 0.032066 0.989839 -0.031900 0.000000 0.000000 0.000000 1.000000
0.989128 -0.050786 -0.138012 -0.000000 0.046496 0.998335 -0.034137 5.645700 0.139516 0.027349 0.989842 -0.031900 0.000000 0.000000 0.000000 1.000000
0.989212 -0.046482 -0.138923 0.000000 0.042874 0.998664 -0.028855 5.645700 0.140079 0.022588 0.989883 -0.031900 0.000000 0.000000 0.000000 1.000000
0.989409 -0.041887 -0.138977 -0.000000 0.038916 0.998954 -0.024025 5.645700 0.139838 0.018363 0.990004 -0.031900 0.000000 0.000000 0.000000 1.000000
0.989717 -0.037546 -0.138023 0.000000 0.035140 0.999186 -0.019829 5.645700 0.138655 0.014775 0.990231 -0.031900 0.000000 0.000000 0.000000 1.000000
0.990048 -0.034344 -0.136472 -0.000000 0.032485 0.999347 -0.015825 5.645700 0.136926 0.011234 0.990518 -0.031900 0.000000 0.000000 0.000000 1.000000
0.990427 -0.029946 -0.134750 0.000000 0.028746 0.999528 -0.010839 5.645700 0.135011 0.006862 0.990820 -0.031900 0.000000 0.000000 0.000000 1.000000
0.990814 -0.023999 -0.133084 0.000000 0.023516 0.999710 -0.005199 5.645700 0.133171 0.002021 0.991091 -0.031900 0.000000 0.000000 0.000000 1.000000
0.991251 -0.013518 -0.131298 -0.000000 0.013498 0.999908 -0.001036 5.645700 0.131300 -0.000746 0.991342 -0.031900 0.000000 0.000000 0.000000 1.000000
0.991591 -0.001584 -0.129403 0.000000 0.001473 0.999998 -0.000956 5.645700 0.129404 0.000757 0.991592 -0.031900 0.000000 0.000000 0.000000 1.000000
0.991752 0.009301 -0.127833 -0.000000 -0.010020 0.999937 -0.004984 5.645700 0.127778 0.006224 0.991783 -0.031900 0.000000 0.000000 0.000000 1.000000
0.991682 0.023591 -0.126534 -0.000000 -0.025161 0.999625 -0.010818 5.645700 0.126232 0.013912 0.991903 -0.031900 0.000000 0.000000 0.000000 1.000000
0.991535 0.037219 -0.124394 0.000000 -0.039643 0.999068 -0.017073 5.645700 0.123643 0.021860 0.992086 -0.031900 0.000000 0.000000 0.000000 1.000000
0.991534 0.048936 -0.120275 -0.000000 -0.051921 0.998413 -0.021807 5.645700 0.119017 0.027867 0.992501 -0.031900 0.000000 0.000000 0.000000 1.000000
0.991731 0.058293 -0.114327 0.000000 -0.061377 0.997835 -0.023636 5.645700 0.112701 0.030457 0.993162 -0.031900 0.000000 0.000000 0.000000 1.000000
0.991985 0.066127 -0.107675 0.000000 -0.068894 0.997377 -0.022178 5.645700 0.105926 0.029419 0.993939 -0.031900 0.000000 0.000000 0.000000 1.000000
0.992173 0.072831 -0.101436 0.000000 -0.075012 0.997023 -0.017848 5.645700 0.099834 0.025318 0.994682 -0.031900 0.000000 0.000000 0.000000 1.000000
0.992274 0.078649 -0.095947 -0.000000 -0.080112 0.996720 -0.011485 5.645700 0.094728 0.019083 0.995320 -0.031900 0.000000 0.000000 0.000000 1.000000
0.992407 0.082889 -0.090871 -0.000000 -0.083650 0.996485 -0.004598 5.645700 0.090170 0.012164 0.995852 -0.031900 0.000000 0.000000 0.000000 1.000000
0.992735 0.084294 -0.085862 0.000000 -0.084477 0.996424 0.001500 5.645700 0.085681 0.005765 0.996306 -0.031900 0.000000 0.000000 0.000000 1.000000
0.993112 0.085161 -0.080473 0.000000 -0.084916 0.996367 0.006464 5.645700 0.080731 0.000414 0.996736 -0.031900 0.000000 0.000000 0.000000 1.000000
0.993530 0.085250 -0.075030 0.000000 -0.084751 0.996354 0.009826 5.645700 0.075594 -0.003403 0.997133 -0.031900 0.000000 0.000000 0.000000 1.000000
0.993888 0.085274 -0.070103 -0.000000 -0.084721 0.996346 0.010834 5.645700 0.070770 -0.004829 0.997481 -0.031900 0.000000 0.000000 0.000000 1.000000
0.994128 0.085511 -0.066313 -0.000000 -0.085126 0.996333 0.008624 5.645700 0.066808 -0.002929 0.997762 -0.031900 0.000000 0.000000 0.000000 1.000000
0.994342 0.084691 -0.064121 -0.000000 -0.084660 0.996405 0.003206 5.645700 0.064162 0.002240 0.997937 -0.031900 0.000000 0.000000 0.000000 1.000000
0.994575 0.082739 -0.063047 0.000000 -0.083114 0.996534 -0.003344 5.645700 0.062552 0.008566 0.998005 -0.031900 0.000000 0.000000 0.000000 1.000000
0.994834 0.080262 -0.062156 0.000000 -0.080929 0.996686 -0.008281 5.645700 0.061286 0.013269 0.998032 -0.031900 0.000000 0.000000 0.000000 1.000000
0.994946 0.079608 -0.061201 0.000000 -0.080374 0.996713 -0.010156 5.645700 0.060191 0.015024 0.998074 -0.031900 0.000000 0.000000 0.000000 1.000000
0.994921 0.080165 -0.060875 0.000000 -0.080901 0.996675 -0.009724 5.645700 0.059893 0.014599 0.998098 -0.031900 0.000000 0.000000 0.000000 1.000000
0.994886 0.079996 -0.061661 0.000000 -0.080660 0.996707 -0.008364 5.645700 0.060788 0.013294 0.998062 -0.031900 0.000000 0.000000 0.000000 1.000000
0.995078 0.075915 -0.063687 0.000000 -0.076516 0.997044 -0.007037 5.645700 0.062965 0.011876 0.997945 -0.031900 0.000000 0.000000 0.000000 1.000000
0.995284 0.070712 -0.066401 0.000000 -0.071288 0.997436 -0.006348 5.645700 0.065782 0.011052 0.997773 -0.031900 0.000000 0.000000 0.000000 1.000000
0.995353 0.066953 -0.069211 -0.000000 -0.067585 0.997690 -0.006821 5.645700 0.068594 0.011467 0.997579 -0.031900 0.000000 0.000000 0.000000 1.000000
0.995294 0.065523 -0.071391 0.000000 -0.066307 0.997762 -0.008662 5.645700 0.070664 0.013355 0.997411 -0.031900 0.000000 0.000000 0.000000 1.000000
0.995118 0.067180 -0.072299 0.000000 -0.068176 0.997608 -0.011404 5.645700 0.071360 0.016278 0.997318 -0.031900 0.000000 0.000000 0.000000 1.000000
0.994782 0.072470 -0.071817 -0.000000 -0.073687 0.997177 -0.014438 5.645700 0.070568 0.019655 0.997313 -0.031900 0.000000 0.000000 0.000000 1.000000
0.994461 0.078125 -0.070313 0.000000 -0.079546 0.996675 -0.017644 5.645700 0.068701 0.023139 0.997369 -0.031900 0.000000 0.000000 0.000000 1.000000
0.994195 0.083499 -0.067848 0.000000 -0.085062 0.996165 -0.020470 5.645700 0.065879 0.026123 0.997486 -0.031900 0.000000 0.000000 0.000000 1.000000
0.994153 0.086338 -0.064851 0.000000 -0.087934 0.995880 -0.022169 5.645700 0.062670 0.027742 0.997649 -0.031900 0.000000 0.000000 0.000000 1.000000
0.994297 0.086588 -0.062263 0.000000 -0.088093 0.995873 -0.021838 5.645700 0.060115 0.027199 0.997821 -0.031900 0.000000 0.000000 0.000000 1.000000
0.994493 0.085850 -0.060115 0.000000 -0.087120 0.996020 -0.018843 5.645700 0.058258 0.023977 0.998014 -0.031900 0.000000 0.000000 0.000000 1.000000
0.994771 0.084308 -0.057647 0.000000 -0.085218 0.996271 -0.013515 5.645700 0.056292 0.018357 0.998246 -0.031900 0.000000 0.000000 0.000000 1.000000
0.995239 0.080276 -0.055271 -0.000000 -0.080812 0.996701 -0.007531 5.645700 0.054484 0.011962 0.998443 -0.031900 0.000000 0.000000 0.000000 1.000000
0.995867 0.072711 -0.054418 -0.000000 -0.072957 0.997332 -0.002553 5.645700 0.054087 0.006513 0.998515 -0.031900 0.000000 0.000000 0.000000 1.000000
0.996549 0.061730 -0.055493 0.000000 -0.061790 0.998089 0.000645 5.645700 0.055426 0.002786 0.998459 -0.031900 0.000000 0.000000 0.000000 1.000000
0.997220 0.047057 -0.057773 0.000000 -0.047067 0.998891 0.001198 5.645700 0.057765 0.001525 0.998329 -0.031900 0.000000 0.000000 0.000000 1.000000
0.997611 0.034171 -0.060046 0.000000 -0.034315 0.999410 -0.001358 5.645700 0.059964 0.003415 0.998195 -0.031900 0.000000 0.000000 0.000000 1.000000
0.997743 0.024635 -0.062459 0.000000 -0.025140 0.999657 -0.007317 5.645700 0.062257 0.008871 0.998021 -0.031900 0.000000 0.000000 0.000000 1.000000
0.997653 0.017572 -0.066184 -0.000000 -0.018637 0.999706 -0.015517 5.645700 0.065892 0.016714 0.997687 -0.031900 0.000000 0.000000 0.000000 1.000000
0.997324 0.012321 -0.072062 0.000000 -0.014100 0.999607 -0.024238 5.645700 0.071735 0.025189 0.997106 -0.031900 0.000000 0.000000 0.000000 1.000000
0.996762 0.009435 -0.079848 0.000000 -0.012031 0.999413 -0.032084 5.645700 0.079499 0.032940 0.996291 -0.031900 0.000000 0.000000 0.000000 1.000000
0.996031 0.007755 -0.088667 -0.000000 -0.011194 0.999201 -0.038355 5.645700 0.088299 0.039196 0.995323 -0.031900 0.000000 0.000000 0.000000 1.000000
0.995199 0.005936 -0.097697 0.000000 -0.010197 0.999016 -0.043169 5.645700 0.097344 0.043958 0.994280 -0.031900 0.000000 0.000000 0.000000 1.000000
0.994342 0.002790 -0.106193 -0.000000 -0.007799 0.998874 -0.046787 5.645700 0.105942 0.047351 0.993244 -0.031900 0.000000 0.000000 0.000000 1.000000
0.993617 -0.002041 -0.112788 0.000000 -0.003462 0.998814 -0.048574 5.645700 0.112754 0.048654 0.992431 -0.031900 0.000000 0.000000 0.000000 1.000000
0.993172 -0.008283 -0.116365 -0.000000 0.002744 0.998859 -0.047680 5.645700 0.116627 0.047036 0.992061 -0.031900 0.000000 0.000000 0.000000 1.000000
0.992979 -0.015330 -0.117292 0.000000 0.010158 0.998955 -0.044568 5.645700 0.117852 0.043063 0.992097 -0.031900 0.000000 0.000000 0.000000 1.000000
0.992928 -0.020235 -0.116981 0.000000 0.015548 0.999045 -0.040844 5.645700 0.117695 0.038736 0.992294 -0.031900 0.000000 0.000000 0.000000 1.000000
0.992884 -0.023782 -0.116690 0.000000 0.019455 0.999085 -0.038086 5.645700 0.117489 0.035545 0.992438 -0.031900 0.000000 0.000000 0.000000 1.000000
0.992817 -0.025153 -0.116970 -0.000000 0.021014 0.999113 -0.036482 5.645700 0.117784 0.033762 0.992465 -0.031900 0.000000 0.000000 0.000000 1.000000
0.992829 -0.021770 -0.117542 0.000000 0.017562 0.999171 -0.036715 5.645700 0.118244 0.034387 0.992389 -0.031900 0.000000 0.000000 0.000000 1.000000
